-32
-29
-21
-11
-3
5
6
10
14
19
24
34
41
41
43
44
44
43
45
44
37
31
20
12
2
-6
-14
-30
-35
-31
-42
-45
-40
-32
-20
-16
-5
1
3
5
3
13
19
18
19
21
24
28
31
36
30
15
9
11
4
-3
-13
-34
-50
-55
-55
-49
-37
-30
-21
-8
-8
-10
-8
3
13
15
20
26
31
32
30
25
20
21
21
23
26
25
22
21
17
1
-21
-37
-47
-47
-36
-27
-27
-22
-17
-15
-11
-6
-7
-11
-14
-9
-7
7
17
14
12
8
5
4
4
-2
-13
-14
-24
-28
-25
-28
-30
-35
-37
-41
-33
-25
-23
-16
-9
-10
-19
-15
-13
-11
0
3
4
-2
-1
3
2
1
3
9
19
23
26
27
19
11
6
1
1
6
12
17
18
28
33
34
43
47
44
34
27
23
21
19
27
35
30
24
25
28
32
31
27
26
15
-3
-11
-19
-23
-22
-27
-22
-17
-14
-11
-6
1
2
-11
-20
-21
-25
-27
-21
-20
-23
-26
-28
-21
-12
-11
-7
-8
-10
-12
-16
-10
-4
-4
-6
-11
-14
-10
-11
-12
-18
-18
-12
-5
1
9
14
7
0
-3
0
1
-1
-3
-8
-11
-5
3
10
8
1
3
5
14
20
31
48
43
40
44
37
24
11
7
13
12
6
11
14
7
2
-3
-4
-8
-13
-8
1
5
8
4
-8
-12
-9
4
15
21
21
16
15
16
16
10
-2
-10
-16
-17
-18
-23
-28
-33
-40
-48
-49
-51
-53
-51
-50
-47
-50
-42
-28
-17
-9
-10
-5
5
11
16
23
25
30
33
36
39
36
30
29
26
7
-7
-5
-8
-11
-17
-23
-16
-22
-24
-22
-13
-10
-12
-4
8
16
16
22
26
27
35
36
35
37
29
23
15
-2
-5
-12
-24
-31
-37
-38
-48
-55
-50
-44
-39
-35
-28
-27
-20
-10
8
28
42
47
54
62
63
69
68
58
49
46
44
38
30
23
3
-18
-31
-39
-38
-28
-23
-21
-24
-27
-21
-11
-5
-4
-6
2
11
15
23
29
45
59
64
64
62
67
67
54
38
17
3
-11
-24
-41
-53
-62
-79
-83
-83
-76
-65
-55
-45
-38
-28
-20
-6
5
10
18
28
46
60
71
76
69
54
38
19
8
3
-13
-27
-41
-58
-67
-74
-75
-77
-79
-81
-80
-70
-56
-40
-23
-9
1
4
6
10
19
28
40
54
64
72
72
65
54
44
31
13
-2
-12
-14
-15
-23
-43
-63
-79
-84
-80
-71
-59
-56
-39
-29
-22
-14
-4
12
30
45
62
78
81
82
78
71
62
56
47
35
32
19
3
-19
-34
-38
-43
-46
-47
-43
-42
-33
-21
-15
-7
-2
7
14
24
37
47
58
65
71
70
68
74
74
75
67
55
52
44
29
14
11
-5
-19
-27
-38
-37
-48
-61
-60
-58
-62
-69
-59
-43
-34
-29
-18
-5
0
-1
-1
0
5
3
-1
-9
-12
-14
-19
-23
-28
-31
-32
-34
-38
-44
-42
-39
-33
-25
-20
-8
6
12
14
17
24
31
36
43
47
47
45
45
38
32
26
20
14
7
2
-4
-6
-15
-17
-15
-22
-23
-23
-23
-17
-13
-11
-10
-9
-4
2
10
17
24
33
35
39
40
36
32
22
13
1
-4
-9
-11
-17
-22
-30
-36
-34
-39
-42
-44
-42
-36
-35
-29
-15
2
5
4
7
14
14
12
12
13
22
24
28
31
25
16
2
1
6
2
-7
-10
-12
-18
-28
-35
-30
-29
-29
-32
-25
-18
-17
-17
-17
-17
-9
2
18
33
44
55
65
69
68
60
46
38
29
24
17
11
5
0
-4
-6
-11
-16
-29
-42
-40
-32
-21
-11
-8
-7
-14
-20
-15
-16
-14
-11
-6
1
10
19
22
22
15
17
17
19
19
17
12
2
-8
-13
-16
-18
-19
-19
-13
-15
-7
0
3
2
-9
-7
-8
-6
3
11
27
34
34
34
33
34
37
32
33
27
21
14
9
12
2
-8
-14
-25
-29
-24
-20
-19
-20
-23
-20
-14
-10
-11
-17
-19
-15
-17
-20
-13
-1
1
2
-4
-10
-12
-13
-19
-24
-28
-34
-41
-45
-38
-27
-15
-15
-25
-23
-17
-12
-7
-8
-6
-5
-5
-1
13
18
18
17
21
25
21
19
21
22
10
5
-1
0
4
5
8
5
4
-3
-6
-7
-6
-5
-4
7
4
8
12
13
13
14
15
17
24
25
28
29
24
23
18
15
11
10
6
5
10
14
25
29
28
26
21
18
14
8
9
11
12
9
1
2
-1
-3
-9
-18
-19
-26
-31
-33
-33
-32
-29
-26
-28
-30
-29
-23
-20
-13
-1
8
10
8
4
3
7
11
17
24
26
29
29
24
9
2
-4
-1
4
3
-4
-15
-29
-41
-43
-45
-42
-48
-45
-36
-28
-18
-14
-3
6
6
9
18
26
29
30
37
43
49
49
46
44
35
24
10
4
3
3
-2
-18
-38
-46
-52
-57
-56
-52
-47
-38
-28
-20
-10
-3
7
7
-1
-4
-4
1
6
6
10
21
27
23
15
8
-1
-2
-7
-17
-24
-23
-23
-19
-23
-32
-39
-42
-34
-32
-25
-15
-4
11
18
25
33
44
52
58
66
75
76
79
76
63
56
40
23
13
0
-10
-11
-20
-29
-36
-36
-33
-36
-24
-22
-21
-15
-13
1
8
10
22
29
35
44
45
48
50
46
35
26
21
20
13
12
3
-15
-25
-39
-48
-57
-62
-65
-70
-69
-62
-54
-41
-34
-24
-9
4
20
27
30
37
40
42
43
38
30
28
21
21
15
6
-2
-14
-23
-25
-28
-32
-42
-53
-53
-54
-54
-60
-63
-61
-55
-43
-34
-14
8
23
42
55
59
55
45
34
30
28
26
23
21
18
6
1
-4
-14
-20
-27
-32
-25
-20
-15
-16
-19
-20
-31
-35
-26
-10
-1
15
34
52
62
69
78
77
71
47
26
6
-22
-29
-22
-16
-14
-22
-31
-34
-43
-45
-38
-31
-27
-23
-19
-15
-14
-12
-12
-5
15
33
51
66
81
87
86
77
64
58
53
44
32
23
13
0
-13
-22
-36
-43
-53
-57
-63
-55
-46
-38
-30
-23
-14
-16
-8
0
11
21
26
34
39
40
40
43
35
22
1
-14
-26
-29
-31
-37
-36
-32
-36
-47
-48
-48
-49
-52
-49
-44
-37
-32
-21
-1
7
8
21
38
50
57
60
61
60
55
43
26
11
1
-14
-24
-28
-31
-38
-46
-57
-62
-64
-66
-68
-61
-56
-52
-37
-17
-6
3
9
19
31
41
56
68
82
93
90
79
64
43
22
9
-3
-8
-17
-25
-28
-27
-27
-30
-34
-38
-33
-29
-30
-33
-28
-12
-3
8
18
33
49
63
77
88
89
84
74
63
51
37
19
8
0
0
-1
-8
-17
-29
-36
-43
-50
-60
-59
-60
-55
-43
-35
-22
-7
3
12
16
24
29
34
42
44
39
36
37
28
20
12
8
2
-7
-22
-38
-40
-42
-54
-56
-60
-62
-55
-54
-46
-34
-24
-19
-12
-1
15
26
35
37
37
36
35
34
31
25
19
10
3
1
-1
-1
-8
-22
-33
-32
-31
-23
-19
-19
-12
-14
-20
-26
-23
-13
-8
-3
7
15
17
14
18
24
28
27
24
21
11
-3
-13
-20
-24
-28
-28
-28
-25
-24
-25
-30
-28
-18
-9
0
3
5
4
4
10
15
24
35
40
43
39
38
33
33
26
17
14
6
6
8
0
-14
-22
-25
-22
-17
-12
1
8
8
15
17
26
35
34
30
28
27
23
21
29
38
40
35
22
14
11
3
-12
-28
-41
-48
-47
-46
-42
-36
-31
-22
-18
-11
-2
6
13
14
10
4
6
12
14
13
22
34
39
36
33
26
11
-3
-21
-40
-53
-69
-68
-65
-57
-53
-54
-47
-37
-30
-23
-16
-10
-2
0
4
13
24
37
39
43
45
40
52
55
49
46
35
24
15
2
-16
-32
-44
-45
-34
-34
-33
-31
-33
-34
-35
-28
-16
-4
0
11
25
26
26
32
36
46
50
46
48
42
36
19
7
-1
-14
-27
-39
-43
-47
-56
-63
-62
-57
-51
-44
-42
-41
-36
-27
-21
-12
-3
5
20
31
41
46
52
56
58
57
48
38
25
16
7
-5
-17
-24
-20
-23
-19
-20
-27
-31
-35
-37
-29
-21
-18
-10
3
15
21
26
38
49
52
52
53
59
57
47
35
24
21
13
2
-7
-14
-18
-22
-23
-25
-27
-24
-24
-25
-24
-21
-18
-9
8
17
18
27
34
35
35
33
34
34
33
32
29
24
12
3
-5
-16
-25
-32
-37
-35
-30
-30
-35
-39
-35
-38
-33
-20
-14
-2
4
10
16
15
24
34
31
25
22
18
21
25
20
12
6
-3
-11
-13
-15
-20
-31
-41
-44
-44
-41
-41
-36
-31
-21
-10
-9
-5
6
13
8
5
4
14
21
21
17
11
10
4
1
-1
-1
-11
-25
-38
-47
-54
-61
-60
-59
-61
-61
-57
-53
-51
-40
-29
-15
-9
0
12
24
33
40
47
51
51
48
47
44
41
36
27
20
14
15
12
8
-2
-6
-6
-5
9
16
17
18
16
22
31
40
47
54
59
65
69
70
75
72
63
50
46
41
34
18
-2
-16
-35
-52
-62
-66
-64
-65
-66
-65
-65
-60
-53
-44
-32
-20
-11
-11
-7
1
5
15
20
24
30
33
35
40
43
36
25
8
-1
-5
-17
-29
-29
-31
-34
-33
-37
-25
-22
-16
-14
-13
-12
-6
8
20
32
37
39
40
40
35
33
29
23
20
15
8
0
-9
-22
-36
-49
-50
-49
-40
-35
-28
-21
-18
-10
-16
-17
-12
-13
-10
4
18
31
41
37
27
11
3
1
0
-4
-13
-15
-15
-22
-26
-27
-31
-37
-43
-51
-52
-45
-34
-15
-2
3
6
12
16
17
21
24
28
30
32
27
23
19
5
-5
-10
-13
-10
-8
-10
-10
-14
-12
-17
-25
-32
-33
-22
-12
-7
3
11
15
19
24
26
35
38
40
47
44
42
36
24
15
11
-1
-12
-13
-19
-12
-11
-8
-5
-5
-10
-11
-14
-13
-4
2
9
9
13
19
34
43
48
51
52
50
34
28
23
19
19
17
1
-13
-23
-30
-30
-31
-31
-37
-40
-33
-23
-16
-13
-14
-10
-10
-3
5
28
46
49
64
46
70
-24
-104
-32
88
196
201
193
165
81
-76
-164
-135
-65
-12
-17
-42
-80
-113
-111
-73
-33
3
17
19
39
32
8
-44
-76
-72
-48
-47
-57
-36
-7
41
49
-2
-108
-135
-86
-15
64
111
111
61
-51
-159
-197
-161
-36
50
60
24
-49
-84
-90
-69
-1
53
95
100
80
48
6
-40
-58
-51
-48
-39
-13
2
22
42
20
-32
-57
-50
-54
-25
18
45
64
64
53
19
-17
-13
34
74
85
76
63
43
17
-3
7
25
36
42
38
23
4
-3
3
6
9
13
15
21
29
34
47
48
32
29
33
29
33
44
59
76
70
55
30
14
-8
-19
-14
-19
-26
-42
-55
-52
-50
-36
-20
-22
-24
-32
-29
-21
-19
-8
1
7
15
24
31
33
24
9
9
13
21
19
5
-13
-31
-40
-44
-40
-40
-35
-44
-39
-34
-29
-27
-30
-27
-28
-24
-22
-11
-6
-11
-16
-7
7
18
18
21
19
6
-7
-16
-21
-30
-43
-50
-45
-34
-39
-38
-40
-41
-38
-32
-25
-29
-37
-36
-23
-4
12
22
31
38
48
58
68
64
56
44
33
24
24
30
23
19
8
6
4
7
2
-7
-15
-30
-23
-9
7
4
-4
3
15
21
19
31
39
42
40
37
38
30
25
15
-3
-16
-21
-12
-5
-6
-7
-9
-19
-27
-28
-33
-41
-44
-46
-46
-46
-44
-35
-25
-12
6
19
27
30
24
12
10
7
6
6
2
3
-16
-21
-27
-31
-33
-36
-25
-14
0
-3
-7
-12
-11
-13
-9
4
27
44
57
54
48
57
56
61
55
55
65
60
41
14
21
18
19
14
17
29
13
15
-5
-3
-14
-8
5
9
25
31
55
49
48
43
36
30
23
25
22
23
14
-2
-20
-23
-30
-31
-17
-25
-24
-47
-55
-51
-59
-54
-44
-30
-39
-37
-33
-30
-25
-26
-13
-9
-1
1
6
0
-7
-14
-14
-7
-15
-23
-40
-54
-61
-66
-63
-64
-63
-63
-62
-66
-77
-81
-76
-59
-49
-38
-26
-21
-22
-19
-11
4
18
23
28
25
29
26
19
15
1
-8
-12
-11
-1
2
4
-1
-17
-30
-25
-9
10
24
35
51
55
53
49
49
57
65
71
76
73
78
75
59
54
52
60
64
68
64
45
32
18
11
8
2
1
8
16
26
20
9
7
14
23
30
33
35
41
42
37
21
15
11
18
25
26
25
22
10
1
-6
-21
-27
-32
-31
-35
-34
-28
-26
-22
-25
-22
-20
-12
-6
-2
2
6
2
-3
-7
-4
4
10
5
0
-12
-21
-33
-35
-30
-31
-24
-53
-48
-62
-79
-77
-86
-82
-72
-64
-57
-45
-42
-44
-39
-40
-36
-19
-11
5
12
8
-2
-7
-11
-11
-11
-12
-13
-11
-19
-30
-40
-40
-43
-47
-39
-32
-25
-23
-17
-10
5
12
1
8
11
10
14
10
19
34
41
47
59
69
72
67
60
52
41
36
28
31
34
28
19
14
11
10
3
-5
-8
0
9
16
14
8
11
18
33
41
46
49
53
57
55
54
50
49
45
37
29
24
22
27
21
17
5
-4
-7
-15
-22
-24
-27
-29
-18
-15
-11
-13
-21
-19
-21
-18
-7
5
16
20
12
5
3
-1
0
-5
-4
-11
-23
-29
-32
-32
-38
-39
-41
-49
-46
-40
-36
-32
-37
-33
-21
-18
-8
-1
7
20
19
9
-3
-12
-1
9
16
25
26
28
19
9
2
1
9
6
-7
-12
-23
-27
-19
-15
-8
-9
-16
-11
6
5
8
12
4
4
2
2
6
5
2
-6
-11
-10
-7
-1
-4
-7
-18
-28
-31
-31
-36
-36
-37
-38
-26
-28
-26
-26
-27
-28
-25
-12
-5
5
10
11
15
19
26
24
17
19
18
25
32
42
49
40
32
27
25
18
18
22
22
16
14
-1
-10
-13
-19
-19
-20
-18
-16
3
12
12
8
-1
-5
-6
6
14
31
41
42
38
26
15
13
13
16
21
10
9
7
2
1
-7
-8
-13
-22
-19
-17
-19
-16
-13
-14
-10
-13
-6
3
12
19
12
17
13
21
44
40
19
11
22
24
19
11
19
16
7
-7
-15
-11
-21
-21
-29
-34
-39
-39
-31
-30
-19
-15
-15
-11
-3
3
-1
-10
-5
1
8
9
13
15
12
0
-17
-14
-2
10
12
19
24
23
13
-4
-9
-22
-33
-32
-27
-20
-13
-7
-8
-16
-26
-37
-41
-37
-23
-19
-20
-18
-16
-9
-2
-4
-8
-10
-10
-9
-11
-9
0
6
8
10
13
21
20
19
28
29
26
24
19
18
17
17
22
24
20
11
6
7
2
-1
-1
-5
-13
-13
-11
-7
-3
-7
-8
-11
-7
-5
-5
-7
-6
-7
4
20
22
21
15
14
8
5
-1
-3
-1
3
17
22
20
17
8
-4
-19
-34
-40
-42
-40
-38
-28
-25
-31
-25
-16
-12
-5
3
14
24
23
21
29
32
31
31
40
43
38
39
33
27
16
13
10
3
8
5
3
0
-5
-6
-5
-8
-19
-27
-32
-39
-44
-37
-27
-14
-6
1
15
25
28
32
30
34
39
39
41
41
38
33
12
-4
-24
-30
-38
-50
-49
-31
-2
20
13
-6
-13
-37
-28
-18
-1
8
26
14
2
2
-15
-12
-7
9
35
64
74
42
-7
-27
-44
-41
-18
3
25
14
-10
-23
-46
-55
-58
-48
-23
-5
6
-9
-24
-30
-32
-23
-4
15
10
8
1
2
2
-5
1
3
-8
-12
-14
-18
-17
-16
-6
-4
-11
-24
-34
-32
-32
-27
-21
-7
-1
4
6
0
-2
-2
3
12
22
26
37
41
44
34
17
19
17
23
33
31
29
13
-4
-12
-13
-16
-27
-33
-35
-38
-32
-30
-27
-20
-14
-10
1
12
23
33
35
46
46
38
34
29
32
39
48
51
54
60
55
50
37
32
22
19
23
23
11
-5
-13
-27
-35
-31
-21
-16
-18
-15
-9
-6
-5
-10
-8
2
6
0
-3
5
13
18
23
22
15
7
-2
0
0
-2
-3
-4
-10
-16
-30
-45
-49
-50
-46
-42
-33
-26
-29
-36
-40
-38
-26
-18
-14
-8
-8
-15
-21
-18
-17
-9
-2
-6
0
1
1
-6
-15
-18
-14
-8
-2
0
2
9
24
25
17
9
9
11
17
27
24
25
12
3
2
5
12
16
16
11
2
-3
-6
-13
-21
-19
-16
-10
-7
-2
8
9
9
9
8
9
0
-5
0
7
7
4
1
0
-1
-9
-11
-11
-12
-17
-16
-14
-17
-19
-20
-19
-19
-23
-30
-29
-20
-7
7
26
34
32
28
22
15
13
17
20
26
30
36
38
34
38
36
35
24
13
15
14
18
11
6
3
6
7
-1
2
8
1
-8
-2
6
9
13
12
4
-4
-9
-15
-21
-18
-24
-30
-31
-26
-22
-18
-7
-2
2
1
-3
-4
7
12
11
17
16
12
21
26
30
30
26
24
20
17
9
4
12
10
0
-7
-17
-22
-23
-33
-39
-41
-45
-49
-50
-47
-45
-41
-32
-23
-18
-7
-7
-5
1
1
1
2
7
10
11
18
18
16
20
12
1
-11
-20
-32
-29
-23
-21
-15
-16
-18
-15
-3
-2
-2
6
12
19
19
25
34
41
38
40
46
34
21
17
20
32
33
26
21
18
17
8
-2
-11
-25
-29
-36
-49
-52
-63
-69
-68
-63
-56
-54
-46
-44
-46
-39
-29
-20
-17
-11
-9
-13
-8
-1
12
22
33
40
41
42
37
34
31
34
37
37
32
21
16
13
14
11
12
11
15
18
17
24
31
30
26
33
35
29
22
25
30
34
41
48
53
54
54
50
46
34
25
23
22
18
12
1
-12
-18
-26
-29
-31
-31
-33
-41
-40
-41
-47
-46
-47
-53
-49
-38
-26
-18
-18
-21
-23
-14
-5
5
11
5
4
5
5
3
-2
-5
-12
-21
-31
-32
-37
-30
-23
-21
-25
-28
-36
-36
-33
-32
-23
-20
-14
-12
-13
-9
-9
-2
2
6
17
24
34
41
49
43
40
36
27
20
17
16
10
-4
-17
-29
-28
-29
-29
-32
-35
-30
-31
-21
-14
-10
-7
-12
-6
0
4
10
15
19
25
25
21
25
30
27
23
19
15
11
3
1
2
-3
-11
-25
-27
-24
-19
-20
-21
-18
-21
-27
-20
-9
-1
8
13
14
15
26
37
44
54
60
66
64
58
49
41
43
41
41
43
43
40
27
16
6
-1
-7
-10
-5
-1
7
7
2
-5
-8
-7
0
-1
-3
3
1
7
8
4
11
13
7
5
3
-2
-11
-20
-28
-35
-40
-49
-55
-60
-62
-66
-63
-62
-63
-56
-46
-46
-48
-52
-38
-12
-7
-3
2
6
7
-1
12
27
34
26
1
-13
28
39
18
18
20
27
-20
-26
0
25
1
-46
-33
-11
-5
-33
-7
15
15
-13
-45
-26
-37
-27
-30
-1
16
16
13
-8
5
1
24
34
33
24
25
25
9
15
28
43
40
32
15
12
9
15
33
44
45
40
33
12
11
10
17
14
10
9
1
7
-1
0
1
1
-2
-3
1
4
-2
-17
-31
-36
-26
-23
-16
-11
-11
-19
-19
-16
-7
7
5
-5
-15
-17
-25
-33
-26
-22
-23
-26
-29
-32
-33
-21
-14
-9
-9
-3
-7
-10
-6
5
13
13
18
27
36
36
41
47
47
45
49
53
46
45
37
30
16
6
0
-7
-13
-20
-26
-27
-21
-16
-4
0
-3
-1
-19
-31
-28
-26
-23
-24
-3
0
-7
3
7
13
9
2
3
-1
-5
-5
0
-4
-5
-4
1
-8
-18
-23
-40
-44
-39
-32
-26
-25
-16
-10
-4
0
6
19
25
28
29
18
12
12
11
12
19
25
25
30
28
23
19
18
15
12
8
6
9
12
6
-2
-4
-15
-22
-20
-26
-30
-32
-33
-30
-27
-20
-7
2
4
0
11
13
7
9
4
2
-1
-6
-4
0
1
-1
-5
2
2
1
11
13
20
17
20
19
17
23
21
8
-5
-9
-18
-28
-39
-41
-49
-49
-51
-53
-43
-35
-21
-9
1
8
19
28
37
41
43
45
44
45
42
47
41
28
19
7
2
-10
-16
-25
-31
-29
-39
-34
-25
-11
-8
-7
-10
-12
-11
-9
-4
1
9
18
26
33
40
43
46
43
46
49
47
51
58
58
48
33
14
1
-9
-29
-36
-42
-46
-47
-51
-52
-52
-52
-49
-47
-37
-25
-16
-2
11
18
23
30
21
21
23
20
17
16
9
6
3
-2
-12
-27
-35
-46
-52
-49
-46
-43
-39
-41
-42
-42
-39
-36
-27
-19
-7
7
22
29
36
40
41
36
30
28
25
31
22
15
12
6
6
13
9
0
-8
-10
-11
-18
-14
-14
-5
3
8
3
2
3
6
8
2
-5
-1
0
3
15
16
13
15
23
33
35
37
37
33
27
26
25
19
14
-1
-14
-15
-11
-6
-4
-13
-18
-19
-25
-24
-27
-19
-11
-9
-9
-22
-36
-44
-40
-33
-19
-10
-6
-5
-3
8
4
0
-1
2
15
23
29
36
36
30
30
33
34
28
22
14
0
-14
-24
-27
-26
-24
-23
-27
-35
-42
-42
-43
-30
-13
1
7
8
11
12
17
25
35
40
43
43
34
18
17
8
3
13
15
18
20
13
2
-18
-35
-38
-34
-27
-21
-20
-30
-34
-30
-24
-12
-1
7
16
23
22
22
28
42
48
49
55
57
53
40
23
7
-3
-6
-8
-19
-28
-39
-60
-75
-81
-80
-71
-60
-54
-49
-41
-31
-22
-12
-2
10
7
0
1
15
21
26
30
31
30
28
28
31
28
14
6
-1
4
-3
-10
-11
-21
-30
-46
-52
-54
-49
-44
-33
-23
-13
0
1
8
18
26
39
55
70
82
86
85
75
64
52
42
35
31
26
14
6
-1
-6
-10
-15
-23
-30
-38
-38
-34
-20
-7
-1
0
-1
5
9
11
15
13
6
-2
2
6
3
0
2
10
11
12
8
5
-4
-11
-8
-6
-18
-28
-35
-41
-43
-46
-43
-46
-40
-31
-19
-14
-7
-1
10
26
44
48
45
38
18
6
7
12
15
14
-2
-20
-36
-44
-44
-49
-47
-35
-27
-12
-19
-25
-24
-25
-21
-19
-6
6
3
1
1
1
9
19
29
36
33
29
20
12
10
7
16
22
20
8
-3
-11
-6
2
-2
-10
-12
-14
-12
-3
4
9
12
16
24
38
47
47
37
30
33
32
28
23
17
14
5
-10
-15
-25
-32
-29
-34
-33
-31
-27
-21
-18
-12
-6
3
8
13
18
29
40
35
26
13
6
4
2
4
2
-3
-10
-11
-14
-16
-19
-27
-36
-36
-25
-17
-16
-17
-17
-17
-13
-5
1
5
6
4
22
38
47
51
38
36
28
19
15
17
21
16
7
1
-11
-36
-59
-75
-77
-76
-72
-70
-72
-61
-48
-43
-32
-19
-12
0
11
18
29
34
33
34
27
21
26
29
25
17
6
-3
-1
-3
4
16
16
10
7
2
-2
4
16
18
16
21
20
12
8
20
47
57
51
61
72
58
26
-2
-5
3
-3
-9
-8
3
25
50
77
95
100
79
64
75
98
93
55
27
21
17
-6
-23
-18
-21
-46
-76
-86
-87
-117
-147
-158
-152
-149
-160
-166
-172
-173
-173
-176
-170
-153
-125
-104
-98
-92
-80
-82
-95
-76
-41
-15
-15
-9
11
27
32
36
54
62
57
50
36
26
16
14
18
26
37
57
86
110
122
129
151
177
232
285
298
279
243
219
212
220
255
265
224
185
180
173
157
169
264
453
617
579
287
-4
-36
98
183
151
69
-147
-571
-902
-827
-504
-367
-513
-628
-545
-478
-604
-725
-612
-382
-254
-189
-55
53
-30
-209
-202
52
306
355
248
150
114
78
36
38
88
126
72
-17
-64
-69
-55
-81
-130
-144
-116
-94
-132
-172
-163
-137
-139
-113
-7
96
122
83
88
174
286
340
341
361
383
359
286
212
202
223
208
151
100
82
78
57
40
66
115
120
86
68
82
98
90
77
103
153
177
146
87
50
50
66
69
58
31
-31
-98
-109
-83
-75
-99
-138
-135
-108
-118
-126
-119
-102
-84
-68
-61
-72
-92
-100
-90
-79
-87
-117
-158
-179
-169
-170
-188
-211
-221
-215
-198
-147
-96
-91
-120
-136
-111
-66
-28
-16
-19
-19
-28
-31
-5
11
-11
-42
-49
-37
-38
-77
-123
-150
-155
-141
-126
-116
-123
-121
-106
-78
-26
21
47
58
82
110
137
169
197
227
270
300
311
325
331
338
341
341
336
307
250
180
142
142
128
105
81
18
-65
-87
-36
12
10
-16
-55
-97
-122
-91
-38
-29
-23
27
108
199
330
484
682
955
1090
845
394
235
461
616
465
206
-41
-496
-1083
-1265
-855
-435
-605
-1057
-1178
-979
-968
-1201
-1172
-772
-450
-454
-454
-220
-44
-149
-232
56
507
693
533
343
371
480
485
421
424
441
313
73
-89
-114
-133
-236
-373
-462
-485
-490
-509
-545
-543
-429
-233
9
221
331
347
352
433
563
705
809
792
634
447
374
349
235
59
-37
-24
-44
-159
-297
-366
-377
-400
-398
-294
-152
-120
-192
-170
12
211
318
378
472
564
605
582
562
605
623
566
494
458
408
290
138
36
-23
-120
-250
-346
-395
-432
-463
-489
-492
-461
-413
-363
-302
-234
-199
-235
-304
-352
-356
-339
-272
-136
199
825
1345
1120
204
-384
13
817
1213
1175
900
83
-1213
-1844
-1076
101
231
-597
-1099
-882
-792
-1235
-1473
-1020
-498
-495
-632
-423
-250
-572
-951
-633
233
807
688
288
160
303
463
630
920
1175
1100
701
392
437
616
628
451
262
132
3
-201
-428
-573
-599
-540
-430
-317
-299
-411
-553
-476
-104
292
416
312
242
333
503
636
677
640
598
594
578
515
421
334
249
162
135
158
113
-80
-293
-321
-197
-107
-134
-200
-216
-197
-170
-86
26
70
25
-10
61
156
167
71
-19
-16
46
37
-65
-184
-329
-429
-419
-250
42
390
800
1069
870
228
-171
212
930
1248
1030
561
-158
-1128
-1601
-1004
-20
79
-831
-1604
-1576
-1318
-1493
-1745
-1504
-1043
-952
-1117
-1004
-668
-580
-671
-384
347
904
852
528
530
880
1183
1274
1322
1357
1163
754
447
449
535
433
114
-281
-598
-772
-835
-893
-1003
-1054
-955
-767
-596
-429
-185
72
317
604
863
1059
1166
1198
1207
1258
1293
1097
746
512
476
410
174
-89
-261
-394
-554
-674
-695
-695
-771
-890
-860
-608
-356
-291
-261
-37
282
500
625
732
831
945
1060
1108
1115
1087
916
621
409
350
293
146
-105
-445
-785
-1003
-1045
-1015
-1033
-1101
-1136
-1066
-903
-669
-432
34
1136
2379
2474
1156
49
506
1745
2338
2238
1976
982
-1108
-2579
-1705
263
472
-1365
-2804
-2551
-2009
-2513
-3147
-2684
-1796
-1761
-2196
-1900
-1062
-845
-1190
-852
497
1631
1547
872
791
1390
1878
2018
2173
2325
1947
1043
339
328
678
748
273
-571
-1330
-1609
-1486
-1448
-1655
-1712
-1388
-982
-764
-512
-75
186
216
514
1246
1838
1855
1572
1409
1463
1534
1440
1242
1071
977
823
484
126
-35
-111
-352
-670
-778
-715
-775
-1004
-1098
-886
-590
-457
-372
-146
136
347
527
727
920
1042
1106
1151
1219
1312
1271
1002
715
586
482
259
-19
-222
-447
-801
-1138
-1276
-1206
-1156
-1115
-1003
-900
-826
-455
657
1931
2032
730
-324
281
1632
2167
1942
1657
786
-1177
-2580
-1637
449
744
-1291
-3110
-2950
-2072
-2270
-3029
-2864
-2036
-1837
-2268
-2223
-1532
-1170
-1314
-985
260
1394
1360
603
374
1026
1830
2246
2399
2391
1968
1187
622
699
1113
1280
853
-97
-1040
-1380
-1147
-1025
-1296
-1410
-1017
-551
-549
-798
-759
-397
17
529
1224
1662
1336
600
358
989
1910
2246
1823
1203
937
964
940
818
726
588
241
-149
-322
-381
-586
-880
-910
-606
-368
-510
-846
-894
-520
-10
351
466
468
395
355
502
892
1325
1385
963
421
193
278
377
316
77
-329
-767
-1039
-1053
-940
-844
-737
-664
-588
-428
-43
647
1324
1448
824
166
298
1050
1565
1401
766
-150
-1212
-1801
-1379
-477
-342
-1341
-2462
-2747
-2392
-2186
-2292
-2283
-2060
-1870
-1821
-1703
-1438
-1147
-830
-353
291
804
939
826
819
1147
1658
2038
2136
1975
1633
1205
883
824
939
986
683
11
-691
-992
-905
-851
-988
-1107
-1026
-872
-871
-980
-950
-625
-64
498
865
977
919
862
997
1486
2122
2382
2022
1406
1125
1290
1448
1261
892
613
382
74
-253
-478
-592
-593
-555
-587
-707
-890
-1039
-1027
-692
-167
236
270
17
-155
-81
229
635
984
1065
834
489
208
145
234
391
440
261
-84
-454
-683
-721
-554
-253
-25
1
-155
-239
113
862
1358
898
-73
-402
228
889
818
301
-269
-1060
-1936
-2007
-1052
-305
-901
-2225
-2865
-2524
-2035
-1948
-2026
-2018
-2007
-1974
-1691
-1167
-774
-653
-482
4
640
1044
1121
1095
1213
1502
1842
2089
2137
1910
1472
1031
831
917
1042
874
218
-635
-1111
-1019
-778
-805
-1028
-1240
-1434
-1530
-1265
-664
-175
-27
13
248
648
971
1196
1478
1866
2203
2295
2105
1822
1668
1700
1787
1707
1393
960
510
107
-214
-398
-480
-555
-719
-940
-1185
-1336
-1314
-1102
-768
-496
-258
-196
-254
-261
-81
313
778
1065
970
656
440
458
628
803
875
764
391
-32
-222
-187
-40
65
42
-101
-96
437
1138
1135
108
-911
-675
362
864
564
92
-581
-1915
-2908
-2134
-326
181
-1272
-2760
-2823
-2246
-2244
-2430
-1904
-1253
-1527
-2317
-2319
-1492
-979
-1098
-870
111
886
670
96
244
1067
1731
1876
1859
1872
1674
1229
871
963
1317
1428
946
41
-683
-841
-683
-642
-771
-921
-1150
-1478
-1582
-1237
-691
-342
-191
14
347
685
878
1098
1579
2165
2419
2221
1979
2016
2157
2127
1989
1954
1939
1562
838
302
306
505
351
-135
-536
-698
-814
-959
-970
-764
-576
-682
-905
-834
-404
-34
14
19
175
361
410
429
510
517
470
555
724
693
378
22
-128
-10
186
319
300
280
578
1009
886
-95
-963
-687
207
615
291
-329
-1354
-2778
-3273
-1973
-314
-429
-2114
-3277
-3039
-2453
-2329
-2155
-1601
-1475
-2122
-2514
-1847
-902
-789
-1100
-715
283
796
513
347
841
1443
1663
1740
2013
2163
1753
1053
772
1206
1766
1688
801
-293
-859
-770
-504
-498
-797
-1263
-1777
-2041
-1748
-1083
-585
-548
-638
-355
280
844
1117
1398
1904
2365
2475
2380
2441
2657
2712
2541
2382
2356
2216
1695
1059
692
558
401
30
-354
-606
-844
-1143
-1336
-1167
-896
-874
-1036
-1056
-834
-559
-342
-94
172
411
558
535
485
610
911
1103
1071
916
736
520
368
302
287
247
221
630
1276
1179
-235
-1683
-1463
-96
564
172
-386
-1188
-2891
-4166
-2996
-431
330
-1541
-3458
-3441
-2590
-2356
-2347
-1703
-1136
-1623
-2386
-2193
-1346
-1051
-1211
-749
335
877
403
-195
2
853
1684
2121
2161
1964
1575
1177
1045
1396
2033
2247
1509
265
-477
-391
-105
-187
-572
-1019
-1492
-1888
-1923
-1588
-1216
-1061
-1042
-867
-435
50
366
623
1127
1866
2434
2508
2255
2177
2494
2962
3197
3107
2796
2342
1826
1474
1401
1392
1088
498
-43
-405
-646
-932
-1171
-1169
-1129
-1236
-1497
-1575
-1353
-1119
-893
-658
-361
-221
-222
-23
353
750
990
1074
1068
997
986
1070
1304
1511
1694
2074
2215
1313
-266
-983
-185
696
476
-414
-1431
-2869
-4383
-4284
-2364
-1015
-1917
-3743
-4267
-3624
-3306
-3270
-2517
-1424
-1362
-2210
-2307
-1268
-425
-470
-352
665
1543
1290
515
457
1284
2094
2303
2147
1991
1768
1249
746
841
1509
1925
1283
2
-851
-872
-645
-728
-927
-1051
-1295
-1744
-1970
-1670
-1189
-988
-963
-653
-34
360
305
317
868
1717
2206
2188
2058
2125
2280
2373
2456
2617
2688
2380
1781
1346
1441
1653
1468
901
437
231
58
-260
-609
-714
-624
-623
-848
-1055
-1084
-1051
-1068
-947
-567
-163
-60
-143
-139
35
343
568
730
930
1130
1176
1026
1325
2355
3072
2132
103
-655
568
1740
1424
432
-509
-2087
-4003
-3933
-1640
-284
-1909
-4380
-4834
-3917
-3668
-3848
-3138
-2211
-2643
-3728
-3407
-1883
-1134
-1510
-1243
270
1318
858
111
614
1958
2735
2670
2481
2568
2561
2103
1587
1652
2257
2475
1561
114
-667
-630
-577
-956
-1345
-1568
-1978
-2618
-2934
-2538
-1806
-1389
-1408
-1380
-981
-421
-30
330
1034
1897
2294
2057
1827
2169
2852
3209
3081
2835
2749
2566
2145
1717
1600
1691
1447
869
306
11
-268
-592
-613
-417
-338
-618
-1066
-1171
-883
-546
-452
-492
-257
93
199
170
296
682
910
948
1054
1224
1335
1524
2242
3116
2796
1055
-286
229
1514
1732
1162
422
-1147
-3496
-4222
-2083
36
-881
-3518
-4700
-4162
-3905
-4122
-3433
-2323
-2599
-4012
-4291
-2964
-1997
-2151
-2037
-848
201
44
-490
-164
852
1722
2175
2482
2667
2584
2314
2090
2168
2654
3089
2768
1554
314
-209
-171
-158
-436
-1032
-1907
-2812
-3205
-2902
-2326
-2032
-2107
-2159
-1910
-1456
-977
-423
317
1050
1516
1761
2011
2369
2753
3176
3596
3772
3506
3026
2734
2707
2638
2264
1808
1408
920
319
-168
-538
-895
-1218
-1275
-1283
-1477
-1783
-1903
-1696
-1302
-888
-514
-320
-246
-56
352
1008
1586
1925
1991
1848
1974
3003
4359
4329
2325
512
876
2247
2527
1721
718
-969
-3454
-4353
-2353
-295
-1379
-4401
-5699
-4803
-4169
-4412
-4073
-3143
-3353
-4548
-4470
-2747
-1537
-1815
-1953
-744
574
704
251
499
1491
2377
2721
2703
2560
2506
2466
2357
2270
2431
2571
1974
661
-310
-324
-72
-443
-1288
-1945
-2328
-2706
-2965
-2771
-2277
-2055
-2229
-2223
-1639
-882
-530
-367
240
1172
1756
1821
1880
2304
2847
3192
3348
3423
3328
2932
2493
2390
2633
2576
1888
952
355
192
6
-334
-730
-1130
-1461
-1690
-1798
-1772
-1669
-1466
-1341
-1269
-1085
-820
-505
-168
316
947
1436
1697
1776
2196
3382
4320
3770
2222
1692
2764
3562
3113
2326
1478
-295
-2469
-2541
-430
419
-1728
-4435
-4996
-4400
-4636
-4963
-4249
-3684
-4725
-6049
-5392
-3547
-2862
-3280
-2852
-1293
-341
-574
-553
593
2057
2821
3013
3279
3574
3606
3428
3468
4006
4500
4056
2562
1079
622
702
337
-538
-1411
-2185
-3137
-4004
-4145
-3660
-3307
-3549
-3990
-3854
-3052
-2201
-1746
-1375
-515
630
1347
1521
1841
2774
3770
4194
4237
4391
4623
4523
4103
3902
4003
3892
3071
1819
883
571
490
17
-917
-1803
-2338
-2609
-2711
-2673
-2566
-2636
-2831
-2714
-2227
-1590
-1150
-745
-80
709
1244
1533
2543
4228
4930
3625
2169
2764
4524
4880
3791
2722
1565
-393
-1663
-397
1391
296
-3118
-5092
-4476
-3827
-4437
-4742
-4249
-4630
-6159
-6622
-5065
-3639
-3754
-4006
-2993
-1678
-1316
-1317
-526
865
2015
2623
2914
3161
3483
3893
4212
4421
4808
5084
4533
3148
2018
1831
1945
1453
408
-730
-1770
-2738
-3405
-3453
-3186
-3267
-3937
-4594
-4503
-3801
-3161
-2810
-2378
-1679
-1059
-710
-234
687
1794
2523
2821
3128
3683
4244
4457
4417
4366
4372
4255
3921
3399
2787
2196
1668
1098
449
-196
-795
-1422
-2092
-2498
-2585
-2685
-3039
-3410
-3285
-2801
-2315
-2032
-1737
-1159
-439
602
2143
3409
3144
1849
1618
3299
5011
5222
4481
3277
1401
-242
460
2835
3225
330
-2810
-3437
-2730
-2996
-3728
-3757
-3947
-5345
-6714
-6320
-5069
-4803
-5198
-4751
-3606
-3041
-3073
-2522
-1101
325
1268
1876
2331
2750
3329
4155
4962
5551
5842
5551
4722
3974
3770
3798
3434
2588
1467
145
-1039
-1696
-1878
-2168
-2905
-3689
-4125
-4282
-4313
-4208
-3852
-3399
-3059
-2737
-2303
-1745
-1107
-323
612
1418
1869
2079
2363
2936
3688
4257
4332
3975
3632
3441
3288
3101
2807
2380
1738
924
161
-339
-546
-818
-1444
-2112
-2526
-2527
-2529
-2677
-2694
-2509
-2238
-2078
-1781
-1078
172
1578
2244
1647
766
1138
2871
4385
4603
3990
2803
1095
53
1234
3473
3571
744
-2004
-2403
-1683
-1792
-2379
-2562
-3118
-4682
-5953
-5539
-4440
-4337
-4945
-4931
-4288
-3945
-3854
-3287
-2142
-994
-127
448
786
1211
2048
3125
3982
4603
5158
5263
4637
4056
4278
4787
4619
3674
2632
1703
801
175
-64
-368
-1215
-2386
-3209
-3419
-3304
-3246
-3382
-3508
-3463
-3261
-2951
-2495
-1828
-1104
-514
-29
431
953
1543
2167
2784
3262
3428
3440
3454
3448
3394
3283
3179
2828
2134
1359
841
589
361
-155
-885
-1650
-2161
-2305
-2272
-2321
-2516
-2688
-2691
-2677
-2386
-1611
-550
614
1306
1189
381
103
1435
3542
4450
3815
2534
1330
552
1057
2929
3867
2130
-662
-1745
-1093
-895
-1643
-1996
-2094
-3148
-4875
-5442
-4539
-3943
-4409
-4809
-4495
-4139
-4189
-4066
-3184
-1957
-928
-379
-270
-32
886
2165
3029
3387
3948
4614
4537
3880
3819
4577
4981
4209
3016
2349
2116
1764
1122
449
-151
-824
-1544
-2073
-2227
-2211
-2453
-2929
-3176
-3033
-2725
-2544
-2353
-1930
-1393
-953
-649
-220
491
1210
1750
2143
2468
2779
3013
3175
3338
3435
3415
3192
2693
2156
1770
1545
1243
752
94
-723
-1416
-1739
-1775
-1902
-2342
-2794
-3027
-3027
-2759
-2216
-1620
-1340
-925
34
876
652
33
671
2503
3459
2920
2290
2127
1634
1028
1801
3252
2918
614
-986
-652
-233
-982
-1595
-1555
-2252
-4035
-5026
-4172
-3372
-4068
-4980
-4644
-3873
-3983
-4429
-3857
-2412
-1355
-1147
-1203
-749
358
1538
2192
2525
3194
4010
4122
3551
3617
4568
4997
4133
3056
2886
2996
2348
1347
892
822
292
-818
-1616
-1606
-1355
-1661
-2475
-2921
-2668
-2333
-2360
-2402
-1992
-1501
-1448
-1451
-883
125
797
855
999
1568
2177
2411
2455
2768
3247
3360
2975
2526
2413
2475
2300
1824
1395
1057
495
-233
-685
-733
-950
-1607
-2233
-2342
-2101
-2097
-2426
-2644
-2319
-1632
-1135
-612
196
659
-49
-808
125
2313
3296
2496
1469
917
437
587
2141
3501
2393
-376
-1670
-792
64
-310
-937
-1481
-2716
-4183
-4279
-3178
-2825
-3720
-4427
-4283
-4178
-4341
-3951
-2868
-2042
-1831
-1668
-1252
-732
38
1166
2170
2606
2738
3000
3305
3548
3963
4442
4517
4022
3344
2852
2579
2499
2437
1972
1015
7
-550
-625
-616
-883
-1435
-2069
-2474
-2555
-2407
-2185
-2013
-1992
-2083
-2004
-1518
-775
-225
-8
235
789
1341
1626
1864
2313
2807
2971
2780
2625
2658
2716
2580
2325
2045
1652
1118
545
176
36
-243
-814
-1397
-1675
-1632
-1674
-1920
-2118
-2086
-2008
-1801
-1437
-947
-230
438
409
-294
-334
961
2371
2357
1691
1476
1166
287
283
1968
2998
1362
-1080
-1467
-368
-326
-1354
-1638
-1538
-2613
-4242
-4312
-3067
-2788
-3877
-4480
-3976
-3560
-3831
-3840
-2866
-1693
-1221
-1446
-1581
-863
578
1681
1809
1688
2232
3013
3210
3183
3682
4226
3858
2997
2776
3100
2958
2284
1868
1795
1317
338
-341
-288
-111
-454
-1090
-1528
-1697
-1862
-2041
-1973
-1622
-1337
-1395
-1632
-1524
-917
-252
81
251
586
963
1151
1330
1761
2375
2627
2298
1887
1970
2503
2728
2224
1547
1281
1217
947
471
186
61
-224
-704
-1070
-1251
-1307
-1425
-1502
-1474
-1477
-1623
-1756
-1484
-1000
-293
545
989
312
-764
-596
1226
2778
2634
1713
890
25
-493
643
2617
2716
191
-2043
-1941
-846
-719
-1171
-1371
-2044
-3563
-4455
-3721
-2781
-3007
-3784
-3831
-3550
-3694
-3828
-3196
-2053
-1236
-1092
-1338
-1356
-568
867
1845
1925
1881
2285
2643
2659
2946
3799
4269
3661
2737
2492
2795
2854
2561
2237
1839
1059
88
-389
-92
266
-109
-1095
-1814
-1794
-1527
-1530
-1603
-1417
-1202
-1338
-1564
-1254
-504
33
97
121
474
907
1125
1282
1629
2058
2164
1868
1682
1890
2180
2103
1648
1289
1157
1027
682
312
135
-16
-295
-675
-975
-1099
-1164
-1378
-1544
-1534
-1466
-1517
-1605
-1453
-958
-565
-403
206
1041
1017
10
-220
1245
2834
2646
1504
925
681
200
411
1751
2216
385
-1838
-1933
-724
-462
-1273
-1845
-2315
-3335
-4069
-3441
-2501
-2795
-3716
-3805
-3349
-3368
-3505
-2841
-1695
-1198
-1376
-1416
-994
-280
639
1491
1866
1850
1913
2253
2662
3131
3602
3697
3256
2703
2546
2680
2640
2344
2030
1632
1024
295
-149
-102
63
-162
-745
-1279
-1495
-1531
-1480
-1211
-905
-955
-1373
-1550
-1033
-263
70
-39
-57
239
585
826
1097
1392
1545
1493
1424
1510
1642
1632
1531
1469
1367
1107
695
389
356
373
116
-353
-762
-942
-1010
-1084
-1134
-1123
-1094
-1177
-1276
-1206
-866
-503
-389
-439
-309
60
421
1008
1720
1788
808
79
859
2375
2679
1761
865
161
-628
-679
710
1700
326
-2145
-2783
-1661
-1134
-1828
-2150
-1946
-2566
-3825
-3900
-2661
-2063
-2692
-3099
-2628
-2272
-2452
-2330
-1388
-403
-82
-298
-546
-300
649
1696
1977
1645
1562
1874
1960
1836
2172
2772
2657
1795
1219
1404
1717
1568
1226
1086
946
504
-13
-134
217
538
312
-276
-590
-487
-312
-231
-130
-42
-198
-567
-648
-243
217
298
80
-156
-250
-136
247
647
665
348
105
118
290
480
626
614
389
168
181
360
441
366
275
263
268
215
186
313
394
298
132
133
266
325
335
358
268
94
52
199
290
151
-78
153
840
1053
174
-908
-805
412
1118
616
-91
-607
-1329
-1817
-811
920
918
-1188
-2638
-1862
-518
-431
-943
-906
-977
-1798
-2309
-1609
-867
-1117
-1713
-1690
-1464
-1730
-2070
-1765
-1025
-614
-797
-1347
-1693
-1310
-327
245
17
-247
-63
167
218
651
1448
1768
1318
976
1309
1844
2005
2001
2175
2239
1916
1442
1336
1688
1996
1766
1109
581
427
403
336
282
120
-396
-1106
-1454
-1165
-744
-827
-1342
-1681
-1609
-1347
-1123
-876
-577
-374
-371
-331
53
621
1016
1150
1306
1608
1854
1870
1916
2177
2452
2328
1962
1826
1902
1854
1493
1070
865
729
399
-102
-507
-636
-683
-893
-1316
-1686
-1837
-1768
-1729
-1702
-1674
-1651
-1273
-504
-100
-605
-1199
-647
846
1613
1318
916
678
195
148
1476
2903
2165
-134
-1024
132
992
278
-571
-650
-1147
-2499
-3047
-2207
-1744
-2728
-3844
-3776
-3353
-3659
-4085
-3613
-2642
-2261
-2663
-3033
-2578
-1355
-158
211
42
253
982
1526
1748
2307
3153
3373
2774
2419
2905
3433
3215
2697
2551
2504
1990
1226
883
994
917
280
-511
-941
-958
-935
-1110
-1327
-1444
-1512
-1592
-1539
-1239
-840
-655
-607
-376
82
520
806
1084
1460
1841
2063
2148
2261
2475
2673
2705
2493
2237
2105
2026
1844
1498
1173
907
516
-18
-393
-504
-637
-1014
-1470
-1609
-1588
-1700
-1800
-1675
-1469
-1468
-1555
-1390
-814
-303
-114
-161
-96
242
654
908
1042
1471
2117
2198
1243
329
654
1805
2141
1360
501
-157
-1096
-1694
-738
663
60
-2480
-3897
-2921
-1745
-2113
-2801
-2612
-2633
-3662
-4214
-3071
-1842
-2146
-3025
-2853
-2079
-2023
-2326
-1757
-561
-89
-610
-1155
-919
-47
764
975
697
500
590
662
662
977
1541
1607
931
418
741
1321
1413
1221
1285
1455
1251
879
1027
1681
2139
1987
1591
1490
1690
1923
2085
2242
2255
1957
1534
1377
1621
1863
1700
1236
893
777
668
410
198
173
95
-238
-612
-676
-524
-536
-786
-927
-786
-670
-780
-836
-549
-162
-99
-250
-171
196
450
442
522
840
1057
879
626
750
1089
1155
809
492
488
514
242
-179
-381
-323
-370
-691
-1143
-1473
-1570
-1470
-1392
-1256
-939
-878
-1577
-2479
-2245
-749
302
-143
-1148
-1645
-1661
-1416
-438
818
737
-925
-2103
-1415
-224
-177
-774
-902
-1119
-2048
-2660
-2007
-1250
-1720
-2700
-2789
-2379
-2644
-3220
-2930
-1930
-1461
-1867
-2251
-1895
-1095
-425
-5
439
978
1303
1342
1596
2424
3392
3723
3484
3432
3787
4030
3956
4023
4392
4401
3668
2918
2939
3341
3183
2406
1809
1669
1412
788
322
374
433
-49
-746
-1005
-868
-844
-1041
-1072
-889
-890
-1150
-1225
-830
-289
-62
-200
-345
-215
104
435
682
830
822
653
510
594
842
976
841
586
371
236
150
119
94
-41
-322
-625
-732
-700
-705
-875
-1064
-1082
-1054
-1179
-1357
-1305
-1101
-1073
-1316
-1411
-1170
-976
-1138
-1382
-1294
-983
-912
-1140
-1275
-1128
-791
-610
-768
-1187
-1424
-1107
-531
-353
-673
-1129
-1501
-1706
-1419
-551
37
-557
-1710
-1903
-996
-266
-398
-649
-560
-621
-945
-778
-24
354
-89
-467
-118
331
230
39
374
877
898
549
497
880
1218
1228
1154
1303
1552
1572
1400
1411
1753
2073
2031
1832
1855
2024
2009
1838
1929
2286
2367
1978
1649
1777
2054
2024
1771
1684
1714
1552
1202
1022
1069
1029
763
467
306
113
-226
-522
-559
-499
-696
-1140
-1402
-1339
-1252
-1384
-1539
-1425
-1235
-1326
-1519
-1388
-953
-716
-848
-933
-712
-462
-462
-474
-236
10
-93
-396
-449
-198
-4
-123
-425
-606
-646
-708
-834
-875
-823
-928
-1324
-1665
-1599
-1313
-1245
-1453
-1549
-1436
-1344
-1400
-1323
-953
-594
-599
-811
-808
-464
-40
193
270
299
402
594
805
913
857
755
771
855
909
849
583
197
-22
166
507
498
19
-445
-510
-323
-185
-134
-134
-284
-532
-576
-303
-41
-29
-104
15
259
363
322
396
646
911
1041
1073
1155
1271
1325
1335
1417
1598
1687
1546
1351
1304
1333
1261
1143
1118
1086
807
445
366
586
685
412
63
-1
130
143
-5
-66
35
80
-39
-153
-141
-134
-230
-297
-207
-142
-329
-620
-710
-573
-505
-640
-750
-714
-724
-935
-1134
-1064
-841
-801
-995
-1125
-1076
-1002
-1015
-986
-792
-584
-545
-621
-593
-352
-55
102
167
274
396
431
401
499
733
856
719
490
393
433
438
318
189
93
-109
-417
-611
-574
-522
-733
-1095
-1284
-1233
-1162
-1227
-1292
-1258
-1261
-1313
-1227
-938
-678
-660
-697
-467
-71
173
241
382
644
852
985
1201
1487
1584
1459
1415
1629
1816
1693
1416
1321
1418
1449
1299
1038
831
696
578
487
424
305
65
-189
-291
-247
-270
-442
-624
-632
-535
-519
-602
-674
-677
-637
-559
-464
-411
-482
-578
-567
-426
-256
-196
-265
-384
-439
-388
-266
-198
-270
-405
-493
-467
-361
-295
-335
-451
-518
-403
-178
-69
-127
-159
-8
187
254
272
405
590
685
715
800
915
971
1006
1121
1242
1216
1075
1022
1109
1142
1054
958
907
781
572
424
379
311
140
-65
-223
-365
-516
-634
-711
-778
-851
-903
-961
-1034
-1072
-1021
-945
-904
-868
-782
-652
-587
-590
-516
-300
-95
-54
-79
-22
95
164
191
283
385
367
255
223
301
369
345
295
253
161
69
72
143
125
-33
-172
-165
-118
-159
-246
-273
-262
-309
-396
-428
-390
-387
-469
-569
-564
-485
-470
-560
-652
-654
-602
-588
-617
-631
-634
-633
-617
-587
-567
-542
-491
-413
-347
-307
-256
-146
1
98
140
213
390
572
628
615
690
851
942
914
911
1014
1099
1054
943
903
935
933
862
779
725
678
630
562
497
458
423
381
318
272
271
277
276
274
269
234
202
215
264
291
267
216
160
111
90
109
124
73
-46
-153
-199
-194
-204
-261
-332
-402
-458
-481
-496
-505
-514
-529
-538
-522
-455
-375
-316
-261
-189
-116
-67
2
145
320
417
404
370
384
460
557
613
586
470
357
305
254
162
81
21
-97
-331
-542
-618
-641
-768
-954
-1058
-1113
-1217
-1367
-1410
-1312
-1250
-1326
-1424
-1415
-1302
-1188
-1099
-975
-822
-714
-686
-637
-450
-194
-34
-2
30
171
335
404
440
518
575
541
515
605
703
666
562
557
613
561
420
360
423
457
364
260
242
274
262
219
239
294
291
240
270
393
497
505
484
529
599
638
664
700
725
680
631
666
726
718
626
573
591
572
454
330
318
357
320
194
84
50
37
-33
-111
-102
-43
-58
-183
-274
-215
-93
-82
-176
-216
-146
-75
-99
-143
-100
-7
38
-19
-91
-92
-42
-19
-57
-109
-138
-155
-212
-276
-281
-250
-281
-377
-436
-418
-393
-430
-463
-439
-407
-430
-484
-487
-435
-406
-411
-404
-378
-373
-391
-372
-319
-295
-324
-354
-320
-251
-223
-243
-259
-241
-209
-212
-239
-226
-160
-90
-95
-147
-145
-67
20
70
99
144
186
186
184
246
354
429
418
362
308
284
333
418
425
292
127
60
67
44
-9
-41
-89
-208
-334
-325
-220
-203
-322
-425
-376
-257
-224
-251
-206
-84
-20
-57
-53
83
251
314
296
322
433
536
563
568
616
689
709
638
569
596
645
599
476
400
412
386
253
130
108
96
13
-90
-134
-139
-176
-210
-201
-185
-196
-203
-172
-131
-104
-51
32
82
74
75
138
230
288
311
308
293
276
271
274
255
204
140
67
-34
-118
-149
-157
-231
-380
-515
-570
-577
-609
-665
-713
-740
-776
-802
-774
-706
-658
-634
-590
-490
-389
-329
-284
-208
-88
34
115
161
189
228
284
358
426
456
427
381
383
421
442
410
347
300
279
249
217
191
160
90
16
11
62
95
59
-9
-40
-22
33
97
106
45
-28
-36
15
32
5
-11
-10
-56
-147
-193
-145
-84
-114
-217
-294
-295
-268
-275
-291
-283
-266
-305
-363
-341
-226
-128
-140
-197
-180
-79
7
37
59
114
168
192
202
256
339
355
292
252
305
366
344
274
247
253
216
142
93
73
20
-43
-56
-39
-69
-148
-187
-150
-121
-153
-188
-171
-144
-149
-167
-141
-74
-31
-57
-104
-104
-74
-29
-2
-26
-63
-70
-64
-57
-71
-76
-53
-52
-88
-103
-52
1
-29
-85
-55
43
98
78
86
173
267
321
341
374
433
481
519
552
558
529
496
505
545
551
485
390
309
246
200
169
135
50
-80
-191
-229
-232
-279
-359
-408
-426
-478
-557
-562
-491
-446
-467
-482
-442
-389
-349
-308
-230
-140
-91
-74
-48
15
89
151
176
174
182
214
252
266
247
208
175
150
144
160
153
102
25
-34
-48
-28
-10
-29
-100
-186
-215
-177
-134
-131
-170
-196
-182
-164
-168
-175
-149
-108
-104
-140
-164
-166
-188
-226
-221
-178
-190
-294
-400
-425
-391
-373
-386
-404
-416
-437
-440
-396
-307
-202
-143
-122
-111
-65
51
222
365
426
430
458
548
643
716
777
826
829
759
712
729
764
732
613
478
370
266
165
78
11
-80
-227
-369
-474
-541
-575
-588
-612
-669
-725
-707
-625
-536
-473
-422
-344
-280
-210
-86
73
211
273
316
380
456
520
580
619
624
592
558
551
537
501
449
388
303
205
120
82
66
27
-51
-127
-169
-174
-177
-176
-167
-146
-112
-98
-83
-31
64
135
143
143
200
275
289
254
247
309
329
238
106
50
48
15
-84
-189
-263
-348
-447
-506
-509
-531
-605
-696
-721
-684
-646
-636
-619
-557
-478
-418
-365
-271
-148
-30
56
142
256
343
410
476
558
622
624
587
567
584
584
541
453
353
244
138
45
-27
-88
-186
-317
-444
-528
-565
-600
-650
-700
-730
-739
-734
-711
-672
-635
-599
-570
-539
-488
-433
-346
-231
-132
-97
-97
-62
34
136
175
165
166
202
231
228
221
245
267
243
187
185
239
275
250
212
241
288
284
262
295
384
419
373
345
406
488
498
456
446
500
538
506
462
483
535
524
450
397
391
380
300
228
225
205
109
-9
-36
1
-31
-132
-184
-156
-152
-207
-248
-209
-162
-158
-161
-128
-93
-106
-125
-88
-20
11
-14
-42
-28
-2
2
-5
-8
-15
-36
-72
-98
-112
-138
-169
-189
-191
-184
-185
-204
-216
-217
-205
-190
-174
-171
-176
-176
-152
-106
-82
-83
-83
-62
-38
-42
-61
-59
-37
-14
-24
-62
-109
-157
-178
-177
-159
-157
-218
-324
-385
-365
-319
-338
-404
-445
-452
-441
-415
-352
-286
-279
-324
-334
-257
-152
-92
-82
-59
-12
44
83
117
152
171
176
179
195
232
266
262
237
217
218
236
235
223
211
214
226
214
194
179
187
205
212
231
267
304
317
318
327
366
410
435
445
441
435
425
448
479
470
405
316
245
198
173
155
109
0
-128
-202
-207
-198
-250
-329
-381
-413
-448
-456
-410
-353
-336
-353
-356
-321
-264
-199
-132
-81
-51
-26
-2
41
110
179
224
235
218
210
209
224
256
271
250
190
138
123
121
98
63
37
12
-33
-81
-92
-82
-89
-128
-165
-163
-150
-149
-147
-131
-115
-142
-170
-170
-148
-137
-159
-179
-182
-171
-165
-171
-172
-184
-212
-239
-233
-210
-207
-230
-238
-225
-207
-197
-164
-105
-60
-74
-104
-67
26
106
125
131
172
228
272
296
337
408
461
465
438
424
426
416
397
374
329
262
175
103
60
11
-66
-150
-215
-278
-332
-384
-441
-477
-489
-489
-498
-521
-530
-495
-437
-390
-350
-304
-260
-226
-186
-112
-23
51
89
118
173
235
273
278
288
315
331
312
269
258
278
257
185
120
107
96
44
-15
-31
-14
-18
-50
-55
-13
38
51
42
62
117
176
214
250
296
323
308
296
309
343
363
344
300
243
188
139
107
68
10
-67
-151
-215
-252
-284
-325
-372
-426
-455
-456
-450
-443
-428
-393
-348
-304
-254
-184
-96
-16
63
152
250
325
378
439
513
572
593
605
635
652
632
585
551
518
453
373
303
248
184
108
32
-51
-135
-207
-268
-347
-434
-485
-493
-517
-574
-626
-632
-606
-594
-599
-588
-563
-532
-501
-461
-402
-352
-316
-293
-250
-188
-146
-134
-138
-125
-81
-35
-11
-13
-27
-44
-49
-44
-21
9
11
-3
-36
-46
-12
33
63
69
83
105
133
155
193
243
271
268
269
285
306
316
332
356
352
309
265
279
315
302
236
175
149
116
66
42
43
31
-38
-114
-147
-140
-138
-163
-182
-197
-207
-210
-193
-149
-111
-89
-86
-72
-35
6
46
94
154
194
202
195
230
288
313
297
284
296
300
280
264
281
297
274
222
180
165
159
158
150
128
84
44
17
19
42
41
-7
-76
-103
-80
-63
-80
-106
-120
-134
-165
-191
-185
-180
-205
-248
-282
-291
-308
-322
-327
-334
-351
-383
-415
-427
-409
-380
-366
-391
-421
-406
-365
-315
-280
-259
-241
-229
-203
-151
-76
-3
19
29
63
109
157
198
234
266
272
270
297
348
385
382
367
372
376
374
366
358
350
326
283
245
230
221
204
177
148
118
79
48
44
44
27
-20
-63
-64
-52
-57
-92
-120
-134
-169
-221
-236
-215
-206
-244
-307
-334
-324
-306
-291
-280
-272
-267
-267
-262
-228
-174
-117
-100
-103
-80
-22
48
89
106
143
195
218
230
255
287
314
317
321
337
334
311
300
302
291
250
201
162
140
115
79
39
-5
-48
-85
-110
-126
-157
-192
-204
-208
-205
-203
-192
-181
-184
-179
-153
-126
-117
-113
-90
-60
-59
-60
-51
-46
-34
-25
-23
-15
-7
0
12
13
16
21
29
35
38
45
61
77
80
89
111
128
130
132
158
198
224
239
255
268
270
271
282
300
303
283
254
227
204
188
165
118
38
-42
-94
-125
-153
-201
-255
-311
-361
-397
-415
-428
-454
-478
-485
-481
-485
-474
-432
-382
-348
-341
-321
-262
-187
-135
-97
-55
-12
20
64
121
169
201
213
217
221
217
221
213
209
213
205
186
153
119
101
96
96
85
44
-4
-24
-17
0
1
-7
-11
-20
-33
-34
-14
17
17
-13
-30
-19
4
10
7
-11
-24
-39
-54
-55
-48
-29
-30
-48
-73
-82
-71
-45
-25
-37
-52
-60
-56
-27
17
62
82
83
91
127
180
224
266
300
321
327
355
400
434
445
437
443
436
414
404
394
369
312
259
221
174
109
47
12
-22
-80
-163
-225
-254
-281
-315
-364
-402
-423
-447
-458
-448
-439
-450
-462
-455
-419
-378
-347
-328
-315
-305
-280
-231
-172
-135
-128
-111
-88
-55
-27
-8
-6
-17
-31
-32
-16
6
22
29
20
2
22
49
51
33
23
30
35
34
44
69
79
64
49
63
75
69
65
77
82
65
42
42
50
35
20
5
-2
-27
-46
-33
-9
-1
-34
-74
-83
-60
-50
-40
-29
-27
-18
1
39
97
152
178
189
220
272
323
349
365
390
407
406
402
412
423
415
394
379
356
319
278
240
208
171
139
103
50
-6
-50
-72
-95
-136
-180
-210
-240
-277
-307
-311
-311
-323
-337
-331
-321
-326
-335
-325
-292
-277
-299
-310
-285
-252
-242
-244
-236
-226
-228
-222
-190
-149
-132
-136
-123
-89
-45
-10
17
44
64
83
109
145
192
217
238
258
257
248
249
272
282
261
217
184
177
167
144
105
58
11
-38
-86
-119
-133
-152
-197
-257
-300
-305
-300
-317
-348
-360
-344
-335
-334
-307
-252
-201
-180
-163
-121
-71
-20
39
103
148
176
209
242
272
292
318
353
365
336
296
283
302
318
304
273
252
232
207
178
164
163
149
110
79
81
97
107
110
108
119
125
120
124
138
150
146
138
134
135
131
116
97
77
46
8
-36
-85
-123
-154
-190
-234
-282
-335
-376
-399
-405
-411
-440
-473
-486
-453
-406
-382
-362
-334
-298
-268
-236
-176
-98
-37
-11
6
49
105
148
165
178
190
193
188
193
210
214
190
140
90
57
48
39
16
-7
-37
-56
-74
-83
-75
-70
-81
-97
-96
-69
-28
3
26
54
68
71
90
124
152
163
168
179
192
194
189
189
189
174
146
125
121
103
69
38
19
-2
-31
-54
-60
-52
-56
-64
-67
-50
-42
-36
-26
-3
24
29
37
51
76
97
103
102
106
98
86
70
65
67
50
19
-17
-36
-54
-79
-106
-129
-159
-186
-208
-214
-216
-212
-204
-216
-226
-221
-208
-190
-177
-153
-129
-108
-97
-76
-36
-8
14
28
40
52
50
53
62
64
50
21
4
6
9
0
-16
-25
-43
-57
-51
-37
-21
-16
-30
-46
-49
-36
-4
14
21
22
23
42
67
96
121
138
149
151
160
183
204
218
221
219
210
203
198
183
174
157
124
85
57
46
49
52
33
8
-28
-60
-65
-57
-54
-63
-81
-87
-81
-59
-31
-15
-5
-8
-9
0
7
25
48
60
51
41
50
61
73
78
92
98
80
52
44
57
55
30
2
-4
-6
-24
-37
-37
-39
-54
-78
-91
-90
-85
-93
-104
-114
-115
-113
-125
-135
-133
-128
-138
-175
-200
-204
-209
-227
-247
-247
-246
-266
-297
-308
-284
-257
-257
-267
-266
-250
-236
-219
-180
-139
-119
-112
-95
-50
-7
14
28
52
95
130
157
185
219
259
291
296
301
309
317
321
309
306
306
294
261
231
219
217
195
162
147
140
139
117
95
79
67
62
59
63
67
61
52
47
48
41
18
8
18
23
20
14
16
19
21
19
21
22
3
-14
-15
2
20
15
2
-5
3
9
18
33
39
35
22
26
38
36
36
39
45
50
42
49
53
46
31
13
-13
-39
-58
-67
-66
-86
-113
-129
-145
-171
-206
-222
-223
-230
-251
-275
-277
-273
-275
-276
-270
-258
-251
-251
-235
-221
-203
-192
-179
-156
-140
-127
-104
-65
-33
-19
-14
4
32
55
68
75
93
105
108
117
135
150
146
134
130
134
149
151
138
130
118
102
88
87
98
118
123
113
106
101
105
92
73
70
62
55
51
60
74
76
66
51
45
35
21
10
5
-6
-26
-43
-51
-54
-59
-59
-61
-59
-62
-63
-60
-48
-39
-31
-24
-14
2
9
42
76
97
101
105
126
152
170
180
179
170
168
155
154
154
140
123
99
84
70
42
7
-22
-46
-76
-111
-136
-152
-160
-176
-211
-233
-235
-227
-225
-234
-243
-251
-256
-246
-225
-196
-168
-162
-150
-130
-103
-79
-58
-27
4
22
32
41
53
80
99
110
124
130
119
117
133
148
144
126
113
103
99
104
112
114
111
103
95
96
102
103
94
84
89
100
93
82
81
94
103
85
68
68
64
59
50
46
47
25
-3
-17
-25
-38
-63
-86
-88
-91
-95
-97
-100
-107
-119
-135
-140
-144
-154
-163
-167
-164
-159
-150
-153
-157
-153
-140
-133
-141
-144
-139
-128
-120
-109
-100
-89
-86
-74
-47
-31
-28
-29
-25
-14
-3
8
24
42
52
46
43
61
79
77
69
71
74
68
60
58
66
58
27
8
16
29
32
26
26
29
19
13
13
23
35
31
27
40
60
65
72
82
94
100
88
86
104
128
141
147
157
168
170
171
176
188
197
191
179
176
185
176
163
160
144
107
91
78
93
83
87
54
87
396
411
21
-310
-319
-174
-52
270
513
182
-192
-239
-117
-134
-220
-142
-24
-244
-554
-747
-879
-922
-764
-142
333
249
-27
-324
-409
-404
-325
-119
-49
20
-178
-334
-404
-565
-442
59
541
668
618
447
196
34
-45
-1
253
394
353
230
25
-225
-365
-320
-142
95
294
197
-108
-306
-497
-482
-333
-68
225
258
133
-49
-254
-369
-229
-11
127
312
298
164
-46
-214
-193
-59
186
432
517
348
159
1
-11
-25
50
252
273
228
135
-26
-207
-241
-92
187
355
420
307
33
-177
-292
-116
161
199
295
253
134
-26
-141
-10
65
223
358
485
356
111
-122
-235
-136
29
301
289
121
-89
-224
-288
-225
-96
63
56
-32
-129
-210
-372
-491
-340
-209
-1
-4
-68
-214
-396
-400
-322
-214
-100
-92
-83
-206
-297
-306
-322
-188
-148
116
120
56
-41
-107
-55
0
209
310
310
206
161
82
65
88
194
298
304
298
272
166
92
33
-11
110
189
200
95
-21
-143
-183
-102
-30
9
51
28
3
6
-75
-95
-109
-41
86
196
237
86
-34
-150
-143
-17
101
209
214
146
84
19
-81
-69
-21
30
162
295
266
83
-63
-172
-114
72
202
135
100
19
-81
-169
-249
-157
-55
71
88
23
-62
-211
-287
-193
-97
16
106
59
-79
-236
-349
-339
-220
-67
47
-21
-117
-208
-325
-357
-296
-230
-211
-122
-20
-126
-279
-331
-316
-188
-33
76
78
-32
-157
-202
-148
-94
-11
133
132
95
102
111
66
7
85
200
272
306
317
257
109
52
51
165
233
242
270
224
249
206
165
126
145
171
177
175
143
155
58
-2
-10
27
38
-5
-27
3
-71
-108
-68
-4
-4
-62
-8
33
74
72
66
91
87
104
101
186
246
183
115
113
122
102
149
187
200
198
157
70
-17
-25
11
74
58
24
-2
-57
-145
-178
-86
-64
-56
-50
-40
-70
-132
-171
-118
-75
-21
55
25
-37
-134
-173
-173
-125
-113
-107
-140
-206
-280
-343
-351
-381
-344
-257
-232
-278
-333
-381
-456
-480
-415
-326
-253
-237
-224
-226
-173
-124
-88
-32
33
99
93
74
65
96
108
146
211
245
210
130
91
65
100
134
122
99
53
-3
-33
25
80
99
80
59
53
52
45
7
12
61
153
195
214
237
219
211
209
287
338
343
300
212
155
123
135
111
84
81
108
140
114
72
43
24
-14
-2
78
99
118
85
38
40
27
35
48
80
103
156
167
137
100
66
32
51
145
198
191
134
36
-43
-63
-68
-89
-107
-112
-116
-132
-192
-252
-280
-307
-296
-234
-162
-157
-204
-269
-314
-346
-330
-277
-194
-148
-157
-162
-158
-156
-164
-127
-89
-56
-32
1
17
-1
-25
-27
0
43
81
97
108
86
41
10
11
27
26
19
17
-4
-25
-28
-14
10
12
13
0
19
20
19
28
24
27
40
79
87
80
37
-18
-52
-40
-20
-47
-72
-84
-73
-62
-47
-37
-29
-16
7
30
20
13
2
-17
4
24
63
58
35
43
61
82
97
136
171
200
196
184
191
203
212
206
185
177
180
146
84
57
57
70
71
55
47
16
-17
-6
25
48
48
29
13
13
-7
-58
-102
-119
-127
-110
-90
-107
-147
-199
-198
-143
-101
-94
-111
-122
-129
-120
-113
-98
-88
-97
-96
-97
-85
-94
-116
-139
-179
-166
-88
-24
-22
-30
-14
4
1
-3
43
63
64
41
17
43
41
23
1
28
69
92
90
58
58
76
91
102
141
149
117
87
86
93
72
61
41
43
40
22
5
-9
-29
-44
-7
33
73
95
75
42
28
51
72
85
87
78
87
80
68
53
40
10
0
20
38
35
10
-25
-42
-10
-3
-21
-55
-87
-114
-144
-161
-161
-168
-165
-141
-105
-78
-74
-58
-19
15
38
47
57
61
47
41
42
56
59
46
29
-5
-17
-31
-51
-73
-82
-103
-127
-132
-139
-148
-155
-167
-182
-176
-165
-168
-173
-171
-145
-99
-52
-34
-26
-28
-25
5
38
66
78
98
88
65
57
50
68
83
99
126
117
76
49
61
62
51
49
46
37
15
3
-3
-34
-51
-10
35
53
52
47
60
51
62
97
132
154
154
165
162
153
127
111
110
130
162
154
107
53
22
-5
-15
3
10
17
-5
-33
-45
-29
-27
-29
-18
-20
-25
-30
-36
-43
-45
-38
-16
5
16
15
20
22
22
51
71
71
84
103
129
123
98
74
73
68
31
13
-5
-29
-48
-74
-96
-114
-129
-150
-162
-175
-202
-218
-213
-194
-176
-174
-176
-198
-210
-190
-163
-134
-111
-97
-83
-61
-52
-55
-47
-52
-45
-32
-33
-23
-10
-13
-30
-36
-37
-32
-30
-55
-72
-66
-68
-72
-56
-34
-35
-42
-55
-45
-1
41
81
113
134
131
124
131
134
160
184
214
246
253
243
200
152
114
108
120
137
150
117
80
45
6
-15
-15
-1
29
62
74
54
7
-38
-67
-62
-16
38
70
55
12
-24
-54
-63
-23
47
101
133
134
102
50
19
-6
-9
13
25
30
4
-32
-62
-100
-132
-138
-118
-109
-92
-82
-90
-118
-140
-141
-129
-94
-69
-64
-65
-65
-48
-29
-19
-15
-24
-37
-48
-35
-14
-8
-12
-15
5
14
8
-6
-21
-27
-38
-25
-1
-2
-29
-57
-56
-49
-35
-17
-16
-1
13
33
51
55
53
49
69
97
120
126
129
117
97
113
132
161
164
133
106
82
59
36
16
8
29
42
29
12
2
-25
-57
-70
-37
-25
-37
-40
-32
-36
-48
-67
-77
-66
-44
-6
6
-10
-43
-68
-77
-69
-41
-21
-12
-16
-22
-32
-43
-56
-55
-48
-44
-39
-49
-48
-40
-41
-50
-55
-55
-47
-34
-28
-23
-19
-14
-2
11
23
13
-14
-38
-49
-34
-11
7
4
-12
-40
-75
-99
-109
-96
-69
-38
-28
-23
-32
-56
-62
-39
3
53
75
59
28
8
-3
-5
24
59
92
111
119
125
115
102
96
98
121
144
142
129
105
91
92
94
80
69
51
22
3
18
34
20
24
33
59
75
74
66
43
58
71
95
135
143
130
84
32
3
13
23
16
8
-26
-56
-90
-110
-105
-98
-80
-82
-80
-85
-98
-111
-128
-140
-128
-96
-71
-41
-38
-59
-76
-89
-71
-35
-2
20
26
34
39
30
21
23
28
31
17
-24
-68
-96
-111
-111
-126
-121
-105
-107
-102
-81
-52
-31
-18
-13
-25
-36
-40
-45
-43
-43
-41
-37
-16
-15
-17
-4
-17
-18
-15
-5
25
33
24
21
23
16
6
-13
-30
-28
-34
-36
-36
-31
-31
-27
-30
-23
7
34
48
66
100
123
120
104
102
101
89
84
94
102
94
95
108
116
116
110
99
94
105
120
124
115
104
101
91
80
76
62
34
-5
-14
-3
7
0
3
14
-3
-17
-31
-25
-10
-17
-32
-61
-92
-109
-109
-97
-83
-72
-80
-94
-120
-139
-145
-146
-135
-112
-86
-68
-53
-42
-33
-24
-14
-4
9
27
44
59
70
68
60
49
35
39
59
73
82
75
48
8
-23
-41
-45
-40
-21
2
11
9
0
-6
-24
-41
-50
-35
-10
10
32
41
37
26
22
8
-5
-28
-50
-46
-52
-59
-72
-97
-120
-136
-142
-141
-132
-108
-79
-51
-43
-52
-42
-31
-14
15
38
50
62
72
80
75
63
66
85
104
114
139
150
146
131
113
94
71
58
66
82
89
79
53
28
7
-4
-9
-2
14
15
-1
-24
-38
-56
-71
-67
-41
-26
-33
-43
-45
-50
-61
-68
-70
-68
-57
-41
-33
-37
-37
-43
-51
-32
-12
6
18
21
27
20
14
-2
-1
7
-2
5
23
21
12
17
25
38
35
22
20
19
14
15
27
34
27
25
17
8
-6
-30
-43
-40
-31
-15
-4
-15
-27
-25
-26
-22
-25
-32
-29
-42
-55
-58
-66
-63
-64
-52
-36
-30
-37
-44
-27
-14
-4
17
19
13
7
11
26
44
56
63
71
75
82
76
70
67
66
67
72
88
105
124
135
113
108
112
108
106
94
78
61
53
37
31
27
15
-4
-23
-37
-63
-91
-99
-92
-82
-75
-78
-81
-74
-68
-73
-73
-68
-71
-76
-78
-79
-87
-96
-112
-116
-102
-82
-70
-60
-61
-58
-58
-58
-51
-42
-32
-27
-24
-28
-25
-24
-25
-15
6
31
41
37
40
42
50
62
79
91
102
98
85
78
61
45
35
34
13
-11
-34
-53
-60
-64
-59
-45
-28
-19
-12
-8
-14
-26
-35
-40
-52
-54
-40
-33
-30
-34
-23
-10
-5
-5
0
15
27
46
60
58
57
49
45
53
61
70
76
82
87
85
77
78
87
99
111
119
123
122
120
123
114
95
74
44
32
30
38
42
46
45
39
26
0
-24
-39
-40
-43
-37
-29
-29
-38
-63
-78
-82
-74
-74
-68
-73
-82
-91
-103
-115
-122
-111
-100
-92
-89
-82
-81
-92
-99
-92
-86
-72
-49
-25
-11
-8
-7
-5
5
15
27
27
14
-1
-18
-22
-27
-16
8
21
29
25
19
17
12
4
-1
5
4
5
6
5
2
4
-7
-23
-33
-46
-56
-69
-68
-61
-48
-29
-21
-13
-6
-5
-8
-5
1
7
14
20
21
25
28
34
51
60
63
59
54
55
64
86
103
106
110
109
112
106
98
80
64
53
45
48
52
48
38
41
46
51
53
59
71
77
75
71
65
64
52
34
17
0
-12
-25
-32
-31
-27
-31
-56
-77
-83
-83
-93
-92
-86
-84
-83
-90
-87
-82
-90
-97
-104
-114
-112
-111
-108
-96
-81
-71
-53
-33
-9
8
23
30
25
25
16
16
14
9
9
9
12
27
34
35
26
18
16
5
-3
-10
-20
-19
-20
-24
-22
-21
-18
-25
-25
-29
-43
-49
-56
-48
-36
-21
-5
9
14
15
13
5
7
5
5
0
-2
0
-2
-6
-12
-15
-10
-3
10
35
51
65
71
75
77
84
90
97
105
104
96
96
102
104
105
98
97
94
85
65
50
47
44
44
49
57
55
49
31
14
-6
-18
-26
-22
-7
-4
-12
-19
-20
-19
-15
-16
-27
-30
-35
-41
-46
-64
-83
-98
-111
-110
-111
-112
-115
-123
-119
-113
-118
-122
-115
-98
-85
-75
-72
-60
-45
-34
-17
-11
-14
-20
-32
-29
-9
7
24
35
40
32
25
20
16
12
5
1
-1
4
-4
-13
-21
-25
-27
-25
-23
-27
-18
-12
-3
10
21
33
39
42
38
31
21
15
19
25
41
41
42
41
33
31
26
27
36
43
55
65
70
67
59
64
68
60
52
48
49
49
56
62
67
65
60
68
68
75
67
52
52
56
59
66
74
72
67
60
55
50
41
29
15
-4
-18
-31
-45
-49
-55
-58
-71
-81
-98
-115
-117
-121
-114
-101
-90
-97
-96
-98
-99
-93
-95
-94
-91
-84
-75
-60
-50
-50
-45
-39
-28
-15
-9
-6
-4
-9
-17
-16
-6
2
1
-1
-2
-12
-18
-30
-35
-26
-17
-10
1
25
39
42
47
39
40
43
45
45
39
33
19
5
-3
-7
-13
-12
-6
-1
3
8
13
5
-12
-37
-54
-51
-44
-26
-10
-3
2
8
13
11
13
21
29
37
53
69
79
82
79
80
80
78
83
87
87
77
65
56
52
49
51
69
79
81
71
54
51
54
51
37
20
2
-20
-34
-39
-43
-41
-35
-32
-36
-42
-50
-52
-46
-45
-41
-37
-39
-45
-59
-75
-89
-93
-88
-80
-73
-73
-72
-77
-79
-74
-61
-34
-23
-14
-8
-11
-15
-21
-12
4
23
31
33
35
41
41
43
50
51
50
46
32
25
16
7
-3
-10
-4
0
3
-3
-14
-24
-35
-32
-18
-10
-9
-9
-12
-10
-4
10
28
36
46
39
31
21
3
-4
0
3
5
0
-6
-9
-20
-24
-19
-19
-26
-32
-31
-32
-36
-40
-33
-20
-6
10
28
32
31
30
26
30
44
48
49
58
49
44
37
39
42
39
35
27
12
0
-10
-10
0
7
12
13
16
10
-4
-14
-29
-21
-19
-11
-2
3
4
-3
-3
2
12
22
20
7
-5
-22
-43
-48
-42
-31
-19
-16
-11
-12
-19
-21
-23
-29
-35
-34
-32
-22
-16
-7
-3
1
-5
-6
-2
-2
0
-11
-7
-2
7
18
25
27
25
13
16
20
13
19
26
16
2
-12
-28
-38
-46
-46
-41
-37
-37
-40
-45
-58
-69
-65
-58
-40
-30
-13
7
14
12
11
12
13
14
12
19
21
21
32
42
53
61
62
63
55
44
39
42
42
48
50
44
38
27
19
14
20
28
38
47
50
47
44
44
44
51
63
65
66
63
45
31
8
-9
-10
-14
-24
-37
-38
-44
-46
-53
-43
-24
-25
-27
-27
-31
-46
-52
-48
-41
-39
-48
-54
-50
-53
-61
-66
-71
-64
-50
-36
-24
-15
-10
-18
-25
-32
-36
-37
-43
-49
-47
-47
-44
-32
-14
0
16
22
13
7
-3
-8
-4
3
4
4
4
8
12
16
16
12
10
4
-7
-23
-28
-29
-32
-27
-3
20
42
52
56
54
43
26
19
20
25
40
51
54
45
37
22
10
10
8
7
14
25
29
39
55
65
65
59
56
47
41
33
37
45
49
47
39
32
18
5
-9
-11
-8
-4
-4
-7
-13
-22
-28
-30
-26
-30
-32
-39
-44
-40
-40
-38
-38
-33
-22
-16
-15
-11
-12
-21
-27
-33
-27
-22
-25
-28
-31
-27
-34
-31
-16
-9
-8
-18
-20
-20
-22
-19
-15
-8
1
10
17
19
21
20
17
17
11
16
26
29
35
33
29
25
23
18
19
11
-8
-12
-13
-11
-9
-10
-2
0
2
5
1
5
5
-4
-7
-16
-26
-30
-26
-19
-17
-14
-18
-32
-36
-37
-42
-39
-35
-26
-10
-1
5
9
8
1
-4
-9
-11
-8
-5
2
19
29
37
44
39
37
33
30
25
25
33
39
51
57
56
41
30
20
8
11
25
32
27
25
19
12
-4
-15
-23
-25
-20
-20
-17
-19
-26
-28
-28
-34
-31
-29
-34
-40
-44
-38
-28
-18
-18
-21
-28
-31
-30
-38
-42
-46
-47
-43
-35
-34
-33
-21
-6
2
10
16
13
8
0
-6
-3
9
19
30
44
54
51
44
51
49
41
34
29
36
41
46
54
63
71
67
65
62
52
51
40
32
32
39
43
34
25
15
2
-5
-9
-16
-11
-8
-12
-9
-6
-3
-4
-10
-22
-29
-40
-47
-53
-53
-50
-54
-47
-38
-35
-22
-15
-12
-10
-17
-24
-31
-29
-25
-22
-9
-7
-7
-3
-4
-6
-6
-7
-13
-19
-21
-22
-21
-18
-14
-19
-26
-28
-31
-33
-37
-38
-38
-39
-34
-34
-34
-28
-25
-28
-26
-18
-14
-11
-4
-2
7
5
0
13
18
21
18
10
4
3
8
18
21
16
19
21
25
32
35
41
33
27
21
15
13
13
12
9
10
13
18
27
32
38
41
45
55
66
76
77
76
70
67
59
46
32
14
2
-18
-34
-28
-23
-6
-2
1
13
17
20
16
12
-3
-18
-30
-41
-37
-32
-26
-22
-11
-8
-15
-19
-23
-20
-13
-1
1
2
-1
2
7
7
2
-3
-11
-13
-9
-9
-6
-4
-4
-3
-3
-16
-10
0
2
5
2
0
-2
-7
-11
-11
-19
-29
-33
-30
-23
-21
-19
-19
-22
-31
-33
-38
-40
-46
-54
-58
-63
-61
-45
-38
-42
-42
-41
-42
-44
-48
-49
-49
-48
-39
-24
-2
19
27
34
35
30
32
36
38
40
41
39
46
57
66
74
84
86
73
63
60
58
57
59
72
78
74
68
65
53
38
25
22
25
22
27
31
37
42
40
37
36
30
20
3
-19
-33
-39
-42
-38
-25
-16
-10
-16
-31
-43
-57
-65
-70
-77
-83
-83
-76
-70
-68
-68
-68
-64
-62
-55
-61
-64
-56
-49
-41
-34
-22
-16
-17
-16
-24
-28
-30
-29
-28
-24
-29
-33
-24
-13
-2
7
16
22
22
24
24
21
22
24
20
22
26
38
46
50
55
53
46
40
34
30
32
37
39
45
58
60
60
67
66
61
42
31
34
45
49
45
57
66
61
53
48
40
34
24
21
24
30
31
27
25
17
10
4
-3
-8
-11
-6
-2
-1
-4
-12
-19
-24
-33
-38
-34
-26
-27
-25
-26
-38
-50
-56
-65
-74
-72
-76
-76
-73
-77
-85
-82
-77
-72
-64
-57
-51
-52
-48
-36
-33
-35
-38
-50
-49
-44
-34
-25
-14
-1
5
7
7
5
10
1
-5
0
6
10
11
8
3
4
0
-1
0
4
-3
-11
-2
-2
1
8
16
21
24
21
32
38
41
43
45
50
48
40
35
40
39
33
32
32
31
40
46
49
53
49
41
37
36
23
9
-3
-6
-2
2
21
28
38
47
44
41
37
37
30
26
27
31
38
43
39
34
29
25
16
8
1
-5
-4
1
9
11
16
11
-2
-13
-29
-35
-43
-53
-56
-46
-39
-54
-58
-53
-56
-50
-43
-48
-52
-52
-48
-38
-38
-43
-40
-22
-9
-17
-17
-18
-20
-22
-22
-27
-24
-23
-22
-19
-17
-10
-5
1
-3
-6
-10
-19
-18
-19
-15
-12
-4
8
11
11
2
-4
-9
-12
-10
-7
-1
4
5
9
11
7
6
5
3
4
2
0
-5
-7
-5
-1
3
9
15
25
41
43
36
31
27
25
27
27
30
29
17
12
21
31
29
28
27
23
20
8
3
3
6
14
15
18
24
24
20
18
18
17
7
7
6
6
10
1
-6
-12
-19
-15
-10
-4
-2
-10
-12
-14
-9
-11
-9
-11
-18
-22
-23
-23
-14
-9
-6
-1
-8
-19
-18
-23
-26
-20
-20
-17
-6
3
16
22
24
22
16
12
8
5
2
-11
-19
-24
-25
-24
-27
-23
-22
-25
-29
-31
-24
-26
-24
-25
-22
-15
-15
-10
3
9
9
8
7
4
-2
-6
-5
-3
-11
-8
-7
-4
5
17
28
33
40
48
53
56
56
52
54
39
24
21
18
17
18
14
16
14
15
24
23
26
24
18
16
16
24
27
35
37
31
21
16
10
10
3
-7
-12
-20
-18
-20
-22
-27
-35
-37
-37
-26
-22
-20
-16
-21
-20
-13
-24
-34
-42
-49
-49
-51
-50
-40
-33
-35
-33
-35
-33
-29
-24
-15
-17
-24
-19
-21
-20
-22
-34
-39
-54
-54
-55
-52
-40
-34
-34
-37
-41
-45
-31
-14
0
7
20
33
42
50
42
32
24
20
13
10
6
8
13
16
12
16
22
23
24
28
36
45
50
53
60
61
59
55
47
54
57
61
69
72
72
60
48
47
46
45
40
43
50
56
57
60
57
52
43
23
13
7
4
1
-2
-4
-11
-14
-16
-17
-19
-24
-31
-31
-27
-20
-18
-16
-10
-7
-13
-19
-33
-37
-41
