-14
-10
-10
-7
4
11
19
17
13
10
9
12
9
15
15
16
16
11
10
5
-2
-5
-6
-3
4
10
8
7
6
2
-1
0
5
8
13
18
16
14
12
9
15
18
22
25
17
10
11
14
9
7
4
0
0
-3
-1
7
8
1
-1
3
-1
-10
-17
-20
-16
-15
-12
0
10
14
12
10
6
4
2
1
7
9
15
22
20
19
18
16
11
0
2
11
17
18
13
11
6
-1
1
1
-2
-2
-6
-6
-4
-7
-2
-3
-9
-20
-22
-14
-10
-8
-11
-14
-14
-13
-18
-16
-18
-20
-13
-11
-12
-10
-5
4
7
4
-1
-12
-10
-14
-16
-14
-8
-2
4
7
5
2
-2
-6
-13
-14
-14
-10
-8
-6
-3
-4
-12
-13
-9
1
9
0
-2
-6
-8
-5
-6
3
3
-1
-2
7
14
16
11
3
2
-2
-4
-6
3
1
3
10
10
9
10
7
-1
-8
-7
-4
0
10
7
4
4
7
16
17
20
20
11
10
6
3
0
0
4
-2
-4
-13
-13
-12
-8
-4
-6
-11
-12
-6
-8
-9
-9
-10
-9
-1
0
3
11
8
8
10
15
21
15
17
19
28
36
36
30
25
20
13
10
11
4
1
-4
-8
-4
-9
-14
-16
-14
-11
-12
-13
-17
-16
-16
-14
-11
-4
1
-4
-2
3
-2
-7
-12
-7
-7
-13
-16
-18
-11
-8
-8
-11
-8
-13
-12
3
8
6
0
-7
-6
-3
-1
5
11
16
19
19
16
5
5
2
5
5
5
11
9
15
14
16
8
4
4
0
2
1
8
11
13
9
9
14
8
8
1
0
5
7
10
10
3
-6
-11
-15
-15
-17
-19
-15
-10
-14
-17
-15
-17
-15
-18
-18
-25
-32
-25
-18
-17
-21
-30
-23
-12
-8
-6
-4
-1
-6
-4
-3
0
4
-3
-13
-14
-13
-10
-2
10
14
14
17
10
4
1
6
14
16
13
9
9
10
11
23
20
0
9
23
25
23
24
22
16
6
9
21
20
21
18
17
9
-5
-4
-2
-9
-10
-6
-6
4
8
8
3
-4
-9
-15
-15
-21
-18
-19
-19
-20
-21
-15
-18
-9
-9
-5
-3
-8
-6
-7
1
5
7
13
20
21
20
21
23
19
20
25
23
27
27
25
20
19
19
19
18
10
2
3
-3
-17
-13
-7
-5
-6
-9
-9
-8
-11
-10
-3
3
-3
-10
-9
-7
-5
-2
6
5
6
1
-6
-6
-12
-18
-16
-22
-26
-24
-31
-30
-28
-23
-22
-21
-20
-20
-28
-36
-36
-35
-24
-21
-23
-21
-14
0
-1
-1
3
10
13
6
7
1
1
11
18
25
26
23
30
33
28
25
16
5
-4
-9
-11
-9
-2
-4
-5
-1
-4
-5
1
4
1
-5
-3
2
10
20
21
19
18
19
17
19
24
25
30
32
31
30
28
26
20
15
12
12
10
11
9
4
-5
-10
-11
-9
-10
-10
-14
-20
-19
-26
-30
-29
-28
-28
-30
-31
-21
-17
-21
-19
-19
-23
-24
-20
-10
0
7
10
11
10
9
15
25
28
29
29
19
18
20
14
7
5
-1
-8
-4
4
6
9
7
3
-5
-15
-15
-11
-4
-2
0
-4
-3
6
7
4
4
3
5
6
1
5
8
4
-3
-1
1
-3
1
1
10
12
7
6
4
4
-3
-10
-10
-14
-15
-14
-14
-9
-11
-10
-14
-15
-19
-25
-27
-32
-32
-31
-26
-19
-15
-16
-19
-16
-13
-8
-2
2
0
2
-1
1
7
12
16
17
15
12
10
17
18
23
22
12
5
-3
-2
8
12
8
12
21
23
25
24
19
16
13
12
14
18
20
17
13
11
13
13
12
3
-1
-4
-6
-6
4
9
12
3
-4
-5
-9
-3
3
7
7
3
-3
-4
-14
-23
-20
-18
-17
-22
-20
-17
-15
-8
-2
3
-4
-15
-19
-15
-13
-7
-6
-8
-9
-15
-15
-19
-14
-7
-5
-1
-4
-9
-4
1
6
10
6
-2
-4
2
8
13
8
6
5
6
3
0
-2
-5
-3
-4
-5
0
2
-4
-3
-10
-10
-8
-3
3
6
15
22
23
25
22
16
20
15
12
9
14
21
23
18
8
-1
-9
-13
-12
-9
-12
-9
-9
-11
-11
-9
-9
-10
-10
-11
-10
-3
3
5
6
7
6
13
23
24
18
6
-1
-4
-5
0
-3
1
4
11
19
12
9
0
-6
-4
-8
-9
-3
4
9
9
3
-2
-4
-1
-1
-6
-9
-4
-6
-7
-3
-4
-5
-9
-13
-20
-21
-12
-6
1
2
-5
-6
-3
0
-6
-7
-4
-8
-12
-9
-6
-8
-3
-3
-1
-1
2
0
1
3
-3
-13
-15
-14
-9
-4
-1
-3
-6
-1
4
6
3
0
-7
-11
-14
-8
2
14
16
10
13
13
10
14
12
9
9
12
16
21
28
25
20
21
8
-2
-6
-1
-2
-1
3
-1
-1
-5
-5
2
6
-2
-4
-9
-10
-8
1
2
-3
-4
-9
-9
-5
1
0
0
-1
-2
-5
-6
-10
-14
-15
-21
-20
-20
-17
-11
-10
-10
-4
2
9
17
23
20
15
13
11
22
33
35
35
40
30
21
18
16
15
8
5
1
-2
1
2
6
7
8
3
0
-5
-11
-10
-17
-19
-30
-33
-29
-20
-13
-8
-6
-9
-14
-16
-13
-9
-3
-6
-8
-9
-9
-10
-14
-12
-12
-9
-13
-15
-13
-14
-12
-14
-14
-13
-5
-2
1
4
-2
2
-1
0
5
4
3
-1
-1
6
14
17
16
11
10
6
0
0
-4
-4
-2
-9
-5
-2
-2
3
2
2
1
-4
-2
6
7
11
15
17
17
18
18
20
24
28
26
27
35
36
35
25
18
4
-4
-11
-20
-24
-26
-25
-16
-12
-5
-4
-2
-1
-1
2
2
12
14
16
13
4
-4
-11
-8
-2
-3
-6
-9
-12
-9
-12
-15
-18
-17
-15
-9
-9
-11
-11
-7
3
2
-5
-15
-14
-11
-11
-13
-15
-17
-23
-20
-15
-10
-6
-10
-14
-16
-13
-8
-1
7
7
5
10
12
18
22
24
24
19
23
27
32
34
39
41
35
27
21
18
14
11
10
0
-7
-6
-6
-2
-5
-12
-17
-18
-16
-15
-9
-9
-14
-18
-17
-14
-12
-10
-10
-6
-9
-4
1
6
9
9
8
2
-4
-8
-10
-4
-4
-16
-15
-15
-10
-4
-8
-3
-7
-8
-7
-6
-6
-8
-2
-6
-9
-10
-7
4
11
11
10
10
13
11
12
14
7
4
3
-1
3
4
2
3
1
7
12
15
15
16
16
16
19
13
12
12
15
10
10
14
-2
-1
7
4
1
1
-1
-5
-5
-12
-15
-13
-16
-20
-14
-6
-11
-10
-15
-19
-15
-14
-12
-10
-6
-3
4
6
9
14
15
14
5
8
4
2
2
4
1
-7
-15
-19
-19
-28
-33
-38
-40
-37
-26
-16
-8
-7
-6
-3
-5
-4
-4
-4
-2
0
10
13
20
26
31
36
39
32
19
23
17
7
9
8
5
2
2
10
18
12
5
6
-1
-7
-8
-7
-4
-3
-1
4
10
11
19
17
14
8
-5
-7
-8
-3
6
7
5
4
2
0
2
-6
-8
-12
-16
-13
-6
0
3
8
9
3
6
9
7
5
0
-5
-8
-9
-3
6
7
0
-6
-9
-16
-23
-19
-17
-25
-27
-27
-22
-15
-15
-10
-4
1
2
2
5
4
0
3
5
14
23
25
32
30
22
12
6
3
0
-1
0
-1
-1
-1
-4
0
2
1
0
-3
-4
-8
-10
-8
-15
-18
-17
-11
6
18
26
25
24
27
24
21
18
12
11
12
11
14
18
19
14
2
-5
-16
-25
-26
-29
-25
-29
-38
-39
-43
-40
-39
-44
-43
-47
-46
-43
-41
-36
-25
-14
-8
-7
-3
7
11
9
9
12
13
7
7
7
4
6
5
12
16
12
22
26
28
27
18
19
25
18
18
23
20
20
21
26
32
25
20
17
20
20
18
20
18
23
29
28
26
28
27
27
23
14
9
3
6
5
6
8
7
6
4
1
-3
-5
-7
-6
-5
-8
-17
-15
-14
-20
-26
-29
-30
-35
-33
-25
-22
-24
-19
-14
-8
-6
-12
-16
-21
-24
-15
-5
-3
-6
-3
-3
-1
4
9
9
5
-1
0
-3
-6
-4
-3
-4
-10
-13
-10
-11
-11
-18
-20
-19
-22
-21
-12
-7
-5
-8
-3
4
3
8
5
9
3
2
3
-1
-1
-8
-14
-14
-12
-9
-13
-15
-16
-15
-12
-8
-6
0
-1
0
-1
0
6
4
8
15
17
18
17
11
3
-2
-5
-9
-13
-16
-21
-20
-18
-7
2
-2
-6
-2
-1
3
10
17
24
25
29
33
41
47
47
48
49
44
35
37
36
38
28
19
18
15
23
22
24
23
8
-9
-13
-15
-13
-7
-2
2
4
5
11
15
26
34
36
31
28
25
26
24
20
19
14
7
3
3
-1
-5
-10
-18
-21
-29
-33
-35
-40
-45
-51
-56
-48
-46
-49
-43
-48
-41
-43
-41
-31
-33
-33
-37
-36
-31
-24
-14
-1
5
5
3
-3
-6
-14
-18
-17
-18
-14
-14
-12
-9
-6
-11
-15
-15
-19
-19
-15
-11
-4
2
-3
-1
2
-2
-10
-12
-17
-12
-8
1
17
18
20
9
1
2
6
13
12
13
16
21
26
35
39
32
30
24
24
27
30
37
40
39
34
32
25
21
22
20
15
9
6
2
5
8
9
5
-2
-2
-5
3
8
-1
-1
-5
-4
-3
6
15
19
21
20
27
34
33
26
19
17
17
10
5
0
-11
-13
-13
-11
-13
-16
-22
-31
-35
-40
-39
-38
-36
-32
-23
-17
-15
-8
-5
-5
1
7
4
2
6
12
16
23
23
22
20
10
11
13
9
9
2
-8
-11
-9
-9
-8
-8
-14
-18
-23
-28
-24
-17
-17
-19
-16
-13
-11
-12
-13
-18
-28
-33
-37
-33
-27
-18
-10
-9
-8
-15
-16
-17
-15
-15
-16
-9
-2
7
14
18
12
9
2
-4
-2
0
10
16
23
26
28
28
25
27
25
18
8
9
5
3
-3
-2
2
5
11
11
10
10
13
17
19
18
16
10
11
9
3
3
8
13
12
14
10
5
2
-6
-9
-6
-2
-1
1
-5
-13
-16
-21
-27
-30
-25
-20
-20
-20
-21
-18
-13
-11
-12
-11
-9
-9
-14
-13
-16
-13
-9
2
11
14
7
5
3
0
8
10
19
21
21
28
34
41
43
37
27
20
18
18
16
13
14
8
2
-2
-6
-7
-12
-16
-15
-17
-15
-7
3
12
14
15
15
23
37
47
88
162
181
82
-29
-23
39
10
-58
-53
-14
-83
-211
-212
-95
1
15
-17
-52
-50
-28
-32
-39
11
70
60
17
24
45
3
-25
62
172
150
29
-50
-58
-61
-56
-12
14
-33
-130
-187
-164
-102
-46
-15
-10
-38
-90
-104
-55
4
23
18
48
77
56
13
29
79
84
61
42
33
-10
-61
-65
-31
9
26
-7
-71
-96
-71
-43
-25
12
50
30
-15
-14
14
30
38
79
119
99
40
17
43
73
90
79
54
40
15
-38
-86
-71
-8
30
11
-29
-49
-62
-59
-24
28
50
12
-38
-26
35
72
41
23
41
59
43
-10
-9
44
62
32
-1
-6
7
-6
-37
-31
6
17
-1
-15
-8
-5
-9
-13
-16
-16
-9
1
12
18
29
25
2
1
30
49
30
7
-14
-28
-31
-19
-28
-33
5
29
-16
-61
-41
12
36
23
19
29
15
-46
-98
-58
49
106
33
-69
-85
-54
-57
-55
25
75
10
-104
-149
-89
-33
-27
-1
49
37
-51
-128
-82
45
85
23
5
40
5
-81
-70
23
41
-14
-10
42
2
-87
-86
-10
47
72
65
-5
-87
-83
-35
-12
36
126
148
48
-41
-44
-20
13
91
139
86
-20
-65
-52
-47
-9
86
134
52
-45
-82
-92
-91
-7
130
153
24
-86
-70
-1
33
35
42
84
111
37
-102
-109
59
144
42
-21
60
64
-67
-110
23
116
43
-57
-51
-6
-48
-128
-105
20
86
17
-76
-55
-4
-43
-67
42
154
93
-50
-61
34
25
-65
-52
64
75
-37
-76
-10
31
-35
-88
-24
72
40
-94
-147
-48
68
60
14
25
12
-55
-56
58
151
100
15
15
49
31
-25
-44
4
41
24
6
11
-14
-63
-39
42
73
26
-14
-19
-65
-141
-109
32
128
74
-47
-103
-61
25
54
54
93
101
7
-99
-89
-17
-5
-27
30
82
-5
-136
-118
12
63
10
-30
-6
-1
-50
-76
-9
60
42
-8
-21
5
30
37
47
35
-12
-49
-31
29
62
39
-12
-22
6
1
-34
-40
-14
-25
-45
-14
11
-28
-64
-48
-28
-8
19
6
-78
-98
7
80
47
-2
-24
-49
-22
69
104
36
-14
11
8
-48
-39
40
96
53
-22
-52
-26
9
10
1
20
40
-4
-55
-53
-12
27
62
70
60
57
25
-30
-13
66
64
-27
-56
-3
23
-21
-41
17
51
17
-22
-19
0
4
-15
-17
27
75
37
-50
-50
68
144
84
-4
-9
29
30
25
51
43
-33
-63
7
67
21
-45
-35
21
24
-49
-111
-109
-73
-55
-39
-11
-11
-67
-126
-123
-35
61
81
39
-8
-38
-53
-13
51
77
51
33
69
98
62
27
55
99
95
67
39
-10
-63
-64
-15
5
-53
-114
-100
-60
-75
-128
-131
-62
-23
-66
-96
-59
-33
-62
-49
50
138
138
86
52
63
93
109
97
85
60
-12
-85
-68
5
19
-27
-58
-49
-45
-67
-110
-121
-105
-77
-36
12
28
-45
-156
-144
-14
72
79
85
75
-5
-66
-10
114
163
116
58
31
2
-19
-3
64
94
52
-21
-57
-59
-72
-60
38
137
107
-5
-80
-61
-17
-2
11
43
36
-41
-115
-96
-16
51
75
93
106
56
-27
-16
105
168
96
22
28
42
1
-3
72
115
59
-26
-45
-57
-89
-111
-112
-60
0
-8
-106
-155
-68
38
54
42
66
64
12
-14
33
65
36
28
65
71
3
-40
14
94
88
7
-56
-58
-78
-132
-149
-113
-58
-33
-56
-75
-75
-72
-77
-34
62
104
61
-6
-16
17
26
-5
22
117
150
56
-63
-85
-33
7
24
51
28
-64
-135
-114
-45
27
69
36
-43
-93
-80
-41
2
68
100
63
-14
-57
-41
27
73
37
0
18
31
-16
-74
-81
-42
-3
14
-13
-78
-128
-115
-37
62
120
68
-33
-52
13
75
85
86
93
75
70
67
32
-1
32
80
62
14
-10
-32
-62
-69
-58
-44
-22
-5
-25
-67
-64
-21
-7
4
61
85
-2
-71
-28
41
50
55
86
83
30
-19
-21
-4
15
20
10
-8
-34
-65
-79
-43
19
45
19
-17
-38
-32
-6
35
77
98
80
45
25
13
-8
-2
50
76
40
3
-2
-18
-62
-63
-31
-30
-48
-41
-13
-32
-87
-96
-46
21
56
8
-59
-70
-19
28
51
65
36
-18
-40
-14
8
6
7
27
26
-7
-64
-98
-59
0
6
-2
11
-22
-78
-62
46
134
121
56
20
31
30
-18
-55
-34
-22
-91
-174
-178
-159
-191
-183
-81
-2
-25
-81
-86
-38
19
75
109
142
182
180
177
245
331
334
304
359
424
423
361
267
156
76
76
99
58
-50
-179
-276
-292
-240
-223
-275
-350
-403
-425
-416
-369
-323
-288
-242
-188
-150
-106
-48
20
86
133
161
157
128
68
21
25
44
29
-24
-90
-171
-237
-251
-230
-221
-254
-292
-303
-285
-267
-215
-120
-17
71
123
163
246
334
387
417
488
549
514
456
448
480
484
431
378
340
278
191
116
63
-2
-63
-126
-167
-184
-232
-305
-322
-281
-238
-227
-237
-246
-232
-197
-152
-70
75
229
310
321
400
626
929
1089
900
480
301
566
768
511
147
97
20
-529
-1081
-885
-174
-2
-758
-1605
-1659
-1115
-864
-1117
-1321
-1160
-934
-962
-960
-659
-288
-86
68
358
596
569
446
551
910
1190
1194
1023
834
657
503
482
562
550
301
-137
-547
-772
-765
-623
-541
-642
-821
-847
-675
-414
-195
-111
-116
-26
196
372
438
511
620
674
624
606
693
779
777
680
521
372
274
150
-48
-153
-152
-233
-377
-451
-442
-436
-394
-265
-133
-90
-125
-105
42
228
345
390
427
503
536
504
493
555
581
475
295
103
-90
-210
-247
-285
-418
-628
-762
-731
-605
-516
-474
-418
-338
-241
-47
367
807
774
237
-40
474
1133
1104
622
462
534
111
-618
-625
242
734
-85
-1413
-1819
-1188
-722
-1044
-1493
-1451
-1241
-1362
-1555
-1338
-851
-512
-358
-116
146
186
133
370
912
1330
1416
1313
1190
1052
930
992
1199
1265
989
455
-41
-307
-299
-172
-211
-526
-937
-1128
-1046
-897
-807
-738
-667
-636
-572
-342
-28
175
257
398
696
941
927
784
838
1089
1233
1113
901
767
660
544
471
426
264
-57
-340
-378
-287
-309
-506
-678
-682
-586
-483
-424
-339
-250
-191
-100
41
184
278
309
332
434
568
593
507
417
384
392
374
273
125
-4
-47
-57
-79
-95
-40
160
409
296
-303
-767
-459
242
373
-138
-491
-363
-459
-1047
-1243
-430
502
210
-1116
-1902
-1334
-393
-332
-878
-1090
-892
-895
-1163
-1103
-613
-204
-136
-141
-45
-34
-113
30
506
959
1006
766
582
560
620
752
990
1146
986
534
90
-107
-42
185
354
240
-146
-428
-346
-155
-145
-201
-130
-54
-123
-202
-171
-125
-145
-89
191
512
597
421
230
290
566
764
732
571
366
169
177
399
496
295
53
52
163
122
-48
-99
-3
36
-46
-74
-24
-83
-281
-343
-99
160
111
-124
-223
-162
-109
-113
-68
14
10
-109
-154
-30
103
109
55
131
256
386
767
1303
1252
304
-475
4
1053
1199
410
-36
54
-485
-1662
-1823
-301
982
38
-2186
-3067
-1898
-676
-901
-1632
-1581
-1189
-1457
-1913
-1504
-524
-36
-151
-101
231
263
31
251
1083
1702
1559
1055
778
782
809
880
1143
1364
1113
352
-418
-681
-409
4
63
-332
-857
-1084
-857
-484
-297
-278
-264
-299
-351
-180
189
378
249
139
383
784
947
839
736
768
831
870
881
827
606
226
28
182
349
132
-212
-210
-34
-63
-304
-386
-201
-61
-87
-81
44
86
-35
-81
93
360
460
351
288
322
313
169
97
251
381
217
-139
-287
-109
61
69
-33
-92
-83
17
484
1111
1174
255
-641
-303
785
1128
490
0
79
-343
-1487
-1816
-398
1049
337
-1916
-3113
-2165
-765
-756
-1645
-1978
-1704
-1759
-2121
-1882
-1064
-518
-556
-559
-256
-136
-311
-90
777
1535
1476
960
709
896
1154
1301
1524
1713
1501
826
182
28
276
485
354
-64
-565
-950
-994
-678
-361
-390
-690
-868
-711
-384
-139
-34
57
226
472
695
844
945
1040
1116
1216
1393
1497
1323
999
862
986
1093
913
529
222
125
52
-51
-134
-280
-568
-827
-816
-555
-357
-456
-720
-797
-608
-338
-170
-108
-10
88
103
46
166
404
512
532
507
437
384
383
395
326
265
244
153
167
560
1087
730
-599
-1278
-311
862
557
-515
-715
-495
-1211
-2311
-1835
152
1048
-600
-2896
-3100
-1305
-41
-477
-1385
-1521
-1420
-1732
-1756
-901
-35
-124
-653
-581
-149
-158
-327
182
1180
1463
774
90
248
913
1288
1247
1218
1297
1133
588
148
256
738
975
599
-105
-607
-623
-336
-74
7
-108
-358
-588
-565
-238
151
309
221
150
260
450
588
701
855
981
1024
1026
1002
904
772
832
1039
1082
808
398
221
278
363
350
164
-141
-436
-474
-264
-162
-317
-608
-742
-621
-478
-402
-414
-442
-420
-356
-242
-114
-7
46
2
37
150
190
208
229
257
265
469
1095
1709
1494
288
-571
62
1297
1406
427
-184
-116
-709
-2032
-2184
-358
1151
-35
-2797
-3993
-2617
-800
-641
-1649
-2335
-2433
-2554
-2500
-1666
-578
-339
-947
-1204
-571
74
130
259
1019
1730
1496
777
618
1199
1745
1789
1710
1794
1693
1069
330
255
819
1097
469
-536
-998
-880
-737
-721
-630
-563
-861
-1274
-1138
-429
147
108
-179
-141
273
667
865
1092
1398
1504
1306
1215
1529
1923
1879
1462
1119
1117
1212
1031
742
544
398
122
-257
-481
-472
-377
-472
-772
-966
-1002
-937
-860
-769
-576
-468
-599
-701
-481
-70
147
152
136
188
326
360
265
311
526
730
688
509
656
1280
1682
1003
-125
-251
759
1355
609
-366
-438
-373
-1272
-2056
-1167
343
158
-1910
-3450
-2835
-1304
-875
-1654
-2311
-2441
-2614
-2728
-2145
-1050
-604
-1186
-1724
-1277
-380
14
102
496
1012
1022
694
808
1450
1915
1808
1651
1930
2242
1962
1194
747
991
1321
1032
227
-421
-648
-692
-716
-709
-788
-1099
-1467
-1461
-973
-480
-431
-666
-678
-313
105
385
695
1100
1358
1314
1290
1631
2139
2341
2156
1877
1728
1670
1612
1643
1645
1335
758
215
-19
-25
-20
-194
-685
-1144
-1359
-1258
-1156
-1243
-1330
-1272
-1204
-1178
-1041
-744
-486
-379
-327
-141
150
313
338
345
623
1043
1329
1515
1805
1937
1251
364
642
1901
2123
729
-468
-305
-159
-1126
-1776
-738
431
-619
-3142
-4082
-2580
-969
-1303
-2691
-3304
-3154
-3143
-3103
-2211
-1007
-1002
-2127
-2545
-1356
26
239
-3
376
1023
917
479
871
1969
2580
2234
1747
1839
2151
2121
1791
1611
1568
1279
680
143
-100
-178
-276
-497
-873
-1281
-1476
-1400
-1229
-1119
-1021
-925
-976
-1023
-771
-190
385
623
622
701
1095
1608
1902
2004
2114
2357
2495
2342
2082
2013
2155
2123
1728
1300
1050
840
500
136
37
-71
-551
-1212
-1469
-1161
-964
-1339
-1860
-1884
-1476
-1168
-1181
-1202
-1039
-853
-669
-389
-27
184
272
451
716
1313
2173
2353
1312
205
778
2470
2801
1333
86
303
384
-787
-1405
-188
983
-291
-3026
-4073
-2723
-1205
-1436
-2653
-3374
-3677
-4008
-3868
-2732
-1523
-1642
-2754
-3165
-2197
-990
-498
-165
457
745
297
58
1002
2371
2786
2252
1981
2448
2825
2633
2298
2259
2284
1996
1516
1091
700
246
-41
-14
-130
-799
-1558
-1676
-1239
-1061
-1436
-1773
-1635
-1292
-1131
-984
-580
-122
12
-56
248
1093
1799
1826
1557
1725
2362
2778
2658
2411
2483
2592
2320
1865
1735
1740
1484
901
490
409
50
-631
-1106
-969
-777
-1210
-1951
-2279
-1976
-1525
-1448
-1567
-1681
-1576
-1285
-962
-628
-351
35
372
672
1250
1841
1802
1054
786
1911
3012
2511
1140
723
1012
380
-591
-190
1128
948
-1488
-3582
-3140
-1446
-1013
-2222
-3351
-3795
-4201
-4433
-3695
-2218
-1765
-2979
-4110
-3461
-1763
-906
-910
-517
186
121
-507
-6
1817
2985
2481
1623
1889
2723
2872
2547
2612
2936
2633
1734
1233
1353
1366
916
489
316
-91
-844
-1251
-912
-468
-740
-1491
-1847
-1601
-1230
-1090
-972
-677
-472
-508
-458
64
826
1210
1139
1087
1445
1936
2107
2071
2220
2520
2537
2145
1875
2017
2133
1867
1360
1115
1008
590
-18
-253
-41
-118
-787
-1444
-1580
-1392
-1413
-1605
-1612
-1590
-1710
-1737
-1402
-992
-1010
-1071
-719
-8
830
1318
1067
209
-23
1232
2695
2570
1300
678
1009
712
-133
187
1584
1753
-371
-2585
-2563
-1080
-441
-1385
-2582
-3213
-3772
-4244
-3854
-2644
-2076
-2990
-4166
-3981
-2681
-1818
-1733
-1347
-560
-438
-1012
-766
838
2224
2171
1557
1774
2599
2904
2745
2877
3217
3032
2385
2041
2108
1956
1441
1087
1032
641
-217
-719
-485
-245
-703
-1441
-1667
-1426
-1293
-1419
-1394
-1073
-897
-1053
-1022
-432
349
630
426
420
979
1695
1911
1777
1811
2157
2361
2201
2077
2199
2219
1880
1517
1449
1421
1012
500
285
317
72
-542
-923
-904
-869
-1125
-1407
-1429
-1343
-1457
-1518
-1341
-1048
-1036
-1098
-792
-357
72
604
938
561
-100
250
1728
2409
1445
397
708
1248
490
-289
577
1847
1168
-1232
-2532
-1471
-76
-330
-1765
-2723
-3024
-3424
-3614
-2970
-2047
-2264
-3661
-4392
-3481
-2201
-1916
-2082
-1629
-1105
-1353
-1592
-579
1071
1613
1025
927
1749
2357
2304
2440
3060
3207
2504
1958
2272
2671
2296
1633
1462
1427
871
164
60
340
141
-650
-1262
-1250
-1045
-1113
-1254
-1184
-1120
-1343
-1507
-1091
-296
146
-28
-237
110
795
1230
1368
1607
1951
1977
1702
1727
2232
2553
2284
1809
1705
1799
1542
1086
900
976
836
269
-227
-405
-511
-736
-994
-1007
-1014
-1293
-1527
-1480
-1220
-1213
-1339
-1165
-749
-496
-508
-198
546
806
213
-155
702
1909
1726
637
387
1083
1033
28
-48
1237
1712
5
-2072
-2016
-480
73
-1036
-2311
-2755
-3080
-3547
-3318
-2302
-1856
-2912
-4250
-4181
-2918
-2018
-1979
-1915
-1550
-1604
-1968
-1402
277
1469
1110
350
721
1854
2474
2483
2626
2859
2620
2192
2310
2776
2745
2109
1631
1632
1543
1021
490
384
439
170
-424
-894
-957
-829
-830
-967
-1061
-1128
-1198
-1123
-728
-218
0
-120
-115
294
798
1098
1267
1493
1648
1634
1679
1921
2095
1998
1818
1788
1797
1554
1193
1064
1135
1003
514
38
-179
-264
-452
-661
-760
-843
-1144
-1382
-1372
-1166
-1046
-1205
-1312
-1193
-894
-632
-459
-6
517
357
-312
-366
814
1774
1202
204
255
927
627
-221
156
1352
1260
-599
-2080
-1443
-95
-75
-1355
-2375
-2544
-2748
-3119
-2821
-1918
-1788
-3140
-4408
-3808
-2158
-1477
-2002
-2291
-1853
-1678
-1804
-1061
489
1220
471
-130
734
2039
2446
2230
2341
2648
2451
2110
2349
2865
2825
2208
1790
1747
1554
1107
822
876
822
265
-421
-689
-534
-427
-606
-833
-976
-1092
-1120
-901
-439
-127
-204
-385
-234
281
759
990
1110
1147
1168
1284
1570
1910
1975
1768
1555
1481
1441
1367
1332
1272
1033
583
142
-17
7
-50
-247
-473
-747
-1071
-1270
-1120
-765
-759
-1128
-1431
-1330
-931
-614
-474
-448
-272
210
563
276
-202
69
1160
1563
751
75
459
936
334
-345
262
1179
622
-1125
-1928
-1015
-191
-673
-1773
-2314
-2406
-2750
-2927
-2363
-1826
-2375
-3619
-3883
-2735
-1741
-1945
-2428
-2061
-1431
-1543
-1683
-699
653
822
15
9
1207
2113
2017
1838
2216
2519
2216
1984
2411
2886
2601
1772
1429
1749
1899
1390
713
581
796
601
-55
-454
-293
-92
-362
-781
-851
-657
-545
-592
-520
-290
-131
-113
-29
255
609
783
858
976
1096
1193
1278
1409
1519
1522
1394
1308
1249
1166
1106
1039
855
510
225
158
209
32
-279
-479
-553
-681
-838
-874
-816
-851
-1066
-1113
-916
-678
-644
-624
-534
-245
225
581
389
-212
-299
615
1447
1066
204
76
556
387
-199
1
835
767
-625
-1784
-1434
-509
-389
-1189
-2000
-2384
-2687
-2842
-2509
-1985
-2044
-2871
-3539
-3241
-2423
-1955
-1943
-1849
-1657
-1781
-1839
-1031
259
757
214
-65
676
1547
1776
1821
2247
2555
2140
1710
2124
2837
2758
1965
1598
1897
1909
1278
823
1133
1454
878
-75
-329
102
270
-159
-480
-320
-234
-607
-886
-467
229
327
-173
-472
-125
463
719
746
839
884
780
764
1076
1493
1505
1131
855
920
1096
1059
877
735
549
335
149
95
46
-116
-291
-427
-560
-688
-700
-612
-591
-768
-948
-900
-671
-556
-604
-563
-305
-139
-27
265
466
153
-313
46
1092
1294
344
-371
56
648
187
-443
-127
465
10
-1242
-1666
-914
-486
-1110
-1993
-2170
-2042
-2384
-2693
-2313
-1789
-2138
-3116
-3287
-2329
-1595
-1809
-2131
-1701
-1162
-1336
-1447
-564
533
550
-107
94
1158
1716
1511
1509
2018
2204
1756
1612
2172
2596
2259
1649
1564
1819
1718
1309
1139
1290
1227
688
226
240
478
489
216
22
-20
-149
-280
-143
240
371
-3
-344
-152
373
663
576
496
551
536
538
771
1166
1247
836
463
631
1047
1101
758
523
512
391
173
126
282
256
-179
-524
-423
-201
-239
-555
-689
-583
-500
-598
-694
-632
-539
-559
-606
-498
-294
-200
-321
-267
235
625
229
-502
-466
457
934
237
-534
-388
48
-297
-924
-673
15
-269
-1456
-2102
-1520
-857
-1120
-1814
-2106
-2055
-2265
-2532
-2171
-1482
-1468
-2292
-2826
-2234
-1272
-980
-1154
-1061
-809
-911
-960
-160
955
1102
368
103
858
1617
1638
1529
1782
1955
1630
1354
1749
2272
2095
1482
1284
1619
1740
1317
951
1058
1291
1120
663
461
575
651
555
453
437
330
123
103
288
437
357
175
159
280
383
437
429
404
384
376
439
503
496
454
393
376
381
337
310
265
207
102
4
-3
-22
-59
-137
-247
-258
-264
-318
-335
-337
-293
-348
-465
-412
-319
-253
-292
-383
-389
-319
-204
-131
-213
-290
-179
117
167
-315
-720
-524
17
69
-491
-825
-667
-677
-1091
-1277
-779
-318
-756
-1651
-1964
-1451
-919
-961
-1313
-1541
-1696
-1911
-1852
-1248
-649
-831
-1554
-1821
-1281
-668
-493
-424
-244
-355
-787
-704
251
1074
822
146
179
796
1055
909
1071
1456
1375
903
918
1553
1853
1413
1041
1360
1770
1509
962
1009
1576
1759
1271
826
956
1237
1138
925
1021
1164
875
397
406
857
987
541
110
175
367
226
-27
4
209
102
-280
-377
-112
84
-36
-244
-271
-239
-278
-257
-111
-10
-149
-337
-296
-140
-25
-18
-36
-63
-140
-208
-142
39
87
-37
-193
-267
-268
-233
-186
-201
-317
-508
-674
-713
-655
-593
-562
-759
-981
-828
-492
-516
-992
-1230
-792
-342
-548
-916
-791
-409
-580
-1033
-877
-140
230
-291
-945
-879
-376
-95
-144
-271
-392
-756
-1065
-810
-246
-67
-551
-1092
-1031
-723
-624
-592
-439
-372
-734
-1067
-714
-8
264
-41
-203
107
359
354
536
999
1266
984
717
1084
1647
1752
1521
1543
1852
1901
1618
1537
1846
2114
1953
1605
1482
1490
1402
1324
1362
1350
985
492
344
514
592
319
-47
-216
-297
-402
-474
-462
-439
-596
-800
-785
-618
-543
-645
-709
-550
-368
-362
-441
-414
-257
-97
6
44
-36
-151
-117
133
353
246
-30
-175
-130
-45
-15
-13
-116
-424
-690
-657
-442
-398
-669
-920
-916
-830
-845
-909
-916
-867
-872
-881
-847
-707
-464
-333
-431
-622
-562
-168
129
88
-27
-21
32
-81
-131
163
511
470
32
-358
-321
-66
83
-4
-275
-597
-922
-1054
-834
-549
-597
-1015
-1385
-1342
-1107
-946
-830
-713
-678
-831
-884
-530
-41
202
227
317
564
751
879
1153
1488
1679
1688
1750
1923
1984
1973
2075
2261
2288
2054
1809
1776
1826
1786
1672
1551
1370
1034
710
627
743
761
464
38
-211
-273
-294
-322
-347
-447
-730
-1016
-996
-714
-556
-709
-911
-904
-802
-770
-729
-572
-434
-461
-564
-522
-359
-276
-273
-219
-106
-79
-218
-319
-210
-30
25
-82
-181
-203
-263
-307
-209
-63
-112
-393
-578
-481
-330
-341
-424
-433
-412
-514
-636
-591
-439
-347
-387
-452
-491
-555
-540
-357
-107
28
-58
-229
-291
-214
-63
37
24
27
-2
-133
-307
-398
-246
-13
28
-146
-430
-641
-651
-500
-305
-265
-405
-625
-796
-737
-475
-229
-151
-258
-360
-283
-104
101
279
405
482
505
597
779
927
993
1075
1239
1372
1331
1244
1271
1326
1311
1264
1313
1355
1177
907
823
933
970
801
619
533
428
275
214
294
331
176
-28
-83
-38
-58
-171
-228
-180
-180
-295
-424
-453
-389
-352
-400
-457
-481
-455
-444
-455
-432
-379
-334
-314
-294
-270
-247
-248
-243
-215
-181
-151
-139
-148
-143
-135
-120
-108
-86
-96
-132
-127
-88
-56
-85
-122
-90
-58
-121
-230
-230
-122
-95
-230
-354
-335
-276
-285
-381
-435
-438
-498
-604
-645
-628
-637
-707
-778
-776
-759
-784
-817
-789
-701
-632
-631
-634
-555
-369
-211
-198
-242
-171
83
326
388
375
452
615
726
776
871
1025
1101
1035
968
1026
1135
1121
1004
942
952
890
710
570
566
566
429
229
116
99
24
-127
-209
-193
-214
-332
-429
-413
-349
-325
-335
-307
-276
-316
-363
-305
-149
-32
-36
-86
-79
8
123
204
255
281
262
227
237
311
393
405
338
255
210
205
227
240
205
114
10
-36
-21
4
-24
-80
-96
-54
-41
-71
-49
47
116
61
10
99
254
282
186
167
286
375
299
168
155
227
209
79
-39
-82
-127
-233
-351
-428
-494
-580
-696
-805
-874
-924
-983
-1054
-1076
-1049
-1042
-1081
-1091
-1016
-912
-852
-808
-711
-590
-485
-387
-249
-88
33
115
218
351
467
554
654
786
886
916
901
897
931
968
967
912
837
758
701
669
645
561
408
277
201
137
45
-45
-109
-175
-273
-354
-384
-384
-408
-445
-458
-470
-480
-461
-416
-385
-371
-332
-268
-227
-190
-137
-73
-16
19
57
84
76
90
156
235
239
162
103
116
176
207
151
72
48
64
66
60
85
126
121
76
69
141
223
262
267
270
305
364
423
436
407
418
476
512
481
435
423
399
322
248
233
215
107
-54
-135
-151
-198
-296
-390
-453
-540
-635
-657
-629
-639
-724
-788
-764
-687
-638
-625
-572
-476
-380
-315
-259
-160
-26
92
154
203
283
384
491
586
630
646
655
676
690
647
603
613
632
566
430
321
283
242
167
98
28
-97
-273
-380
-362
-330
-405
-557
-655
-663
-655
-674
-666
-623
-609
-676
-736
-667
-515
-414
-424
-461
-446
-406
-329
-211
-122
-115
-153
-144
-77
-19
23
75
110
86
30
34
128
211
211
151
123
154
180
185
204
260
286
245
201
253
366
409
350
302
333
397
435
447
447
420
360
326
372
438
418
316
207
164
182
213
190
71
-60
-111
-82
-84
-151
-232
-279
-309
-328
-326
-325
-342
-355
-338
-311
-313
-313
-256
-170
-111
-84
-30
45
106
159
236
333
399
407
396
419
506
605
639
592
549
574
618
594
541
542
565
527
428
361
341
285
179
117
116
80
-55
-211
-274
-268
-271
-336
-435
-511
-573
-619
-644
-645
-646
-673
-714
-741
-746
-723
-676
-651
-685
-727
-700
-626
-568
-540
-510
-502
-517
-482
-345
-210
-214
-298
-284
-134
4
31
14
47
102
118
130
208
306
331
270
216
253
332
361
325
274
257
230
183
177
211
216
134
22
-8
34
37
-37
-103
-94
-83
-132
-159
-108
-52
-96
-182
-154
-26
57
33
0
44
115
164
205
257
329
380
391
399
434
513
595
624
612
574
552
567
585
587
572
537
489
441
394
367
343
307
256
201
170
137
99
68
38
23
21
2
-30
-64
-68
-50
-49
-66
-88
-86
-94
-139
-175
-178
-172
-184
-234
-302
-343
-339
-330
-368
-460
-529
-541
-542
-566
-581
-576
-612
-678
-686
-608
-541
-555
-596
-561
-477
-417
-374
-300
-191
-137
-125
-74
41
134
158
181
241
311
341
351
386
443
469
440
385
352
356
360
322
257
197
144
69
-27
-72
-75
-104
-196
-311
-362
-363
-370
-400
-442
-471
-488
-492
-476
-454
-410
-335
-273
-251
-238
-179
-62
45
114
164
217
284
366
456
524
558
579
602
633
661
677
684
676
640
600
582
570
540
462
377
342
335
300
233
180
151
98
17
-27
-12
13
-3
-49
-60
-34
-19
-19
-14
-1
5
-22
-54
-62
-57
-58
-69
-87
-122
-170
-203
-211
-230
-279
-337
-367
-390
-429
-471
-482
-485
-511
-542
-551
-520
-482
-481
-488
-450
-377
-322
-313
-301
-248
-175
-107
-48
5
39
52
78
149
239
287
281
236
210
240
311
353
318
222
149
144
170
171
132
72
-2
-59
-70
-42
-33
-81
-140
-154
-127
-122
-133
-101
-53
-40
-62
-51
32
117
130
114
161
252
284
257
261
324
371
362
345
365
382
345
319
338
364
340
285
248
240
223
187
151
115
81
50
41
49
28
-19
-46
-35
-19
-21
-45
-57
-58
-64
-58
-36
-12
-38
-103
-118
-77
-66
-99
-141
-165
-191
-240
-274
-278
-289
-329
-384
-413
-419
-430
-463
-496
-499
-474
-457
-473
-487
-461
-410
-374
-351
-312
-269
-244
-210
-145
-81
-53
-29
24
95
129
143
187
240
249
232
221
234
247
240
226
174
116
96
119
121
46
-43
-81
-75
-85
-131
-162
-152
-142
-157
-171
-151
-116
-93
-70
-21
46
74
94
145
250
345
376
392
437
501
537
556
602
657
660
615
602
655
677
616
523
470
462
428
356
285
235
185
125
75
61
32
-25
-67
-77
-60
-62
-85
-90
-67
-48
-53
-61
-41
-6
4
-11
-24
-25
-13
-11
-23
-50
-86
-114
-126
-143
-186
-235
-296
-342
-380
-419
-455
-492
-541
-605
-638
-638
-634
-670
-716
-727
-692
-643
-617
-597
-555
-504
-468
-424
-336
-244
-189
-155
-113
-47
28
86
133
162
173
183
209
237
248
250
248
226
184
160
152
137
96
34
-2
-8
-15
-43
-84
-115
-130
-118
-101
-86
-85
-95
-93
-60
-6
37
51
66
119
170
195
225
297
381
403
376
385
455
517
520
499
503
514
494
465
478
514
483
385
305
294
316
309
260
189
124
97
105
126
127
98
69
57
67
87
115
132
127
109
105
128
140
120
121
135
127
83
35
32
31
-20
-89
-126
-138
-182
-253
-287
-305
-343
-413
-462
-476
-499
-541
-572
-565
-550
-551
-568
-566
-535
-497
-479
-458
-412
-359
-316
-286
-246
-185
-134
-93
-44
5
35
42
65
107
124
121
130
147
145
108
82
106
112
68
28
29
48
27
-16
-14
4
-13
-61
-62
-1
37
8
-16
18
78
99
92
122
161
155
114
112
161
198
182
155
170
184
163
119
108
124
117
82
54
68
79
44
7
15
57
59
-1
-33
-15
13
9
1
20
30
24
25
66
115
120
111
121
142
166
191
212
208
161
141
172
201
175
126
109
119
95
40
12
10
-14
-75
-120
-129
-142
-188
-218
-198
-172
-211
-286
-311
-259
-213
-244
-306
-315
-255
-214
-221
-216
-180
-154
-173
-166
-109
-47
-60
-105
-87
-17
19
-8
-32
-1
46
49
21
11
54
82
64
41
59
98
117
98
91
123
151
152
148
182
223
218
189
202
254
297
295
284
284
287
291
290
297
300
278
223
164
142
152
135
77
21
2
-7
-58
-96
-103
-114
-166
-239
-267
-240
-212
-221
-241
-255
-256
-251
-224
-201
-195
-199
-187
-164
-137
-110
-83
-45
-25
-25
-32
-15
21
49
47
34
35
29
15
13
12
-10
-62
-110
-115
-102
-104
-133
-163
-192
-220
-228
-208
-203
-236
-259
-251
-214
-203
-214
-214
-182
-146
-139
-139
-117
-68
-38
-37
-38
-11
16
22
23
45
64
40
18
28
63
72
42
26
47
67
63
60
65
74
85
103
118
124
140
182
230
244
228
254
313
360
362
362
402
449
462
454
474
501
505
478
470
499
507
471
426
405
377
319
252
204
168
118
50
-17
-67
-117
-171
-215
-253
-294
-342
-382
-389
-369
-367
-399
-432
-417
-382
-369
-366
-338
-300
-286
-269
-228
-161
-118
-102
-80
-43
-13
-5
24
72
94
68
40
59
90
88
58
38
16
-19
-58
-64
-62
-101
-163
-213
-212
-206
-239
-283
-305
-317
-355
-392
-377
-333
-320
-360
-394
-367
-310
-276
-272
-258
-236
-211
-193
-166
-109
-63
-56
-63
-57
-37
-2
50
97
110
95
99
127
161
181
191
212
237
247
264
295
322
333
343
371
406
420
423
443
480
494
486
483
489
497
492
492
492
476
444
416
404
393
349
287
243
223
199
141
68
21
-9
-60
-125
-176
-208
-248
-308
-359
-368
-360
-391
-432
-454
-456
-462
-463
-443
-410
-385
-379
-374
-356
-314
-251
-198
-173
-161
-135
-85
-29
28
59
66
83
116
147
160
166
182
183
173
158
155
162
154
144
146
139
94
45
26
26
5
-47
-96
-127
-147
-160
-158
-167
-204
-258
-286
-283
-269
-282
-310
-320
-311
-297
-297
-287
-256
-220
-209
-207
-188
-162
-129
-100
-60
-13
23
43
67
103
147
183
208
254
298
329
346
363
391
420
441
455
457
456
471
504
519
492
455
442
455
445
407
370
331
300
272
259
230
168
95
38
-5
-47
-93
-139
-187
-249
-306
-339
-351
-381
-425
-465
-496
-520
-541
-534
-528
-511
-523
-529
-509
-480
-438
-421
-388
-345
-312
-262
-207
-155
-118
-102
-79
-25
48
96
113
126
157
182
205
240
283
296
270
237
243
268
270
243
228
243
227
179
157
169
160
109
59
50
58
32
-14
-31
-30
-45
-100
-133
-125
-112
-121
-136
-124
-115
-112
-116
-115
-97
-84
-82
-66
-36
-4
12
12
26
61
88
98
109
134
160
172
180
190
211
227
237
244
248
259
269
277
277
291
314
311
288
268
274
283
278
256
231
209
176
139
122
115
93
59
16
-28
-68
-115
-146
-163
-186
-228
-293
-341
-362
-371
-383
-414
-443
-476
-513
-528
-513
-483
-473
-468
-462
-454
-428
-407
-378
-339
-313
-282
-261
-232
-178
-117
-71
-41
-8
27
49
73
104
144
161
151
153
167
173
176
188
197
190
176
171
169
147
124
112
115
105
67
43
39
47
47
33
18
10
13
21
26
30
35
31
30
34
42
48
49
82
118
137
133
127
149
182
195
194
196
205
218
223
233
250
252
239
234
237
246
244
231
225
233
255
256
248
227
213
218
215
196
168
152
145
129
96
72
53
27
-3
-31
-54
-85
-124
-165
-197
-234
-269
-298
-310
-318
-348
-380
-394
-399
-411
-437
-451
-442
-438
-444
-431
-404
-399
-414
-415
-380
-335
-312
-290
-260
-209
-163
-142
-132
-118
-89
-57
-28
-7
19
47
69
90
104
117
122
127
140
143
140
132
122
117
121
128
129
115
103
107
121
122
101
88
89
93
86
86
100
106
83
61
70
90
97
93
108
124
124
112
115
141
159
154
144
152
162
169
163
161
165
165
158
146
147
155
159
151
147
153
163
172
170
157
149
141
129
114
103
100
101
88
63
45
42
40
34
22
2
-17
-40
-57
-76
-90
-104
-127
-165
-207
-224
-219
-221
-237
-268
-287
-299
-302
-293
-285
-296
-306
-314
-301
-283
-262
-247
-236
-223
-220
-210
-201
-176
-147
-119
-107
-101
-85
-73
-64
-42
-5
8
-3
-5
8
30
46
55
65
69
60
53
62
84
85
71
67
79
84
78
77
78
78
76
79
84
85
65
50
61
71
70
55
40
54
78
88
78
70
81
94
98
105
121
134
129
123
128
136
147
156
164
172
164
163
175
193
204
202
191
188
192
195
194
198
199
179
168
155
142
135
121
107
89
63
26
-3
-6
-19
-37
-65
-87
-102
-127
-155
-170
-180
-202
-227
-254
-255
-258
-267
-272
-275
-290
-310
-322
-334
-336
-340
-335
-327
-325
-323
-316
-287
-269
-256
-252
-253
-235
-218
-205
-194
-184
-167
-143
-116
-79
-42
-13
6
27
58
94
128
149
167
186
215
243
256
275
288
291
300
301
306
308
301
284
271
266
256
236
211
197
185
162
138
138
144
132
101
76
65
46
19
11
26
36
14
-13
-9
10
14
0
-6
10
10
-11
-16
5
29
19
-15
-32
-17
-7
-23
-42
-41
-14
-12
-27
-29
-17
-16
-31
-37
-30
-21
-31
-35
-21
-2
-10
-33
-50
-53
-56
-70
-80
-84
-90
-103
-100
-86
-84
-99
-113
-118
-117
-122
-124
-114
-107
-112
-118
-114
-115
-116
-110
-101
-101
-113
-122
-120
-105
-92
-90
-84
-69
-61
-63
-67
-66
-61
-67
-72
-70
-69
-61
-54
-37
-14
6
21
40
66
72
67
69
93
121
117
105
116
148
167
168
166
173
180
174
174
182
174
159
152
164
172
167
160
146
140
149
146
135
116
95
80
72
71
79
79
70
59
57
68
60
52
45
39
27
-2
-28
-34
-26
-23
-33
-34
-31
-40
-52
-47
-43
-46
-64
-91
-94
-80
-64
-57
-57
-65
-68
-59
-48
-46
-64
-87
-97
-102
-102
-95
-90
-93
-106
-119
-125
-127
-131
-140
-157
-164
-173
-179
-167
-160
-164
-174
-183
-179
-175
-184
-185
-175
-165
-161
-152
-137
-129
-130
-123
-103
-72
-56
-62
-58
-32
-1
16
27
44
71
85
89
103
126
150
169
188
195
206
217
225
238
247
251
257
268
268
270
262
250
247
241
235
224
208
203
201
200
192
167
139
122
117
106
84
68
63
57
42
24
13
10
3
-10
-21
-26
-35
-31
-28
-28
-29
-44
-59
-68
-76
-82
-79
-78
-80
-95
-118
-135
-139
-135
-141
-151
-151
-147
-143
-143
-144
-137
-129
-132
-128
-120
-107
-91
-88
-88
-88
-90
-92
-87
-78
-64
-50
-44
-55
-65
-69
-66
-70
-85
-92
-87
-80
-82
-88
-88
-91
-104
-121
-123
-123
-124
-114
-110
-110
-116
-127
-126
-111
-88
-73
-66
-51
-35
-6
13
24
39
49
64
76
95
126
143
151
161
186
217
227
218
224
239
243
242
245
254
255
246
237
231
229
227
222
208
194
178
165
163
160
157
148
136
124
108
94
79
63
46
24
7
0
-5
-26
-55
-66
-75
-90
-108
-126
-137
-145
-158
-168
-169
-169
-175
-182
-188
-193
-181
-176
-181
-168
-142
-128
-118
-112
-101
-90
-89
-80
-64
-50
-37
-16
-6
-3
4
18
26
26
25
25
21
5
-3
6
3
-23
-51
-58
-49
-58
-75
-85
-92
-97
-107
-113
-120
-134
-143
-154
-146
-124
-113
-116
-114
-103
-78
-60
-53
-37
-18
0
17
40
64
88
114
142
165
174
174
178
195
207
210
214
217
221
195
177
187
192
192
178
169
164
158
150
146
142
133
119
106
101
95
94
87
75
61
56
56
49
41
27
7
-20
-36
-42
-45
-57
-80
-105
-132
-155
-172
-186
-197
-217
-237
-255
-262
-255
-240
-234
-247
-252
-248
-245
-242
-220
-190
-161
-150
-138
-110
-83
-68
-62
-39
-8
14
23
45
79
103
116
122
139
150
158
162
162
161
146
131
128
129
128
111
96
88
79
61
35
12
8
4
-14
-37
-61
-75
-85
-93
-78
-63
-64
-83
-95
-69
-38
-28
-28
-24
-14
7
20
32
54
78
91
100
115
133
141
140
139
142
140
127
126
137
154
156
144
142
147
150
149
139
135
130
113
102
100
100
98
82
63
49
38
24
6
-5
-17
-25
-32
-41
-57
-79
-98
-116
-132
-143
-146
-165
-179
-189
-198
-204
-215
-220
-229
-240
-252
-259
-264
-258
-250
-240
-224
-220
-213
-204
-181
-159
-146
-131
-119
-103
-85
-77
-54
-30
-14
-1
13
29
42
54
55
64
66
64
68
76
80
81
77
71
78
80
83
81
74
62
54
45
40
23
38
32
49
39
53
56
78
82
86
108
122
598
278
-280
-256
58
504
337
29
115
158
-201
-411
4
311
401
488
-41
-277
-199
67
200
140
390
377
73
-188
41
187
233
190
395
397
-53
-161
162
144
-27
309
279
238
204
-13
-52
30
119
252
226
-59
-64
-342
-577
-405
-201
-292
-272
-47
-105
-275
-558
-335
-277
-91
117
56
-56
-329
-308
-344
-368
-279
150
73
-215
-106
-278
-239
-457
-172
157
109
90
-179
-302
-228
-232
-141
126
-89
-46
-147
-201
85
-256
-138
-23
-28
77
-299
68
137
155
-312
-3
64
147
-49
-142
340
69
17
-152
135
-74
-65
74
86
145
104
14
-47
-17
220
131
-33
343
311
105
-272
281
420
89
72
275
612
139
-35
310
330
194
48
276
572
228
122
75
383
229
249
220
314
373
116
154
230
216
-83
196
-2
167
208
-112
6
157
-28
-167
-145
-160
73
-209
-135
-46
-253
-141
-474
-342
-100
-294
-332
-228
-229
-348
-351
-335
-245
-151
-305
-333
-191
-232
-307
-254
-211
-229
-74
-118
-126
-158
-163
-177
-61
5
-20
127
-18
-6
-12
-28
91
-11
49
28
8
173
104
-109
-31
59
-7
-52
82
246
52
-28
-25
27
143
48
-62
140
121
131
83
-123
-11
160
50
17
148
191
24
-178
0
174
41
-8
131
188
157
-117
-71
148
34
37
139
192
204
38
-84
17
156
211
116
112
179
122
23
1
184
201
51
119
157
81
39
77
61
60
101
110
53
-35
10
-86
-11
-15
41
30
-115
-18
-93
-103
-133
-172
-200
-239
-202
-77
-166
-214
-160
-174
-237
-294
-116
-113
-199
-171
-109
-65
-195
-279
-118
-19
-60
-82
-19
57
-19
-111
-12
-1
-11
23
69
122
80
100
58
61
96
121
93
14
83
128
56
66
92
67
32
-64
-6
48
29
48
107
72
4
-53
-29
17
18
34
89
167
48
-67
-81
-18
6
52
119
131
78
-19
-40
-18
7
37
121
122
91
58
40
-8
-6
39
85
125
105
63
17
13
22
-7
1
70
126
74
29
52
7
-7
-6
30
77
10
-16
12
10
25
1
-64
-109
-90
-20
-57
-110
-64
-59
-126
-206
-181
-165
-127
-104
-111
-106
-113
-123
-174
-169
-119
-62
-28
-72
-110
-155
-122
-102
-108
-60
-6
-10
-59
-48
-84
-33
9
0
29
48
44
30
31
-15
-1
32
30
72
78
73
32
40
57
24
29
55
112
86
40
69
84
43
33
23
94
82
-6
-7
29
59
1
24
58
93
83
32
20
26
82
45
44
91
67
16
-2
27
43
74
74
54
73
40
32
70
102
101
119
115
87
95
69
77
76
66
97
149
113
81
28
66
86
78
52
-22
55
71
33
6
-7
-21
-55
-16
-14
-50
-79
-149
-125
-101
-112
-118
-168
-143
-126
-137
-162
-165
-166
-197
-150
-157
-183
-196
-183
-150
-158
-150
-161
-142
-114
-143
-128
-89
-98
-89
-106
-72
-39
-81
-73
-28
8
-21
-51
-56
-30
11
-23
-47
-26
6
47
31
11
48
41
32
88
115
89
24
47
97
96
86
68
102
110
80
28
28
89
74
71
81
97
76
76
84
71
62
67
40
36
100
86
49
48
105
94
54
84
113
125
107
98
88
91
136
153
140
145
136
100
100
91
97
118
111
111
62
18
34
69
76
41
40
34
-16
-61
-34
7
12
-14
-37
-24
-52
-90
-84
-73
-61
-56
-109
-145
-159
-188
-154
-153
-144
-139
-175
-184
-162
-168
-216
-209
-163
-152
-184
-194
-155
-168
-169
-154
-152
-108
-99
-111
-116
-99
-75
-87
-87
-41
-7
-25
-25
-3
12
-5
-8
16
53
58
58
30
41
79
62
81
91
91
82
79
99
103
104
115
93
79
115
95
107
108
80
114
112
88
94
97
108
135
126
115
118
81
70
96
88
78
64
65
52
60
72
54
33
24
28
18
36
23
11
-25
-37
-1
-6
-20
-9
-19
-64
-56
-46
-30
-64
-64
-28
-44
-45
-39
-37
-42
-32
-50
-58
-58
-73
-36
-35
-57
-54
-71
-56
-49
-44
-29
-40
-57
-35
-30
-29
-26
-36
-42
-62
-52
-48
-63
-53
-32
-35
-39
-55
-92
-74
-33
-31
-31
-23
-30
-41
-20
-8
7
18
3
6
25
20
4
13
32
48
38
32
51
42
35
48
52
89
81
58
57
37
46
65
54
39
72
67
45
52
50
75
41
38
60
17
20
21
18
20
28
40
3
15
0
-10
-12
-23
-1
6
15
6
-2
-27
-40
-22
8
-9
-9
-26
-24
-22
-39
-18
-13
-20
-33
-35
-40
-21
-16
-19
-7
6
-10
-38
-39
-26
-22
-16
7
-7
-22
-38
-53
-24
-18
-4
1
-2
-16
-36
-24
-19
-10
-11
6
15
5
-10
-14
7
-1
0
-17
-17
-42
-61
-40
-37
-19
-25
-26
-41
-26
-38
-63
-32
-26
-20
-13
-27
-38
-58
-62
-30
-30
-12
16
7
-19
-45
-19
-15
-12
22
49
47
24
44
42
45
61
64
69
79
72
71
52
58
84
80
79
77
88
96
84
95
100
99
79
77
92
63
54
60
58
29
30
19
15
36
43
34
20
13
23
38
37
29
15
20
26
32
42
20
13
5
4
-9
-22
-26
-52
-40
-48
-59
-54
-67
-76
-80
-73
-70
-94
-86
-86
-91
-93
-114
-114
-135
-129
-123
-129
-93
-106
-111
-98
-107
-112
-108
-85
-65
-73
-78
-55
-48
-60
-46
-43
-58
-54
-56
-59
-41
-38
-35
-18
-33
-25
-14
-11
-15
7
31
31
32
36
56
53
59
55
69
95
101
106
103
121
100
68
79
97
107
97
103
104
75
72
95
105
110
119
125
111
104
94
84
90
98
87
74
77
65
34
34
46
50
34
11
19
30
28
1
-11
-27
-11
18
9
15
15
-22
-56
-47
-26
-10
-13
-29
-44
-54
-59
-67
-40
-32
-34
-41
-51
-56
-78
-66
-49
-35
-43
-44
-56
-72
-67
-43
-24
-28
-31
-45
-71
-85
-79
-81
-88
-100
-119
-112
-97
-94
-100
-99
-76
-76
-97
-90
-89
-87
-77
-75
-56
-44
-51
-44
-55
-40
-23
-12
7
15
29
23
27
41
40
52
71
74
100
106
97
92
96
105
107
128
130
111
85
81
87
79
103
125
110
100
102
114
116
98
100
104
80
70
57
47
46
51
52
47
42
24
1
1
19
30
9
-19
-9
-16
-34
-44
-46
-54
-73
-78
-77
-66
-85
-103
-108
-93
-66
-86
-90
-109
-115
-112
-104
-77
-54
-40
-56
-52
-35
-24
-17
-9
3
-9
-10
-7
-9
-22
-26
-9
3
0
-6
-3
-16
-8
6
16
1
-13
-27
-60
-65
-52
-44
-37
-33
-27
-15
-22
-23
-3
-25
-28
-18
0
7
-2
-4
-8
21
31
23
6
6
14
3
5
30
47
30
8
16
30
17
28
48
62
71
67
81
68
71
94
115
110
116
128
123
130
140
143
133
134
138
124
100
99
101
91
72
67
77
75
51
33
9
-14
-20
-20
-15
-17
-29
-41
-61
-69
-59
-83
-92
-92
-111
-120
-131
-126
-116
-124
-131
-127
-135
-149
-149
-149
-139
-135
-117
-94
-101
-107
-105
-94
-98
-93
-76
-81
-89
-68
-50
-44
-47
-39
-37
-34
-32
-17
-6
-20
-14
-17
-6
12
5
-4
3
14
24
32
30
37
34
30
44
60
55
47
51
47
42
48
41
40
34
39
44
37
44
33
27
31
46
70
78
75
65
64
70
77
73
64
76
76
80
75
77
76
65
73
81
88
90
92
89
90
108
109
115
111
100
91
95
101
101
93
72
49
46
41
14
9
-3
-8
-9
-20
-26
-37
-51
-77
-83
-75
-85
-99
-100
-86
-89
-90
-89
-99
-108
-97
-86
-88
-109
-130
-114
-102
-106
-97
-93
-99
-106
-107
-97
-79
-70
-80
-92
-88
-79
-80
-75
-52
-50
-62
-62
-53
-58
-67
-36
-32
-40
-10
-11
-24
-25
-12
5
2
-6
-14
-7
-8
3
6
-10
1
7
3
-16
5
24
9
-5
-8
-6
4
13
23
33
22
29
40
43
65
66
64
80
74
71
74
83
102
110
107
111
121
115
119
136
143
130
121
116
127
128
114
104
93
82
81
90
85
92
96
92
80
71
77
89
79
48
35
24
2
-3
-5
1
-7
-31
-51
-78
-73
-66
-77
-85
-90
-88
-94
-99
-100
-104
-114
-121
-114
-118
-119
-98
-96
-99
-95
-88
-92
-95
-81
-64
-70
-74
-68
-77
-77
-82
-74
-61
-62
-52
-44
-27
-11
-13
-16
-15
-20
-26
-27
-27
-37
-39
-41
-52
-40
-40
-35
-35
-32
-30
-33
-27
-27
-16
-16
-5
6
6
7
11
12
23
34
24
17
20
34
42
56
54
43
49
54
67
77
93
105
103
100
87
112
123
115
110
100
98
97
94
90
103
101
98
104
114
127
128
114
90
84
79
91
76
63
66
55
60
40
32
13
3
24
7
-8
-18
-23
-40
-61
-64
-70
-86
-104
-120
-122
-134
-143
-142
-143
-139
-138
-128
-130
-131
-130
-145
-146
-141
-135
-133
-122
-109
-113
-97
-90
-75
-64
-68
-51
-46
-45
-42
-28
-22
-27
-17
-4
-7
-12
-6
4
17
27
37
37
37
36
43
40
33
40
38
43
48
60
55
54
69
70
77
81
82
80
61
60
77
83
81
74
59
60
63
63
75
77
68
74
67
60
61
52
39
34
41
49
37
34
45
53
61
74
83
70
65
53
38
34
26
22
10
15
17
10
11
1
-1
8
0
-10
-16
-41
-65
-68
-64
-69
-62
-62
-67
-79
-93
-93
-90
-82
-86
-87
-89
-112
-117
-114
-116
-98
-101
-99
-82
-84
-89
-100
-102
-96
-94
-83
-72
-63
-62
-53
-36
-25
-26
-22
-8
-6
-5
-6
-11
9
20
21
21
17
26
29
33
46
55
58
47
37
33
32
31
35
40
37
43
40
29
14
8
11
10
10
14
13
13
23
16
19
33
44
45
36
45
49
38
33
50
66
69
76
92
104
97
97
99
103
103
91
87
86
83
76
77
85
92
90
71
57
54
57
50
40
43
35
27
27
26
23
18
16
12
-3
-15
-24
-35
-43
-47
-49
-53
-51
-56
-55
-48
-54
-73
-83
-86
-89
-87
-90
-104
-110
-124
-119
-102
-88
-93
-109
-107
-121
-120
-104
-104
-106
-107
-108
-97
-99
-105
-99
-91
-86
-94
-81
-64
-57
-55
-59
-52
-51
-54
-53
-55
-54
-40
-30
-24
-10
1
7
21
39
60
53
36
31
31
35
40
42
44
53
59
70
80
91
96
93
93
99
96
88
92
113
125
104
110
125
130
131
122
128
123
121
118
109
111
98
96
94
103
109
110
101
82
78
67
73
79
71
65
50
27
11
8
2
-7
-10
-20
-28
-35
-34
-34
-44
-55
-60
-65
-55
-65
-80
-86
-93
-101
-120
-127
-139
-144
-140
-134
-126
-126
-122
-111
-102
-99
-96
-90
-83
-74
-74
-80
-75
-67
-59
-58
-45
-31
-25
-19
-20
-19
-16
-28
-41
-26
-21
-23
-22
-9
-6
-4
7
9
12
7
4
6
15
19
8
12
16
17
15
12
22
27
29
41
46
39
36
48
56
46
28
8
-3
-5
-14
-12
1
15
14
13
29
40
49
44
50
70
57
28
49
80
101
61
30
65
75
82
81
97
115
110
86
50
53
76
74
68
70
61
41
24
32
35
42
35
6
-5
-11
-22
-17
-3
-8
-24
-45
-43
-7
7
-6
-8
-20
-45
-57
-58
-56
-48
-56
-62
-77
-100
-99
-95
-85
-84
-92
-87
-79
-58
-61
-71
-73
-84
-91
-105
-99
-83
-82
-80
-84
-76
-74
-66
-54
-34
-21
-10
0
12
21
20
19
18
29
34
32
34
32
19
14
16
25
33
35
38
41
38
37
38
50
60
56
49
50
53
50
46
50
50
41
31
23
23
26
23
24
29
40
42
38
41
40
37
44
53
50
53
56
50
41
30
34
36
28
20
16
8
-6
-10
-2
14
26
32
33
30
24
18
3
-3
-10
-25
-39
-38
-28
-25
-30
-35
-30
-46
-49
-44
-40
-34
-36
-24
-23
-30
-28
-32
-43
-48
-51
-57
-68
-71
-69
-74
-75
-75
-71
-58
-58
-61
-57
-52
-52
-50
-40
-23
-25
-32
-29
-28
-19
-14
-5
-5
-13
-14
-12
-7
9
23
32
41
42
36
40
37
45
50
53
54
41
40
47
42
41
49
51
45
39
49
64
64
63
63
55
51
51
43
39
35
37
33
26
23
20
19
8
-7
-5
1
5
12
13
17
14
13
14
18
15
3
-3
-20
-21
-12
-7
1
-1
-16
-30
-47
-51
-45
-51
-37
-30
-36
-31
-14
2
2
-4
-10
-20
-26
-26
-22
-19
-35
-38
-27
-17
-6
5
16
12
11
15
8
0
-7
-10
-21
-33
-34
-40
-39
-34
-34
-30
-41
-48
-52
-54
-49
-50
-45
-41
-28
-16
-17
-11
-3
-2
-2
1
2
1
4
6
2
1
2
9
13
21
31
39
35
40
49
51
58
58
59
45
37
41
50
46
36
34
33
32
26
29
37
36
42
43
27
29
29
30
29
31
28
21
8
-2
0
-8
-14
-13
-12
-18
-23
-22
-14
-5
0
0
2
-2
2
4
-5
-4
-7
-13
-17
-14
-14
-10
-4
-5
-10
-20
-19
-26
-30
-26
-36
-39
-26
-10
-5
1
-4
-6
-3
2
6
6
-2
-25
-31
-36
-43
-49
-58
-53
-52
-46
-37
-38
-34
-33
-40
-38
-37
-41
-47
-47
-35
-40
-44
-43
-39
-34
-31
-16
1
9
15
16
22
24
23
22
26
32
36
48
48
52
60
56
58
64
71
72
74
66
56
46
44
48
53
57
57
62
68
69
64
62
53
34
26
26
28
22
22
20
21
17
6
3
-6
-17
-34
-36
-29
-36
-41
-39
-37
-39
-43
-49
-52
-51
-49
-51
-49
-47
-48
-50
-44
-35
-31
-35
-34
-26
-23
-20
-15
-7
-3
-3
-9
-13
-12
-11
-12
-8
-5
-1
8
12
14
5
-3
-3
2
6
6
5
8
8
5
3
2
5
9
4
-5
-5
-8
-12
-13
-15
-18
-21
-25
-26
-21
-11
-5
2
2
0
-5
-3
6
10
7
-2
-6
-9
-11
-9
-1
1
0
-6
-8
-1
0
-5
2
7
9
22
32
41
48
47
53
54
57
62
60
57
54
52
44
37
38
41
42
42
43
39
39
36
28
23
15
4
-6
-18
-16
-22
-30
-38
-44
-43
-46
-46
-35
-32
-40
-40
-34
-40
-40
-35
-39
-39
-42
-45
-45
-36
-16
-4
-2
-3
-7
-16
-29
-44
-38
-35
-38
-25
-11
-1
7
5
2
-2
-6
-2
-4
-2
-6
-10
-14
-16
-7
0
8
14
20
16
11
14
14
17
18
14
14
14
9
15
13
5
8
13
17
17
14
10
8
4
-2
-9
-16
-13
-14
-17
-4
9
18
29
37
48
54
55
55
48
38
33
38
40
43
44
44
35
24
17
11
15
19
18
17
14
15
23
20
4
-4
-4
-5
-5
-4
-11
-12
-8
-5
-1
-7
-19
-37
-53
-60
-57
-51
-47
-37
-38
-35
-33
-28
-22
-27
-29
-32
-32
-40
-47
-44
-48
-49
-46
-46
-51
-54
-41
-45
-43
-44
-44
-40
-31
-20
-17
-11
-8
-7
-14
-15
2
12
12
11
8
7
7
14
19
16
12
8
4
13
14
17
21
23
28
37
35
31
24
15
18
17
23
31
38
48
40
43
52
50
61
63
57
56
43
37
40
42
38
42
45
46
40
36
35
24
23
23
20
22
28
26
14
11
7
6
-2
4
8
8
11
12
22
24
19
17
9
1
-4
-9
-10
-18
-26
-32
-34
-36
-36
-34
-41
-42
-35
-42
-44
-46
-51
-48
-39
-30
-32
-43
-56
-58
-60
-55
-54
-51
-48
-49
-40
-38
-37
-37
-39
-39
-38
-38
-34
-32
-22
-14
-15
-20
-23
-20
-21
-19
-17
-18
-12
-14
-15
-13
-13
-12
-4
3
6
16
14
12
5
2
-5
-13
-14
-13
-14
-17
-9
-5
8
19
24
32
31
31
36
46
53
52
48
47
44
43
44
36
35
36
32
36
42
44
52
61
63
55
55
53
57
59
53
55
57
57
47
43
38
34
34
29
28
25
27
24
28
30
25
21
13
12
10
2
1
-3
-5
2
2
-2
-9
-23
-35
-48
-55
-51
-49
-55
-58
-59
-58
-59
-52
-48
-52
-47
-37
-34
-42
-47
-43
-36
-35
-35
-33
-37
-30
-26
-24
-17
-10
-13
-18
-19
-20
-22
-28
-31
-30
-34
-31
-27
-24
-33
-41
-38
-37
-30
-28
-28
-30
-28
-22
-27
-19
-16
-14
-8
-1
8
5
14
23
34
39
39
31
27
22
19
28
33
37
26
25
27
23
20
21
27
32
33
32
29
26
33
35
33
39
46
44
47
52
56
49
44
53
55
49
44
32
21
14
11
6
2
-1
-15
-26
-20
-13
-18
-20
-26
-26
-29
-40
-25
-12
-17
-26
-28
-29
-34
-32
-24
-22
-21
-16
-8
-2
-3
-3
-2
-3
-9
-5
-2
-6
-9
-7
-4
-9
-14
-19
-19
-15
-15
-17
-21
-19
-16
-5
-2
3
7
5
11
16
20
25
29
28
30
26
16
14
16
12
11
7
1
-1
4
7
6
10
14
6
-2
3
-6
-12
-15
-12
-3
-8
-6
-1
7
6
1
3
11
14
12
11
11
1
-7
-11
-15
-10
-8
-4
3
5
0
2
-2
-8
-8
-7
-5
-3
3
-1
0
-6
-5
-1
-4
-3
-13
-20
-19
-18
-13
-5
-1
-4
-11
-15
-17
-12
-11
-16
-16
-17
-17
-12
-1
11
14
0
-11
-16
-17
-12
-5
-2
1
0
-13
-10
-6
-2
-2
-5
-8
-15
-13
-14
-18
-18
-20
-23
-26
-27
-22
-17
-8
-5
-7
-1
6
7
13
15
9
8
17
20
19
17
19
23
29
30
27
33
27
19
11
8
1
1
8
9
14
11
4
5
8
11
10
16
23
22
18
15
20
30
29
28
32
38
37
42
45
44
50
48
41
41
37
33
30
27
32
32
29
30
35
25
10
5
2
-1
-5
-4
-7
-6
-13
-23
-27
-29
-26
-27
-31
-30
-33
-38
-36
-25
-16
-23
-30
-34
-36
-37
-36
-32
-35
-37
-40
-44
-45
-41
-40
-41
-47
-44
-42
-40
-39
-40
-49
-57
-62
-66
-63
-59
-51
-49
-44
-36
-32
-23
-20
-23
-20
-22
-19
-15
-17
-25
-28
-26
-25
-12
0
9
20
24
29
32
32
34
36
42
40
38
34
33
37
35
37
34
29
16
17
28
36
41
44
50
48
42
46
49
50
53
50
53
57
63
69
68
69
63
49
37
26
19
18
28
28
27
33
37
41
41
35
24
23
18
11
9
6
2
-9
-15
-13
-17
-21
-24
-25
-33
-42
-45
-39
-31
-31
-30
-33
-39
-35
-36
-41
-41
-37
-36
-40
-41
-44
-44
-41
-42
-37
-41
-44
-41
-43
-33
-25
-26
-29
-20
-7
1
4
-6
-11
-17
-18
-15
-12
-12
-11
-12
-7
1
0
8
16
13
11
14
17
25
25
25
22
13
7
1
-3
-7
-7
-12
-10
-4
9
15
10
6
-3
-7
0
11
15
10
4
2
3
10
13
18
19
13
13
9
4
8
6
0
-5
-7
-10
-19
-16
-11
0
5
-4
-6
-12
-18
-17
-14
-10
-9
-12
-13
3
9
13
14
11
17
23
30
28
30
23
13
8
1
-1
5
12
10
15
19
18
16
12
9
-4
-13
-11
-3
12
14
19
18
8
7
7
5
12
11
8
8
8
20
23
20
22
14
3
-2
-6
-5
-12
-16
-18
-26
-25
-21
-20
-18
-24
-30
-32
-23
-11
-10
-1
2
9
16
13
12
10
7
0
0
-1
-6
-9
-9
-13
-11
-8
-10
-7
-3
-5
-5
0
-2
3
4
-2
4
5
12
10
9
11
7
9
9
3
5
9
11
10
12
14
12
16
15
11
8
5
5
4
3
-4
-9
-11
-5
-6
-10
-14
-18
-21
-25
-24
-21
-14
-13
-5
-4
-2
-5
-11
-6
-9
-18
-31
-28
-26
-29
-33
-37
-32
-27
-25
-26
-20
-20
-22
-14
-9
-9
-13
-16
-16
-14
-9
-5
-1
0
7
11
8
7
11
16
19
22
23
20
19
18
23
24
19
19
6
9
10
12
21
15
11
6
3
5
12
17
22
20
17
15
11
15
18
25
29
22
23
24
22
20
18
2
-5
-4
-3
13
21
28
26
25
24
18
18
14
3
-7
-12
-9
-9
-3
8
4
2
2
1
5
6
3
-1
-6
-15
-20
-21
-20
-14
-6
-5
-4
3
5
12
7
1
1
-2
3
4
6
13
11
8
7
7
20
27
22
15
9
-5
-16
-27
-31
-34
-43
-42
-44
-43
-42
-36
-36
-41
-39
-38
-30
-28
-20
-12
-5
-6
-13
-22
-26
-25
-18
-21
-24
-26
-25
-20
-23
-21
-19
-19
-25
-27
-22
-18
-20
-18
-21
-16
-7
3
8
13
20
14
7
0
6
6
8
9
15
12
13
24
26
37
42
40
41
39
39
40
43
35
29
18
6
3
0
9
14
19
30
35
39
32
28
21
19
20
15
18
19
16
13
10
13
16
22
27
30
28
26
27
21
6
-3
-7
-3
2
-1
3
7
6
2
-10
-21
-24
-21
-24
-27
-29
-31
-29
-20
-13
-10
-3
-8
-8
-6
-9
-2
4
6
-3
-17
-24
-32
-34
-35
-36
-34
-31
-21
-13
-10
-10
-18
-20
-26
-22
-21
-24
-8
-1
-12
-17
-20
-7
2
3
5
7
4
-6
2
16
23
26
32
33
24
26
35
46
49
39
26
25
20
18
20
14
17
18
17
19
18
19
15
3
-7
-13
-12
-8
-7
-10
-13
-20
-25
-27
-33
-36
-42
-43
-45
-45
-39
-35
-28
-24
-26
-27
-27
-21
-21
-23
-20
-22
-25
-19
-6
-11
-21
-20
-18
-12
-11
-4
3
0
-8
-8
-2
7
10
10
17
24
27
27
32
38
44
43
37
38
37
36
36
37
36
34
25
22
21
16
18
8
8
14
15
11
7
7
3
0
-6
-11
-10
-4
-2
-7
-8
-7
-7
-7
-7
-11
-19
-19
-10
-3
4
9
12
17
17
15
13
11
13
10
2
0
4
7
10
10
13
25
27
28
23
19
22
21
24
29
32
26
20
16
8
-1
-11
-15
-16
-20
-24
-31
-30
-33
-33
-32
-38
-39
-41
-42
-37
-39
-36
-31
-28
-25
-27
-31
-39
-42
-43
-39
-34
-23
-11
-13
-8
0
10
17
13
11
11
9
13
17
13
10
3
1
6
8
10
8
7
5
5
9
10
10
11
8
6
1
-1
-3
-8
-9
-3
1
-3
-12
-21
-20
-20
-22
-24
-23
-20
-25
-23
-24
-31
-30
-27
-20
-13
-13
-16
-15
-12
-16
-22
-23
-15
-6
0
6
13
22
30
36
42
44
43
45
49
49
45
47
48
55
58
64
74
73
72
64
56
56
54
54
49
37
32
19
12
5
3
5
13
19
21
22
19
16
10
1
-3
-12
-8
-5
-6
-2
-8
-15
-19
-23
-25
-26
-24
-28
-38
-40
-34
-35
-43
-44
-45
-43
-48
-44
-39
-36
-30
-33
-36
-40
-48
-58
-57
-50
-42
-34
-31
-34
-28
-20
-18
-17
-16
-17
-14
-9
-5
-5
-10
-17
-21
-26
-29
-30
-35
-33
-29
-21
-18
-15
-4
1
8
15
17
15
14
13
16
16
18
24
26
30
28
26
26
27
29
34
32
30
31
31
30
31
42
48
53
60
60
57
50
46
40
37
40
42
38
27
26
25
22
28
36
36
36
42
49
50
39
23
10
-5
-20
-25
-30
-35
-39
-46
-41
-36
-24
-24
-27
-28
-35
-42
-45
-43
-36
-35
-38
-43
-53
-60
-63
-61
-55
-57
-50
-47
-46
-44
-41
-35
-32
-22
-13
-10
-13
-9
-3
-6
-5
-4
0
4
3
6
6
7
16
20
25
34
37
41
46
47
53
53
55
55
48
39
29
25
24
19
16
15
11
10
2
1
2
-2
-3
-5
-4
-2
-4
-5
-8
-11
-4
2
9
18
24
22
7
-1
-4
-8
-5
-5
2
0
-10
-9
-10
-3
7
2
6
6
10
16
15
11
9
1
-5
-8
-16
-16
-18
-18
-16
-12
-9
-2
6
7
6
-1
-7
-9
-12
-17
-19
-15
-9
-3
1
4
11
11
10
9
4
-1
-16
-25
-25
-22
-24
-24
-19
-19
-24
-23
-19
-18
-7
-9
-16
-24
-33
-35
-31
-24
-17
-8
-3
5
2
0
2
3
6
9
14
10
5
-2
-6
-3
-2
2
10
19
19
14
13
8
8
7
2
-4
-4
2
2
4
-5
-11
-10
-4
2
13
20
23
17
19
25
31
41
39
36
33
34
34
38
35
29
21
13
17
18
15
13
9
9
8
9
7
6
8
12
12
10
5
-7
-10
-7
-4
8
12
13
22
26
19
2
-8
-14
-18
-21
-21
-13
-10
-7
-9
-9
-13
-15
-15
-15
-16
-15
-10
-11
-5
-7
-15
-19
-21
-22
-20
-20
-22
-28
-39
-46
-49
-43
-32
-24
-18
-16
-15
-17
-18
-18
-25
-22
-16
-12
-4
-3
-2
-3
-2
-3
-3
4
-2
2
7
7
6
1
1
-6
0
6
7
9
10
18
20
22
14
6
-1
-6
-2
2
10
11
12
10
4
3
-4
-9
-2
-2
4
17
28
30
25
22
13
10
9
12
11
9
13
15
12
9
7
5
8
5
-4
-7
-5
-2
2
16
24
23
24
23
26
30
29
27
25
25
21
12
10
8
8
6
9
8
7
6
2
-2
-5
-6
-8
-8
-12
-20
-20
-17
-17
-17
-10
-4
-3
-8
-16
-15
-14
-10
-7
-14
-15
-20
-20
-17
-16
-13
-18
-22
-30
-31
-29
-33
-34
-35
-33
-29
-33
-37
-31
-27
-26
-25
-29
-26
-17
-7
0
7
7
10
11
17
23
27
30
27
24
20
21
30
33
35
34
30
25
15
9
10
7
8
12
11
17
17
19
24
28
29
28
28
32
36
36
31
26
24
23
23
16
11
9
8
5
3
6
0
-6
3
-2
-23
-33
-37
-36
-35
-36
-27
-30
-27
-23
-20
-20
-26
-29
-22
-21
-28
-25
-28
-27
-27
-21
-17
-21
-22
-27
-26
-32
-35
-34
-38
-32
-30
-24
-21
-16
2
11
19
18
11
12
5
2
4
3
5
6
4
3
6
12
16
23
26
29
29
26
24
17
5
-6
-6
-6
1
10
15
0
-6
-1
-1
1
4
13
21
20
11
18
31
28
24
23
23
24
30
36
43
40
40
38
34
35
28
20
13
14
19
14
14
19
20
21
14
7
5
-3
-7
-5
-6
-6
-7
-10
-10
-3
0
0
-2
