46
54
49
55
60
53
41
29
22
22
26
23
27
22
9
4
4
6
-1
-9
-10
-9
-15
-22
-30
-22
-14
-14
-14
-24
-28
-17
-7
-3
-4
-1
-4
-12
-20
-21
-31
-35
-37
-34
-23
-22
-28
-33
-36
-27
-24
-27
-28
-33
-28
-26
-21
-25
-33
-36
-26
-16
-23
-26
-24
-29
-29
-34
-39
-33
-30
-20
-10
4
10
11
10
14
13
10
4
-4
-5
-3
-6
-8
-6
-10
-5
-8
-10
-9
-14
-23
-25
-18
-18
-12
-10
-9
-11
-15
-25
-30
-33
-29
-12
-10
-18
-21
-29
-31
-22
-20
-13
0
10
12
20
19
11
16
23
31
37
34
25
28
29
30
20
11
6
10
14
10
0
1
6
-3
-8
-16
-15
-8
-4
2
6
12
12
10
11
24
23
23
28
27
39
39
41
36
35
40
42
38
39
47
56
75
84
84
81
67
56
44
33
13
1
7
20
24
30
37
23
20
30
34
27
22
15
18
9
-9
-1
3
-2
-3
1
-4
-8
-6
10
12
-4
-13
-25
-26
-29
-33
-32
-39
-41
-44
-44
-38
-42
-49
-55
-66
-67
-78
-84
-87
-88
-75
-68
-67
-63
-50
-44
-46
-49
-52
-41
-29
-21
-29
-34
-35
-37
-27
-10
-4
-7
-4
-3
-9
-12
-9
-8
-19
-26
-19
-7
-17
-17
-13
-9
-2
-7
-10
-10
-15
-21
-22
-20
-21
-23
-15
-8
3
14
24
28
31
41
47
50
43
31
41
45
34
38
30
34
45
52
59
51
41
36
35
26
18
21
31
34
27
24
26
25
26
24
26
27
32
29
23
29
29
32
30
31
45
39
27
21
24
32
36
43
48
42
27
22
19
19
8
-7
-19
-16
-17
-12
-9
-7
1
-4
-12
-17
-21
-21
-28
-36
-31
-24
-25
-21
-17
-18
-14
-18
-23
-25
-22
-19
-22
-29
-30
-22
-9
0
-11
-28
-34
-33
-24
-26
-32
-26
-18
-10
2
7
3
-3
-7
-3
-4
-5
-2
-13
-15
-4
-5
-5
-8
-13
-8
-9
0
19
24
9
0
-2
-4
1
-2
-3
-6
-7
-6
-8
-8
-19
-20
-20
-20
-13
-5
-5
-13
-15
-14
-14
-11
-17
-29
-29
-27
-20
-22
-30
-20
-13
-4
-2
3
5
2
2
8
-3
-2
-1
-10
-16
-16
-16
-19
-9
-11
-8
6
15
12
15
8
-2
-1
3
13
18
18
21
19
16
14
11
18
28
33
38
33
34
30
39
46
39
35
27
22
15
1
1
-1
6
7
1
-5
-16
-15
-8
-1
0
-5
-3
18
40
37
28
21
30
43
38
25
20
30
37
40
28
26
33
31
28
25
23
20
18
14
11
8
3
-8
-6
0
-1
-5
-21
-25
-21
-13
0
10
11
5
-10
-20
-16
-14
-8
-10
-15
-14
-16
-14
-12
-6
8
4
-11
-19
-14
-9
-16
-25
-27
-21
-21
-17
-8
1
2
-12
-20
-27
-26
-22
-33
-45
-46
-42
-43
-41
-42
-33
-26
-28
-38
-45
-49
-45
-43
-41
-36
-47
-52
-53
-42
-29
-27
-31
-32
-26
-30
-25
-25
-12
-2
-10
-14
-9
1
4
7
5
9
5
1
-5
-10
-12
-20
-18
-10
-2
2
9
21
23
23
25
18
26
33
30
48
60
60
55
48
53
60
67
70
67
61
59
60
55
47
44
43
36
45
52
44
33
26
30
29
21
25
33
33
36
30
32
32
35
37
38
47
45
35
28
23
24
25
19
7
4
6
1
-4
-12
-12
-8
-13
-13
-17
-26
-32
-28
-33
-37
-32
-29
-16
-13
-20
-12
-15
-30
-27
-21
-9
-8
-26
-29
-22
-17
-20
-27
-30
-23
-19
-21
-29
-41
-46
-56
-68
-69
-69
-77
-81
-75
-72
-76
-74
-65
-55
-53
-57
-51
-51
-60
-56
-52
-42
-28
-13
-4
7
16
15
15
19
21
30
37
30
20
18
25
36
41
41
35
32
24
6
-2
12
24
21
13
6
11
16
16
16
14
13
20
27
22
23
21
29
32
33
43
42
43
42
30
26
28
32
26
25
30
33
49
37
12
5
1
5
1
-10
-11
3
16
18
17
5
-6
-7
-4
-7
0
0
-10
-7
-8
-11
-14
-1
6
7
12
11
5
-4
-1
-4
-4
2
-13
-21
-16
-17
-10
-4
-2
-6
-12
-10
-1
3
-7
-10
-9
-3
5
-3
-5
4
7
9
8
1
5
15
15
9
5
9
12
20
30
27
13
5
5
13
18
10
13
10
6
9
1
-1
-8
-17
-21
-32
-42
-46
-33
-6
1
-2
-9
-25
-26
-18
-11
-16
-25
-18
-7
-2
-12
-30
-41
-38
-33
-25
-14
-9
6
9
10
16
11
4
-9
-19
-19
-13
-10
-17
-20
-10
-4
-11
-26
-27
-10
-4
-7
-24
-38
-34
-27
-25
-19
-22
-39
-37
-37
-31
-20
-19
-14
-24
-32
-36
-40
-34
-26
-9
2
4
16
22
26
39
48
53
49
36
33
37
35
34
27
26
29
29
34
37
40
40
35
35
32
24
20
16
17
24
35
39
29
29
32
30
37
39
36
37
40
34
33
32
30
39
37
36
28
23
21
21
28
26
23
21
15
2
-3
1
3
4
6
-6
-6
7
7
-3
-10
-15
-13
-4
-5
-13
-18
-18
-15
-16
-17
-23
-32
-35
-43
-42
-38
-36
-37
-45
-48
-49
-43
-37
-34
-33
-29
-31
-39
-37
-40
-39
-33
-30
-28
-32
-34
-29
-35
-50
-48
-42
-34
-21
-2
-5
-16
-15
-15
-17
-18
-29
-38
-32
-23
-7
3
1
-11
-25
-14
2
12
6
2
18
18
9
7
4
13
20
23
24
10
-6
-3
4
8
14
14
12
8
12
16
8
11
15
32
33
25
21
16
29
28
28
21
15
17
21
36
45
36
28
25
25
24
22
16
13
19
18
13
17
26
32
34
30
23
20
13
11
17
23
27
36
34
20
18
21
25
25
27
27
26
24
22
4
-2
2
6
5
-2
-5
-2
-8
-17
-11
-13
-20
-20
-2
4
2
-6
-22
-23
-17
-14
-24
-30
-38
-40
-31
-27
-31
-32
-30
-23
-20
-22
-30
-35
-28
-26
-40
-43
-30
-27
-35
-50
-58
-57
-40
-21
-18
-20
-30
-24
-19
-11
-1
5
13
13
6
11
18
15
5
0
2
5
11
10
5
3
-4
-10
-12
-6
-3
0
9
5
-4
-4
8
17
19
10
-3
-13
-14
-6
2
15
14
17
19
22
25
31
33
27
21
21
20
-3
-22
-21
-13
-8
-5
-1
0
3
-1
-7
0
6
10
12
9
6
14
17
20
14
-1
-11
-25
-24
-7
3
8
8
-2
-8
-6
-5
-11
-9
2
8
8
2
-8
-4
7
22
20
7
-1
-3
10
27
36
37
29
30
38
43
49
51
42
30
29
31
30
23
21
18
19
20
7
-1
-4
-1
-1
-2
-5
-9
-8
-8
-13
-27
-31
-28
-23
-25
-19
-18
-22
-28
-30
-28
-33
-28
-22
-11
-7
-10
-13
-5
11
22
20
22
13
3
7
2
0
0
-13
-19
-20
-9
-11
-27
-32
-36
-31
-24
-27
-27
-28
-26
-23
-20
-22
-20
-16
-5
12
11
9
-2
-15
-9
4
9
4
0
-2
1
1
-6
-17
-22
-8
3
4
-2
-18
-25
-13
-8
-5
-7
-19
-19
-17
-20
-22
-27
-21
-5
-2
-4
-4
5
12
7
6
1
8
21
19
19
21
17
17
19
15
15
17
16
16
18
24
34
26
7
7
20
24
22
10
6
10
16
24
15
-1
5
16
23
24
18
6
12
26
24
11
3
3
4
10
14
18
25
20
14
18
15
13
9
4
3
2
-2
-7
-10
-16
-4
12
12
8
6
4
0
5
6
9
13
6
1
1
-8
-15
-3
8
16
25
18
3
-6
-11
-9
2
11
17
17
4
-1
0
-3
7
5
1
2
-2
3
1
-1
-14
-40
-55
-47
-42
-49
-50
-49
-47
-39
-39
-41
-39
-44
-49
-43
-38
-39
-40
-31
-8
6
8
1
4
3
4
1
-11
-16
-18
-11
-13
-6
-4
-11
-12
-19
-19
-13
-5
-2
-2
-2
1
-2
-10
-12
-14
-13
-6
6
11
11
13
18
7
-4
-9
-16
-13
-7
-15
-19
-13
-4
1
-5
-14
-28
-24
-9
-9
-7
-1
5
24
32
26
30
36
43
50
50
49
50
47
47
54
62
65
66
63
62
58
55
48
40
39
43
47
48
46
37
28
35
44
35
25
23
29
34
33
18
4
2
-5
-17
-21
-18
-15
-7
0
3
16
16
2
-10
-19
-19
-18
-11
-6
-8
-6
-13
-22
-32
-43
-45
-41
-34
-35
-38
-31
-32
-25
-27
-42
-46
-45
-43
-44
-44
-32
-19
-29
-37
-41
-39
-29
-31
-38
-41
-38
-32
-26
-10
-10
-14
-18
-34
-40
-39
-46
-49
-38
-29
-23
-17
-18
-23
-21
-16
-1
5
2
-5
-4
8
11
14
12
10
13
17
11
12
9
2
2
3
6
4
0
4
11
11
8
1
2
13
18
15
16
21
38
40
28
26
29
26
21
19
29
39
33
20
17
17
17
15
8
11
21
28
28
27
31
48
48
51
53
44
34
32
38
33
37
37
31
32
35
35
28
26
12
2
1
10
15
14
16
7
4
-3
-17
-19
-18
-15
-17
-25
-29
-29
-28
-30
-39
-48
-41
-30
-28
-35
-34
-30
-23
-12
-13
-14
-15
-19
-17
-12
-10
-10
-9
-7
-1
-4
-9
-15
-15
-9
-2
-9
-16
-14
1
17
14
12
7
7
2
7
15
15
7
-13
-30
-38
-24
-22
-26
-33
-25
-11
-4
-3
-4
10
15
12
9
-2
2
11
10
-2
-23
-23
-14
-5
1
0
-10
-16
-20
-18
-15
-18
-16
-18
-22
-21
-18
-14
-15
-14
-20
-25
-21
-17
-20
-19
-8
-19
-25
-36
-36
-21
-16
-8
-5
-6
-6
-1
-4
1
2
1
16
34
33
26
26
22
26
40
44
43
46
43
44
41
36
28
31
38
35
22
10
12
17
26
21
26
26
18
30
33
28
18
19
11
1
-1
9
8
-5
-11
3
25
12
3
-1
7
22
19
0
-12
-7
7
15
15
10
3
19
24
19
18
15
15
9
-3
-2
-4
-12
-4
-1
-15
-19
-9
12
10
-3
-9
-23
-25
-32
-24
-20
-20
-8
-2
4
14
20
13
6
-1
3
9
2
-6
-8
4
9
8
7
-3
-15
-21
-28
-28
-27
-27
-27
-24
-14
-14
-21
-26
-31
-19
2
-9
-29
-35
-36
-28
-24
-27
-27
-31
-23
-16
-17
-12
-22
-40
-40
-33
-31
-45
-53
-52
-50
-41
-46
-49
-46
-58
-64
-58
-52
-49
-43
-38
-25
-31
-39
-27
-4
8
3
-2
-4
5
12
10
2
2
10
9
5
5
24
44
51
58
63
57
54
64
67
70
62
55
60
68
69
76
82
74
69
67
68
68
70
78
88
97
98
100
85
70
61
56
50
44
38
37
46
39
32
34
26
14
9
12
9
0
-11
-7
1
-8
-22
-30
-30
-29
-26
-30
-23
-12
-14
-16
-22
-32
-40
-40
-37
-33
-42
-63
-66
-54
-50
-46
-43
-41
-41
-48
-51
-61
-58
-59
-59
-50
-43
-39
-42
-46
-52
-48
-32
-25
-25
-19
-21
-14
-7
-21
-26
-25
-25
-18
-9
-11
-10
-8
-3
13
13
1
-5
-6
-2
-17
-32
-32
-38
-33
-29
-27
-33
-37
-38
-37
-42
-41
-43
-46
-32
-23
-19
-25
-19
-24
-32
-25
-17
7
17
20
42
58
56
44
35
44
58
57
62
63
65
66
67
70
63
55
32
28
35
27
24
21
21
17
16
8
3
0
-1
3
1
-3
3
24
28
25
20
22
38
52
50
57
62
63
64
64
58
52
51
35
32
38
39
47
57
48
29
30
24
16
16
12
3
8
17
8
3
3
-5
-21
-31
-38
-37
-25
-15
-17
-35
-38
-30
-32
-31
-34
-43
-42
-31
-37
-38
-41
-51
-51
-50
-57
-64
-69
-73
-73
-70
-70
-63
-59
-58
-56
-50
-51
-53
-42
-39
-26
-31
-38
-34
-29
-23
-17
1
12
18
27
38
33
31
27
22
11
10
21
22
24
21
28
37
34
17
1
7
14
14
1
-21
-32
-24
-13
-13
-12
-11
-13
-3
4
-4
-1
7
9
12
26
26
22
14
3
5
13
15
11
16
28
35
32
19
12
14
21
34
35
28
19
12
16
7
-1
-8
-12
-8
-9
-23
-36
-36
-24
-15
-12
-15
-33
-44
-36
-27
-9
-2
-4
-2
0
6
1
3
13
10
13
14
7
-5
-13
-9
-2
8
4
-6
-5
12
30
38
36
24
25
34
42
51
44
33
35
42
50
51
56
65
67
70
62
51
59
53
54
59
39
36
31
22
25
15
3
4
19
26
18
7
3
12
25
13
-8
-17
-19
-23
-28
-25
-24
-29
-38
-51
-55
-53
-72
-85
-82
-79
-66
-47
-55
-80
-88
-86
-76
-69
-62
-53
-49
-41
-43
-52
-52
-54
-53
-46
-38
-27
-28
-33
-38
-46
-47
-46
-39
-32
-27
-32
-47
-49
-41
-25
-9
-7
-1
-2
8
11
14
17
14
21
21
25
23
24
22
28
38
41
40
39
41
42
49
44
38
34
33
35
29
23
23
21
20
14
12
14
20
30
29
27
23
28
23
19
33
37
41
42
40
40
51
49
44
49
47
45
45
44
47
63
64
53
42
35
23
25
25
11
8
-2
-21
-30
-23
-25
-26
-32
-31
-18
-11
-19
-30
-27
-21
-13
-6
-10
-6
-1
4
4
11
10
3
-2
-9
-8
-9
-11
-8
-11
-8
-6
-8
-14
-20
-22
-26
-22
-17
-6
2
1
-15
-33
-43
-36
-23
-20
-15
-17
-17
-11
-6
1
-1
-17
-25
-21
-20
-21
-33
-46
-44
-29
-22
-25
-26
-25
-27
-30
-39
-44
-37
-35
-35
-39
-35
-26
-28
-20
-7
8
12
12
16
5
8
21
20
13
13
14
25
34
30
24
18
26
22
15
16
8
13
19
24
18
-5
-9
-5
7
18
8
-13
-30
-29
-17
-7
-6
-6
-9
-12
-19
-34
-36
-37
-22
-12
-19
-15
-13
-7
0
9
19
18
23
25
27
31
39
49
57
53
41
44
37
33
29
26
31
33
33
18
4
-4
2
9
6
3
4
12
18
15
4
6
9
11
11
7
9
12
21
23
31
41
48
40
27
14
6
15
21
25
29
29
29
35
37
33
22
12
4
14
21
13
14
9
-2
4
10
5
5
7
20
34
29
16
6
-2
-13
-20
-27
-30
-27
-32
-27
-28
-32
-36
-43
-49
-73
-79
-87
-99
-106
-117
-112
-99
-87
-87
-88
-85
-76
-74
-75
-74
-68
-56
-43
-36
-48
-46
-32
-20
-9
-5
-7
-3
13
19
18
20
30
34
39
47
31
18
19
21
19
15
18
26
22
8
-2
-9
-13
-10
7
10
4
7
9
11
15
19
14
8
6
18
23
14
7
11
18
23
32
38
39
47
46
44
46
41
35
37
43
42
47
52
58
63
64
56
45
39
48
51
52
45
38
49
51
52
48
35
14
12
26
29
21
17
6
12
20
4
-10
-12
-8
-6
-8
-14
-14
-25
-32
-24
-28
-26
-26
-35
-37
-34
-42
-48
-46
-48
-38
-33
-28
-22
-22
-30
-40
-44
-44
-29
-17
-16
-3
3
-3
-9
-19
-22
-18
-17
-18
-16
-16
-23
-19
-15
-15
-16
-11
-14
-21
-13
-13
-13
-10
-6
-5
-4
-18
-22
-22
-17
-14
-25
-27
-24
-14
2
15
18
22
23
18
15
17
10
-3
-1
3
4
5
5
4
-3
-2
-1
-4
-4
6
9
-1
-14
-29
-31
-38
-34
-23
-17
-11
-9
-10
-12
-11
-16
-22
-23
-25
-27
-26
-24
-25
-17
-17
-17
-14
-12
-1
21
20
16
24
15
12
22
29
32
40
37
40
45
49
47
44
45
48
44
52
61
59
65
59
46
44
37
23
26
32
36
44
51
47
44
42
29
21
22
18
11
4
1
4
6
4
-9
-21
-19
-21
-22
-12
-17
-28
-24
-21
-21
-26
-39
-53
-57
-51
-38
-23
-11
-11
-11
-7
-6
4
1
-3
-7
-14
-2
1
1
-2
-3
7
16
17
16
10
0
-4
-5
-6
-4
1
4
2
-5
-8
-5
2
8
5
2
0
-12
-20
-19
-19
-20
-17
-12
0
9
3
-7
0
6
0
-14
-24
-27
-28
-34
-48
-47
-37
-33
-38
-37
-41
-44
-37
-45
-44
-38
-46
-56
-59
-59
-49
-33
-26
-29
-37
-44
-34
-21
-24
-27
-30
-28
-20
-14
-12
-7
-11
-9
0
1
0
3
16
22
20
18
25
44
51
50
47
42
42
53
68
66
54
51
51
65
78
79
68
56
52
67
91
96
88
74
69
73
72
64
68
69
62
50
37
28
13
9
0
9
16
5
-2
-7
-9
-5
2
-6
-17
-22
-17
-20
-21
-18
-21
-26
-36
-38
-36
-32
-30
-32
-34
-29
-24
-20
-16
-18
-15
-18
-27
-28
-23
-13
-8
-19
-27
-25
-25
-35
-50
-52
-42
-33
-23
-17
-18
-18
-24
-29
-36
-43
-41
-40
-34
-32
-25
-11
-9
-14
-17
-17
-13
-3
5
11
12
3
2
2
8
13
-6
-16
-4
-3
4
3
-10
-15
-14
-12
-2
-1
-8
-12
-8
-2
-2
4
8
5
9
15
20
19
9
6
15
14
13
3
-13
-14
-4
5
11
13
-2
1
9
3
-5
-11
-12
-11
-6
-4
-11
-25
-26
-13
-2
8
13
10
4
-1
-4
6
12
9
14
26
31
37
42
41
42
44
44
53
54
44
45
44
43
44
39
41
34
26
26
19
18
11
3
1
1
-1
8
15
6
-6
-5
-1
1
10
10
1
-3
-9
-6
6
7
-5
-22
-28
-19
-19
-17
-15
-19
-16
-26
-27
-21
-22
-32
-34
-33
-30
-26
-33
-36
-31
-28
-29
-21
-6
-7
-7
-10
-14
-10
-4
7
7
11
21
23
23
20
16
17
14
7
5
8
11
17
17
15
14
11
8
6
4
1
-7
-11
-16
-8
-2
-3
3
3
4
1
-13
-14
-17
-21
-22
-19
-20
-14
-11
-15
-19
-12
4
0
-7
-17
-20
-13
-7
-1
-15
-28
-24
-22
-22
-13
-14
-22
-29
-35
-38
-38
-45
-53
-49
-45
-41
-37
-34
-26
-13
-5
-8
-14
-9
1
8
8
8
10
13
30
28
22
36
40
40
44
44
43
47
51
48
49
51
35
30
40
38
37
35
30
20
20
26
33
30
21
17
15
22
27
28
15
1
-1
0
10
15
6
13
20
21
21
19
19
16
4
-12
-24
-23
-17
-7
10
13
19
30
37
29
24
15
5
13
16
19
20
10
3
-6
-4
4
7
3
1
-9
-18
-14
-13
-15
-18
-21
-23
-23
-21
-22
-19
-28
-36
-42
-39
-29
-26
-36
-43
-44
-46
-42
-40
-35
-28
-20
-24
-27
-26
-32
-28
-25
-23
-22
-27
-34
-42
-46
-55
-54
-53
-53
-51
-43
-38
-38
-30
-28
-12
-7
0
7
6
11
14
18
19
34
44
35
31
39
43
32
22
17
18
16
13
25
36
30
26
17
10
10
3
4
11
14
19
10
-1
0
7
10
6
6
5
13
25
34
42
39
39
43
44
31
16
6
10
29
40
34
27
24
22
10
2
-2
3
12
17
24
22
24
29
21
15
13
6
5
0
8
16
13
3
-10
-16
-23
-20
-17
-10
-3
6
5
-19
-24
-12
-19
-29
-24
-10
-7
-22
-33
-35
-39
-42
-43
-39
-28
-24
-18
-18
-27
-38
-30
-24
-27
-33
-19
4
9
14
20
18
15
15
8
6
16
19
24
31
14
1
11
20
14
13
15
19
26
19
10
8
9
2
0
7
2
-6
-5
4
8
3
-3
-24
-38
-35
-29
-11
-3
4
15
13
1
-9
-5
-7
-12
-7
6
8
-5
-29
-38
-20
-18
-26
-20
-23
-18
-8
-9
-7
-17
-29
-28
-22
-16
-21
-24
-24
-26
-13
-1
-5
0
-6
-23
-27
-30
-32
-35
-26
-18
-18
-15
-8
-4
0
3
14
15
7
11
12
14
11
4
-1
6
17
22
25
27
30
35
45
44
42
40
27
35
44
38
39
38
37
38
31
29
31
27
26
32
41
42
35
35
31
29
25
17
16
13
9
8
4
4
6
1
-2
6
10
0
-2
0
5
7
12
17
13
13
17
20
16
17
21
11
12
8
0
-2
-6
-18
-35
-45
-43
-41
-42
-36
-38
-36
-33
-37
-41
-46
-50
-49
-46
-44
-39
-23
-20
-23
-9
-2
-16
-34
-28
-12
-1
0
-16
-23
-21
-22
-22
-17
-19
-26
-21
-14
-3
0
-3
1
-2
0
4
-2
1
4
-1
-8
-7
-4
-3
-14
-30
-41
-41
-43
-49
-34
-26
-36
-43
-44
-31
-19
-20
-27
-28
-22
-11
-2
-8
-18
-16
-3
9
10
8
11
18
32
43
54
55
50
40
40
49
55
67
56
50
51
53
53
40
37
38
47
53
49
55
58
61
63
56
50
39
29
34
36
33
24
22
25
31
36
34
26
16
15
22
23
17
16
11
1
-3
-7
-16
-28
-38
-23
-17
-21
-32
-43
-39
-31
-27
-34
-32
-26
-17
-23
-27
-23
-13
-11
-21
-31
-35
-25
-20
-11
1
-7
-15
-13
-5
-4
-8
-14
-28
-33
-34
-36
-41
-38
-38
-38
-31
-29
-25
-26
-29
-32
-28
-21
-20
-20
-11
-7
-16
-19
-23
-21
-14
-6
-1
5
5
-1
-8
-4
-2
-8
-20
-14
-4
4
9
4
-4
-11
-7
-4
-5
-8
-2
-2
-6
3
13
14
25
24
17
20
13
15
17
17
24
24
22
27
22
6
5
7
16
25
24
19
5
4
12
24
25
18
6
1
8
15
20
13
2
-7
-14
-4
3
4
10
18
21
13
7
5
14
14
8
13
15
18
9
9
23
22
7
-5
3
9
13
12
2
-6
-9
-4
-1
-6
-10
-4
4
-1
-9
-15
-9
7
22
28
19
9
2
5
9
14
18
17
27
38
39
36
27
16
3
0
-8
-18
-14
-7
-2
-2
-14
-21
-17
-12
-22
-38
-40
-39
-34
-27
-33
-28
-20
-6
5
11
14
6
-4
-8
-3
-1
-4
-12
-17
-11
-3
4
7
-1
-10
-14
-18
-27
-28
-25
-31
-29
-31
-34
-36
-39
-43
-48
-47
-44
-41
-42
-43
-38
-31
-28
-30
-30
-27
-21
-15
-12
-12
-10
7
14
3
-1
8
16
18
14
12
10
17
17
18
23
26
29
29
22
12
9
12
21
25
27
32
39
34
37
50
56
58
53
41
43
55
45
36
38
31
31
28
28
30
21
20
21
15
9
-1
-10
2
11
4
-7
-8
-6
-6
-8
-11
-20
-27
-27
-26
-15
-6
-8
-18
-28
-27
-22
-17
-17
-13
-8
-8
-9
-12
-4
-1
5
12
15
22
28
27
15
25
26
22
26
29
31
23
6
-9
-11
0
8
5
-2
-16
-20
-17
-24
-25
-17
-8
8
8
-12
-31
-42
-39
-30
-21
-20
-21
-18
-22
-24
-15
-10
-10
-11
-11
-12
-9
-12
-14
-19
-22
-18
-12
-11
-10
-3
-15
-25
-27
-24
-21
-13
-12
-22
-30
-36
-20
-5
-5
-9
-25
-28
-18
-24
-28
-27
-20
-12
-7
0
3
2
4
5
-1
-8
2
16
21
30
30
23
16
13
15
6
7
15
21
33
38
35
28
30
23
19
25
30
35
38
36
40
36
25
21
17
19
18
18
22
24
24
40
54
56
48
28
15
18
29
16
6
7
18
22
18
3
-13
-10
-5
-8
-17
-21
-34
-51
-53
-39
-25
-22
-28
-31
-31
-27
-15
-4
-1
2
5
1
-7
-17
-19
-13
-10
-6
-4
-4
-11
-14
-7
-3
6
8
1
-5
-3
0
-6
-11
-15
-22
-21
-18
-19
-11
1
3
-2
-11
-9
-3
-4
-7
-5
-1
4
22
30
31
17
17
28
27
20
13
8
4
10
14
2
-9
-7
-5
-9
-17
-27
-37
-28
-10
-11
-27
-38
-38
-32
-26
-23
-23
-19
-14
-15
-8
-7
-6
3
4
-6
-6
1
3
-6
-16
-5
3
-10
-15
-17
-8
-7
-12
-13
-18
-28
-25
-16
-6
-6
-8
3
9
19
14
12
12
3
5
16
22
16
17
24
30
34
29
30
37
37
40
35
19
12
15
25
33
28
18
13
16
20
25
33
27
22
14
7
10
18
22
20
10
-6
-6
4
3
-14
-15
-13
-13
-5
-3
4
-3
-14
-8
0
3
-6
-13
-1
4
10
11
3
4
6
6
-2
-5
-4
-8
1
8
8
8
12
9
6
-3
-3
-2
5
16
18
23
21
15
5
3
-2
5
7
8
-3
-13
-8
-5
9
6
-13
-26
-32
-38
-43
-46
-47
-54
-46
-37
-39
-42
-44
-37
-34
-40
-42
-42
-43
-38
-41
-37
-38
-37
-27
-36
-40
-35
-30
-28
-32
-28
-13
-13
-17
-27
-21
-6
4
17
16
14
16
18
20
18
20
26
27
25
20
17
30
34
25
17
17
23
26
24
16
21
29
21
22
14
11
19
27
32
34
30
15
13
5
10
18
24
33
32
43
52
56
43
40
45
39
38
39
33
28
29
27
28
21
23
27
29
27
16
11
7
9
4
0
3
-6
-12
-6
3
6
-8
-14
-4
8
9
2
-8
-13
-17
-28
-28
-24
-16
-22
-37
-35
-26
-16
-16
-21
-27
-38
-40
-37
-32
-31
-37
-36
-30
-25
-23
-25
-30
-31
-36
-44
-36
-20
-15
-24
-33
-32
-25
-24
-20
-15
-6
3
11
5
-15
-26
-36
-28
-3
10
11
3
1
7
10
13
0
-18
-25
-26
-10
4
2
5
18
24
18
-3
-15
-12
0
9
10
7
4
3
6
-3
-10
-5
3
12
9
10
14
15
14
8
4
5
-4
-2
1
4
17
20
19
18
14
12
15
10
6
7
11
20
18
28
33
35
45
46
43
38
35
38
40
32
27
24
15
18
23
29
30
21
23
32
30
10
5
11
21
18
12
4
-8
-11
-15
-6
2
6
-5
-18
-22
-33
-36
-30
-17
-8
-8
-11
-7
-5
-5
-2
-16
-29
-42
-39
-20
-6
-10
-22
-29
-19
-6
-8
-17
-24
-28
-12
0
-2
-8
-21
-11
-8
-2
-4
-8
-12
-18
-21
-22
-16
-16
-17
-27
-35
-41
-46
-43
-35
-24
-24
-25
-27
-27
-18
-5
7
9
1
-1
5
14
22
18
18
30
29
26
23
15
9
12
19
19
10
1
4
14
22
25
27
24
18
18
13
-4
-6
-11
-6
6
14
20
21
19
21
22
15
7
0
7
8
7
1
-1
0
-2
-3
-1
10
4
-10
-14
-11
-14
-23
-28
-25
-20
-17
-9
-4
-9
-17
-14
0
6
2
-6
-6
-3
1
8
6
-1
-8
-11
-2
4
8
13
18
22
22
14
6
6
13
13
17
14
11
7
0
-1
3
14
18
29
34
28
28
32
20
5
2
-8
-16
-7
5
9
4
-9
-11
-8
-11
-14
-12
-18
-21
-24
-24
-21
-22
-9
3
10
10
6
3
14
25
22
23
18
19
23
27
19
9
7
0
-2
3
3
3
5
3
1
7
11
12
9
5
8
6
5
-6
-15
-9
-2
-4
-13
-27
-28
-25
-29
-37
-40
-33
-22
-17
-27
-46
-56
-45
-34
-34
-40
-39
-31
-29
-27
-29
-32
-31
-30
-25
-21
-26
-35
-29
-21
-6
4
11
16
15
16
21
27
20
6
-7
-16
-11
1
4
4
13
5
-4
-3
2
15
17
12
17
17
19
22
17
20
20
15
10
7
14
25
28
25
28
28
25
35
32
16
12
15
20
20
13
13
21
27
25
18
17
15
15
21
22
20
13
12
16
21
25
25
25
22
20
25
30
32
34
29
18
4
0
-3
-6
-8
-7
-2
0
7
10
6
0
-9
-9
-3
-3
-4
-6
-12
-8
-3
0
9
14
8
8
1
1
-2
-5
-3
1
6
3
-2
-9
-13
-13
-8
-11
-21
-34
-41
-41
-31
-20
-19
-26
-36
-31
-24
-40
-61
-76
-75
-68
-62
-61
-64
-61
-53
-47
-51
-53
-53
-50
-42
-45
-53
-53
-52
-45
-38
-43
-39
-26
-21
-12
-13
-12
-6
3
12
15
22
18
9
11
20
26
40
53
62
72
72
65
60
58
43
33
28
25
27
23
18
26
45
54
43
24
26
37
37
20
10
12
20
36
37
33
22
12
23
34
39
43
37
29
27
29
34
42
55
55
44
48
43
36
30
34
37
33
29
22
16
12
-2
-6
-1
1
6
12
6
-1
-6
-14
-19
-17
-18
-25
-25
-42
-49
-45
-57
-64
-50
-41
-38
-39
-52
-53
-56
-56
-47
-41
-39
-42
-35
-29
-25
-24
-14
-2
-3
-6
-8
-7
-13
-15
-12
-12
-11
-11
-13
-16
-20
-16
-10
-13
-12
-4
-7
-9
-4
-5
-8
-8
-18
-18
-18
-16
-8
-5
-9
-10
-8
-1
6
-5
-15
-20
-12
0
15
20
5
-1
-2
-3
1
-6
-8
14
30
18
18
17
11
7
-5
-6
8
12
4
12
34
36
34
28
16
16
21
16
3
3
11
22
21
16
5
-1
-1
4
15
8
-3
7
19
15
7
-2
1
9
2
-4
-3
-3
1
8
8
4
3
3
10
13
16
24
23
20
16
18
23
20
13
7
2
-3
-11
-12
-10
-19
-18
-12
-16
-14
-7
-5
10
17
16
10
4
7
9
13
15
6
5
12
13
13
0
-8
-4
6
15
10
-1
-10
-9
-5
-1
-1
-8
-10
-4
3
0
-4
-4
-4
-10
-11
-8
6
19
20
18
22
19
17
19
18
19
21
16
20
23
18
10
-6
-23
-31
-32
-38
-36
-37
-42
-36
-28
-33
-43
-51
-53
-48
-48
-50
-49
-42
-36
-30
-26
-20
-5
0
-6
-11
-17
-15
-8
2
-1
-5
-7
-9
-13
-11
-4
6
6
2
0
-2
0
2
-7
-20
-22
-16
-3
9
7
0
-1
5
-1
-11
-11
-5
0
-4
-9
-10
-13
-11
-6
-8
-11
-11
-8
1
15
25
28
22
24
34
40
42
29
20
26
35
41
36
32
30
35
44
50
43
28
16
16
27
37
34
17
19
27
36
35
29
28
23
21
24
15
0
0
13
20
19
14
11
13
9
11
10
9
7
2
-6
-14
-15
-12
-6
-6
-2
-3
-2
11
16
13
12
11
13
22
26
19
16
6
5
16
17
16
6
1
-5
-10
-9
-16
-22
-18
-21
-19
-19
-26
-30
-33
-41
-46
-53
-64
-65
-64
-57
-52
-51
-47
-56
-57
-61
-53
-44
-51
-57
-62
-56
-50
-46
-54
-57
-49
-38
-27
-25
-22
-21
-16
-8
-13
-20
-21
-12
-2
3
4
3
11
19
19
14
8
5
10
21
25
21
8
9
20
22
16
9
9
21
26
34
33
17
5
6
11
8
14
23
44
62
62
59
50
51
45
35
33
31
36
43
40
30
24
19
22
22
29
43
50
43
30
19
12
1
-5
1
13
24
29
40
43
42
38
32
29
20
18
17
21
25
19
11
8
4
-7
-8
-9
-10
-6
-3
-13
-21
-22
-21
-22
-27
-33
-37
-30
-21
-19
-25
-26
-23
-21
-25
-13
-1
-8
-10
-12
-12
-10
-10
-9
-6
2
1
-2
-4
-14
-25
-34
-33
-29
-28
-22
-27
-31
-23
-19
-20
-19
-20
-23
-28
-33
-40
-39
-34
-32
-36
-40
-32
-23
-20
-22
-16
-10
-13
-7
-4
-6
-6
-13
-13
-4
6
4
-8
-6
5
12
2
-11
-9
-3
1
-2
-8
-9
-17
-26
-16
-5
-5
-12
-12
-8
-6
1
4
14
22
26
28
23
15
5
3
3
18
23
22
27
29
30
33
36
30
26
24
23
34
36
21
23
27
35
31
26
27
23
14
16
18
11
9
6
4
4
7
10
10
5
3
3
10
8
-3
-5
1
12
20
19
22
23
29
30
31
38
31
24
27
31
29
28
19
17
6
-5
-7
-7
-14
-32
-39
-41
-33
-13
-9
-7
-10
-2
6
9
10
3
2
-6
-9
-2
3
3
4
8
17
22
17
-1
-16
-13
-13
-6
-5
-3
2
3
-3
-14
-27
-34
-36
-31
-25
-28
-28
-35
-46
-53
-53
-49
-43
-37
-26
-16
-18
-19
-17
-11
-13
11
107
512
527
-20
-463
-585
-119
291
219
-101
-242
26
295
-24
-592
-703
-192
108
71
-142
-41
248
138
-304
-871
-894
-404
-40
-15
-236
-390
-302
-181
187
469
479
-70
-250
44
535
809
504
50
175
448
808
707
1
-225
-108
686
610
649
544
-88
228
426
89
-37
-307
-110
257
-90
263
-105
-255
-110
-202
-216
-423
-102
157
160
-61
-404
-298
165
123
135
-82
-135
1
225
49
-90
-448
46
218
-255
33
-370
40
128
-264
-268
-331
41
128
-159
-396
-485
12
-40
-122
-335
-478
93
-15
-357
-364
56
311
233
31
-463
-271
157
537
144
-188
-74
317
373
37
-380
-313
193
235
94
-165
-64
243
357
-106
-285
-147
237
507
196
-158
-35
-18
16
183
32
-191
-128
-91
-47
-21
50
242
250
-52
74
-12
170
274
242
217
-72
-5
84
444
314
-69
-174
-26
279
707
208
-145
-206
1
241
21
83
60
63
99
149
-104
6
155
196
42
-318
-372
-289
57
191
-44
-291
-361
15
121
-44
-262
-481
-242
116
110
-25
-213
-26
1
-330
-431
-436
-51
199
46
-134
-292
-181
28
-126
-384
-574
-309
8
-76
-251
-350
-249
-49
-238
-430
-483
-254
80
92
-95
-164
-32
162
111
-77
-85
-225
-101
74
321
496
294
173
90
-123
-45
62
388
565
551
617
346
493
446
387
263
175
353
656
767
878
646
474
290
38
37
29
231
455
500
709
883
1207
1145
425
64
-109
210
379
561
784
800
597
82
-594
-854
-775
-460
-434
-622
-583
-329
-28
-420
-1213
-1950
-2148
-1919
-1581
-1341
-1096
-1167
-1421
-1703
-2016
-2137
-2071
-1759
-1564
-1295
-1003
-544
-179
-67
-267
-550
-511
-179
330
798
1060
1243
1267
1146
1108
1059
1039
962
1070
1134
1276
1450
1525
1612
1376
1150
813
665
801
964
1088
960
854
603
314
292
348
207
119
45
264
269
313
600
926
1627
1883
1795
1045
695
949
1362
1443
1309
1440
1837
1698
1026
214
-92
210
84
-326
-948
-731
-260
-107
-968
-2159
-2881
-3053
-3033
-3186
-3273
-3322
-3272
-3330
-3481
-3898
-4129
-4155
-3761
-3497
-3223
-2922
-2146
-1248
-883
-1007
-1227
-992
-348
389
769
1009
1424
1857
2087
2046
1985
2099
2150
2116
2028
1980
2177
2422
2541
2278
1731
1380
1316
1370
1314
1112
911
886
702
566
505
604
621
379
245
-24
-33
281
476
707
624
637
728
632
560
438
763
1315
2045
2571
2766
2625
2261
1978
1561
1296
1277
1573
2092
2005
1585
914
528
365
-261
-944
-1654
-1680
-1387
-1292
-1498
-2174
-2776
-3321
-3938
-4549
-5055
-4984
-4708
-4394
-4324
-4385
-4286
-4359
-4416
-4477
-4300
-3825
-3085
-2252
-1453
-824
-395
45
309
499
721
1031
1541
1987
2427
2721
2973
3201
3162
2932
2633
2529
2561
2585
2564
2521
2426
2223
2009
1708
1412
1106
878
683
301
181
161
275
392
305
301
123
-26
-52
-64
77
242
639
1118
1646
2307
2671
2938
2723
2319
2116
1965
2149
2243
2470
2644
2393
1991
1304
799
394
-117
-576
-1099
-1363
-1479
-1496
-1809
-2538
-3304
-3988
-4445
-4916
-5301
-5417
-5377
-5263
-5324
-5232
-5094
-4943
-4761
-4618
-4355
-3953
-3316
-2538
-1703
-1007
-425
147
662
1083
1408
1697
2068
2453
2769
3010
3331
3602
3711
3632
3397
3242
3136
2999
2778
2607
2432
2240
2094
1949
1767
1463
1027
544
97
-91
-76
-15
33
-66
24
-27
-105
-265
-209
384
992
1713
2139
2584
2857
2600
2524
2242
2322
2378
2346
2633
2418
2274
1861
1538
1323
671
40
-708
-1075
-1277
-1515
-1803
-2426
-2910
-3545
-4065
-4754
-5345
-5601
-5826
-5835
-5984
-5819
-5511
-5326
-5089
-4936
-4531
-4169
-3678
-3039
-2311
-1466
-789
-53
554
1028
1362
1620
1962
2271
2623
2881
3125
3343
3423
3469
3368
3298
3132
2932
2740
2533
2391
2186
2056
1868
1589
1247
922
691
426
204
65
40
11
-110
-189
-215
-142
-71
375
1059
1782
2389
2733
3034
2796
2587
2461
2416
2563
2485
2703
2755
2486
2196
1728
1571
1097
480
-179
-824
-1079
-1372
-1600
-2134
-2757
-3296
-3875
-4434
-5193
-5594
-5804
-5983
-6142
-6226
-5873
-5625
-5381
-5125
-4746
-4238
-3827
-3233
-2522
-1655
-882
-227
449
1012
1562
1920
2232
2487
2714
2976
3152
3362
3427
3423
3427
3386
3288
3039
2785
2570
2316
2010
1700
1558
1339
1034
699
399
172
-57
-203
-321
-366
-410
-407
-402
-274
-42
489
1176
1849
2446
2872
3243
3112
2971
2883
2908
2943
2698
2690
2724
2580
2338
1812
1551
1139
562
-90
-838
-1230
-1612
-1995
-2618
-3242
-3700
-4207
-4738
-5369
-5720
-5888
-6081
-6290
-6360
-6111
-5831
-5539
-5140
-4570
-3901
-3350
-2731
-1971
-1146
-458
92
716
1307
1869
2293
2700
3060
3285
3455
3503
3542
3516
3456
3365
3231
3093
2897
2695
2440
2119
1769
1454
1196
877
516
238
-34
-301
-533
-662
-687
-720
-818
-828
-804
-575
-164
419
1088
1718
2386
2983
3218
3040
3012
3128
3313
3105
2791
2833
2887
2777
2300
1811
1639
1305
729
-152
-854
-1159
-1457
-1934
-2785
-3397
-3757
-4183
-4831
-5497
-5650
-5694
-5892
-6194
-6312
-5971
-5670
-5379
-4975
-4381
-3660
-3043
-2383
-1646
-852
-104
546
1110
1565
2010
2430
2845
3153
3353
3497
3559
3596
3512
3374
3260
3134
2951
2709
2469
2223
1966
1629
1317
1006
642
334
44
-150
-325
-495
-609
-666
-636
-654
-653
-632
-462
-27
598
1299
1945
2591
3211
3421
3270
3075
3074
3189
2999
2689
2566
2508
2469
2062
1610
1283
899
431
-403
-1120
-1561
-1930
-2451
-3235
-3914
-4354
-4762
-5257
-5681
-5805
-5860
-6002
-6161
-6146
-5905
-5641
-5245
-4767
-4176
-3538
-2797
-1926
-1072
-371
232
877
1420
1858
2226
2599
2989
3250
3426
3572
3680
3739
3699
3532
3305
3131
2953
2669
2329
2049
1888
1616
1266
885
664
484
182
-105
-321
-377
-422
-464
-586
-582
-523
-387
-32
351
1036
1808
2517
3166
3245
3321
3339
3302
3227
2809
2674
2588
2338
2111
1741
1590
1406
1008
411
-356
-942
-1429
-1860
-2606
-3462
-4117
-4549
-4954
-5540
-5880
-5915
-5906
-6113
-6272
-6153
-5845
-5618
-5403
-4930
-4364
-3737
-2974
-2078
-1070
-253
452
1116
1694
2212
2575
2887
3087
3244
3393
3486
3565
3602
3672
3648
3494
3220
2929
2699
2357
1961
1609
1321
1081
753
480
316
192
-34
-196
-303
-354
-323
-429
-400
-399
-288
129
585
1271
2005
2670
3356
3492
3558
3686
3742
3665
3129
2750
2533
2216
1863
1419
1276
1099
717
177
-496
-933
-1425
-1953
-2756
-3609
-4256
-4804
-5280
-5811
-6086
-6094
-6132
-6272
-6277
-6048
-5700
-5442
-5204
-4725
-4188
-3680
-2982
-2159
-1149
-255
452
1163
1791
2385
2771
3037
3217
3327
3371
3351
3360
3353
3412
3366
3211
3000
2757
2581
2289
1889
1507
1126
794
419
85
-120
-245
-346
-437
-426
-355
-322
-262
-210
-103
118
515
1076
1686
2407
3092
3696
3890
3979
4130
4227
4127
3638
3272
2912
2490
1981
1421
1119
798
383
-193
-800
-1181
-1615
-2201
-3084
-3934
-4598
-5233
-5862
-6420
-6545
-6542
-6585
-6675
-6504
-6032
-5653
-5255
-4810
-4172
-3570
-3037
-2321
-1510
-618
158
833
1505
2165
2849
3305
3610
3767
3831
3801
3621
3422
3228
3108
2884
2575
2321
2128
1976
1702
1344
1004
659
318
-59
-421
-616
-781
-899
-985
-966
-794
-619
-424
-250
57
592
1198
1866
2497
3195
3821
3998
4132
4232
4426
4434
4030
3746
3427
3118
2669
2052
1658
1278
827
162
-555
-1058
-1535
-2051
-2926
-3783
-4445
-5050
-5629
-6327
-6642
-6706
-6828
-6938
-6886
-6439
-5962
-5608
-5149
-4548
-3857
-3175
-2423
-1550
-677
143
903
1601
2228
2840
3376
3726
3886
3971
4055
4064
3933
3731
3487
3224
2905
2488
2114
1879
1590
1190
746
353
77
-273
-608
-892
-1144
-1338
-1535
-1590
-1490
-1356
-1157
-1040
-744
-182
459
1208
1904
2680
3463
3828
4105
4328
4591
4721
4424
4137
3796
3466
3064
2522
2124
1749
1422
931
307
-190
-722
-1228
-2086
-3081
-3846
-4517
-5116
-5859
-6400
-6544
-6714
-6955
-6959
-6604
-6046
-5667
-5322
-4742
-4107
-3469
-2794
-2036
-1221
-398
404
1172
1861
2547
3240
3752
3987
4107
4217
4305
4249
4023
3801
3546
3204
2811
2418
2159
1887
1476
1042
604
247
-64
-436
-791
-1187
-1487
-1694
-1882
-1959
-1949
-1723
-1573
-1406
-943
-307
467
1163
1854
2686
3163
3490
3791
4061
4310
4140
3931
3734
3478
3192
2683
2306
1954
1567
1165
626
233
-264
-776
-1515
-2478
-3299
-4026
-4599
-5310
-5968
-6298
-6523
-6750
-6876
-6689
-6220
-5774
-5379
-4831
-4206
-3556
-2821
-2045
-1299
-614
115
934
1694
2344
2955
3543
3913
4127
4304
4471
4617
4472
4238
3980
3706
3389
2970
2618
2269
1856
1408
1005
652
333
-20
-334
-708
-1083
-1335
-1531
-1636
-1752
-1789
-1710
-1623
-1361
-877
-259
411
1061
1757
2472
2923
3308
3622
3863
3906
3578
3324
3074
2801
2359
1813
1518
1225
916
453
10
-256
-655
-1182
-2008
-2850
-3536
-4144
-4809
-5585
-6165
-6477
-6657
-6864
-6822
-6495
-6023
-5516
-5035
-4345
-3666
-2908
-2110
-1431
-747
-133
633
1362
2005
2577
3091
3629
3914
4167
4356
4536
4622
4452
4261
4038
3815
3495
3097
2694
2267
1864
1393
1026
672
344
65
-330
-609
-909
-1093
-1240
-1423
-1474
-1524
-1445
-1310
-950
-443
27
704
1322
2026
2545
2916
3439
3701
3880
3659
3341
3203
2849
2459
1829
1377
1144
860
534
25
-249
-531
-928
-1581
-2432
-3055
-3710
-4369
-5167
-5877
-6284
-6616
-6889
-7059
-6901
-6556
-6078
-5568
-4950
-4190
-3472
-2607
-1834
-1172
-539
106
877
1487
2023
2518
3054
3514
3794
4086
4312
4523
4553
4445
4319
4156
3940
3590
3205
2776
2341
1893
1444
1085
743
399
66
-284
-473
-631
-805
-982
-1212
-1258
-1306
-1324
-1151
-847
-376
113
646
1291
1977
2517
2959
3334
3605
3729
3570
3354
3120
2751
2253
1666
1198
835
478
59
-318
-585
-860
-1165
-1762
-2413
-3017
-3704
-4354
-5156
-5768
-6184
-6578
-6844
-6995
-6807
-6459
-5977
-5387
-4690
-3861
-3139
-2299
-1492
-764
-101
468
1138
1679
2128
2579
3053
3483
3738
3933
4142
4292
4313
4245
4139
3976
3705
3366
2977
2592
2165
1689
1276
874
516
193
-112
-333
-565
-706
-834
-945
-986
-1073
-1083
-1108
-976
-674
-312
58
497
1142
1804
2306
2618
3060
3516
3757
3652
3368
3246
2975
2518
1863
1258
926
515
68
-494
-858
-1001
-1266
-1684
-2382
-2880
-3320
-3887
-4545
-5260
-5689
-6098
-6449
-6711
-6746
-6493
-6159
-5597
-5008
-4294
-3495
-2569
-1544
-778
-69
585
1305
1910
2280
2661
3015
3338
3489
3625
3833
3990
4033
3945
3882
3806
3680
3474
3180
2831
2388
1950
1498
1029
590
142
-227
-589
-919
-1060
-1128
-1155
-1196
-1202
-1067
-1008
-846
-591
-224
215
569
1106
1648
2170
2546
2888
3318
3515
3547
3408
3304
3157
2762
2274
1715
1288
836
306
-233
-729
-1048
-1402
-1847
-2450
-2955
-3353
-3864
-4439
-5075
-5478
-5819
-6158
-6329
-6395
-6224
-6012
-5571
-4967
-4321
-3585
-2822
-1850
-1041
-310
454
1176
1855
2290
2718
3107
3392
3577
3682
3832
3882
3821
3733
3628
3481
3287
3074
2840
2518
2114
1723
1340
945
524
86
-251
-607
-894
-1119
-1269
-1316
-1378
-1302
-1267
-1140
-989
-722
-258
84
509
951
1515
2118
2453
2852
3249
3608
3786
3625
3523
3410
3200
2742
2114
1616
1174
758
173
-437
-865
-1242
-1610
-2184
-2768
-3210
-3675
-4198
-4808
-5286
-5611
-5892
-6154
-6300
-6247
-6054
-5685
-5193
-4558
-3844
-3068
-2191
-1348
-519
289
1052
1738
2276
2796
3233
3543
3731
3870
4023
4043
3995
3891
3773
3624
3384
3158
2911
2606
2236
1813
1379
945
508
72
-384
-800
-1125
-1394
-1610
-1790
-1814
-1764
-1681
-1585
-1442
-1174
-912
-598
-240
173
635
1176
1776
2305
2675
2997
3390
3705
3838
3731
3661
3616
3336
2868
2254
1764
1289
681
15
-680
-1124
-1501
-1932
-2496
-3119
-3522
-3921
-4392
-4899
-5304
-5473
-5700
-5907
-5949
-5818
-5504
-5192
-4724
-4147
-3512
-2736
-1893
-991
-201
518
1302
2041
2659
3106
3495
3855
4037
4100
4053
4006
3947
3753
3502
3211
2943
2668
2331
1999
1643
1288
921
534
138
-292
-689
-1020
-1359
-1680
-1906
-2010
-2027
-2050
-1975
-1779
-1501
-1246
-1022
-615
-113
370
804
1360
2015
2589
2930
3236
3625
3921
3987
3844
3774
3642
3328
2846
2273
1777
1223
624
-19
-672
-1156
-1611
-2048
-2608
-3190
-3613
-3999
-4377
-4847
-5179
-5336
-5471
-5575
-5558
-5322
-5018
-4657
-4205
-3606
-2883
-2159
-1364
-560
233
999
1709
2355
2898
3374
3724
3974
4108
4149
4156
4052
3852
3547
3261
3008
2695
2369
2020
1672
1296
892
491
116
-262
-669
-1048
-1383
-1681
-1919
-2081
-2157
-2186
-2143
-2035
-1859
-1677
-1458
-1170
-832
-404
-11
461
927
1468
2023
2489
2888
3167
3505
3767
3870
3776
3583
3454
3123
2574
1906
1301
838
193
-526
-1233
-1696
-2049
-2484
-2954
-3408
-3658
-3912
-4167
-4416
-4612
-4666
-4702
-4725
-4686
-4534
-4250
-3888
-3476
-3009
-2410
-1688
-890
-158
535
1281
2016
2674
3141
3555
3889
4062
4074
3955
3818
3565
3256
2915
2579
2276
1924
1618
1325
1038
747
445
173
-137
-446
-784
-1098
-1385
-1648
-1825
-1979
-2037
-2071
-2035
-1915
-1749
-1465
-1195
-871
-506
-137
295
760
1215
1674
2159
2587
2956
3175
3421
3682
3815
3741
3445
3235
2964
2549
1945
1290
806
215
-400
-1089
-1655
-1987
-2380
-2723
-3146
-3429
-3537
-3687
-3807
-3993
-4053
-4049
-4078
-4048
-3993
-3783
-3543
-3249
-2861
-2380
-1760
-1103
-425
213
861
1526
2159
2669
3035
3320
3494
3504
3379
3223
3035
2775
2432
2082
1781
1471
1184
930
707
493
248
29
-151
-342
-558
-787
-1010
-1244
-1466
-1625
-1708
-1757
-1784
-1739
-1559
-1344
-1114
-834
-517
-99
220
586
969
1383
1793
2084
2497
2762
2966
3047
3136
3324
3285
3132
2841
2637
2375
1818
1240
661
240
-249
-855
-1377
-1787
-1996
-2265
-2547
-2825
-3005
-3061
-3192
-3342
-3480
-3503
-3473
-3485
-3496
-3434
-3210
-2964
-2677
-2359
-1943
-1382
-799
-200
309
838
1348
1779
2118
2344
2557
2685
2724
2641
2503
2389
2193
1947
1639
1348
1119
880
654
404
227
83
-85
-239
-414
-545
-679
-841
-973
-1114
-1196
-1248
-1269
-1232
-1182
-1044
-854
-644
-392
-133
189
481
729
1046
1307
1564
1754
2055
2374
2572
2660
2707
2956
3062
2964
2730
2568
2469
2120
1627
1118
748
388
-99
-555
-1009
-1268
-1481
-1724
-1994
-2316
-2440
-2539
-2670
-2916
-3126
-3150
-3196
-3293
-3400
-3334
-3133
-2972
-2807
-2598
-2232
-1798
-1362
-935
-502
-25
472
938
1271
1542
1778
1995
2074
2011
1934
1883
1815
1605
1332
1110
981
844
628
457
348
277
171
33
-44
-145
-229
-350
-504
-660
-796
-851
-916
-955
-959
-861
-693
-543
-370
-145
139
392
550
735
955
1179
1389
1509
1753
2020
2278
2461
2557
2828
3022
3151
3093
2966
2962
2778
2485
1998
1550
1197
687
151
-485
-888
-1175
-1550
-1901
-2302
-2465
-2602
-2788
-2994
-3235
-3307
-3423
-3540
-3684
-3843
-3864
-3832
-3729
-3637
-3453
-3076
-2578
-2061
-1613
-1075
-433
214
706
1103
1498
1854
2102
2182
2218
2208
2167
2043
1848
1657
1483
1395
1273
1096
945
855
835
716
539
383
275
149
-93
-333
-533
-647
-803
-973
-1056
-1070
-986
-909
-756
-593
-396
-105
145
423
647
938
1322
1629
1850
2083
2496
2908
3196
3331
3562
3869
4034
4013
3828
3714
3518
3122
2563
1957
1468
938
326
-368
-1008
-1440
-1848
-2249
-2769
-3199
-3427
-3647
-3880
-4222
-4490
-4631
-4764
-4889
-5015
-5009
-4875
-4677
-4451
-4208
-3805
-3247
-2609
-2044
-1497
-817
-79
599
1120
1570
2017
2387
2642
2790
2852
2877
2820
2698
2507
2270
2068
1888
1686
1413
1147
957
791
565
304
85
-113
-329
-586
-823
-991
-1127
-1238
-1313
-1345
-1267
-1105
-861
-592
-328
0
392
811
1151
1460
1772
2136
2448
2704
2946
3188
3574
3829
4015
4065
4145
4338
4332
4225
3896
3623
3333
2788
2089
1245
612
-24
-804
-1628
-2453
-2921
-3328
-3762
-4233
-4638
-4734
-4834
-4923
-5089
-5208
-5168
-5172
-5170
-5218
-5167
-5000
-4786
-4520
-4268
-3832
-3218
-2497
-1798
-1143
-355
515
1361
2035
2567
3074
3491
3764
3857
3805
3716
3530
3236
2863
2483
2159
1869
1579
1277
1008
822
698
550
375
174
8
-121
-291
-502
-694
-828
-954
-1063
-1127
-1107
-958
-774
-509
-168
222
676
1089
1525
1853
2137
2437
2660
2837
2881
2924
3002
2977
2973
2993
3034
3061
2929
2902
2883
2815
2603
2207
1902
1475
944
261
-442
-1020
-1709
-2390
-3134
-3737
-4095
-4416
-4640
-4944
-5089
-5047
-4984
-4873
-4865
-4778
-4653
-4558
-4469
-4412
-4254
-4062
-3831
-3563
-3244
-2774
-2180
-1480
-807
-130
608
1372
2113
2718
3231
3648
3942
4093
4110
4022
3861
3610
3288
2926
2545
2207
1910
1666
1434
1211
1054
962
860
728
574
436
282
104
-96
-314
-518
-726
-891
-1002
-1046
-1004
-886
-686
-420
-64
374
820
1234
1568
1869
2127
2288
2334
2309
2220
2074
1867
1666
1473
1333
1344
1274
1233
1139
1195
1375
1378
1328
1087
959
758
331
-207
-825
-1244
-1799
-2444
-3087
-3621
-3789
-3977
-4120
-4304
-4321
-4027
-3789
-3551
-3469
-3341
-3156
-3079
-3051
-3144
-3160
-3139
-3141
-3127
-3058
-2763
-2304
-1723
-1140
-536
271
1202
2111
2862
3522
4129
4599
4902
5026
5007
4884
4619
4225
3754
3274
2818
2384
1969
1556
1208
972
829
689
518
370
267
130
-97
-385
-677
-961
-1278
-1607
-1885
-2072
-2174
-2220
-2180
-2042
-1773
-1396
-959
-504
-57
416
848
1191
1412
1545
1636
1626
1534
1381
1223
1071
903
775
677
761
920
1055
1175
1272
1553
1753
1881
1843
1708
1642
1340
908
314
-216
-698
-1349
-1980
-2596
-2912
-3074
-3272
-3436
-3613
-3524
-3366
-3201
-3084
-3085
-2987
-2925
-2881
-2911
-2979
-2949
-2907
-2818
-2722
-2469
-2002
-1432
-826
-282
388
1205
2074
2845
3438
3943
4356
4699
4879
4856
4776
4577
4303
3864
3361
2935
2501
2097
1570
1093
716
397
85
-322
-682
-1020
-1299
-1628
-2038
-2352
-2576
-2727
-2952
-3186
-3254
-3190
-3006
-2854
-2673
-2371
-1963
-1485
-1009
-510
-23
453
961
1428
1834
2230
2589
2873
3040
3162
3261
3301
3243
3037
2772
2581
2375
2245
2137
1966
1770
1509
1480
1436
1292
1080
818
715
429
15
-466
-862
-1140
-1683
-2251
-2769
-3018
-3073
-3267
-3437
-3644
-3610
-3409
-3230
-3050
-2973
-2807
-2606
-2409
-2266
-2185
-2017
-1881
-1796
-1751
-1605
-1270
-907
-574
-331
13
525
1077
1586
1953
2271
2548
2760
2902
2879
2730
2522
2248
1879
1436
1089
923
749
458
120
-45
11
64
26
-110
-167
-134
-193
-352
-549
-661
-809
-1023
-1222
-1331
-1211
-1011
-841
-714
-488
-34
428
800
1028
1215
1471
1702
1816
1777
1731
1672
1536
1354
1198
1135
1105
1088
1034
951
946
994
1009
895
732
603
555
641
604
445
243
177
225
180
147
87
159
269
238
120
18
104
48
-256
-629
-932
-966
-1072
-1377
-1849
-2251
-2372
-2535
-2756
-3060
-3295
-3383
-3481
-3562
-3675
-3651
-3525
-3447
-3407
-3339
-3052
-2634
-2186
-1843
-1536
-1044
-418
250
769
1191
1667
2148
2615
2970
3197
3409
3578
3656
3596
3484
3450
3432
3344
3145
2968
2917
2884
2763
2522
2266
2030
1796
1504
1077
648
229
-210
-714
-1220
-1627
-1970
-2249
-2499
-2631
-2528
-2302
-2093
-1917
-1669
-1341
-1030
-747
-568
-441
-296
-147
-57
-29
25
84
135
180
282
469
739
1030
1240
1408
1563
1694
1728
1691
1567
1451
1422
1308
1092
770
585
498
316
125
-28
6
50
-35
-162
-236
-174
-254
-515
-845
-1084
-1156
-1300
-1584
-2009
-2329
-2422
-2491
-2654
-2902
-3040
-3017
-2926
-2850
-2813
-2672
-2438
-2217
-2039
-1873
-1577
-1150
-721
-436
-212
180
708
1211
1563
1825
2138
2494
2812
3001
3089
3156
3202
3175
3040
2837
2657
2514
2288
1926
1549
1307
1192
1049
852
634
480
419
353
202
-11
-181
-371
-586
-822
-1124
-1408
-1634
-1840
-2085
-2277
-2307
-2216
-2038
-1864
-1697
-1436
-1095
-762
-551
-379
-181
-28
63
117
138
119
103
78
37
45
143
287
446
608
800
1035
1329
1555
1642
1702
1796
1881
1940
2055
2069
1950
1831
1817
1833
1770
1656
1539
1523
1485
1275
984
817
699
365
-133
-594
-897
-1091
-1402
-1876
-2410
-2786
-3013
-3232
-3453
-3697
-3902
-3998
-3969
-3923
-3874
-3754
-3577
-3397
-3211
-2924
-2512
-2016
-1571
-1251
-874
-337
278
822
1244
1625
1979
2354
2732
3016
3186
3283
3337
3335
3258
3133
3007
2882
2696
2392
2085
1890
1742
1553
1279
990
775
645
503
237
-53
-298
-497
-733
-1034
-1354
-1672
-1923
-2158
-2405
-2569
-2592
-2519
-2434
-2337
-2138
-1767
-1284
-862
-524
-157
288
688
954
1137
1275
1374
1418
1428
1394
1363
1331
1293
1280
1282
1327
1432
1578
1654
1620
1626
1690
1703
1564
1343
1136
972
906
757
509
279
160
138
56
-53
-173
-163
-101
-210
-426
-575
-566
-643
-948
-1356
-1658
-1719
-1761
-2008
-2392
-2642
-2635
-2589
-2613
-2692
-2709
-2592
-2413
-2247
-2130
-1974
-1750
-1525
-1368
-1264
-1090
-738
-356
-158
-69
166
592
994
1236
1385
1565
1801
2006
2104
2096
2063
2027
1943
1766
1503
1286
1156
1030
785
479
309
312
346
266
135
118
230
344
349
306
327
405
423
351
246
153
84
-25
-210
-408
-528
-579
-632
-731
-813
-789
-644
-483
-398
-306
-120
83
223
292
334
398
445
402
285
186
145
117
48
-18
-28
65
203
320
451
627
835
1033
1194
1300
1341
1353
1334
1232
1103
1040
1090
1075
907
742
751
897
932
852
796
876
969
853
633
443
292
49
-397
-917
-1372
-1657
-1921
-2347
-2844
-3224
-3353
-3388
-3506
-3683
-3781
-3689
-3514
-3392
-3326
-3221
-3017
-2804
-2650
-2501
-2263
-1902
-1540
-1261
-1001
-602
-30
552
1013
1361
1742
2218
2666
2942
3044
3119
3198
3207
3081
2853
2665
2504
2296
2000
1687
1487
1374
1269
1113
942
849
842
851
784
664
579
548
505
394
234
105
28
-58
-200
-341
-405
-413
-409
-448
-468
-383
-242
-123
-71
-16
101
230
309
321
301
283
258
175
26
-141
-295
-436
-585
-733
-831
-855
-811
-773
-729
-617
-447
-269
-135
-17
93
204
284
314
315
281
225
172
205
313
380
404
462
624
822
938
1003
1059
1139
1137
969
736
532
336
10
-480
-995
-1384
-1603
-1849
-2222
-2603
-2833
-2875
-2879
-2911
-2944
-2927
-2818
-2676
-2540
-2412
-2279
-2096
-1912
-1765
-1634
-1412
-1055
-708
-421
-155
226
720
1218
1630
1946
2272
2622
2948
3173
3273
3309
3301
3240
3095
2877
2656
2443
2197
1877
1549
1316
1171
1049
850
618
479
453
432
314
167
44
-47
-137
-272
-427
-559
-654
-748
-869
-986
-1047
-1040
-1016
-1054
-1092
-1038
-916
-825
-812
-810
-771
-720
-687
-675
-678
-674
-664
-667
-656
-625
-570
-510
-462
-412
-349
-238
-101
13
101
205
366
546
710
838
941
1066
1207
1312
1380
1413
1434
1428
1364
1258
1143
1049
1002
998
948
839
753
783
841
808
695
606
624
599
382
80
-161
-353
-622
-1059
-1541
-1860
-2009
-2189
-2504
-2828
-2974
-2938
-2875
-2879
-2887
-2809
-2647
-2449
-2299
-2207
-2073
-1859
-1652
-1524
-1432
-1241
-914
-593
-372
-144
227
717
1194
1571
1871
2192
2551
2859
3026
3068
3075
3055
2950
2711
2404
2115
1851
1557
1169
786
510
348
227
64
-108
-211
-201
-194
-282
-374
-409
-421
-462
-570
-691
-776
-809
-848
-909
-935
-883
-752
-611
-510
-404
-228
15
220
341
424
519
603
628
588
516
459
396
315
202
128
108
110
115
96
110
192
294
352
394
459
536
605
657
680
699
724
753
753
730
718
730
745
708
651
614
590
514
390
275
260
327
348
274
176
191
283
315
225
87
38
1
-169
-473
-798
-1059
-1336
-1746
-2272
-2710
-2937
-3082
-3314
-3646
-3887
-3892
-3771
-3659
-3597
-3511
-3310
-3004
-2687
-2440
-2212
-1921
-1571
-1252
-1001
-708
-299
171
583
906
1295
1812
2366
2844
3204
3521
3862
4194
4403
4445
4361
4228
4043
3746
3332
2866
2421
1991
1511
989
533
225
22
-180
-424
-608
-641
-594
-587
-648
-712
-700
-657
-680
-766
-820
-791
-758
-780
-804
-749
-582
-381
-225
-93
96
360
633
832
949
1063
1207
1331
1338
1257
1184
1123
1002
793
571
399
276
120
-69
-237
-350
-409
-458
-519
-605
-694
-734
-771
-856
-979
-1106
-1199
-1300
-1417
-1529
-1597
-1608
-1639
-1681
-1682
-1626
-1541
-1478
-1434
-1362
-1252
-1140
-1074
-1037
-914
-696
-467
-290
-167
17
301
586
788
909
1069
1270
1398
1394
1313
1254
1211
1061
775
474
321
265
136
-100
-327
-415
-406
-399
-456
-535
-544
-494
-434
-421
-457
-470
-444
-423
-453
-471
-395
-255
-136
-71
38
291
610
892
1092
1271
1498
1726
1892
1955
1939
1881
1774
1614
1375
1080
796
521
225
-104
-404
-600
-712
-816
-937
-995
-956
-865
-801
-746
-689
-627
-555
-519
-524
-534
-522
-522
-535
-545
-548
-500
-411
-321
-217
-76
114
329
514
661
808
976
1118
1206
1240
1235
1211
1145
1033
901
758
602
447
301
159
38
-41
-103
-161
-213
-263
-284
-289
-312
-353
-392
-426
-482
-552
-629
-697
-756
-822
-886
-923
-922
-900
-854
-788
-716
-622
-500
-375
-274
-195
-125
-35
43
90
122
181
279
373
420
440
500
581
628
637
631
642
638
547
364
174
24
-142
-400
-703
-970
-1132
-1243
-1390
-1570
-1714
-1752
-1719
-1669
-1642
-1616
-1539
-1393
-1246
-1124
-1009
-859
-694
-546
-398
-212
33
296
537
738
972
1253
1557
1844
2062
2228
2371
2509
2599
2597
2540
2442
2305
2110
1859
1590
1334
1082
802
514
260
78
-55
-188
-302
-376
-412
-434
-449
-477
-510
-528
-549
-584
-609
-630
-643
-641
-653
-635
-570
-482
-389
-285
-141
28
195
345
473
599
709
756
734
669
572
456
296
92
-130
-355
-576
-787
-980
-1160
-1301
-1387
-1434
-1469
-1466
-1423
-1343
-1247
-1179
-1084
-960
-844
-756
-681
-584
-484
-385
-298
-200
-73
72
217
365
525
692
862
1027
1158
1261
1355
1421
1440
1409
1347
1265
1174
1073
937
815
718
651
620
574
525
513
535
537
492
441
394
307
157
-49
-264
-494
-745
-1034
-1351
-1631
-1844
-2011
-2179
-2337
-2435
-2451
-2382
-2294
-2229
-2138
-1987
-1792
-1631
-1496
-1332
-1145
-957
-812
-658
-461
-234
20
249
484
756
1060
1395
1687
1932
2152
2363
2544
2651
2703
2700
2648
2549
2389
2191
1978
1764
1547
1316
1107
932
803
699
583
476
405
366
329
259
154
41
-58
-174
-333
-504
-673
-841
-976
-1083
-1167
-1214
-1224
-1184
-1105
-1002
-874
-726
-571
-423
-285
-155
-30
67
130
178
201
199
183
160
145
143
141
146
162
180
202
240
276
293
284
268
235
170
68
-65
-211
-357
-508
-670
-825
-947
-1045
-1130
-1181
-1186
-1161
-1115
-1049
-972
-891
-802
-716
-630
-548
-486
-438
-396
-355
-327
-300
-268
-232
-195
-132
-32
89
198
284
371
481
592
686
750
762
736
678
586
463
337
215
81
-73
-207
-296
-350
-391
-430
-437
-396
-317
-234
-157
-88
-15
65
138
192
218
243
266
279
289
304
360
437
514
592
680
787
914
1044
1163
1260
1335
1384
1404
1372
1290
1186
1060
903
707
518
340
156
-19
-172
-296
-396
-485
-563
-614
-636
-646
-645
-649
-669
-677
-655
-624
-607
-595
-574
-539
-477
-401
-319
-235
-140
-36
74
188
297
403
504
587
640
670
693
697
661
580
474
354
211
46
-110
-249
-381
-503
-627
-726
-790
-838
-874
-915
-948
-946
-910
-866
-835
-809
-767
-703
-651
-625
-589
-523
-449
-383
-329
-261
-186
-101
-35
16
65
107
161
200
222
240
254
250
222
195
165
137
108
63
26
-4
-29
-66
-115
-168
-208
-227
-247
-269
-290
-288
-263
-235
-198
-162
-123
-83
-30
33
94
161
227
280
335
395
449
499
547
585
629
690
751
803
858
918
952
970
990
1013
1032
1031
1000
968
918
841
751
641
521
382
230
102
-10
-124
-239
-347
-437
-517
-585
-637
-676
-699
-725
-732
-719
-699
-677
-652
-616
-566
-505
-441
-368
-287
-196
-95
2
90
169
247
319
372
407
441
456
459
445
395
323
235
156
75
-21
-110
-198
-279
-352
-422
-474
-506
-535
-559
-567
-568
-559
-543
-523
-511
-489
-456
-414
-365
-323
-265
-207
-147
-89
-39
23
93
160
217
272
327
368
396
417
412
388
358
332
296
253
203
146
82
20
-43
-95
-132
-175
-215
-242
-265
-286
-294
-314
-332
-349
-382
-408
-416
-412
-412
-405
-388
-376
-376
-365
-337
-308
-288
-269
-225
-157
-96
-53
-11
41
95
132
160
198
246
285
329
373
405
432
461
481
508
528
537
545
543
541
546
564
583
590
590
592
609
633
659
670
685
690
678
668
651
625
601
557
488
419
360
315
271
216
147
81
24
-45
-101
-161
-224
-271
-325
-373
-423
-472
-525
-564
-585
-610
-641
-669
-680
-687
-680
-667
-648
-622
-598
-579
-553
-505
-456
-427
-398
-357
-321
-282
-252
-227
-183
-139
-94
-53
-19
0
16
38
54
74
88
82
81
67
40
6
-33
-77
-112
-146
-190
-223
-250
-293
-333
-370
-409
-446
-483
-502
-506
-512
-526
-522
-503
-475
-433
-387
-329
-263
-194
-105
-2
98
198
295
392
473
555
640
710
777
835
876
903
928
945
942
940
932
910
886
852
822
782
731
675
595
516
448
385
330
272
193
114
49
-6
-51
-98
-156
-207
-248
-274
-281
-288
-291
-273
-232
-189
-159
-136
-99
-67
-40
-16
1
25
41
39
22
-4
-23
-38
-65
-92
-127
-170
-217
-246
-267
-309
-347
-379
-418
-444
-465
-486
-500
-517
-539
-541
-532
-534
-539
-534
-521
-499
-464
-443
-404
-350
-312
-278
-238
-189
-148
-98
-31
21
65
95
118
165
203
220
233
243
258
278
281
282
285
283
275
267
261
249
237
221
195
173
146
104
66
30
-2
-26
-64
-96
-115
-113
-94
-90
-84
-71
-40
7
52
109
166
224
279
337
394
445
479
495
513
526
529
523
505
476
433
385
343
303
240
176
124
70
14
-57
-134
-208
-272
-334
-403
-454
-496
-533
-549
-559
-562
-550
-522
-485
-447
-412
-350
-265
-182
-117
-57
8
66
126
179
226
272
315
346
373
398
422
436
430
425
410
392
369
353
331
293
260
219
157
97
30
-49
-126
-193
-254
-332
-408
-462
-508
-550
-592
-621
-638
-648
-659
-655
-635
-620
-603
-578
-552
-527
-502
-464
-416
-357
-313
-272
-224
-170
-108
-52
5
63
124
197
281
357
420
472
522
560
587
592
590
593
579
553
528
505
473
431
392
360
321
274
230
212
206
197
174
138
110
87
75
66
47
30
18
-4
-18
-28
-52
-76
-93
-100
-104
-103
-101
-96
-86
-76
-74
-73
-71
-55
-39
-31
-27
-38
-41
-30
-13
-3
3
20
42
63
86
99
119
149
179
218
259
272
251
230
210
190
166
113
58
6
-41
-92
-124
-157
-214
-266
-297
-321
-355
-378
-392
-403
-416
-426
-432
-434
-439
-453
-448
-445
-450
-442
-411
-376
-353
-328
-295
-267
-240
-206
-184
-164
-144
-115
-87
-73
-55
-44
-42
-39
-48
-49
-35
-10
16
48
79
104
120
144
182
223
249
269
290
325
373
405
411
416
423
428
428
435
445
453
467
485
501
500
494
475
450
446
440
409
370
332
295
247
199
163
126
86
47
16
-14
-64
-103
-119
-142
-172
-205
-230
-260
-284
-291
-304
-325
-340
-341
-340
-331
-318
-310
-312
-314
-319
-304
-280
-265
-238
-216
-194
-165
-144
-140
-142
-139
-119
-97
-82
-63
-35
-1
30
56
72
90
120
152
175
191
197
206
221
226
218
186
158
134
103
69
35
-13
-52
-80
-113
-156
-197
-220
-235
-248
-266
-280
-285
-286
-286
-277
-269
-259
-240
-214
-185
-148
-98
-61
-19
32
81
134
182
212
252
291
310
319
323
325
315
304
290
261
231
198
176
157
127
105
93
72
55
38
2
-26
-36
-55
-66
-70
-83
-103
-119
-118
-107
-112
-132
-143
-139
-116
-93
-74
-55
-40
-20
5
36
57
63
73
86
88
86
71
57
43
27
13
-9
-29
-54
-73
-76
-89
-97
-103
-117
-125
-122
-111
-91
-77
-71
-58
-39
-19
10
30
55
84
122
160
190
232
275
312
343
354
354
361
366
359
342
321
299
279
243
200
148
96
57
9
-43
-104
-163
-221
-282
-341
-393
-433
-476
-524
-548
-559
-573
-582
-583
-565
-545
-525
-490
-460
-422
-374
-312
-251
-202
-152
-92
-22
58
142
208
265
327
398
463
512
550
587
619
647
662
664
666
657
639
605
555
490
414
343
274
203
111
4
-93
-187
-273
-347
-417
-482
-529
-562
-592
-603
-606
-605
-591
-559
-526
-481
-424
-371
-304
-245
-192
-134
-68
-5
54
106
149
193
238
283
320
338
348
351
350
345
341
327
299
267
230
204
192
162
117
86
58
47
27
-1
-24
-58
-81
-92
-102
-104
-111
-114
-110
-108
-110
-119
-127
-128
-137
-147
-164
-180
-191
-201
-218
-234
-253
-271
-268
-248
-225
-219
-205
-188
-181
-159
-123
-89
-56
-23
15
53
85
121
174
230
272
303
346
381
419
455
471
496
515
533
542
540
537
525
505
491
477
458
431
394
349
291
234
183
136
90
42
-11
-57
-103
-160
-215
-273
-316
-355
-387
-422
-462
-486
-514
-551
-579
-596
-600
-597
-599
-597
-583
-565
-559
-550
-541
-531
-502
-465
-433
-403
-363
-313
-255
-195
-132
-69
-18
33
87
161
227
280
324
350
375
398
421
432
440
446
442
437
431
423
410
389
378
368
356
340
321
315
294
271
245
198
151
108
70
18
-34
-66
-105
-148
-184
-215
-238
-255
-274
-288
-289
-278
-258
-235
-226
-218
-214
-206
-194
-176
-155
-131
-113
-89
-54
-26
-5
22
56
97
144
184
223
261
285
292
297
300
300
292
280
260
229
197
171
158
140
99
55
19
-1
-22
-41
-42
-52
-71
-90
-116
-137
-158
-174
-183
-189
-196
-207
-211
-219
-228
-233
-224
-207
-195
-177
-155
-126
-95
-73
-53
-34
-21
-11
-13
-10
-10
-9
-1
4
19
20
23
31
50
82
113
130
138
149
153
171
187
189
202
199
186
179
169
158
140
122
119
112
105
92
71
58
57
67
76
65
45
26
11
-12
-41
-78
-116
-144
-165
-193
-220
-246
-276
-290
-296
-304
-309
-309
-307
-305
-301
-296
-292
-286
-284
-283
-269
-250
-233
-211
-187
-170
-161
-147
-133
-103
-58
-10
48
111
162
209
259
307
351
389
417
435
448
465
480
481
477
470
451
424
393
365
360
346
320
278
233
185
140
92
39
-2
-53
-105
-159
-196
-233
-278
-311
-338
-354
-353
-354
-359
-357
-347
-326
-301
-290
-280
-264
-229
-200
-181
-151
-113
-87
-65
-49
-37
-5
29
60
81
104
133
162
198
228
251
269
299
321
330
327
309
293
277
258
234
211
181
151
134
115
96
81
53
20
-9
-45
-74
-95
-125
-158
-193
-222
-236
-253
-261
-278
-297
-295
-285
-266
-245
-231
-205
-181
-165
-144
-120
-80
-53
-31
-4
31
65
86
109
128
143
140
141
146
149
154
152
141
130
125
118
110
104
91
78
63
47
28
3
-30
-56
-86
-116
-143
-169
-192
-213
-236
-251
-258
-271
-280
-285
-291
-293
-301
-302
-293
-266
-230
-212
-202
-187
-170
-151
-127
-107
-76
-44
-8
28
62
87
111
149
186
229
259
285
319
351
376
392
417
439
458
476
487
493
490
484
474
461
444
426
406
376
352
326
302
269
239
214
180
145
95
45
-4
-54
-96
-132
-179
-231
-258
-281
-321
-360
-392
-410
-422
-440
-461
-477
-480
-469
-452
-432
-418
-408
-376
-332
-286
-251
-223
-196
-164
-134
-102
-66
-40
-16
15
51
85
117
153
177
206
234
254
281
299
309
312
311
287
252
217
185
172
153
122
65
8
-39
-64
-84
-118
-158
-180
-187
-196
-214
-232
-244
-249
-255
-269
-270
-269
-259
-239
-224
-223
-211
-202
-184
-152
-119
-74
-35
1
40
78
109
122
141
169
188
209
227
237
232
233
243
253
246
226
211
202
198
196
201
203
199
199
197
185
172
154
138
126
119
101
93
89
76
57
35
28
8
-10
-17
-35
-63
-90
-105
-110
-110
-110
-122
-142
-153
-170
-184
-181
-184
-191
-195
-188
-185
-188
-188
-179
-170
-157
-145
-128
-98
-70
-42
-26
-12
13
28
44
57
73
102
130
150
172
193
205
213
219
232
237
244
238
219
202
177
171
172
156
129
96
62
44
24
-6
-43
-72
-91
-109
-140
-181
-201
-222
-241
-263
-279
-295
-296
-300
-310
-313
-320
-326
-324
-315
-295
-267
-236
-206
-169
-129
-85
-56
-23
9
35
72
107
142
164
185
208
216
221
229
243
258
264
266
265
264
267
271
271
258
233
205
184
168
149
129
101
73
39
-1
-29
-50
-64
-80
-90
-97
-108
-119
-122
-121
-114
-113
-113
-111
-117
-113
-98
-78
-70
-65
-52
-38
-43
-48
-47
-37
-30
-30
-34
-26
-23
-37
-37
-39
-36
-39
-43
-53
-65
-62
-62
-66
-83
-89
-86
-79
-66
-55
-39
-18
9
29
36
45
67
75
74
84
105
127
143
145
133
132
124
122
128
139
148
155
168
169
157
131
107
88
75
63
41
25
3
-22
-35
-53
-81
-110
-127
-129
-122
-123
-129
-133
-133
-129
-125
-119
-120
-109
-90
-71
-54
-39
-21
-10
5
23
50
78
103
124
141
157
166
167
162
165
168
162
142
102
69
41
22
2
-25
-55
-95
-124
-143
-166
-188
-213
-226
-222
-219
-224
-228
-221
-203
-199
-196
-207
-219
-204
-181
-157
-139
-122
-102
-74
-46
-28
-15
-1
26
56
82
96
112
133
144
149
161
172
171
168
166
167
177
185
172
162
159
165
168
169
172
166
166
162
154
140
118
92
75
53
34
23
7
-11
-27
-42
-55
-59
-61
-71
-84
-94
-104
-116
-119
-119
-112
-113
-106
-101
-103
-105
-108
-100
-84
-62
-46
-39
-34
-25
-5
16
21
26
40
46
39
41
63
80
82
71
60
53
46
38
25
26
24
16
12
10
6
1
-3
-9
-6
-9
-13
-12
-7
-4
-8
-12
-26
-39
-35
-34
-37
-41
-37
-31
-21
-19
-26
-32
-37
-33
-34
-32
-41
-51
-63
-70
-67
-64
-68
-73
-75
-72
-61
-46
-37
-29
-18
-15
-15
-11
-4
13
20
29
38
43
53
67
83
93
94
87
92
111
114
111
110
115
130
134
135
125
121
129
135
131
115
87
55
32
13
-9
-41
-67
-77
-84
-91
-105
-118
-126
-154
-175
-190
-207
-216
-210
-200
-195
-193
-193
-193
-174
-162
-157
-144
-135
-111
-68
-23
6
23
41
65
90
116
132
144
158
175
191
204
204
195
193
198
202
207
203
192
183
177
174
159
137
113
97
87
64
36
7
-25
-48
-66
-87
-109
-127
-129
-133
-133
-134
-140
-144
-149
-155
-155
-146
-134
-127
-125
-113
-99
-90
-82
-67
-44
-27
-6
12
23
27
35
41
48
48
45
61
69
59
39
27
30
34
41
43
39
37
40
41
46
38
32
38
44
48
40
46
56
61
71
80
78
61
53
48
51
53
44
24
9
7
-3
-16
-33
-41
-38
-37
-49
-69
-88
-107
-105
-115
-128
-136
-148
-148
-143
-138
-130
-123
-116
-109
-102
-93
-82
-60
-37
-17
4
24
44
57
68
78
78
84
81
80
82
83
80
80
85
84
95
96
91
78
67
59
54
52
33
19
12
9
-2
-19
-37
-50
-64
-69
-70
-69
-63
-58
-54
-62
-70
-64
-65
-66
-62
-64
-64
-69
-69
-47
-27
-15
-13
-5
11
32
62
78
89
90
99
112
130
145
139
140
136
141
151
152
153
144
132
122
112
99
88
75
49
34
23
11
9
-5
-19
-25
-36
-60
-73
-85
-94
-98
-104
-100
-89
-67
-64
-68
-63
-59
-51
-58
-67
-73
-71
-68
-65
-69
-81
-80
-70
-71
-83
-84
-75
-75
-81
-82
-80
-77
-76
-80
-76
-64
-52
-43
-45
-44
-37
-33
-29
-28
-26
-28
-24
-15
-8
4
27
42
51
55
50
63
79
87
93
97
96
97
95
88
82
84
89
100
110
107
110
102
88
80
78
68
48
38
29
17
5
-1
0
-14
-30
-48
-57
-59
-71
-63
-54
-58
-74
-87
-84
-93
-84
-64
-42
-29
-29
-30
-32
-37
-36
-26
-21
-23
-36
-18
6
21
41
41
45
52
54
71
71
73
80
77
69
63
64
67
66
58
60
56
54
51
30
16
18
20
27
29
13
-8
-24
-22
-11
-4
-20
-44
-52
-55
-56
-66
-72
-63
-53
-41
-42
-45
-35
-17
-2
1
7
9
2
-6
-3
2
-2
-7
-7
3
14
9
1
-6
-10
-9
-10
-16
-27
-35
-45
-57
-55
-55
-60
-62
-59
-55
-54
-66
-72
-76
-66
-50
-53
-57
-65
-54
-36
-24
-18
-11
7
17
27
27
24
30
34
37
34
31
34
35
37
41
56
59
60
68
69
72
65
64
74
71
67
59
55
53
59
64
58
58
52
40
28
30
33
34
21
7
7
17
23
21
14
5
7
7
8
6
3
6
7
8
-3
-16
-33
-45
-50
-44
-44
-54
-59
-59
-60
-63
-68
-72
-66
-62
-70
-80
-85
-81
-66
-46
-40
-47
-45
-42
-36
-24
-15
-13
-6
6
14
21
27
25
25
28
33
34
32
29
37
46
54
54
56
48
41
40
33
30
34
40
33
23
17
16
11
4
0
-2
-13
-35
-40
-35
-35
-27
-40
-42
-44
-39
-27
-26
-25
-22
-26
-17
-1
-2
4
5
18
26
29
35
39
47
54
58
68
76
79
86
97
99
91
83
80
82
82
77
66
53
36
19
-2
-24
-41
-59
-70
-77
-87
-100
-109
-112
-110
-121
-134
-133
-129
-115
-97
-87
-80
-95
-104
-103
-94
-79
-73
-65
-47
-22
-5
11
19
24
29
46
51
41
43
47
52
62
58
48
49
47
46
50
54
54
44
34
31
20
10
7
0
2
5
12
19
14
6
5
8
1
-9
-13
-10
6
14
-3
-15
-15
-4
7
9
13
19
28
36
41
53
62
54
44
42
37
36
41
48
47
45
53
59
60
48
37
42
47
46
42
32
18
5
9
10
-3
-16
-22
-21
-29
-50
-65
-59
-49
-40
-45
-52
-60
-68
-68
-75
-79
-83
-81
-68
-66
-75
-73
-75
-71
-60
-54
-44
-43
-41
-37
-13
5
5
0
-1
6
7
14
20
30
41
44
50
54
58
63
68
74
73
71
70
78
85
80
65
47
34
19
13
6
-2
-16
-21
-19
-34
-61
-78
-88
-88
-92
-91
-93
-98
-95
-93
-85
-79
-74
-74
-65
-56
-49
-32
-9
4
9
13
22
31
41
51
44
38
43
66
86
91
84
77
70
65
69
71
67
56
49
54
49
44
36
22
14
13
17
11
10
12
10
6
-3
-10
-19
-32
-31
-24
-12
-5
-10
-9
-13
-19
-14
-16
-19
-12
-11
-10
-14
-22
-27
-22
-17
-19
-29
-32
-22
-11
2
4
2
6
1
-6
4
17
26
33
31
28
25
22
20
19
27
40
44
41
37
30
29
24
23
27
32
36
34
21
-3
-12
-9
-7
-16
-24
-40
-64
-67
-61
-64
-70
-74
-80
-77
-70
-72
-67
-58
-42
-37
-39
-35
-36
-39
-31
-18
-12
-11
-7
-10
-13
-8
-7
-13
-19
-10
6
14
4
-9
-6
7
11
12
20
33
42
41
36
37
39
41
49
49
41
41
41
42
39
40
44
52
57
56
55
48
47
41
35
32
29
21
16
18
28
26
22
17
3
-1
-7
-2
-3
-18
-34
-48
-47
-50
-61
-76
-86
-93
-97
-89
-88
-96
-97
-89
-87
-82
-70
-58
-47
-36
-28
-27
-17
-19
-17
11
33
41
38
37
50
72
87
96
98
96
94
97
109
107
99
79
68
55
42
35
25
11
7
7
-3
-10
-15
-19
-16
-11
-3
1
-2
-13
-29
-33
-30
-32
-27
-17
-20
-28
-29
-27
-21
-14
-15
-13
-18
-27
-26
-14
-12
-23
-29
-21
-11
-12
-11
-15
-10
-1
0
12
21
19
16
14
10
6
9
15
24
21
21
12
5
10
17
19
10
9
19
26
29
30
22
16
14
8
2
2
-10
-26
-28
-27
-31
-42
-55
-45
-27
-20
-24
-29
-28
-24
-32
-39
-40
-42
-45
-41
-28
-14
-8
-7
-12
-17
-5
0
0
-9
-3
4
7
11
17
18
11
11
17
28
27
28
23
15
2
-6
-8
4
9
5
-1
-16
-25
-23
-12
-5
2
2
6
15
15
6
-13
-27
-18
-5
-5
-7
-16
-17
-4
4
6
-3
-16
-24
-15
-9
-10
-3
-2
0
3
14
14
16
19
18
13
4
6
18
34
42
45
32
26
31
38
39
45
62
71
63
53
61
70
77
73
66
64
65
62
51
40
46
38
27
23
6
-8
-10
-8
-2
-9
-17
-6
-5
-15
-34
-46
-46
-46
-49
-51
-49
-51
-48
-44
-53
-65
-61
-47
-41
-37
-27
-14
-18
-28
-30
-13
-6
-19
-17
-12
-3
1
3
8
8
4
-3
-9
-8
-14
-17
-13
-12
-25
-37
-38
-41
-40
-43
-45
-43
-42
-41
-53
-55
-60
-69
-60
-46
-41
-39
-41
-47
-47
-31
-30
-30
-26
-19
-4
4
4
-1
8
10
-1
-2
7
8
6
13
14
13
14
12
15
22
28
30
31
34
41
48
42
43
46
54
66
71
67
61
73
83
91
87
70
59
57
50
39
35
44
50
46
36
33
37
38
33
24
18
12
13
9
8
22
31
33
14
3
1
7
6
1
-1
0
-1
-7
-8
-18
-25
-29
-28
-25
-26
-21
-10
0
6
1
1
1
-3
9
26
41
45
38
32
29
27
28
28
39
43
40
27
5
-5
-13
-21
-38
-51
-52
-53
-66
-80
-91
-92
-98
-108
-116
-118
-117
-125
-130
-138
-141
-134
-122
-108
-107
-105
-98
-87
-75
-67
-66
-61
-48
-42
-37
-34
-25
-16
-2
5
4
13
15
19
32
44
46
58
72
82
89
88
88
91
101
108
109
99
91
94
97
89
78
74
62
55
48
39
37
31
33
39
38
28
13
6
5
1
5
3
-9
-9
-10
-12
-6
-7
-6
-11
-19
-14
-9
-6
2
5
9
9
6
1
-2
5
9
3
-5
3
11
10
5
-7
-11
-7
3
11
15
15
11
14
18
18
19
24
26
27
40
46
43
38
31
34
34
19
1
-9
-11
-10
-3
0
-7
-25
-36
-34
-35
-33
-42
-46
-45
-47
-47
-48
-52
-59
-62
-70
-87
-98
-94
-83
-69
-63
-67
-63
-55
-46
-31
-21
-20
-2
17
24
31
30
37
57
67
69
66
65
62
62
57
50
50
40
29
27
33
38
41
33
29
39
45
32
2
-21
-25
-17
-22
-29
-39
-45
-30
-17
-17
-32
-49
-64
-69
-71
-68
-60
-49
-54
-60
-72
-78
-69
-64
-64
-55
-51
-54
-47
-43
-36
-27
-35
-38
-23
-4
19
27
24
23
26
41
54
63
68
69
81
88
97
104
100
104
101
101
107
112
113
111
107
105
100
92
85
79
71
56
46
29
8
-8
-23
-38
-50
-65
-74
-81
-91
-94
-93
-93
-100
-106
-111
-111
-109
-96
-84
-76
-64
-60
-45
-18
-2
4
8
10
13
20
23
29
41
48
45
46
52
64
71
72
75
67
58
57
58
66
68
55
54
54
43
32
25
21
16
10
-5
-6
-3
12
14
-3
-10
-25
-36
-45
-48
-47
-45
-51
-53
-51
-52
-56
-55
-50
-54
-56
-57
-60
-51
-44
-48
-47
-45
-49
-52
-51
-45
-35
-22
-9
-7
-10
-13
-10
-4
6
14
18
16
11
14
23
25
23
13
10
19
31
28
19
0
-12
-4
-2
-2
-17
-29
-29
-26
-32
-46
-51
-50
-49
-53
-56
-61
-65
-59
-53
-45
-44
-44
-34
-23
-17
-10
4
11
20
33
44
52
47
50
60
69
62
55
61
80
98
113
117
113
114
116
124
129
129
126
121
129
133
132
127
121
116
95
73
54
41
36
32
22
13
-12
-29
-36
-40
-47
-64
-81
-101
-112
-108
-104
-117
-128
-131
-131
-126
-123
-111
-107
-109
-103
-101
-88
-86
-91
-89
-79
-71
-70
-65
-56
-44
-31
-19
-8
6
23
37
40
41
36
34
44
57
73
82
85
77
80
87
83
76
64
61
71
77
74
69
61
53
45
36
21
14
13
7
8
3
-14
-36
-45
-59
-74
-78
-81
-77
-72
-60
-63
-74
-88
-95
-92
-89
-76
-71
-67
-57
-53
-44
-40
-45
-37
-30
-19
-13
-5
4
14
25
42
52
47
49
43
44
59
57
60
69
67
67
57
49
45
39
34
26
29
25
18
20
16
6
-2
-6
-15
-16
-14
-12
-14
-12
-12
-14
-9
-8
-11
-13
-11
-17
-27
-35
-31
-16
-9
-8
-11
-13
-11
-6
0
-9
-18
-16
-7
6
14
19
27
33
29
28
29
35
46
56
62
59
57
58
71
81
79
73
70
68
66
66
74
74
65
56
40
15
-3
-11
-16
-14
-13
-14
-14
-13
-18
-33
-28
-22
-15
-13
-32
-46
-50
-46
-49
-58
-57
-50
-49
-50
-64
-74
-71
-75
-72
-74
-74
-66
-66
-65
-59
-53
-57
-62
-56
-35
-17
-10
-12
-16
-5
2
12
5
-1
3
8
16
13
7
2
-5
-5
4
18
29
33
33
34
34
29
26
19
16
23
27
31
19
1
3
8
0
-18
-29
-25
-42
-56
-56
-58
-48
-45
-43
-38
-35
-35
-35
-34
-44
-45
-38
-30
-31
-26
-14
-12
-5
3
12
27
30
29
32
44
64
77
81
82
99
101
98
96
96
101
104
102
103
107
90
80
78
78
78
64
58
60
69
64
54
41
29
32
35
27
1
-12
-13
-9
-9
-20
-41
-63
-68
-67
-65
-56
-49
-50
-45
-45
-56
-59
-53
-35
-29
-39
-49
-46
-30
-26
-33
-40
-48
-49
-41
-29
-22
-18
-13
-6
3
15
10
-5
-9
-8
0
1
-2
-6
-8
-9
-6
0
-5
-14
-18
-17
-17
-29
-50
-55
-47
-49
-51
-49
-51
-54
-60
-61
-60
-60
-66
-72
-64
-55
-44
-48
-54
-42
-19
-9
-5
-10
-18
-4
7
22
37
43
47
44
45
55
57
56
64
77
88
86
77
70
78
86
81
69
64
67
73
77
78
67
60
62
56
44
35
30
28
25
27
27
14
-7
-17
-15
-20
-23
-42
-56
-54
-50
-43
-44
-48
-40
-32
-34
-40
-52
-54
-47
-38
-38
-39
-30
-24
-20
-13
-5
-4
-2
-10
-18
-21
-22
-14
-7
-1
7
9
2
-11
-19
-26
-28
-23
-12
0
4
15
22
28
20
15
17
25
37
41
33
31
35
42
46
35
24
20
27
33
35
25
11
-1
-8
-6
1
-1
-6
1
0
11
15
8
-5
-9
0
12
9
7
13
15
29
29
23
20
17
19
22
25
30
26
24
21
13
10
16
22
17
5
-6
-12
-14
-23
-27
-32
-38
-48
-61
-66
-65
-68
-75
-79
-83
-89
-94
-90
-81
-69
-55
-58
-75
-85
-77
-59
-38
-22
-17
-18
-15
-15
-9
-8
-11
-7
-2
8
23
30
25
18
15
6
1
-6
-9
4
17
19
21
13
0
3
3
6
12
22
23
20
28
28
27
25
25
29
27
25
25
30
38
43
46
48
50
47
52
59
59
57
40
34
35
31
30
28
38
51
47
35
17
13
29
37
31
19
11
17
19
13
7
7
12
10
12
12
14
11
9
8
4
10
3
5
4
6
16
26
32
30
35
36
27
2
-13
-19
-12
-1
2
2
-8
-14
-21
-23
-20
-26
-30
-34
-33
-35
-44
-50
-55
-49
-43
-42
-51
-62
-65
-58
-51
-51
-51
-60
-60
-55
-52
-49
-53
-58
-60
-56
-51
-56
-61
-57
-51
-50
-52
-53
-48
-34
-24
-29
-41
-51
-48
-29
-13
-9
-10
4
20
24
26
27
33
36
37
42
45
47
45
32
32
44
43
32
25
27
38
43
41
34
25
19
11
4
-3
-4
-6
-7
4
9
9
10
11
11
12
18
19
24
37
48
51
46
49
54
57
67
63
54
39
35
43
42
44
43
43
42
41
32
29
27
33
43
49
46
34
27
24
25
19
18
12
-1
-2
3
6
0
-8
-7
-10
-13
-23
-33
-30
-21
-15
-23
-29
-35
-36
-24
-21
-20
-32
-34
-28
-27
-39
-44
-49
-51
-53
-54
-48
-44
-41
-48
-54
-59
-54
-53
-60
-57
-50
-34
-33
-37
-29
-28
-22
-18
-21
-20
-13
-7
-4
-3
-17
-13
5
7
13
18
11
2
5
7
6
4
3
9
14
21
28
34
36
36
31
22
11
1
-1
-4
-6
-9
-15
-7
2
3
0
-12
-16
-22
-19
-12
-8
-5
-2
1
-3
0
-1
3
9
15
16
20
28
30
35
24
16
13
16
16
14
21
28
39
44
36
23
16
13
10
-2
-9
-7
6
9
0
0
7
13
9
3
3
13
18
18
13
5
-6
-18
-25
-25
-16
-10
0
11
14
9
4
-1
1
5
4
2
0
-4
-1
9
7
3
2
4
9
7
6
21
39
45
32
27
24
18
24
32
42
38
34
29
41
49
52
52
30
21
16
21
27
22
14
8
6
-4
-21
-26
-28
-32
-42
-56
-63
-66
-62
-61
-67
-76
-87
-96
-103
-97
-84
-75
-73
-72
-62
-48
-44
-45
-53
-55
-54
-55
-54
-49
-36
-19
-3
5
3
-1
-1
5
16
20
20
16
11
24
34
38
40
38
39
45
54
59
62
60
50
44
48
45
33
20
12
11
11
11
9
19
24
13
4
-2
2
1
-5
-10
-16
-13
-9
-8
-4
2
2
3
2
2
0
-5
-4
-1
5
13
23
24
7
-4
-5
-5
-5
-6
-4
2
9
20
18
11
2
8
8
1
2
6
13
14
18
21
23
27
23
16
11
6
7
12
19
19
6
-10
-17
-21
-22
-19
-20
-17
-7
5
12
7
5
4
0
0
15
26
26
30
37
33
15
1
24
43
43
40
38
35
21
22
27
18
2
-13
-18
-8
-16
-17
-21
-28
-32
-33
-26
-38
-40
-38
-43
-42
-45
-53
-66
-70
-73
-68
-55
-44
-41
-54
-54
-46
-34
-32
-35
-40
-41
-34
-29
-35
-35
-29
-33
-27
-22
-12
-3
4
4
9
12
10
19
17
8
1
3
1
3
9
2
12
16
3
6
25
31
30
23
24
34
38
31
24
30
35
32
26
24
36
53
62
74
67
60
62
64
72
78
78
73
70
62
54
46
36
31
28
17
0
3
7
0
-6
-15
-25
-42
-55
-54
-52
-46
-46
-55
-62
-62
-63
-66
-65
-59
-55
-54
-44
-35
-18
-16
-20
-15
-10
-17
-27
-26
-10
3
-5
-9
-15
-14
-9
-3
8
5
-9
-6
5
7
6
3
6
11
15
15
15
19
27
35
42
34
14
4
15
33
44
38
37
42
50
61
55
42
37
36
34
27
12
3
1
-1
-2
-1
-5
-18
-31
-31
-28
-29
-27
-18
-7
-13
-29
-29
-30
-31
-28
-16
-6
-1
1
-15
-24
-28
-21
-23
-31
-37
-27
-14
-16
-16
-18
-15
-7
-6
-20
-33
-40
-35
-19
-11
-19
-28
-21
-20
-20
-25
-33
-27
-25
-19
-7
0
-5
-17
-22
-23
-14
-10
-6
-4
-4
1
8
18
24
28
28
30
26
20
28
45
55
57
54
57
61
64
58
44
38
35
34
31
30
26
29
33
26
16
8
4
-1
-3
-6
-12
-16
-16
-16
-14
-2
3
-4
-11
-12
-11
-10
-7
-6
-2
-2
-5
-3
-3
1
5
11
14
5
-2
6
5
6
0
-14
-9
-2
1
1
1
-5
-13
-7
-5
-3
5
8
10
20
20
14
9
2
4
6
1
-8
-12
-15
-19
-17
-21
-19
-6
0
-2
-4
-5
-4
2
13
13
10
15
11
10
12
12
6
-3
-8
-5
-8
0
1
-12
-19
-22
-20
-24
-27
-26
-16
-14
-8
-7
-20
-17
-11
-10
-12
-23
-38
-40
-42
-38
-34
-40
-43
-43
-44
-42
-42
-46
-42
-35
-33
-38
-42
-50
-54
-48
-34
-25
-27
-25
-24
-22
-22
-22
-17
-6
6
19
23
21
23
25
35
54
67
73
76
76
68
58
52
54
67
79
88
90
81
82
87
86
89
92
84
77
70
65
60
56
47
36
32
27
22
10
3
7
3
-7
-16
-21
-33
-40
-42
-39
-34
-30
-24
-17
-17
-25
-33
-30
-19
-20
-26
-25
-26
-32
-35
-38
-43
-42
-38
-27
-23
-25
-34
-43
-42
-39
-28
-20
-22
-21
-19
-17
-17
-20
-24
-21
-19
-16
-9
-4
-9
-11
-13
-9
-2
-4
-7
2
8
11
19
17
15
1
-16
-19
-19
-10
8
31
41
30
3
-11
-19
-26
-19
-18
-15
-8
-6
-1
7
6
-4
-8
-7
-6
-1
0
-1
1
1
-1
-4
-10
-14
-13
-7
2
9
9
6
0
3
1
-14
-25
-27
-24
-13
-14
-22
-11
-13
-11
-3
-13
-28
-33
-31
-23
-11
-13
-14
-10
-9
-4
7
14
20
21
27
41
52
57
59
59
50
39
45
48
50
49
49
61
68
66
56
34
23
22
19
24
32
32
28
30
40
48
51
48
38
25
24
32
37
34
23
17
15
20
17
10
4
-2
-4
-1
0
-8
-12
-13
-9
-15
-33
-55
-66
-59
-54
-51
-47
-42
-45
-52
-57
-62
-59
-60
-68
-73
-73
-75
-78
-76
-76
-66
-58
-53
-47
-43
-37
-40
-35
-32
-24
-16
-15
-11
-8
-12
-11
3
15
21
13
1
0
8
12
17
25
23
41
50
36
21
11
13
22
27
20
19
23
20
16
18
18
24
24
33
35
28
21
5
7
13
22
22
10
0
6
15
19
10
5
10
22
29
16
5
2
7
11
8
2
-5
6
21
27
23
7
-10
-13
-6
-4
-1
-5
-12
-20
-20
-16
-7
-5
-14
-14
-10
-7
-11
-16
-12
1
6
3
3
7
10
12
8
2
-3
-2
7
15
9
-1
-5
-4
-4
-4
2
2
5
6
13
13
14
18
18
12
4
0
8
13
19
30
33
31
24
17
18
22
23
22
28
33
31
27
20
23
27
25
21
12
4
-7
-17
-18
-15
-14
-20
-31
-36
-28
-25
-32
-37
-35
-30
-28
-34
-39
-38
-38
-39
-37
-32
-38
-34
-17
-10
-17
-26
-36
-42
-41
-41
-40
-46
-44
-39
-31
-22
-30
-32
-30
-28
-24
-25
-19
-22
-19
-11
-2
-2
-2
-2
5
14
16
22
18
12
17
26
28
36
36
39
47
46
41
29
31
34
36
38
41
42
27
34
52
48
30
11
-3
-6
4
8
0
-16
-16
-6
-6
-9
-16
-21
-17
-15
-12
-10
-16
-21
-20
-19
-14
-10
-6
6
10
4
4
5
11
16
19
16
13
20
32
44
50
41
36
43
44
49
47
44
33
27
29
30
31
21
8
-1
5
-4
-19
-23
-12
3
5
3
-12
-32
-45
-41
-29
-29
-23
-13
-15
-13
-4
3
-8
-20
-25
-24
-17
-12
-7
7
11
0
2
-3
-13
-13
-9
4
2
-8
-18
-25
-20
-15
-14
-15
-15
-10
-2
5
16
19
23
29
26
22
15
15
9
6
9
0
-2
7
4
-8
-23
-37
-37
-28
-23
-27
-40
-55
-57
-58
-56
-57
-54
-47
-44
-39
-37
-37
-36
-37
-36
-33
-32
-30
-32
-32
-30
-24
-17
-16
-21
-16
-6
1
0
-10
-14
-14
-14
-8
-6
-8
-4
6
14
13
15
30
45
55
59
59
66
73
76
78
78
76
66
65
60
64
61
53
58
61
68
65
62
51
50
50
49
46
39
48
59
58
42
22
13
11
13
12
1
-6
-5
-4
-6
-9
-15
-20
-22
-30
-32
-25
-17
-4
-1
-1
-2
-8
-21
-32
-37
-42
-51
-51
-38
-25
-17
-18
-25
-33
-34
-30
-17
-14
-15
-19
-19
-17
-14
-15
-24
-29
-37
-34
-33
-32
-18
-9
-10
-19
-28
-32
-35
-25
-15
-15
-16
-15
-16
-18
-12
-10
-12
-16
-13
-11
-10
-13
-12
-17
-26
-25
-16
-16
-13
-3
3
4
10
10
10
12
12
14
17
28
29
29
31
32
29
18
12
12
13
21
24
3
-11
-19
-14
-7
-11
-15
-12
-9
-9
-17
-36
-28
-9
-6
-12
-15
-15
-3
-2
-8
-15
-20
-14
-11
-3
6
4
-6
-18
-13
-1
11
19
19
18
23
25
23
31
34
32
36
26
14
23
35
42
43
38
32
31
32
36
46
47
44
40
42
40
33
26
28
32
30
17
12
11
9
15
18
21
16
4
-1
0
5
2
-4
-7
-7
-1
6
4
-7
-26
-35
-39
-30
-26
-27
-23
-23
-25
-27
-27
-27
-15
-4
-3
-2
0
4
13
18
12
3
-4
-7
-5
6
16
12
2
2
-1
-7
-18
-32
-35
-31
-27
-27
-30
-25
-21
-15
-16
-28
-42
-55
-56
-52
-46
-40
-34
-35
-33
-31
-38
-44
-44
-42
-37
-29
-23
-17
-11
-2
0
-1
-2
7
12
9
7
1
3
2
0
-1
-3
-10
-18
-21
-16
-3
8
10
5
0
-4
-10
-13
-14
-3
9
18
16
8
5
1
10
21
30
33
25
14
18
29
38
36
28
31
43
52
55
54
52
56
52
33
19
11
12
11
12
24
31
33
32
20
20
20
24
26
26
31
23
17
12
18
19
23
30
35
37
31
32
22
14
8
0
-3
-6
-4
2
1
-4
-4
-6
-12
-15
-11
-5
-4
-19
-29
-28
-24
-24
-26
-19
-16
-9
-4
2
1
-6
-2
3
-2
1
-1
-1
-2
-5
-1
1
-1
-9
-12
-13
-20
-24
-30
-39
-48
-52
-51
-52
-53
-48
-47
-39
-35
-33
-38
-38
-32
-36
-38
-44
-45
-44
-43
-46
-47
-42
-38
-27
-21
-20
-17
-5
6
13
9
0
-1
-2
6
16
15
8
11
17
26
29
19
8
1
0
2
0
-14
-19
-9
10
12
9
-2
-16
-19
-20
-18
-16
-13
-13
-2
14
22
20
17
13
19
37
52
55
47
41
48
63
66
51
40
40
42
49
61
63
64
67
73
74
62
50
37
42
48
41
47
51
53
46
32
20
14
6
-5
0
-1
-7
-13
-13
-15
-25
-36
-49
-59
-63
-59
-55
-61
-60
-50
-36
-36
-48
-60
-63
-57
-46
-42
-44
-39
-35
-24
-15
-22
-29
-25
-18
-9
0
-5
1
10
22
39
45
39
31
33
44
50
49
52
64
65
59
39
25
16
7
1
1
9
10
2
4
10
5
-5
-11
-9
-11
-13
-25
-35
-49
-55
-43
-39
-40
-53
-64
-57
-45
-28
-30
-35
-36
-30
-30
-34
-41
-41
-33
-28
-19
-22
-23
-27
-27
-21
-18
-18
-16
-18
-20
-12
-9
-12
-12
-11
-10
-8
-3
7
10
12
17
18
13
2
-1
0
0
-4
-5
0
6
18
25
22
15
8
9
28
33
22
22
31
41
48
33
22
13
16
23
28
34
26
23
31
29
35
37
33
39
42
45
45
42
44
50
53
46
44
44
38
41
40
40
34
22
10
8
5
6
11
10
2
-1
-8
-10
-7
-8
-1
-3
-3
-12
-21
-14
-9
-11
-16
-17
-23
-27
-28
-24
-34
-41
-39
-32
-14
-25
-38
-31
-29
-34
-39
-32
-31
-31
-27
-16
-8
-10
-20
-19
4
9
8
-1
-3
-3
7
17
19
10
0
6
17
25
23
11
2
-1
-7
-10
-17
-18
-20
-23
-28
-39
-45
-46
-44
-46
-51
-55
-54
-48
-35
-32
-41
-40
-31
-23
-17
-16
-16
-12
-5
-10
-7
-2
3
-1
-12
-14
-10
-10
1
3
-13
-6
8
11
7
2
-1
3
2
4
9
12
13
10
12
15
13
22
32
44
44
30
27
23
36
37
31
32
39
53
55
48
42
41
48
46
40
31
26
28
40
48
49
42
35
28
25
27
30
30
28
26
16
9
8
0
-13
-16
-16
-12
-10
-13
-6
7
11
5
-6
-5
-8
-15
-20
-22
-25
-28
-22
-18
-17
-25
-30
-23
-19
-13
-14
-8
-1
0
-2
-9
-6
1
1
-7
-12
-15
-17
-12
-18
-21
-22
-22
-20
-18
-6
0
-3
-2
-2
11
22
19
7
-1
-5
-1
2
-7
-4
-9
-5
4
4
-6
-15
-16
-15
-6
-9
-22
-31
-33
-26
-27
-29
-28
-31
-27
-25
-28
-27
-20
-13
-2
1
0
-5
-13
-19
-20
-20
-11
-4
3
-2
-3
-3
-5
-7
-21
-34
-46
-47
-41
-34
-28
-26
-19
-14
-16
-19
-27
-32
-24
-13
-12
-7
4
18
26
23
24
31
33
43
53
49
35
34
42
53
57
51
38
37
30
18
21
27
29
35
38
33
32
42
51
50
45
40
47
52
57
55
53
56
64
64
56
52
44
36
24
14
9
9
9
10
11
13
14
6
-5
-18
-31
-38
-40
-35
-30
-31
-36
-40
-41
-34
-28
-28
-37
-46
-54
-58
-46
-39
-36
-38
-47
-47
-51
-51
-48
-47
-43
-34
-34
-39
-27
-17
-19
-19
-14
-12
-1
-2
3
11
16
20
19
21
24
30
25
16
9
13
25
34
39
42
39
27
21
18
18
16
18
11
12
25
29
25
9
-4
-9
-13
-31
-55
-65
-55
-43
-45
-42
-47
-48
-49
-54
-57
-66
-68
-57
-50
-46
-46
-51
-43
-26
-21
-21
-19
-14
-5
2
1
-3
-3
-3
-8
0
10
13
14
22
38
43
44
36
24
26
27
31
37
49
49
37
31
34
46
53
65
67
64
55
56
63
65
60
49
33
19
17
14
19
27
29
27
23
21
15
5
-2
-6
-4
-3
-3
2
9
12
13
13
10
11
1
-2
-4
0
-1
-10
-10
-10
-12
-4
8
8
11
3
-6
-12
-22
-26
-26
-19
-12
-1
0
-8
-11
-14
-25
-37
-37
-31
-29
-31
-42
-51
-44
-23
-7
-4
-6
-4
-7
-11
-12
-19
-23
-24
-16
-17
-20
-16
-18
-12
-16
-15
-12
-25
-30
-32
-22
-8
1
6
1
-5
-9
-6
1
-5
-12
-12
-13
-4
-2
-12
-28
-34
-19
-17
-18
-13
-6
1
3
-6
-10
-4
1
9
11
15
16
11
-2
-9
-10
-16
-9
-4
-2
-6
-7
-11
-4
8
12
17
13
13
18
26
42
47
35
21
12
8
9
8
8
5
7
22
31
39
45
44
39
45
38
32
31
25
38
44
37
30
26
28
30
27
16
10
7
-1
-20
-35
-31
-28
-19
-6
-6
-11
-4
9
21
19
0
-14
-17
-14
-11
-11
-20
-24
-24
-20
-11
-9
-13
-24
-22
-13
-2
4
-1
-8
-10
5
14
18
17
11
14
14
10
13
14
16
9
6
5
9
17
26
26
16
3
4
9
9
2
-10
-9
1
3
0
-5
-11
-21
-36
-39
-40
-37
-35
-32
-27
-30
-31
-28
-29
-35
-45
-48
-45
-39
-26
-23
-26
-32
-33
-35
-29
-21
-20
-21
-18
-11
-7
-3
-5
1
8
3
2
10
18
18
8
4
4
2
1
-3
1
7
5
1
-5
2
9
2
-6
4
9
19
29
29
31
23
18
15
18
14
23
27
29
34
31
38
34
22
18
10
9
8
25
35
23
19
16
18
25
24
15
13
13
12
9
1
1
8
8
-2
-18
-24
-17
-1
9
0
2
5
12
14
3
-13
-27
-32
-18
-2
-1
-15
-33
-47
-46
-32
-27
-28
-39
-41
-28
-10
-6
-6
4
12
14
2
-10
-2
20
29
26
19
22
35
44
39
29
27
36
59
76
74
63
59
52
50
46
37
28
19
21
20
9
-1
1
0
-7
-16
-19
-18
-17
-17
-29
-33
-28
-32
-40
-41
-39
-37
-46
-51
-53
-58
-62
-66
-65
-69
-74
-66
-65
-65
-57
-51
-52
-59
-63
-65
-62
-51
-57
-61
-61
-50
-34
-15
-10
-15
-12
-9
-9
-15
-7
3
-1
-3
12
34
30
14
21
40
50
59
61
62
66
64
72
70
62
57
48
50
42
40
54
63
64
54
44
38
36
37
29
24
28
35
47
40
35
38
46
35
20
16
6
-2
0
-5
-11
-14
-11
-10
-1
3
-2
2
13
27
31
19
-1
-4
-6
-6
-21
-39
-30
-23
-15
-16
-20
-13
-10
-16
-32
-36
-22
-28
-41
-39
-33
-22
-17
-24
-18
-11
-9
-16
-34
-42
-47
-37
-32
-40
-49
-45
-27
-10
-7
-5
-9
4
23
26
23
8
14
28
37
15
-17
-14
4
14
7
10
13
25
30
14
-1
-10
0
9
13
14
23
31
17
9
4
3
12
10
-7
-19
-14
3
6
-6
-23
-26
-21
-20
-15
-6
-3
-3
5
7
0
-17
-28
-25
-18
-9
-8
-11
-2
-4
-17
-31
-32
-19
-4
3
-2
-10
-16
-17
-20
-26
-35
-36
-30
-16
-6
-9
-8
-6
4
13
9
-1
1
25
39
47
39
29
20
20
29
23
26
34
43
55
60
38
4
-6
10
15
5
2
0
10
31
46
36
19
14
14
12
8
-1
-8
4
16
15
4
-8
-4
5
12
6
-10
-10
-2
-1
-12
-12
-4
15
37
33
16
0
6
12
16
20
10
-1
8
25
18
-2
-11
-2
12
7
-5
-7
1
9
9
-5
-14
-4
9
5
1
1
-4
-5
3
0
-4
-6
-14
-18
-20
-19
-22
-23
-30
-35
-38
-46
-51
-53
-54
-71
-81
-77
-66
-56
-55
-56
-58
-51
-46
-45
-36
-33
-24
-16
-19
-25
-26
-18
-24
-29
-18
-10
-6
-9
-9
-8
-14
-14
-9
1
-1
2
8
13
24
28
34
34
30
31
40
46
54
55
58
63
71
69
64
55
37
23
29
30
22
28
36
48
57
59
63
58
49
45
48
44
37
29
32
42
45
43
23
6
5
9
12
16
18
24
21
24
18
5
-5
-21
-28
-28
-28
-20
-10
-13
-24
-42
-49
-42
-32
-17
-17
-26
-25
-22
-18
-17
-22
-32
-35
-35
-34
-33
-35
-28
-24
-22
-26
-25
-25
-23
-17
-11
-5
-1
6
5
2
-3
0
4
1
-1
-10
-7
-4
-2
-7
-16
-23
-22
-10
-15
-25
-28
-21
-24
-30
-39
-44
-44
-43
-37
-31
-22
-19
-21
-18
-19
-24
-36
-44
-37
-27
-13
-12
-18
-17
-6
5
6
3
7
18
23
22
16
17
23
37
41
29
22
19
27
33
31
27
31
36
41
41
40
35
33
36
41
46
39
31
37
48
55
59
51
48
51
58
50
42
32
33
45
51
57
53
58
61
56
44
35
29
26
24
21
10
-11
-25
-26
-18
-16
-23
-28
-30
-30
-35
-47
-58
-76
-77
-65
-61
-60
-61
-62
-58
-50
-50
-54
-57
-63
-68
-66
-59
-51
-43
-46
-47
-44
-44
-48
-42
-45
-38
-30
-27
-30
-37
-20
-10
-3
1
6
9
6
13
11
8
13
18
25
26
20
22
31
45
46
30
18
20
24
31
36
29
28
23
26
24
23
32
27
22
27
28
35
27
16
15
14
23
21
22
28
27
25
34
37
26
9
3
14
25
22
8
0
7
10
3
-6
-11
-3
5
7
4
3
0
-12
-16
-14
-10
-3
2
0
-8
-12
-24
-36
-32
-30
-28
-24
-23
-21
-15
-13
-26
-38
-40
-37
-25
-11
-13
-15
-11
-9
-15
-27
-42
-50
-43
-27
-14
0
-6
-18
-20
-19
-11
-10
-6
4
13
25
25
22
23
26
25
30
37
41
41
35
30
23
14
15
19
26
31
26
24
14
5
-7
-11
-10
-20
-26
-28
-23
-14
-16
-7
-5
-11
-8
-9
-10
-7
-1
3
3
1
-3
-4
-2
0
-2
-4
-9
-13
0
13
13
11
3
5
14
18
17
10
12
16
19
27
22
13
17
29
40
38
35
45
49
49
34
23
29
32
40
35
30
26
21
22
24
22
10
-4
-16
-18
-21
-16
-20
-33
-38
-45
-53
-55
-55
-51
-52
-49
-45
-57
-64
-62
-43
-32
-39
-40
-43
-39
-38
-44
-49
-44
-30
-20
-14
-17
-20
-20
-23
-20
-18
-16
-21
-29
-20
-13
-13
-13
-21
-20
-14
-8
-6
-6
-10
-10
-7
-3
1
2
3
-1
10
19
16
16
10
15
28
39
31
27
21
28
42
44
42
26
17
26
42
51
48
45
46
61
71
62
56
52
55
61
64
59
64
61
47
33
23
34
43
49
48
37
37
40
39
35
23
14
18
24
17
5
5
7
4
-5
-7
-9
-25
-41
-36
-29
-24
-30
-40
-49
-51
-47
-44
-38
-40
-38
-35
-14
-16
-38
-32
-37
-36
-36
-49
-58
-62
-62
-54
-53
-62
-64
-62
-53
-47
-46
-52
-62
-66
-62
-46
-36
-38
-37
-31
-29
-26
-27
-28
-15
-10
-1
8
18
21
16
8
-3
-8
-14
-11
-6
4
6
14
23
20
25
31
28
35
38
37
24
15
18
20
21
15
13
22
19
10
18
24
27
21
22
25
18
21
29
32
34
31
40
47
39
26
25
36
41
39
37
33
24
16
9
17
15
11
6
2
12
26
35
34
20
7
8
15
9
-6
4
21
33
30
15
16
32
46
41
31
10
-2
6
11
8
0
-7
-8
-1
-2
-10
-17
-32
-45
-49
-54
-46
-43
-45
-40
-35
-30
-31
-34
-35
-29
-29
-29
-27
-25
-14
-14
-18
-30
-36
-26
-20
-20
-18
-13
-8
-5
-12
-13
-20
-28
-37
-33
-19
-9
-2
1
5
8
2
-13
-26
-34
-27
-9
6
4
-1
11
23
26
11
-6
-10
-5
-2
2
8
5
2
3
-1
-4
-10
-17
-14
-8
-6
-10
-12
-16
-14
-9
-11
-13
-23
-22
-5
7
9
5
4
10
23
25
17
20
35
58
74
78
73
67
55
48
44
38
31
24
21
20
13
3
-6
-3
5
3
-1
-4
2
4
0
-10
-14
-10
-8
-1
4
8
12
6
5
9
2
-8
-15
-10
-4
-6
-13
-17
-18
-20
-17
-18
-16
-12
1
7
5
-1
-10
-16
-20
-18
-12
-11
-12
-14
-17
-8
-6
-5
0
3
0
-7
-3
-3
-14
-22
-24
-26
-16
-3
0
0
8
17
21
22
18
18
24
31
29
32
35
46
59
55
42
23
8
8
13
21
23
16
14
16
18
21
11
-7
-29
-38
-29
-25
-28
-41
-43
-41
-39
-27
-30
-23
-16
-19
-25
-28
-34
-37
-35
-40
-40
-37
-24
-8
1
-3
-5
1
14
19
11
-2
-20
-23
-14
-4
-1
-7
-3
4
7
5
-1
-4
-9
-11
-12
-11
-11
-2
2
-6
-14
-23
-21
-21
-12
-12
-14
-9
-13
-11
-7
0
2
6
14
22
29
33
31
28
24
22
17
20
25
18
19
15
7
4
0
1
7
10
12
12
10
10
13
23
19
13
11
11
10
8
2
-1
3
7
21
29
28
21
12
9
2
-9
-12
-12
-1
17
20
20
15
23
39
38
25
13
7
6
19
26
16
14
8
5
4
12
17
25
22
20
18
7
6
7
3
-3
-3
-2
4
15
16
12
0
-15
-31
-37
-28
-20
-20
-26
-24
-16
-9
-21
-31
-30
-21
-14
-10
-16
-18
-18
-23
-22
-27
-36
-40
-47
-38
-16
-5
-5
-21
-29
-35
-38
-36
-45
-49
-31
-19
-20
-27
-29
-15
-12
-23
-30
-33
-33
-32
-20
-6
0
0
-4
-6
-11
-20
-24
-19
-4
1
4
1
-2
-1
-4
-2
-1
8
8
6
5
2
0
-4
1
3
10
21
23
18
20
30
36
38
29
22
23
22
29
38
34
25
27
44
55
61
58
48
46
39
30
34
32
33
42
43
39
35
32
28
29
37
39
34
30
29
28
19
2
-5
-2
-1
-2
-12
-19
-11
-1
5
7
1
4
5
5
-5
-6
-3
-10
-6
0
4
-4
-17
-28
-25
-13
3
11
5
-10
-26
-27
-21
-21
-20
-15
-17
-22
-35
-44
-45
-47
-43
-40
-40
-39
-37
-37
-37
-29
-15
-12
-20
-29
-29
-21
-11
-4
-3
-3
-2
-12
-13
-14
-17
-19
-23
-9
-3
-7
-7
-6
-1
-9
-18
-15
-2
-7
-21
-27
-20
-10
-9
-18
-24
-21
-12
-3
-2
-1
-6
0
21
37
35
15
-5
-9
7
28
32
20
16
19
17
12
0
-8
-6
-8
4
15
19
17
14
16
12
9
4
1
8
13
13
8
8
15
23
28
24
14
4
-5
-4
-1
8
15
20
15
15
17
8
6
7
12
19
16
16
13
4
2
0
4
7
11
18
21
25
27
26
27
37
43
35
26
20
19
14
9
9
15
21
17
11
2
-15
-18
-16
-15
-16
-20
-16
-11
6
20
15
4
-2
-3
3
7
3
-9
-9
4
5
3
-2
-19
-28
-22
-20
-25
-33
-34
-29
-24
-19
-20
-20
-13
-15
-15
-12
-9
-10
-8
-6
-6
-13
-19
-15
-9
-6
-12
-19
-23
-27
-24
-23
-21
-26
-30
-21
-13
-4
5
8
6
-4
-10
-6
0
-1
-2
-10
-12
-12
-9
-9
-14
-12
-10
-10
-19
-29
-28
-10
4
1
-10
-17
-17
-15
-24
-31
-34
-28
-9
7
4
-9
-15
-16
-12
-13
-18
-17
-13
2
7
0
1
-1
7
17
7
7
17
17
25
19
16