45
36
30
25
19
21
20
15
7
7
10
10
13
7
-6
-11
-15
-11
-13
-20
-24
-26
-24
-31
-36
-30
-18
-11
-4
-3
-5
1
11
12
6
5
1
1
-4
-5
-2
-5
-8
-9
-7
-6
-2
-3
-3
-3
-2
-1
3
7
13
17
7
7
9
7
5
3
1
0
-2
4
5
6
9
9
9
8
7
6
10
14
12
7
5
4
0
0
6
11
8
3
3
12
13
16
15
14
19
19
18
17
13
4
2
3
-1
-3
-1
-5
-9
-8
-10
-11
-19
-17
-15
-9
-12
-10
-5
-4
0
-7
-11
-18
-21
-17
-9
-5
-5
-7
-11
-15
-16
-21
-24
-26
-27
-29
-30
-24
-21
-18
-18
-10
-7
-6
-5
-3
-3
-6
1
2
10
13
16
25
26
24
21
15
13
16
22
30
31
28
31
30
24
19
12
7
6
0
2
6
8
6
1
5
1
-2
-3
-4
0
4
2
2
2
-1
5
5
2
-1
3
11
11
7
3
-4
-9
-13
-15
-15
-19
-29
-32
-31
-28
-29
-27
-26
-25
-30
-35
-40
-38
-36
-33
-22
-18
-17
-5
5
11
18
-10
-42
-50
-13
40
109
150
154
114
38
-27
-62
-55
-37
-9
6
17
17
8
-12
-14
14
4
7
36
26
9
-3
-35
-45
-57
-44
-9
5
18
19
41
49
57
49
29
1
-6
-12
-3
-1
16
32
39
35
8
17
17
4
-27
-21
-82
-132
-40
60
143
142
84
-19
-126
-176
-101
36
141
132
35
-73
-147
-94
-13
69
113
87
-14
-113
-111
-57
14
39
3
-62
-83
-60
-3
54
50
4
-40
-44
-43
-28
-14
-10
-6
-1
12
24
19
-3
-13
-15
-3
11
15
14
10
1
5
18
27
33
25
14
4
-1
13
16
21
27
21
10
-1
5
7
1
4
6
2
-3
-21
-30
-17
-10
-4
-5
-9
-13
-13
-20
-18
-17
-29
-30
-22
-2
9
16
13
2
-12
-21
-8
10
15
7
-6
-5
3
3
8
16
12
5
-4
4
18
18
11
2
-8
-10
-3
2
9
7
-2
-1
8
13
6
-3
-11
-9
-2
3
7
2
-3
3
5
1
1
5
18
25
23
20
10
2
-4
2
10
12
17
20
21
18
12
2
-2
-3
8
24
28
27
16
11
8
7
11
11
9
3
-10
-11
0
3
-1
-10
-17
-24
-23
-22
-26
-28
-22
-14
-7
-2
-7
-15
-25
-28
-20
-11
-4
-10
-16
-6
5
11
11
6
1
-10
-9
0
1
1
-4
-13
-14
-8
-1
3
5
4
-2
3
5
-1
-4
-7
-6
2
10
10
5
-3
-13
-12
-11
-7
-1
3
0
-8
-14
-24
-26
-27
-36
-40
-31
-31
-27
-22
-27
-29
-26
-17
-9
-6
-21
-28
-24
-23
-13
-6
-3
-2
-7
-10
4
18
29
33
30
31
22
18
13
7
19
28
35
45
47
39
33
28
31
30
30
31
27
30
30
24
26
29
22
15
16
24
40
48
49
46
39
31
25
25
32
41
45
48
41
30
13
6
13
21
21
11
4
-4
-13
-11
-4
-6
-17
-24
-30
-26
-17
-14
-13
-16
-17
-16
-15
-26
-35
-43
-50
-41
-24
-21
-31
-40
-54
-61
-60
-53
-58
-65
-69
-80
-82
-71
-61
-52
-52
-50
-47
-47
-43
-47
-44
-42
-35
-23
-20
-14
1
17
24
26
17
6
-2
-7
1
7
14
12
6
0
-1
10
24
28
24
13
12
21
30
39
35
35
29
33
44
50
58
51
34
32
41
49
52
46
41
37
42
49
53
51
34
17
15
19
26
35
34
31
24
23
22
17
11
16
14
11
4
-2
1
3
3
1
-5
-14
-14
-11
-5
-11
-17
-27
-27
-28
-20
-18
-9
-46
-53
-73
-36
-58
-52
-53
-74
3
-103
-15
-92
-10
2
-51
16
-28
41
-19
-24
14
-5
-34
3
-5
52
27
17
77
3
55
30
56
58
34
55
50
41
6
-5
-8
3
-18
18
9
25
20
17
20
-20
-3
-23
-8
-11
-22
-5
-20
-12
-24
-22
-28
-49
-36
-30
-27
-26
-13
-6
-7
-13
-10
-12
-20
-15
-3
3
3
12
17
11
1
-11
-16
-19
-22
-13
-13
-18
-22
-20
-13
-21
-26
-29
-26
-24
-24
-15
-18
-12
-7
-6
2
-2
-2
-6
3
5
-3
-4
-6
-1
5
22
32
36
33
31
41
42
38
37
30
27
26
29
34
38
38
35
30
30
31
26
25
11
3
5
10
26
23
21
17
6
9
5
7
5
11
20
25
28
28
29
19
10
-1
-10
-10
-4
-6
-9
-15
-20
-22
-33
-36
-41
-46
-40
-35
-35
-34
-29
-24
-13
-4
-12
-12
-9
-9
-10
-10
2
4
-6
-12
-11
-2
16
23
27
23
10
-7
-15
-10
2
10
11
7
-5
-14
-22
-23
-22
-24
-29
-23
-21
-11
-5
-5
-8
-9
-3
-8
-13
-4
-1
7
10
8
4
-1
8
7
21
28
18
13
1
-1
-8
-3
-6
-12
-17
-22
-12
0
10
6
-4
-10
-21
-26
-14
-6
1
-1
-10
-11
-4
7
18
19
12
7
4
-1
0
7
12
16
7
-6
-8
-1
11
10
15
14
6
-5
-12
-9
-14
-13
-8
9
24
30
37
34
28
19
13
20
26
25
26
24
27
21
17
16
20
10
0
-7
-19
-15
-13
-12
-10
-13
-23
-30
-27
-23
-20
-13
-18
-22
-19
-17
-8
0
6
3
-4
-16
-15
-9
-1
3
-3
2
1
-4
-2
5
8
1
-1
3
9
14
11
11
12
12
16
22
28
24
15
11
2
1
5
10
12
8
0
-9
-15
-5
2
7
11
1
-1
6
17
13
14
18
25
16
0
7
16
8
-6
2
15
8
-19
-26
-24
-11
-11
-13
-13
-21
-16
-15
-16
-19
-21
-23
-37
-37
-13
-10
-19
-28
-27
-9
-25
-33
-28
-30
-33
-48
-47
-41
-43
-48
-48
-37
-29
-30
-19
-8
-15
-21
-22
-17
-16
-11
-7
1
11
11
22
26
33
43
44
38
29
30
31
36
48
54
55
45
33
27
35
47
46
51
55
47
48
48
55
50
43
39
36
37
38
39
34
32
26
22
26
28
25
20
6
-6
-20
-20
-17
-32
-37
-32
-38
-38
-37
-39
-24
-35
-42
-53
-49
-42
-43
-26
-24
-26
-29
-32
-27
-28
-19
-23
-23
-25
-26
-18
-12
-14
-18
-13
-20
-22
-13
-11
-6
-9
-18
-29
-38
-34
-34
-28
-25
-21
-21
-15
-2
6
14
8
1
-1
3
16
28
37
43
37
29
24
34
44
45
50
52
48
35
31
31
35
32
27
19
18
30
33
30
22
12
5
12
24
24
18
7
8
3
4
9
2
-8
-13
-18
-22
-16
-18
-20
-22
-20
-28
-36
-41
-38
-34
-36
-39
-40
-39
-31
-24
-20
-16
-14
-11
-11
-9
-4
-2
-2
-3
-5
4
5
8
19
18
11
2
-4
2
3
3
4
4
-1
-6
-12
-8
-5
-17
-18
-17
-16
-14
-11
-7
-5
-8
-18
-19
-16
-4
11
19
30
24
26
23
16
18
17
23
29
32
38
35
24
10
1
4
5
6
11
16
17
14
7
1
-8
-13
-14
-11
-9
-13
-8
-1
8
12
11
10
11
9
12
13
12
8
3
-4
-8
-8
-8
-8
-10
-14
-14
-9
-10
0
0
-7
-9
-11
-8
2
9
18
19
16
18
18
17
15
6
5
5
12
16
20
22
12
8
-1
-7
-10
-8
-10
-14
-18
-24
-33
-39
-34
-30
-35
-27
-21
-14
-6
-6
-2
-5
-12
-18
-18
-10
-2
-3
-6
-9
-7
-4
-4
9
8
10
2
-4
-3
-7
-3
2
1
-5
-10
-9
-4
3
13
19
21
16
11
9
5
11
16
17
11
-3
-9
-4
2
2
2
-5
0
5
6
7
-1
-10
-16
-10
-5
-9
-10
-6
-5
-8
-5
3
2
2
-2
-1
-3
6
11
11
11
8
6
0
-5
-7
-8
-9
-12
-5
-3
-1
0
2
1
-12
-19
-23
-11
6
16
26
22
18
15
10
19
20
19
23
23
25
26
23
15
10
1
-3
-4
-4
1
4
4
1
0
-5
-8
-11
-19
-20
-16
-12
-8
-3
1
8
14
19
22
22
21
16
14
13
7
6
7
4
1
3
4
-3
-13
-19
-15
-11
-11
-17
-15
-11
-15
-14
-14
-19
-21
-18
-18
-19
-16
-14
-6
0
8
7
15
20
14
13
13
14
9
7
1
0
4
3
8
6
11
14
15
20
19
12
8
8
3
4
1
-7
-11
-12
-13
-7
-10
-15
-23
-36
-47
-50
-45
-37
-37
-42
-43
-43
-40
-38
-34
-33
-34
-29
-20
-9
0
-3
4
4
-2
1
7
16
19
22
24
28
26
23
20
19
16
13
18
17
19
19
10
9
7
0
0
-4
-9
-11
-11
-5
-4
-2
0
8
15
22
23
24
23
21
29
35
38
32
23
25
28
35
36
28
25
23
13
5
2
5
12
12
10
8
2
8
11
7
12
16
19
18
14
11
9
12
10
14
10
8
7
5
8
5
-2
-11
-13
-18
-17
-13
-13
-20
-31
-34
-36
-30
-26
-32
-31
-30
-26
-19
-16
-9
-13
-21
-30
-37
-39
-36
-32
-33
-29
-19
-10
-8
-9
-12
-13
-12
-13
-8
-3
-2
-2
-1
-4
-5
1
8
13
10
10
2
-4
-4
-6
-1
-4
-11
-10
-9
-5
0
2
7
8
3
-1
-4
-3
1
0
-5
-4
-5
-1
1
8
6
3
6
-1
5
0
-1
-2
-7
-7
-10
-8
-5
-4
-1
0
4
10
8
9
8
12
20
28
30
31
35
37
39
34
32
27
18
12
11
13
16
9
14
17
6
1
1
3
10
10
-2
0
1
5
10
10
5
0
4
1
-1
0
-1
4
4
0
-3
-4
-3
4
6
6
1
-3
1
-2
0
3
8
12
7
15
15
15
15
8
8
2
1
-1
-4
-6
-16
-21
-17
-10
0
5
4
-8
-19
-25
-25
-18
-14
-6
-5
-7
-5
-8
-4
-3
-8
-1
-1
-4
-2
-2
-1
-4
-10
-14
-16
-16
-12
-12
-10
-19
-24
-31
-39
-36
-30
-22
-17
-14
-10
-5
-4
-5
-16
-23
-25
-27
-23
-26
-23
-10
-9
-10
-5
3
7
-8
-26
-25
-16
-3
15
22
26
9
-16
-24
-22
-4
17
23
20
25
17
-5
-22
-20
-4
22
33
39
45
33
11
1
5
19
24
23
25
24
16
7
11
21
29
39
53
51
41
34
28
24
15
21
30
25
23
21
26
30
19
16
26
13
2
-3
-3
7
9
13
14
7
-9
-13
-14
-9
-2
6
7
5
8
-6
-23
-25
-23
-16
-8
-17
-25
-30
-26
-19
-14
-11
-15
-26
-28
-29
-32
-31
-22
-11
-15
-14
-22
-26
-18
-16
-6
4
7
2
-3
-11
-27
-25
-16
-3
4
2
3
14
8
-4
3
6
5
1
2
6
11
7
2
6
5
-1
-7
-2
1
-1
-1
3
8
14
18
14
14
2
-3
3
5
7
8
3
-2
-5
-7
-10
-7
-7
-12
-16
-24
-29
-21
-17
-18
-19
-25
-30
-30
-29
-33
-36
-41
-44
-47
-43
-32
-17
-5
-4
-11
-15
-14
-9
4
6
15
16
20
28
30
33
31
33
31
23
28
36
43
45
38
38
31
35
34
31
28
23
25
22
18
16
21
23
24
20
15
13
11
19
18
15
11
12
15
20
21
23
28
30
22
18
16
14
11
7
3
5
-7
-18
-20
-22
-24
-21
-16
-5
4
-2
-4
-8
-17
-23
-22
-16
-15
-16
-17
-20
-22
-22
-17
-8
-3
-9
-11
-15
-14
-14
-16
-16
-22
-23
-27
-21
-15
-15
-10
-14
-19
-18
-12
-3
4
8
6
7
6
8
19
13
9
3
-2
2
0
-12
-13
-15
-20
-31
-38
-36
-35
-33
-34
-38
-42
-42
-37
-29
-23
-16
-8
-7
-2
-2
-1
-3
-7
-8
-9
-5
-7
3
10
10
12
6
-1
-3
0
2
4
8
16
20
20
25
23
18
12
16
23
28
33
35
37
31
31
35
40
40
33
31
30
34
35
37
31
27
23
16
14
11
11
9
15
16
21
17
13
12
3
-5
-13
-8
-6
-1
4
2
-8
-17
-15
-6
-7
-10
-9
-5
-5
-10
-7
-8
-8
-6
-7
-4
-7
-4
-1
-4
-1
-2
0
0
-4
-4
-5
-8
-2
1
0
-3
-3
2
6
0
-4
-9
-14
-7
-3
-9
-11
-9
-16
-16
-6
-15
-10
-10
-10
-3
-7
-12
-12
-18
-17
-9
3
3
-2
-4
-6
-14
-19
-22
-22
-13
-7
-9
-9
-22
-33
-39
-35
-29
-29
-27
-27
-22
-18
-20
-22
-25
-26
-31
-33
-24
-16
-13
-7
-7
-8
-3
2
10
13
9
10
11
15
18
23
28
33
42
40
30
29
31
38
46
43
42
41
40
38
37
35
37
34
33
36
33
33
39
39
32
16
12
16
15
8
8
10
3
4
7
8
7
-1
-11
-16
-14
-11
-7
-5
-17
-22
-27
-23
-20
-25
-29
-39
-32
-30
-20
-11
-18
-18
-24
-23
-20
-18
-13
-6
-11
-18
-21
-24
-26
-28
-27
-16
-15
-16
-11
-12
-4
-5
-10
-4
-4
-2
-1
7
17
18
16
11
18
22
23
30
24
23
21
19
13
16
15
16
14
5
4
5
11
12
11
8
0
-2
-1
1
3
8
9
15
18
10
9
-1
-8
-11
-13
0
11
13
11
7
0
-11
-17
-14
-12
-10
-10
-8
-13
-15
-20
-22
-22
-24
-28
-31
-25
-16
-10
-11
-12
-15
-17
-16
-12
-8
-3
-2
1
9
6
9
7
0
2
-3
0
7
8
9
5
-1
-4
-5
-7
-9
-9
-14
-13
-13
-5
2
11
16
14
10
1
-6
-5
1
6
10
7
7
6
3
2
2
-4
0
2
6
7
3
8
10
5
4
11
16
11
9
11
8
4
6
8
10
1
-2
-2
1
5
2
4
6
6
7
7
12
10
11
18
26
31
24
21
29
34
35
30
23
25
27
23
23
25
12
12
15
20
19
9
1
-2
1
-8
-3
1
-2
-3
-6
-7
-17
-25
-26
-26
-30
-35
-43
-42
-43
-46
-40
-31
-32
-30
-25
-26
-27
-29
-37
-43
-46
-45
-38
-36
-36
-40
-45
-50
-51
-46
-40
-32
-31
-24
-19
-14
-3
2
13
16
17
16
18
27
32
36
36
39
36
34
37
42
47
45
38
37
41
43
40
39
39
36
35
39
35
29
34
30
31
24
21
17
11
2
-6
-3
-12
-15
-16
-16
-17
-23
-24
-23
-25
-22
-26
-32
-33
-34
-39
-40
-38
-34
-24
-23
-23
-17
-20
-19
-14
-15
-12
-17
-17
-7
4
17
22
23
18
11
8
7
14
19
20
17
18
21
27
30
17
9
3
2
9
23
35
36
31
27
23
18
14
8
7
14
17
20
23
15
8
1
2
5
6
9
5
7
9
9
3
-8
-16
-17
-15
-16
-15
-11
-11
-15
-14
-14
-21
-26
-28
-31
-28
-23
-17
-12
-11
-15
-29
-25
-17
-10
-1
1
1
-3
-8
0
-1
-7
-5
-11
-14
-13
-4
3
-8
-17
-16
-11
-2
4
4
-3
-14
-18
-3
10
1
-10
-18
-17
-24
-30
-21
-14
-18
-22
-11
-2
1
6
8
6
0
2
-4
-14
-7
4
9
4
7
13
6
4
10
23
30
27
32
31
20
13
19
22
19
20
23
20
11
1
10
18
15
13
9
21
28
21
21
28
37
42
35
32
30
15
-4
-2
14
29
16
5
11
8
-1
-3
4
0
-7
-10
-11
-13
-18
-7
-5
-18
-27
-18
-19
-24
-16
-14
-16
-23
-24
-30
-35
-25
-10
-4
-13
-31
-34
-23
-20
-18
-2
-2
-22
-35
-24
-11
-7
-4
-6
-10
-11
-12
-5
-8
-5
2
-2
-4
8
31
31
21
19
21
16
11
9
14
18
9
-4
-5
2
6
-3
-18
-17
-16
-16
-12
2
13
11
1
4
9
4
-1
3
8
8
0
-10
-9
-3
12
28
31
22
16
28
22
3
0
8
4
-14
-3
21
19
2
-3
10
15
11
10
2
2
-6
-7
-10
-16
-10
-6
-8
-8
-7
-21
-21
-6
-7
-14
-19
-29
-41
-35
-21
-11
-17
-25
-28
-27
-25
-25
-15
-14
-15
-13
-8
-11
-9
2
11
13
1
-5
5
13
8
13
17
7
-4
6
29
30
26
19
17
19
14
14
17
24
37
45
39
52
61
40
31
50
63
34
16
23
20
8
17
25
23
14
5
-17
-35
-23
-14
-17
-6
7
-1
-23
-36
-32
-17
-6
1
6
4
-14
-34
-30
-22
-18
-14
-15
-28
-46
-54
-42
-30
-24
-13
-8
-10
-22
-30
-23
-12
-5
2
1
0
-6
-18
-16
-4
7
7
5
2
3
2
4
12
30
37
18
7
-5
-15
-10
12
24
7
-11
-2
-9
-35
-15
25
20
-10
-13
-18
-38
-46
-26
-7
-14
-40
-62
-62
-35
-2
6
4
0
-5
-17
-13
16
47
46
35
26
20
24
25
45
71
72
59
50
47
44
47
54
43
20
6
7
3
-14
-13
10
25
11
2
10
-3
-17
2
29
33
17
-6
-28
-33
-16
7
20
19
3
-32
-65
-66
-41
-7
-1
-14
-28
-58
-59
-42
-37
-51
-58
-70
-91
-103
-104
-84
-73
-82
-81
-65
-51
-44
-23
11
50
80
80
87
104
118
117
127
139
150
164
167
167
173
156
116
105
125
120
82
54
51
48
33
48
76
78
61
50
39
9
-26
-49
-58
-67
-88
-129
-170
-211
-224
-228
-228
-219
-220
-218
-223
-227
-230
-232
-220
-191
-160
-137
-132
-135
-116
-93
-62
-46
-31
-21
-24
-27
-18
4
11
-2
-12
4
21
23
24
35
50
58
75
117
145
144
138
157
199
244
287
316
317
301
282
290
327
361
356
325
301
258
201
156
147
124
49
-33
-44
46
197
319
284
114
-45
-77
-31
43
138
148
-39
-324
-479
-429
-313
-277
-288
-276
-311
-462
-589
-562
-420
-320
-326
-360
-357
-329
-329
-297
-179
-26
90
158
177
122
15
-38
15
115
201
208
99
-111
-284
-270
-131
-30
-16
-65
-154
-251
-308
-288
-190
-65
-5
-12
-22
-8
31
100
213
358
454
450
377
336
353
394
422
455
495
447
293
181
168
193
224
259
245
115
-39
-124
-169
-169
-114
-77
-135
-125
123
460
702
821
813
613
381
420
714
900
720
327
-80
-470
-739
-688
-421
-321
-527
-816
-1008
-1098
-1162
-1140
-956
-777
-772
-867
-861
-698
-479
-277
-77
159
355
367
274
245
322
441
562
656
659
504
243
56
15
57
82
30
-137
-379
-581
-668
-634
-555
-485
-434
-393
-382
-362
-264
-98
94
276
426
524
555
543
547
637
773
845
797
686
551
393
283
270
267
184
64
-22
-91
-202
-301
-309
-259
-218
-174
-104
-69
-74
-39
65
187
288
349
379
367
305
289
333
369
358
312
217
86
1
-39
-74
-117
-163
-250
-367
-446
-458
-424
-425
-424
-390
-342
-317
-292
-234
-169
-118
-90
-47
10
63
99
101
84
65
72
71
25
-20
-42
-74
-126
-166
-195
-242
-298
-337
-338
-351
-374
-384
-375
-351
-333
-323
-308
-282
-250
-211
-162
-101
-48
13
63
114
169
213
227
232
279
321
325
299
287
296
304
318
333
319
290
253
205
190
221
237
165
55
-19
-45
-36
11
90
97
30
27
123
227
298
436
672
1076
1564
1717
1209
454
303
807
1184
1087
854
473
-447
-1379
-1350
-536
-139
-645
-1264
-1435
-1554
-1947
-2070
-1474
-821
-889
-1372
-1466
-1003
-526
-364
-175
326
823
901
749
732
867
989
1080
1279
1481
1308
707
116
-114
-36
137
162
-168
-789
-1351
-1559
-1461
-1296
-1155
-1034
-1009
-1127
-1198
-999
-640
-279
88
467
748
810
729
723
952
1319
1582
1612
1396
1035
715
548
530
548
467
212
-150
-468
-637
-685
-693
-683
-625
-530
-491
-545
-561
-424
-158
140
373
534
599
564
496
503
637
816
925
886
737
498
261
184
305
509
693
895
1040
902
326
-270
-255
245
551
426
152
-211
-878
-1538
-1455
-698
-238
-561
-1091
-1263
-1376
-1678
-1780
-1298
-658
-655
-1184
-1489
-1236
-813
-583
-356
53
406
378
143
118
349
623
873
1128
1275
1118
671
239
127
328
594
667
370
-217
-769
-971
-820
-603
-496
-488
-565
-754
-962
-883
-478
-49
224
408
590
695
684
698
887
1239
1523
1579
1396
1108
894
791
772
828
888
764
370
-99
-347
-306
-196
-241
-347
-434
-527
-670
-754
-623
-373
-188
-241
-347
-292
-135
-26
-3
161
479
676
602
414
363
458
800
1471
2114
2013
952
-188
-375
318
954
1052
657
-238
-1545
-2417
-2098
-1122
-681
-1110
-1724
-2106
-2456
-2746
-2457
-1584
-1007
-1241
-1661
-1523
-957
-601
-503
-138
629
1258
1302
1044
886
922
1128
1494
1937
2071
1590
724
69
-21
272
529
393
-206
-929
-1375
-1438
-1336
-1241
-1111
-965
-922
-1023
-1046
-823
-455
-48
429
942
1262
1235
1056
1086
1498
2034
2249
2067
1685
1311
1059
960
971
945
720
259
-202
-447
-556
-673
-827
-923
-903
-859
-918
-1046
-1043
-851
-506
-177
64
249
267
252
322
534
817
1059
1183
1104
959
851
895
1000
1084
1473
1928
1636
471
-414
-284
245
344
39
-242
-815
-2006
-2872
-2352
-1263
-1013
-1587
-2083
-2188
-2354
-2612
-2299
-1282
-663
-1050
-1567
-1353
-644
-190
-73
277
969
1356
1150
907
971
1102
1188
1410
1728
1749
1138
279
-168
-62
271
477
266
-465
-1244
-1618
-1584
-1329
-1017
-792
-822
-1094
-1309
-1141
-663
-198
214
654
1015
1147
1028
958
1263
1819
2184
2144
1864
1504
1192
1000
963
1016
930
534
18
-335
-490
-602
-719
-766
-760
-738
-837
-1053
-1165
-972
-455
-4
172
228
215
159
158
471
940
1183
1086
852
831
1006
1212
1274
1201
1390
1875
1951
1106
91
-158
207
321
72
-71
-375
-1536
-2838
-2737
-1528
-964
-1585
-2323
-2389
-2392
-2822
-2862
-1882
-897
-1106
-1880
-1917
-1085
-309
-121
34
633
1188
1158
939
1075
1412
1610
1680
1855
2016
1706
941
360
368
723
916
572
-268
-1119
-1572
-1604
-1394
-1190
-1172
-1371
-1664
-1844
-1695
-1182
-594
-174
101
388
705
867
933
1215
1790
2316
2422
2128
1758
1557
1508
1561
1700
1599
1063
319
-250
-438
-422
-432
-624
-915
-1190
-1444
-1640
-1684
-1452
-956
-561
-397
-419
-472
-419
-152
322
873
1327
1526
1413
1285
1372
1714
2080
2374
2917
3334
2628
941
-23
604
1489
1282
462
-164
-1124
-2766
-3608
-2532
-1132
-1338
-2687
-3445
-3375
-3574
-3871
-3119
-1588
-1096
-2031
-2705
-2061
-868
-260
-39
649
1585
1813
1316
1024
1407
2006
2373
2594
2753
2431
1340
230
73
845
1532
1204
-99
-1525
-2285
-2294
-1937
-1647
-1629
-1875
-2309
-2736
-2751
-2130
-1189
-484
-155
107
465
718
824
1104
1819
2701
3174
2960
2385
1960
1842
2022
2395
2579
2215
1297
223
-437
-407
-79
-35
-457
-1156
-1642
-1847
-1873
-1671
-1255
-852
-758
-820
-837
-722
-406
46
678
1269
1521
1489
1454
1659
2030
2851
3945
4306
3126
1287
610
1408
2064
1720
1135
425
-1247
-3324
-3670
-2141
-1158
-2024
-3461
-3897
-3938
-4556
-4796
-3533
-1952
-2046
-3219
-3422
-2292
-1175
-805
-378
692
1689
1851
1553
1510
1844
2357
2968
3543
3679
3004
1732
859
1013
1709
1961
1213
-279
-1744
-2489
-2465
-2124
-2008
-2339
-2941
-3457
-3637
-3313
-2522
-1643
-1063
-734
-403
-49
275
690
1392
2299
3032
3302
3199
2971
2811
2841
3079
3294
3076
2398
1530
846
456
227
132
-124
-724
-1490
-1931
-1970
-1900
-1787
-1711
-1651
-1591
-1419
-1106
-743
-364
85
680
1180
1650
2101
2681
3614
4404
4156
2926
2348
2896
3344
2888
2147
1551
269
-1681
-2645
-1833
-1142
-2075
-3552
-4095
-4257
-5138
-5749
-4850
-3342
-3334
-4596
-4918
-3734
-2419
-1872
-1376
-384
548
847
913
1361
2135
2817
3330
3834
4121
3838
2965
2275
2441
3086
3123
2021
399
-921
-1613
-1819
-1833
-2075
-2786
-3692
-4282
-4341
-3968
-3290
-2590
-2199
-2115
-1914
-1268
-385
408
1058
1755
2493
3053
3314
3397
3590
3938
4359
4461
4090
3440
2817
2269
1798
1573
1391
789
-368
-1383
-1713
-1621
-1646
-1973
-2189
-2305
-2399
-2501
-2379
-1880
-1135
-363
140
453
1012
2311
3660
3861
2953
2613
3568
4415
4096
3475
3314
2366
217
-1086
-266
675
-499
-2647
-3583
-3614
-4559
-5795
-5456
-4065
-4116
-5926
-6875
-5750
-4036
-3324
-3126
-2371
-1343
-747
-398
385
1480
2400
3010
3598
4218
4493
4167
3668
3687
4170
4364
3638
2212
814
-25
-386
-684
-1344
-2354
-3321
-3984
-4363
-4467
-4135
-3614
-3427
-3560
-3295
-2440
-1594
-1085
-460
517
1437
2003
2459
3071
3594
3902
4192
4685
4921
4561
3955
3491
3327
3150
2722
2004
1131
258
-433
-817
-1029
-1348
-1853
-2407
-2837
-2957
-2686
-2309
-1950
-1566
-1068
-200
967
1834
1679
1120
1542
2988
4003
3798
3356
2970
1901
601
627
1866
2033
302
-1603
-2152
-2283
-3180
-3961
-3666
-3321
-4435
-6043
-6278
-5168
-4242
-4125
-3932
-3254
-2643
-2384
-1881
-803
427
1366
2035
2680
3286
3646
3724
3887
4429
4947
4765
3727
2459
1673
1415
1169
513
-571
-1768
-2725
-3314
-3603
-3621
-3460
-3474
-3843
-4066
-3712
-3014
-2479
-2046
-1287
-263
524
902
1364
2135
2951
3559
4067
4519
4629
4410
4097
4061
4183
4133
3688
2784
1939
1343
972
402
-322
-729
-995
-1527
-2338
-2761
-2697
-2485
-2208
-1824
-1200
-300
565
583
-156
-155
1274
2923
3187
2713
2439
1816
570
103
1476
2722
1718
-577
-1825
-1847
-2309
-3139
-3036
-2348
-2979
-5043
-6315
-5613
-4282
-3865
-3936
-3646
-3140
-2931
-2861
-2197
-861
483
1259
1608
2084
2658
2910
3040
3625
4547
4773
3931
2853
2285
2104
1841
1395
728
-222
-1315
-2125
-2455
-2492
-2538
-2835
-3247
-3481
-3327
-2951
-2662
-2376
-1888
-1113
-352
207
759
1327
1823
2358
3132
3902
4158
4043
3927
3967
4111
4177
4015
3463
2681
2077
1861
1571
1066
455
-248
-901
-1460
-1650
-1536
-1432
-1455
-1695
-1451
-464
440
131
-895
-735
828
1917
1588
1209
1282
704
-520
-477
1277
2169
718
-1280
-1703
-1374
-1958
-2675
-2318
-1842
-2931
-4817
-5374
-4381
-3462
-3444
-3668
-3531
-3242
-3103
-2769
-1910
-763
149
555
839
1476
2238
2546
2476
2826
3630
3912
3308
2464
2072
1964
1580
934
466
175
-394
-1305
-1922
-1872
-1717
-2135
-2839
-2918
-2271
-1925
-2228
-2381
-1754
-826
-364
-63
504
1158
1433
1604
2223
3061
3566
3629
3628
3703
3668
3574
3430
3252
2971
2687
2347
1735
1143
592
376
80
-295
-624
-785
-685
-788
-532
108
548
-61
-953
-519
890
1585
937
478
380
-254
-1060
-689
792
1062
-452
-1968
-2085
-1809
-2271
-2593
-2224
-2077
-3191
-4596
-4830
-3928
-3101
-2932
-2960
-2912
-2917
-2944
-2522
-1476
-263
490
649
742
1255
1891
2241
2464
2951
3359
3075
2330
1843
1855
1871
1398
546
-195
-570
-809
-1233
-1714
-1883
-1859
-2123
-2671
-2832
-2353
-1879
-1804
-1703
-1183
-617
-322
24
780
1482
1816
2137
2659
3128
3236
3351
3703
3960
3866
3673
3456
3088
2677
2504
2429
2016
1305
568
143
-108
-351
-409
-242
-302
-323
-25
123
-449
-1095
-458
1088
1688
782
72
-21
-510
-1107
-466
980
1000
-812
-2270
-2083
-1585
-1983
-2354
-2166
-2406
-3693
-4807
-4645
-3724
-3181
-3306
-3467
-3417
-3273
-3059
-2552
-1615
-504
202
321
545
1335
2209
2582
2752
3208
3595
3370
2827
2614
2640
2328
1659
1020
552
87
-481
-1069
-1503
-1737
-1954
-2288
-2694
-2842
-2724
-2712
-2791
-2394
-1518
-1017
-1120
-989
-125
837
1293
1594
2247
2883
3015
3064
3526
4135
4276
3873
3553
3475
3481
3268
2866
2529
2028
1372
670
371
333
359
2
-206
256
529
-268
-1581
-1391
228
1210
497
-230
-182
-709
-1763
-1450
421
1180
-479
-2339
-2381
-1660
-1863
-2254
-1972
-1936
-3120
-4530
-4700
-3733
-2859
-2839
-3323
-3622
-3477
-3009
-2458
-1819
-947
-221
-56
107
986
1981
2308
2252
2694
3492
3785
3301
2745
2649
2623
2354
1847
1318
865
317
-431
-1053
-1231
-1273
-1675
-2429
-2810
-2591
-2413
-2615
-2611
-2009
-1420
-1278
-1134
-532
206
643
979
1601
2158
2364
2559
2996
3330
3457
3466
3544
3394
2956
2743
2749
2679
2105
1456
949
733
500
542
649
553
756
794
275
-744
-771
405
1472
1073
189
-97
-668
-1484
-1205
318
901
-646
-2485
-2803
-2246
-2293
-2577
-2426
-2645
-3899
-5188
-5140
-4174
-3378
-3375
-3804
-4016
-3843
-3380
-2623
-1609
-581
-5
-53
-8
885
2219
3076
3391
3558
3680
3500
3203
3257
3653
3808
3101
1821
760
492
603
314
-459
-1161
-1558
-2071
-2756
-2929
-2403
-2078
-2537
-3050
-2795
-1964
-1329
-981
-467
200
677
938
1457
2228
2905
3272
3484
3648
3755
3796
3611
3471
3420
3394
3089
2413
1559
1023
821
693
459
173
-218
-658
-430
171
291
-657
-1410
-829
578
1123
652
365
10
-697
-906
214
1425
984
-703
-1816
-1800
-1723
-1905
-1858
-2122
-3265
-4778
-5368
-4971
-4310
-4166
-4684
-5298
-5468
-4973
-4066
-3219
-2527
-1848
-1288
-790
100
1449
2662
3391
3676
3953
4352
4648
4786
4883
4976
4708
3848
2688
1966
1904
1778
954
-306
-1214
-1771
-2475
-3091
-3061
-2815
-3275
-4148
-4361
-3537
-2569
-2100
-1794
-1273
-687
-82
871
2031
2909
3302
3597
4010
4621
5181
5314
5221
5027
4868
4535
4049
3346
2722
2137
1510
867
343
-52
-617
-652
-502
-819
-1942
-2774
-2317
-1184
-763
-1139
-1111
-1305
-2177
-2428
-981
763
645
-887
-1695
-1359
-1117
-1288
-1012
-853
-1819
-3498
-4275
-3785
-3051
-3011
-3812
-4691
-5049
-4826
-4280
-3724
-3263
-2840
-2617
-2437
-1718
-395
795
1551
2249
2883
3304
3429
3683
4346
5231
5550
4911
3819
2996
3029
3382
3067
2085
1092
133
-895
-1613
-1609
-1409
-1986
-3300
-4128
-3880
-3207
-2781
-2511
-2276
-2119
-1792
-976
177
1157
1778
2201
2718
3377
4125
4788
5008
5120
5383
5641
5480
4805
4216
3815
3496
3022
2490
1894
1017
237
209
472
-147
-1700
-2638
-2318
-1517
-1481
-1921
-2144
-2733
-3542
-3443
-1960
-823
-1289
-2495
-2877
-2444
-2103
-1935
-1679
-1838
-2790
-3923
-4072
-3352
-2719
-2897
-3772
-4468
-4386
-3791
-3297
-3075
-2825
-2468
-2238
-1981
-1260
-155
694
1287
1941
2518
2829
2851
3138
3867
4628
4792
4256
3470
2940
3052
3295
3093
2475
1639
659
-192
-452
-297
-405
-1288
-2400
-2800
-2568
-2314
-2179
-1985
-1866
-1840
-1576
-884
-15
642
987
1434
2098
2748
3354
3809
3954
4075
4450
4859
4992
4677
4057
3649
3333
3276
3060
2609
1868
1198
1329
1300
516
-1015
-1526
-1083
-543
-882
-1691
-2017
-2724
-3593
-3377
-1919
-1106
-2106
-3563
-3839
-3066
-2568
-2566
-2496
-2813
-3718
-4633
-4522
-3712
-3131
-3329
-4168
-4727
-4448
-3857
-3459
-3212
-2746
-2303
-2146
-2082
-1364
-169
636
1104
1863
2725
2873
2597
2845
3928
4893
4948
4220
3569
3325
3208
3184
3185
2936
2324
1183
66
-249
68
-101
-982
-1805
-2182
-2241
-2408
-2336
-1865
-1497
-1645
-1674
-1065
-260
278
767
1337
1959
2580
3018
3417
3704
3966
4335
4631
4668
4509
4283
3810
3431
3304
3239
2655
1863
1402
1521
1740
1113
-185
-1324
-1247
-567
-100
-609
-1451
-2179
-3024
-3263
-2252
-931
-1077
-2635
-3748
-3397
-2616
-2491
-2567
-2606
-3283
-4471
-5144
-4546
-3641
-3475
-4227
-5096
-5246
-4837
-4530
-4265
-3656
-2932
-2802
-3135
-2904
-1561
-211
319
752
1530
2273
2433
2491
3231
4395
4964
4714
4194
3893
3949
3963
3736
3515
3282
2684
1649
795
673
811
334
-670
-1275
-1440
-1676
-2030
-1933
-1497
-1361
-1602
-1613
-1001
-310
72
503
1188
1765
2144
2509
2997
3592
3999
4169
4244
4319
4220
4130
4031
3765
3328
2872
2515
2170
1879
1304
1200
1093
420
-741
-1140
-615
-262
-743
-1610
-1737
-1961
-2708
-2940
-1977
-1207
-1879
-3070
-3223
-2788
-2820
-3174
-2950
-2796
-3492
-4647
-4966
-4451
-3928
-3902
-4416
-5054
-5265
-4957
-4409
-3880
-3545
-3274
-3167
-3022
-2359
-1099
-155
229
588
1313
2156
2767
3100
3536
4090
4456
4505
4412
4320
4252
4088
3684
3354
3280
2931
2078
1319
1075
999
543
-148
-680
-975
-1265
-1380
-1253
-1166
-1226
-1244
-1069
-772
-355
148
596
907
1254
1861
2448
2680
2854
3191
3484
3620
3747
3860
3732
3455
2975
2733
2604
2450
2038
1419
709
415
1054
1241
354
-1069
-1457
-910
-477
-776
-1064
-1164
-2117
-3293
-2928
-1231
-544
-1868
-3362
-3446
-2928
-2964
-3040
-2595
-2779
-4172
-5503
-5371
-4316
-3602
-3940
-4828
-5419
-5386
-5035
-4394
-3617
-2965
-2817
-3101
-2962
-1844
-512
122
550
1347
2186
2444
2592
3213
4237
4764
4612
4395
4414
4393
4228
4108
4001
3842
3365
2429
1686
1651
1839
1479
530
-228
-345
-284
-563
-739
-678
-776
-1123
-1109
-621
-119
-6
49
375
837
1223
1506
1749
1965
2264
2565
2743
2656
2698
2845
2786
2421
2134
2023
1820
1438
1066
860
659
355
276
712
737
-125
-1265
-1332
-498
162
-203
-902
-1275
-1876
-2485
-2150
-984
-588
-1732
-3185
-3492
-3036
-2816
-2824
-2820
-3442
-4610
-5389
-5016
-4236
-3898
-4317
-5034
-5400
-5081
-4335
-3580
-3168
-3080
-2865
-2458
-1780
-800
109
465
875
1641
2491
2988
3312
3739
4135
4343
4382
4473
4420
4290
4185
4158
3919
3346
2859
2479
2172
2086
2041
1553
776
288
242
301
148
-54
-216
-549
-905
-654
96
407
39
-317
-120
338
791
1104
1261
1227
1050
1053
1347
1668
1771
1661
1360
1105
954
1020
1003
857
582
356
131
-60
18
40
421
695
285
-766
-1298
-636
309
317
-543
-879
-1066
-1792
-2276
-1563
-585
-1085
-2694
-3403
-2950
-2744
-3163
-3206
-3009
-3467
-4656
-5252
-4603
-3587
-3270
-3865
-4497
-4443
-3797
-3155
-2541
-1919
-1409
-1371
-1446
-771
600
1431
1537
1711
2302
2807
2919
3205
3891
4492
4263
3756
3570
3809
4047
4022
3728
3352
3101
2668
2209
2174
2438
2353
1621
801
588
851
884
636
448
90
-422
-661
-328
74
90
-325
-678
-664
-427
-220
-88
-87
-281
-382
-338
-140
67
207
156
180
191
112
80
197
360
362
356
244
174
-34
1
111
345
758
781
163
-843
-1005
-150
579
-33
-1018
-1309
-1578
-2093
-2072
-1208
-772
-1873
-3265
-3317
-2504
-2275
-2507
-2502
-2550
-3095
-3692
-3479
-2683
-1956
-1960
-2473
-2760
-2405
-1795
-1270
-935
-594
-277
-390
-461
258
1207
1418
1303
1550
2102
2334
2313
2582
3108
3353
3228
3122
3277
3435
3452
3360
3244
3173
3191
2938
2495
2475
2648
2462
1836
1284
1167
1221
882
439
187
-124
-558
-837
-978
-1118
-1325
-1577
-1799
-1944
-1919
-1869
-1874
-1903
-1795
-1537
-1383
-1404
-1180
-720
-420
-234
-96
29
245
353
407
514
544
544
511
338
210
257
174
11
-40
457
734
-114
-1392
-1443
-381
341
-162
-877
-907
-1277
-1948
-1586
-96
625
-430
-1907
-1791
-757
-326
-252
45
-99
-988
-1909
-1663
-474
246
-226
-1295
-1905
-1684
-1196
-1027
-900
-711
-692
-1199
-1515
-769
343
504
159
368
1013
1266
1132
1481
2503
3147
2880
2512
2663
3175
3497
3503
3420
3390
3148
2639
2268
2420
2690
2269
1231
498
394
348
-52
-545
-900
-1419
-2085
-2394
-2172
-1958
-2231
-2825
-3102
-2881
-2485
-2188
-2057
-2025
-1939
-1785
-1448
-957
-551
-377
-423
-394
-83
307
485
459
340
311
274
72
48
259
245
-11
-328
-441
-351
-281
-180
-87
158
516
630
149
-204
354
1409
1869
1435
1350
1601
1240
742
1393
2684
2810
1420
328
614
1019
759
646
750
172
-1198
-2211
-1881
-982
-748
-1473
-2500
-3070
-2901
-2400
-1961
-1642
-1510
-1684
-2044
-1835
-765
154
252
123
415
911
1165
1288
1681
2209
2273
1942
1742
1932
2129
2018
1677
1430
1403
1193
615
209
366
477
64
-557
-804
-670
-690
-929
-960
-883
-1126
-1469
-1434
-1124
-969
-1157
-1363
-1302
-1174
-1206
-1209
-1085
-946
-966
-1145
-1226
-1099
-861
-714
-704
-722
-680
-615
-479
-205
92
253
199
123
353
871
1288
1403
1416
1433
1488
1605
1934
2357
2653
2508
2247
2644
3258
3050
2114
1793
2444
2976
2429
1670
1638
1486
613
132
855
1476
582
-889
-1180
-646
-601
-1043
-1176
-1184
-1746
-2694
-2949
-2274
-1625
-1830
-2708
-3260
-3026
-2600
-2601
-2717
-2454
-2110
-2344
-2781
-2476
-1729
-1487
-1674
-1556
-1011
-722
-876
-927
-444
227
547
416
309
643
1174
1454
1419
1493
1790
1817
1449
1488
2054
2262
1739
1113
1028
1267
1177
792
540
282
-219
-686
-807
-673
-687
-1086
-1599
-1856
-1716
-1437
-1318
-1332
-1279
-1154
-948
-693
-287
216
538
616
767
1158
1652
2036
2199
2325
2517
2642
2605
2656
2757
2800
2659
2451
2375
2378
2142
1771
1537
1516
1498
1310
995
835
1029
1255
1027
314
-67
246
747
704
352
142
-142
-747
-1014
-465
71
-398
-1480
-2089
-2075
-2177
-2453
-2390
-2390
-3085
-4230
-4747
-4318
-3696
-3773
-4404
-4839
-4764
-4459
-4213
-3882
-3334
-2905
-2883
-2886
-2325
-1372
-769
-575
-210
467
936
1085
1273
1787
2336
2514
2425
2485
2706
2728
2532
2424
2537
2544
2158
1668
1564
1714
1576
1156
915
969
965
697
473
531
616
479
347
431
595
615
528
508
677
883
912
871
878
956
1091
1183
1176
1179
1203
1178
1184
1276
1326
1307
1226
1142
1109
1073
1038
1011
943
802
704
650
561
434
370
408
378
182
-68
-236
-265
-249
-330
-550
-839
-1110
-1094
-747
-563
-1027
-1849
-2254
-1965
-1535
-1512
-1683
-1936
-2494
-3038
-2876
-2040
-1441
-1754
-2416
-2672
-2552
-2327
-1926
-1446
-1333
-1816
-2439
-2457
-1858
-1205
-1035
-1296
-1495
-1451
-1428
-1420
-1095
-544
-264
-470
-654
-425
-142
-61
186
799
1277
1161
745
746
1303
1888
2174
2279
2330
2305
2200
2233
2660
3236
3389
2950
2480
2555
2973
3106
2900
2761
2710
2426
1974
1879
2122
2062
1546
1115
1026
934
609
305
249
230
-14
-340
-568
-690
-734
-737
-767
-846
-961
-1105
-1212
-1174
-1001
-922
-1027
-1165
-1196
-1160
-1116
-1037
-909
-886
-1057
-1184
-1169
-1094
-989
-913
-970
-1073
-1130
-1060
-908
-819
-806
-867
-942
-915
-754
-575
-483
-485
-391
-85
96
-38
-256
-248
72
400
440
377
301
2
-338
-238
338
729
411
-239
-513
-445
-392
-383
-224
-90
-467
-1199
-1496
-1078
-563
-578
-962
-1100
-936
-924
-1050
-864
-330
6
-103
-207
49
392
525
671
1066
1570
1724
1481
1335
1592
2001
2191
2186
2206
2235
2017
1662
1627
1979
2206
1887
1326
1039
980
810
618
647
731
421
-217
-612
-523
-336
-436
-693
-901
-1069
-1255
-1368
-1284
-1120
-1099
-1245
-1379
-1371
-1258
-1141
-1032
-879
-753
-699
-720
-737
-657
-507
-351
-211
-78
-56
-151
-223
-152
93
306
292
121
-11
-8
74
188
297
341
301
198
125
134
243
358
419
462
457
421
356
341
506
673
685
655
668
768
846
802
764
846
882
781
657
677
790
713
433
204
173
249
273
155
-42
-261
-479
-610
-613
-552
-623
-955
-1361
-1511
-1391
-1292
-1389
-1582
-1721
-1843
-1933
-1881
-1728
-1647
-1736
-1865
-1814
-1583
-1379
-1289
-1199
-1034
-867
-744
-583
-308
-57
39
52
148
368
570
720
880
1020
1058
1036
1069
1227
1441
1519
1425
1345
1325
1312
1345
1434
1497
1414
1169
975
1028
1158
1121
934
796
773
732
619
559
622
635
455
268
292
375
270
101
104
218
172
-62
-181
-42
137
105
9
7
71
156
206
250
369
495
450
346
404
631
780
686
578
620
681
641
608
651
617
425
177
80
60
-25
-204
-414
-587
-766
-937
-1091
-1231
-1371
-1543
-1743
-1885
-1950
-1988
-2086
-2246
-2326
-2281
-2212
-2201
-2221
-2164
-2023
-1891
-1785
-1637
-1463
-1359
-1284
-1123
-861
-644
-543
-473
-325
-141
-20
71
199
339
395
385
425
535
622
670
699
720
740
745
744
802
926
978
935
907
967
1080
1123
1115
1183
1265
1228
1161
1229
1351
1349
1252
1249
1332
1339
1265
1203
1214
1188
1083
1029
1031
1005
960
900
809
705
669
712
723
633
523
473
435
411
436
433
345
225
202
238
222
159
91
40
-27
-96
-138
-213
-316
-421
-525
-601
-634
-687
-832
-996
-1071
-1075
-1157
-1302
-1354
-1293
-1294
-1382
-1406
-1329
-1279
-1306
-1299
-1183
-1041
-1004
-1044
-993
-826
-692
-634
-593
-509
-425
-386
-356
-271
-194
-199
-238
-245
-216
-191
-235
-317
-348
-315
-272
-281
-352
-454
-516
-502
-408
-305
-287
-353
-393
-301
-149
-27
60
171
312
377
382
478
705
919
986
972
1041
1195
1299
1324
1333
1385
1411
1365
1346
1372
1383
1305
1193
1140
1111
984
803
725
733
690
521
313
205
155
54
-52
-100
-156
-271
-433
-575
-605
-571
-606
-733
-833
-851
-849
-872
-905
-887
-844
-824
-813
-766
-699
-650
-571
-443
-317
-214
-132
-72
-13
81
233
398
492
525
574
605
584
602
718
831
807
685
622
610
576
545
572
584
482
303
155
90
71
72
48
-41
-223
-438
-569
-546
-451
-437
-561
-728
-822
-834
-773
-680
-612
-635
-740
-809
-736
-552
-392
-349
-368
-344
-256
-184
-135
-24
108
170
130
119
199
276
285
271
312
353
302
205
178
205
212
144
34
-42
-103
-184
-271
-323
-353
-382
-440
-527
-597
-618
-609
-611
-610
-608
-607
-619
-614
-527
-397
-281
-194
-119
-64
-39
36
223
416
506
546
625
713
783
866
987
1069
1046
1008
1030
1098
1113
1082
1055
1009
907
799
785
827
786
644
469
342
318
311
253
155
15
-133
-228
-274
-288
-293
-329
-413
-516
-582
-599
-613
-616
-591
-563
-586
-639
-639
-566
-471
-383
-328
-323
-350
-289
-120
35
91
76
113
183
236
271
359
411
361
255
198
220
236
189
74
-61
-186
-291
-393
-478
-562
-638
-770
-972
-1106
-1100
-1054
-1076
-1149
-1209
-1232
-1222
-1160
-1007
-818
-707
-652
-569
-414
-188
40
253
417
530
646
808
1019
1224
1362
1443
1508
1551
1584
1632
1694
1730
1676
1570
1508
1462
1374
1276
1184
1092
958
780
639
534
424
282
144
-6
-173
-311
-402
-464
-542
-654
-771
-862
-935
-1002
-1045
-1066
-1097
-1136
-1185
-1237
-1252
-1212
-1151
-1107
-1107
-1120
-1083
-1004
-946
-911
-852
-762
-652
-582
-537
-449
-307
-192
-138
-88
-2
118
217
274
319
365
390
421
493
565
593
552
486
469
490
510
511
464
343
199
129
167
219
149
-25
-167
-197
-165
-162
-187
-210
-253
-323
-353
-291
-169
-94
-109
-117
-30
110
216
269
346
464
561
641
741
852
938
990
1053
1153
1220
1225
1229
1267
1304
1311
1274
1200
1106
1026
999
964
860
719
597
472
338
236
170
75
-91
-249
-337
-422
-559
-698
-763
-792
-873
-997
-1084
-1144
-1188
-1225
-1260
-1277
-1322
-1388
-1426
-1424
-1403
-1368
-1348
-1386
-1431
-1403
-1322
-1238
-1181
-1123
-1067
-1044
-1015
-901
-725
-602
-535
-465
-381
-305
-193
-30
124
215
275
344
437
532
640
757
813
847
894
928
934
959
1036
1116
1098
999
945
977
1039
1038
975
893
806
718
651
641
646
589
459
319
225
184
191
189
125
13
-86
-110
-98
-84
-65
-48
-70
-117
-117
-43
73
141
155
178
209
236
279
360
465
519
489
449
464
511
526
504
496
487
417
310
233
201
191
123
2
-100
-186
-282
-393
-498
-599
-701
-800
-899
-993
-1086
-1156
-1227
-1315
-1402
-1442
-1461
-1514
-1565
-1573
-1546
-1529
-1519
-1467
-1389
-1337
-1287
-1182
-1021
-872
-759
-638
-477
-278
-103
52
233
448
627
741
863
1054
1254
1380
1460
1579
1715
1771
1761
1790
1885
1924
1851
1754
1702
1663
1588
1471
1367
1259
1086
885
743
637
480
280
93
-36
-154
-286
-411
-505
-583
-677
-744
-755
-751
-784
-827
-809
-738
-691
-684
-656
-592
-515
-472
-418
-327
-260
-249
-250
-201
-119
-64
-54
-62
-61
-48
-23
1
-9
-45
-63
-74
-125
-186
-221
-228
-265
-317
-358
-387
-424
-467
-481
-472
-486
-526
-558
-589
-600
-574
-538
-526
-551
-570
-551
-512
-468
-413
-370
-342
-327
-277
-182
-90
-14
42
88
149
240
355
470
531
551
587
680
786
831
851
871
900
920
910
907
916
911
866
818
788
756
674
579
518
493
473
402
297
205
145
79
41
45
19
-73
-192
-251
-221
-162
-166
-240
-309
-330
-328
-318
-287
-248
-241
-286
-330
-307
-239
-210
-218
-220
-210
-210
-215
-192
-156
-155
-195
-236
-255
-264
-281
-296
-292
-316
-372
-431
-454
-431
-401
-417
-472
-502
-492
-453
-413
-375
-341
-322
-310
-272
-185
-100
-48
-15
33
102
157
212
290
367
436
486
524
553
579
612
656
691
704
679
633
620
646
670
651
598
538
482
439
426
415
377
305
209
139
103
90
78
32
-56
-142
-192
-219
-245
-279
-332
-380
-419
-463
-499
-517
-521
-533
-545
-548
-547
-564
-587
-579
-533
-491
-464
-452
-444
-434
-390
-312
-246
-212
-201
-174
-141
-104
-31
47
68
50
40
66
109
128
123
105
67
34
37
42
7
-62
-102
-118
-120
-125
-152
-200
-236
-231
-217
-197
-187
-158
-107
-58
-19
19
78
145
229
302
350
393
448
521
565
603
664
722
737
725
746
802
827
781
743
741
722
652
586
574
574
536
459
383
333
312
293
259
205
147
91
57
39
25
2
-67
-144
-159
-154
-197
-279
-336
-361
-404
-463
-508
-547
-619
-699
-746
-760
-771
-790
-806
-823
-844
-845
-797
-736
-696
-677
-649
-590
-521
-452
-392
-312
-214
-138
-91
-57
2
92
157
181
197
211
216
226
258
293
297
263
225
219
214
186
148
136
125
94
66
60
70
70
63
49
42
43
46
62
72
71
76
77
72
75
83
96
106
104
91
78
76
89
85
60
43
39
46
54
57
66
74
87
107
127
141
137
136
169
217
237
225
221
239
259
261
264
274
269
237
199
187
183
174
140
79
16
-23
-30
-39
-73
-111
-133
-150
-183
-204
-190
-179
-198
-228
-232
-208
-187
-189
-190
-180
-172
-163
-147
-144
-164
-180
-151
-115
-120
-157
-169
-133
-119
-138
-141
-111
-96
-120
-132
-86
-28
-5
5
36
91
135
172
220
265
320
350
363
384
426
468
468
452
462
478
442
397
377
378
353
275
210
161
112
44
-21
-77
-142
-230
-302
-329
-346
-387
-441
-480
-519
-567
-589
-566
-528
-526
-555
-564
-550
-515
-470
-429
-408
-410
-410
-386
-351
-313
-278
-255
-243
-242
-228
-190
-144
-109
-85
-77
-59
-13
43
110
157
187
222
267
304
349
419
488
525
532
535
554
589
625
655
643
593
542
536
555
543
499
443
370
285
219
202
196
144
62
0
-35
-67
-97
-120
-140
-172
-197
-199
-186
-176
-182
-167
-145
-140
-150
-146
-127
-105
-84
-82
-83
-83
-77
-62
-45
-24
-11
-15
-35
-41
6
66
77
57
38
34
42
61
98
113
74
5
-21
11
35
-7
-96
-155
-181
-218
-283
-325
-347
-395
-475
-549
-574
-580
-609
-652
-663
-639
-621
-628
-615
-558
-482
-430
-398
-346
-256
-162
-82
16
113
190
242
305
401
492
557
589
619
663
717
757
763
761
777
776
743
701
691
698
663
599
562
567
548
489
442
424
401
330
245
208
205
177
112
52
9
-41
-108
-168
-204
-245
-314
-388
-436
-467
-502
-554
-601
-639
-658
-666
-683
-690
-677
-657
-639
-625
-592
-534
-472
-431
-388
-315
-249
-197
-137
-66
-1
34
59
95
125
135
157
191
196
163
123
118
129
107
65
32
-8
-60
-92
-90
-85
-103
-136
-166
-171
-165
-146
-118
-107
-103
-92
-64
-30
2
41
65
73
100
146
189
211
235
274
307
310
327
372
414
419
402
406
428
459
467
484
505
508
488
465
475
493
482
444
413
402
377
336
314
303
263
188
119
83
65
23
-57
-135
-190
-241
-290
-331
-366
-400
-447
-504
-539
-534
-504
-505
-528
-546
-535
-495
-477
-455
-416
-384
-372
-366
-336
-272
-231
-231
-224
-190
-157
-148
-135
-110
-91
-92
-107
-108
-81
-69
-75
-86
-102
-93
-61
-40
-28
-20
-5
2
6
21
44
70
86
98
121
125
121
145
192
203
176
160
178
206
209
210
232
254
241
234
251
270
278
267
265
277
286
305
333
345
331
319
328
348
355
336
314
288
245
213
201
186
131
50
-13
-56
-99
-150
-203
-263
-331
-392
-422
-442
-478
-525
-549
-562
-585
-581
-544
-516
-515
-521
-495
-431
-378
-329
-275
-208
-161
-131
-73
7
75
120
149
186
225
252
291
345
387
392
378
384
405
413
405
392
395
390
360
324
297
291
286
261
211
164
145
118
73
32
14
-2
-43
-97
-131
-134
-139
-154
-179
-209
-223
-234
-235
-223
-221
-226
-232
-219
-190
-165
-146
-126
-112
-85
-47
-12
22
50
78
102
121
138
154
180
190
183
182
177
171
160
154
142
112
71
36
3
-26
-50
-79
-111
-149
-185
-209
-232
-256
-270
-279
-300
-341
-364
-347
-322
-325
-363
-382
-374
-370
-361
-334
-314
-326
-359
-345
-299
-248
-207
-187
-177
-168
-132
-68
23
86
121
152
188
254
334
412
462
503
545
590
636
680
722
747
761
751
746
750
746
732
702
672
632
580
511
443
391
333
274
196
103
27
-27
-81
-133
-190
-249
-295
-340
-373
-402
-420
-434
-458
-472
-470
-461
-452
-454
-453
-443
-445
-452
-439
-410
-404
-427
-448
-441
-415
-402
-388
-371
-359
-361
-361
-328
-279
-252
-242
-220
-190
-157
-113
-72
-28
-4
19
43
56
92
154
202
199
175
188
226
236
229
246
265
254
215
202
202
181
164
165
168
152
113
94
108
116
120
107
84
86
107
128
133
133
154
184
183
180
202
230
248
253
255
261
275
293
308
323
325
303
281
276
286
289
275
248
231
214
202
181
156
136
107
75
34
2
-21
-54
-104
-152
-186
-217
-253
-303
-336
-362
-399
-448
-487
-501
-511
-536
-567
-585
-588
-591
-591
-596
-587
-568
-566
-563
-533
-483
-451
-437
-411
-360
-307
-276
-242
-192
-145
-118
-92
-45
20
65
84
98
128
181
225
239
256
293
333
348
360
393
427
433
425
448
491
512
499
498
535
567
562
539
537
547
538
511
500
499
477
435
403
384
361
313
265
225
185
138
94
49
11
-20
-60
-102
-129
-138
-150
-172
-196
-213
-228
-243
-258
-251
-246
-249
-261
-264
-260
-250
-248
-261
-269
-278
-293
-308
-307
-312
-322
-338
-346
-348
-361
-379
-395
-399
-395
-387
-373
-353
-357
-359
-336
-290
-237
-211
-201
-183
-162
-128
-86
-50
-16
0
-1
3
36
77
102
102
97
106
109
113
113
132
157
150
130
132
154
169
170
182
201
215
218
232
259
285
298
301
310
314
314
327
344
354
358
353
347
348
349
354
353
327
298
277
271
278
270
247
218
187
170
167
166
152
131
98
68
49
31
29
12
-26
-82
-137
-164
-188
-215
-246
-289
-328
-363
-387
-402
-426
-464
-507
-532
-546
-543
-526
-524
-532
-528
-512
-500
-479
-440
-395
-356
-318
-270
-216
-171
-142
-91
-29
13
42
80
136
180
199
219
262
298
302
304
321
343
337
313
308
314
315
303
288
279
270
253
224
199
180
158
117
73
47
39
27
-5
-39
-60
-83
-119
-147
-157
-157
-172
-198
-217
-223
-225
-226
-219
-208
-201
-192
-181
-149
-113
-75
-37
-9
31
70
116
157
185
231
291
327
341
351
380
417
419
408
406
410
402
382
350
316
279
243
206
169
121
69
9
-41
-79
-119
-163
-208
-233
-277
-334
-384
-406
-412
-424
-451
-476
-487
-495
-482
-460
-438
-425
-410
-392
-358
-316
-272
-226
-188
-144
-95
-46
2
52
99
138
173
209
257
295
332
366
389
414
440
452
458
462
459
447
417
385
359
328
292
250
197
134
83
43
-14
-70
-117
-161
-216
-273
-317
-344
-370
-402
-420
-431
-432
-432
-432
-426
-416
-388
-351
-314
-282
-246
-208
-170
-133
-93
-52
-21
10
39
74
99
129
161
181
198
206
220
247
272
278
273
269
271
285
295
307
306
291
270
264
274
277
268
247
227
207
173
143
126
115
95
56
7
-23
-32
-45
-72
-97
-114
-128
-148
-168
-161
-144
-138
-147
-154
-149
-141
-135
-125
-96
-76
-61
-67
-64
-44
-27
-19
-25
-16
-6
0
6
3
7
9
-2
-18
-30
-37
-45
-53
-62
-69
-80
-106
-127
-128
-118
-122
-138
-148
-151
-158
-165
-171
-162
-155
-157
-167
-169
-162
-158
-165
-175
-181
-167
-153
-154
-149
-141
-136
-138
-133
-121
-100
-88
-75
-51
-20
14
42
58
83
111
136
170
205
241
269
286
316
348
378
394
398
401
415
436
442
448
456
466
462
443
432
425
409
379
353
345
330
296
264
247
227
200
162
117
83
51
27
2
-33
-81
-128
-161
-192
-222
-262
-304
-339
-358
-385
-419
-450
-476
-500
-523
-539
-545
-549
-550
-544
-528
-507
-497
-479
-444
-407
-381
-356
-326
-287
-248
-208
-170
-131
-97
-59
-37
-9
32
71
92
97
116
129
139
138
133
129
128
122
120
121
130
130
123
113
106
107
97
83
87
102
87
86
82
108
121
160
157
271
558
485
119
-138
-40
99
25
274
716
595
87
-165
93
247
207
406
659
458
0
-184
-122
-80
-59
89
276
238
170
167
153
150
204
312
613
490
277
230
224
-9
-116
187
215
120
-8
24
-239
-259
-309
-437
-440
-298
-365
-626
-546
-516
-667
-915
-746
-584
-522
-572
-522
-275
-398
-532
-327
-166
-156
-177
27
99
-16
8
102
77
-89
130
247
78
132
208
166
30
-186
-17
48
63
67
119
126
80
-6
-45
100
123
291
172
236
321
190
96
147
318
247
219
282
244
44
72
114
96
7
27
98
-19
-108
-69
-42
-133
-68
46
43
66
4
34
49
-37
2
227
253
119
194
223
169
-43
72
134
91
-13
92
174
-5
-204
-137
-40
-232
-245
-158
0
-281
-322
-153
-151
-423
-299
-42
-146
-220
-104
149
-176
-324
-65
91
-46
-58
186
212
-78
-129
102
123
-28
82
290
243
57
52
99
-24
-190
24
113
87
103
96
2
-186
-152
-31
55
-10
92
74
-1
-55
11
39
-11
23
153
175
68
49
55
70
38
109
137
89
47
29
68
79
107
172
98
-54
-51
-61
-28
26
46
60
-30
-73
-34
-33
29
17
-4
64
71
4
-46
-2
-25
-35
-12
-36
4
-60
-76
-30
-109
-125
-198
-111
-67
-164
-181
-134
-208
-189
-192
-252
-175
-131
-168
-197
-145
-163
-206
-229
-143
-116
-61
-41
-84
-138
-147
-71
-48
-19
90
141
26
3
29
99
101
55
121
220
193
152
146
169
159
131
246
250
280
306
284
198
181
216
208
202
230
275
258
200
81
96
76
21
6
100
141
8
-115
-108
-87
-148
-129
-19
1
-74
-53
-79
-146
-190
-184
-181
-137
-23
-8
-57
-123
-145
-170
-216
-217
-84
-24
-137
-198
-132
-181
-277
-250
-110
39
13
9
14
-39
-129
-86
24
114
165
113
123
122
119
121
144
194
279
283
216
163
146
101
13
111
169
149
155
103
-32
-70
-84
-153
-128
-121
-116
-123
-160
-163
-159
-172
-214
-117
27
44
-17
14
81
87
33
76
190
225
157
137
193
155
137
121
165
207
128
73
67
98
81
11
19
-10
-54
-131
-130
-110
-111
-84
-84
-126
-223
-203
-161
-221
-231
-163
-176
-231
-228
-151
-161
-293
-348
-235
-182
-215
-181
-148
-236
-330
-330
-291
-283
-236
-153
-168
-172
-136
-120
-153
-142
-47
22
50
114
162
145
98
114
252
346
320
355
399
360
305
319
389
388
366
368
395
399
323
281
313
275
282
320
336
344
259
200
188
141
105
144
176
166
137
89
-3
-87
-95
-109
-103
-58
-46
-72
-159
-224
-218
-180
-154
-133
-46
-12
-82
-168
-163
-92
-66
-53
23
84
26
-72
-144
-152
-113
-91
-97
-64
-9
-57
-175
-194
-199
-207
-195
-204
-156
-120
-170
-277
-331
-319
-275
-225
-218
-206
-159
-157
-213
-226
-162
-110
-116
-137
-60
-52
-112
-124
-109
-59
-54
-74
-67
-25
-23
-28
-41
-13
47
53
57
91
148
177
153
157
200
223
215
211
225
261
255
226
239
278
311
276
262
299
286
255
216
203
253
240
173
146
165
136
70
46
69
83
40
39
37
30
-5
-53
-64
-56
-61
-82
-79
-60
-41
-64
-91
-79
-46
-55
-85
-80
-41
-14
-48
-74
-53
-85
-162
-166
-103
-38
-89
-151
-128
-145
-197
-211
-187
-181
-188
-189
-178
-180
-181
-175
-183
-170
-132
-73
-34
-68
-79
-43
-38
-55
3
82
99
93
117
137
145
142
105
123
137
155
173
164
138
95
59
40
50
80
97
98
81
23
-18
-19
-6
14
43
34
-7
-34
-21
-15
-22
-20
-1
22
38
31
26
31
13
-15
-13
-6
-7
29
45
46
48
58
51
19
29
64
77
89
104
104
84
41
6
39
73
56
51
42
17
-15
-13
1
-12
-16
-21
-39
-66
-81
-87
-117
-123
-99
-64
-53
-86
-117
-126
-147
-156
-114
-74
-65
-72
-73
-93
-138
-151
-132
-116
-103
-66
-44
-52
-64
-82
-92
-124
-130
-68
-12
-12
-3
16
13
-9
-25
4
41
51
63
104
116
118
102
100
120
124
158
190
192
183
170
148
112
104
137
161
139
92
71
40
-5
-27
-12
13
-22
-67
-74
-116
-164
-182
-156
-138
-148
-154
-132
-131
-148
-143
-120
-89
-69
-51
-31
-8
7
34
72
98
104
123
131
126
137
161
175
170
180
170
144
132
122
120
117
102
81
73
78
48
48
69
60
58
62
97
108
73
47
68
60
35
46
49
44
1
-28
-40
-66
-62
-53
-52
-65
-108
-137
-164
-184
-163
-156
-178
-182
-172
-171
-180
-196
-197
-168
-147
-122
-97
-76
-65
-49
-28
-31
-8
10
12
7
23
37
24
17
15
7
-11
-24
-16
-1
-16
-31
-44
-59
-81
-80
-84
-107
-100
-80
-86
-124
-130
-125
-134
-140
-126
-109
-103
-106
-122
-108
-92
-91
-72
-41
-13
-3
-4
-13
13
58
73
90
119
127
136
156
188
214
232
254
274
292
293
300
294
307
346
354
341
339
348
327
301
290
286
273
245
226
207
174
153
154
130
92
54
22
-17
-58
-69
-85
-108
-122
-133
-148
-175
-197
-214
-218
-219
-213
-231
-252
-262
-281
-298
-301
-292
-301
-289
-263
-243
-249
-255
-240
-228
-218
-183
-149
-141
-137
-126
-118
-100
-59
-23
-11
-19
-13
-14
-3
10
14
35
52
53
66
73
59
64
63
61
69
88
84
61
45
42
23
4
15
31
42
34
35
36
18
-12
-7
16
12
22
50
78
69
52
53
62
78
93
126
147
154
144
151
166
156
150
177
191
182
184
194
181
142
139
148
119
83
77
96
88
64
64
64
21
-13
0
8
-13
-25
-12
-25
-56
-78
-73
-82
-117
-136
-135
-147
-173
-175
-167
-184
-212
-218
-216
-227
-233
-224
-228
-251
-263
-248
-219
-197
-190
-189
-186
-191
-203
-191
-153
-115
-77
-37
-2
13
19
14
14
30
62
113
149
162
164
158
135
108
119
152
172
193
198
196
184
171
151
140
146
152
157
166
158
138
135
119
108
103
105
108
109
98
64
32
16
5
-7
10
27
13
-1
-4
-17
-27
-21
-7
1
0
3
6
2
3
-5
2
14
31
48
50
37
13
-13
-24
-16
-15
-17
-34
-42
-62
-83
-86
-71
-69
-86
-86
-90
-112
-131
-132
-127
-114
-117
-133
-140
-139
-144
-139
-129
-123
-104
-94
-90
-88
-85
-81
-99
-101
-87
-83
-84
-65
-51
-50
-49
-45
-31
-26
-33
-25
-15
0
22
23
29
48
68
81
80
96
98
98
106
115
127
136
143
139
125
108
115
123
97
86
102
92
72
72
75
51
35
22
38
56
49
39
27
17
2
-1
13
26
18
9
2
4
-1
-3
6
22
29
19
19
12
-10
-35
-41
-43
-43
-30
-20
-27
-44
-58
-71
-84
-86
-74
-51
-36
-39
-47
-55
-60
-57
-40
-18
-7
-10
-8
3
13
20
22
31
38
40
50
68
70
56
57
56
44
39
41
46
41
33
31
19
1
-10
-4
16
9
17
20
2
-7
-11
-8
0
10
14
14
3
13
17
14
6
12
33
27
16
19
16
-9
-28
-28
-30
-41
-40
-44
-50
-56
-75
-85
-94
-114
-117
-109
-107
-103
-100
-84
-84
-94
-87
-86
-85
-86
-85
-76
-70
-78
-74
-63
-68
-68
-66
-64
-61
-60
-56
-51
-41
-38
-32
-18
-2
-11
-12
9
29
43
55
64
76
88
86
96
102
107
110
114
124
141
153
153
141
140
142
145
140
154
174
167
162
143
138
140
118
95
92
93
85
67
66
71
51
40
36
30
22
16
6
2
-1
-6
-5
-13
-15
-20
-32
-44
-41
-35
-39
-45
-49
-59
-75
-83
-85
-91
-103
-108
-104
-109
-120
-136
-138
-132
-140
-146
-139
-130
-120
-120
-133
-136
-128
-114
-107
-95
-83
-75
-78
-85
-77
-68
-59
-33
-10
-5
-9
-9
-9
1
5
10
17
25
26
24
28
28
35
40
52
52
45
51
66
67
63
66
74
79
82
89
89
82
72
79
90
88
96
114
118
108
97
85
76
77
78
65
60
64
56
51
51
49
36
18
6
-7
-18
-23
-27
-40
-41
-32
-27
-38
-38
-26
-29
-33
-31
-15
-9
-13
-1
-5
-14
-20
-28
-19
-12
-20
-25
-35
-51
-65
-71
-69
-70
-82
-98
-95
-96
-111
-100
-87
-98
-103
-109
-110
-93
-82
-81
-79
-71
-60
-61
-54
-42
-27
-10
0
6
28
40
52
68
71
65
57
72
85
96
116
112
97
91
98
106
113
120
125
112
101
96
100
116
122
115
104
107
101
79
69
69
69
59
45
37
27
5
-16
-29
-42
-43
-40
-38
-38
-41
-61
-81
-89
-102
-96
-86
-84
-85
-91
-95
-91
-94
-90
-78
-68
-57
-55
-51
-58
-61
-58
-50
-40
-40
-35
-33
-24
-25
-19
-7
-6
1
12
22
19
10
1
4
4
-2
2
4
19
18
1
2
-21
-39
-32
-18
-7
-24
-29
-21
-32
-48
-49
-39
-23
-12
-11
-9
-10
-29
-27
-8
14
24
26
28
26
33
38
38
32
31
41
78
94
69
54
49
50
57
92
122
133
92
54
43
54
75
93
110
97
77
39
20
24
57
70
44
5
-19
-6
-5
-6
-8
-16
-36
-47
-51
-44
-32
-52
-64
-76
-83
-85
-86
-65
-50
-59
-65
-74
-71
-56
-41
-27
-24
-16
-15
-23
-19
14
24
12
8
16
20
29
40
43
36
26
30
25
23
23
27
32
26
25
23
19
13
7
9
12
3
7
11
2
-8
-24
-29
-19
-13
-18
-24
-30
-40
-50
-47
-54
-65
-63
-71
-79
-75
-72
-76
-80
-74
-64
-56
-48
-37
-29
-44
-47
-32
-26
-27
-13
-5
-13
-7
5
8
16
17
17
19
24
23
21
21
17
20
14
19
32
29
26
34
39
48
52
60
66
57
52
56
57
51
54
62
69
66
63
66
64
65
67
63
56
51
44
40
45
45
49
43
41
43
46
48
47
35
27
33
23
14
20
25
15
3
-2
-6
-18
-20
-15
-24
-36
-45
-55
-62
-59
-50
-48
-50
-49
-38
-41
-55
-58
-56
-41
-36
-40
-29
-25
-26
-27
-29
-28
-32
-28
-18
-22
-28
-35
-42
-50
-55
-56
-51
-47
-55
-67
-69
-77
-84
-79
-85
-96
-102
-88
-87
-88
-81
-89
-83
-68
-65
-58
-47
-44
-37
-33
-32
-20
-6
3
16
25
21
15
27
45
64
78
90
94
93
100
114
136
152
158
160
165
171
167
163
170
166
151
148
158
150
141
150
141
123
108
103
93
77
59
48
41
24
8
3
-10
-26
-35
-39
-40
-53
-63
-75
-79
-91
-99
-99
-108
-122
-129
-120
-130
-147
-143
-127
-107
-101
-101
-96
-95
-106
-96
-75
-67
-74
-72
-61
-54
-53
-53
-43
-46
-46
-32
-27
-20
-11
-7
-7
-8
-3
-9
-20
-23
-22
-10
-3
-5
-7
-9
-16
-24
-23
-19
-18
-23
-21
-20
-19
-13
-1
4
-5
-2
4
9
19
34
44
45
48
62
74
70
76
82
91
94
96
110
120
116
111
105
114
128
127
131
132
130
124
117
116
117
114
112
108
99
94
86
84
73
64
54
32
20
12
2
-5
-20
-39
-57
-72
-76
-83
-99
-116
-122
-129
-137
-136
-135
-153
-165
-167
-171
-171
-167
-161
-155
-155
-156
-150
-148
-141
-122
-105
-92
-89
-84
-73
-66
-60
-46
-36
-28
-14
0
17
23
27
30
42
49
54
70
77
76
76
80
82
80
84
85
81
72
70
69
64
62
54
49
44
39
23
16
21
18
15
14
10
7
10
22
25
16
11
7
10
15
18
16
18
9
2
3
4
15
20
20
18
10
16
27
29
29
33
41
37
37
48
50
41
30
40
55
62
55
50
52
53
52
52
47
52
51
45
39
35
27
11
8
3
-13
-32
-46
-62
-70
-77
-94
-102
-104
-112
-116
-107
-103
-101
-98
-97
-95
-92
-82
-69
-61
-57
-50
-39
-37
-32
-17
-8
-6
1
5
11
12
9
15
25
23
33
46
52
51
49
51
48
53
49
49
49
37
21
18
17
8
5
-10
-17
-24
-36
-45
-44
-41
-37
-44
-56
-69
-72
-69
-70
-65
-64
-66
-72
-76
-69
-61
-52
-42
-39
-36
-29
-25
-27
-23
-13
-11
-6
2
14
21
26
36
33
38
46
56
70
79
81
81
78
72
76
93
103
102
102
98
101
101
89
85
84
84
85
89
94
89
87
82
69
65
62
55
50
40
22
12
2
-2
-1
4
3
-4
-15
-22
-21
-25
-27
-28
-29
-33
-45
-46
-37
-26
-22
-27
-22
-24
-31
-31
-29
-28
-36
-35
-33
-35
-38
-38
-41
-47
-59
-64
-69
-70
-61
-61
-62
-63
-70
-74
-80
-82
-76
-75
-75
-85
-91
-88
-93
-88
-78
-75
-78
-74
-70
-68
-68
-65
-59
-58
-53
-46
-31
-21
-31
-37
-29
-22
-9
3
9
13
14
13
16
22
33
39
40
46
53
74
82
90
103
109
110
109
119
132
131
128
134
143
143
140
137
139
134
128
121
112
113
117
116
105
94
85
79
73
72
76
64
45
26
14
-4
-17
-19
-27
-36
-48
-62
-69
-72
-79
-88
-96
-97
-102
-105
-108
-109
-104
-108
-109
-105
-100
-96
-98
-95
-87
-90
-85
-78
-80
-70
-66
-70
-69
-65
-64
-61
-53
-43
-36
-31
-21
-14
-11
-9
-8
-7
-9
-1
14
22
21
22
24
27
35
37
38
35
33
33
36
41
42
46
36
22
7
3
11
15
19
24
23
16
6
1
5
9
8
17
24
19
23
33
40
47
54
53
61
65
57
55
43
45
54
55
56
55
56
53
48
39
33
34
40
46
39
36
31
21
17
8
5
3
-10
-12
-17
-23
-26
-33
-32
-35
-40
-35
-36
-38
-42
-51
-58
-63
-63
-57
-56
-57
-56
-66
-78
-77
-76
-69
-69
-74
-79
-80
-76
-71
-61
-54
-52
-50
-46
-41
-32
-23
-19
-8
-6
3
14
15
20
23
25
22
25
32
26
20
22
27
29
28
33
34
29
28
23
13
4
0
8
22
27
26
27
28
29
26
31
28
14
13
14
21
25
21
19
16
18
23
26
33
33
30
29
33
34
37
41
44
45
39
45
50
49
47
48
46
44
49
53
49
41
40
39
35
30
24
33
42
43
39
34
23
8
5
2
-8
-11
-14
-27
-38
-46
-45
-47
-49
-51
-50
-51
-59
-65
-72
-79
-83
-79
-80
-78
-82
-80
-83
-88
-84
-78
-77
-75
-71
-64
-61
-62
-57
-54
-41
-33
-32
-26
-24
-20
-14
-13
-12
-4
2
-1
-7
-1
8
11
13
17
21
26
26
22
18
8
1
2
7
14
21
21
19
18
18
23
23
20
26
27
24
23
16
13
9
9
12
13
11
9
15
16
26
26
19
26
21
15
17
25
31
34
40
47
58
63
58
63
54
40
48
65
69
68
65
64
66
58
56
56
55
48
42
45
44
41
36
35
26
14
9
2
-5
-5
-6
-5
-9
-14
-14
-20
-30
-31
-35
-41
-48
-49
-50
-48
-49
-52
-54
-60
-57
-57
-61
-61
-64
-70
-68
-70
-76
-74
-73
-71
-63
-60
-59
-53
-48
-48
-43
-49
-53
-45
-33
-23
-22
-25
-15
-7
-12
-5
1
-1
1
4
12
14
11
3
2
6
2
-2
1
0
-3
-10
-10
-8
-2
-2
-11
-15
-17
-5
0
0
0
9
15
12
22
33
42
43
49
55
53
48
45
44
54
65
69
72
76
79
81
84
79
82
83
83
83
83
84
78
69
64
65
60
53
47
39
37
25
16
10
0
-4
-12
-23
-43
-50
-59
-53
-53
-59
-61
-72
-76
-84
-83
-87
-92
-85
-86
-91
-91
-91
-85
-78
-72
-64
-67
-69
-68
-58
-55
-59
-57
-58
-56
-47
-40
-34
-27
-30
-35
-29
-15
-1
7
2
4
7
11
23
40
53
54
53
56
67
80
84
81
78
76
76
80
82
79
74
64
62
60
49
41
40
36
35
39
43
41
43
41
36
33
30
32
34
34
32
34
36
39
34
28
21
6
-2
-11
-17
-22
-25
-20
-20
-24
-35
-46
-51
-63
-68
-65
-66
-63
-65
-69
-67
-67
-66
-68
-71
-72
-77
-80
-77
-68
-64
-55
-52
-46
-46
-42
-32
-35
-23
-20
-18
-11
-10
-11
-5
-2
4
11
9
12
10
12
12
16
22
17
19
20
14
10
4
-3
0
7
18
28
25
27
21
22
23
18
19
23
26
31
37
39
48
46
46
50
50
45
51
57
60
64
62
59
56
51
48
43
38
43
39
36
36
36
37
26
12
2
-3
-1
-3
-8
-18
-30
-32
-22
-19
-19
-26
-36
-43
-51
-55
-56
-57
-59
-60
-62
-52
-47
-50
-52
-55
-52
-42
-39
-33
-31
-31
-31
-29
-24
-16
-11
-7
2
4
9
13
20
26
30
35
37
33
27
31
35
38
49
56
54
52
51
49
55
55
49
41
29
26
19
15
10
-3
-15
-21
-20
-21
-33
-41
-54
-68
-72
-70
-61
-53
-54
-56
-56
-61
-60
-53
-47
-45
-39
-31
-24
-20
-21
-17
-15
-10
-5
-2
5
5
9
12
12
12
19
25
28
30
30
26
26
29
35
37
34
32
29
27
23
20
23
26
28
20
12
6
13
16
18
17
9
2
-6
-2
7
14
17
14
12
11
3
-1
0
1
2
4
12
16
21
22
21
20
16
6
7
5
-3
-6
-5
1
1
3
4
1
-2
-6
-8
-3
-6
-4
-1
-8
-11
-13
-13
-7
-8
-10
-9
-7
-3
1
3
1
-3
-3
-3
-8
-5
-2
-5
-4
-9
-14
-11
-13
-14
-13
-16
-21
-28
-28
-28
-29
-25
-23
-21
-30
-34
-34
-32
-30
-26
-18
-18
-20
-21
-17
-15
-15
-10
-11
-6
-2
0
2
9
17
20
21
26
26
23
27
28
29
32
33
33
35
33
32
30
28
25
29
32
30
27
19
14
16
15
16
21
22
20
10
12
18
15
19
19
16
15
14
9
9
11
14
10
5
2
-1
3
1
-14
-10
-11
-12
-12
-13
-8
-12
-16
-15
-14
-14
-17
-25
-22
-18
-14
-14
-14
-16
-23
-23
-27
-31
-30
-26
-28
-28
-29
-33
-26
-26
-29
-39
-49
-50
-55
-53
-54
-53
-55
-58
-60
-63
-58
-52
-46
-47
-47
-46
-42
-36
-34
-26
-19
-6
5
10
17
25
28
41
49
50
49
47
54
60
69
70
66
69
69
73
76
81
88
84
86
93
97
95
88
85
80
79
85
82
80
76
71
67
60
56
50
46
45
39
37
26
16
13
8
-3
-11
-13
-18
-16
-17
-21
-26
-36
-48
-49
-50
-49
-50
-58
-67
-74
-84
-88
-87
-84
-75
-77
-82
-87
-91
-90
-88
-89
-90
-89
-82
-77
-65
-52
-48
-54
-58
-53
-48
-44
-45
-45
-38
-30
-26
-23
-14
-20
-31
-33
-33
-21
-11
0
11
18
19
16
17
26
26
23
27
27
34
33
34
42
47
49
45
40
40
37
37
39
41
42
46
47
41
40
40
35
27
27
29
33
38
40
41
37
38
45
49
53
53
50
53
57
58
51
44
44
34
31
32
33
36
26
22
18
11
1
-12
-13
-12
-13
-13
-5
-2
4
7
0
-6
-10
-12
-14
-10
-4
-8
-17
-26
-39
-40
-38
-38
-36
-39
-43
-55
-59
-56
-54
-55
-55
-53
-48
-45
-47
-43
-35
-26
-25
-27
-26
-24
-29
-28
-26
-24
-16
-4
6
3
8
16
5
-4
-15
-12
-5
-12
-12
-7
-8
-8
-6
-4
-5
-6
-7
-6
-2
2
6
8
4
2
3
3
3
7
8
5
3
5
11
14
16
18
18
20
22
20
21
29
34
35
29
25
22
27
30
33
33
37
39
35
31
30
29
28
25
21
24
19
15
16
19
18
8
4
11
7
-2
-3
-8
-3
-3
-5
-3
-11
-21
-25
-24
-23
-24
-20
-16
-17
-19
-18
-16
-18
-21
-20
-31
-33
-29
-21
-13
-11
-10
-13
-23
-32
-35
-31
-25
-20
-10
-1
7
11
20
22
14
5
-7
-12
-3
2
4
8
10
0
-2
-9
-9
-7
-14
-14
-17
-8
-4
-9
-14
-15
-19
-22
-22
-20
-10
-11
-15
-10
-5
-6
-5
0
8
10
10
10
10
18
25
28
28
21
17
17
21
28
33
40
43
50
52
52
56
55
58
56
48
46
48
52
47
38
24
19
17
12
13
9
3
3
1
-3
-8
-11
-20
-20
-17
-19
-17
-18
-18
-16
-22
-20
-21
-21
-22
-22
-24
-30
-33
-32
-30
-27
-21
-20
-23
-26
-33
-35
-42
-44
-44
-44
-40
-41
-36
-29
-32
-39
-44
-47
-46
-42
-34
