23
7
-1
-3
-2
-3
0
2
6
14
18
23
29
24
14
2
-4
-6
-8
-6
-6
-5
-9
-10
-11
-19
-18
-21
-20
-18
-19
-22
-31
-24
-23
-23
-22
-33
-39
-46
-46
-41
-26
-15
-7
1
3
1
2
-9
-19
-26
-35
-38
-39
-32
-25
-14
-3
-4
-5
-7
-13
-16
-18
-26
-30
-31
-30
-23
-21
-16
-5
-1
-1
-4
-11
-19
-20
-17
-3
7
0
2
7
5
-5
-12
-14
-14
-9
-5
-2
14
19
20
18
10
10
10
8
17
18
22
21
4
-4
-11
-19
-19
-25
-30
-30
-32
-29
-27
-30
-34
-33
-23
-12
-3
-2
1
4
0
3
11
17
22
31
42
45
45
43
43
50
51
67
74
77
69
52
47
36
30
11
-1
5
14
17
12
16
24
32
39
40
45
45
42
45
50
57
60
64
65
58
45
37
30
16
11
11
11
7
6
5
-7
-19
-29
-35
-33
-24
-22
-21
-21
-22
-26
-32
-44
-58
-70
-77
-85
-88
-87
-84
-76
-69
-65
-62
-57
-47
-43
-43
-35
-28
-15
-15
-11
-13
-14
-9
-13
-8
-8
-10
-9
-4
-1
8
12
5
0
-1
-13
-27
-33
-26
-16
-6
2
9
11
13
16
19
16
11
7
5
1
4
9
12
17
19
24
28
31
26
13
0
-11
-25
-32
-41
-47
-46
-43
-25
-5
10
18
13
10
8
5
4
9
18
21
21
11
7
12
6
0
0
2
17
21
16
24
24
25
24
15
7
9
8
4
10
22
36
43
40
39
38
26
14
10
5
7
13
19
22
21
13
-3
-8
-6
-9
-11
-7
-5
5
12
6
1
-1
2
1
11
16
24
33
26
28
26
24
19
10
2
16
32
37
29
2
2
11
16
0
-26
-18
4
28
31
19
7
6
-2
-4
-11
-23
-26
-25
-19
-19
-23
-27
-33
-39
-45
-46
-53
-57
-57
-57
-53
-47
-39
-38
-35
-30
-28
-18
-18
-16
-16
-17
-14
-4
0
1
0
-13
-21
-32
-38
-34
-27
-11
0
7
17
25
22
15
8
11
4
-5
9
21
21
15
11
14
5
-13
-21
-21
-22
-26
-25
-18
-20
-19
-17
-20
-23
-21
-17
-10
-1
9
25
23
22
20
15
14
12
19
32
41
47
52
56
49
34
24
16
3
-3
-3
-3
2
2
2
5
16
23
34
38
32
21
10
2
-2
-1
0
-2
4
11
9
9
3
-10
-14
-6
-21
-28
-19
-8
0
2
8
17
26
22
20
27
28
26
32
40
41
36
25
13
12
16
21
22
19
12
5
4
-1
-5
-8
-10
-11
-2
-2
-7
-6
-8
-12
-18
-27
-27
-24
-31
-28
-28
-28
-23
-16
-18
-27
-35
-42
-47
-49
-39
-36
-42
-45
-44
-46
-39
-32
-21
-7
5
14
17
23
21
17
22
29
26
22
24
26
30
31
30
26
23
25
28
30
27
24
14
4
1
1
2
3
-2
-7
-9
-5
-6
-8
-2
-4
5
6
-4
-14
-22
-36
-46
-44
-46
-42
-42
-40
-39
-40
-35
-35
-31
-28
-20
-14
-14
-17
-23
-23
-19
-19
-25
-26
-34
-27
-19
-11
1
9
11
8
7
5
2
8
23
25
34
42
43
48
54
56
58
60
57
57
44
26
7
-10
-11
-12
-12
-13
-17
-20
-20
-22
-25
-25
-16
-11
-4
11
23
36
41
36
35
33
43
56
56
60
67
67
69
65
62
62
61
56
55
51
47
47
39
28
18
9
1
-3
-4
2
0
-6
-16
-25
-32
-44
-47
-48
-47
-52
-56
-63
-66
-64
-65
-59
-57
-58
-60
-61
-61
-63
-56
-44
-32
-22
-18
-7
-6
-10
-19
-26
-19
-18
-6
0
7
15
16
20
15
13
17
21
21
23
24
28
21
16
14
5
5
2
3
3
-4
-6
-12
-20
-27
-34
-40
-48
-51
-45
-43
-51
-51
-45
-42
-36
-34
-30
-24
-16
-4
7
14
15
12
9
13
18
30
38
51
52
44
38
29
18
14
11
12
12
9
10
6
-3
-10
-11
-7
2
13
18
24
31
39
41
36
28
20
12
6
-5
-10
-2
4
8
17
20
12
7
2
5
6
8
17
9
-2
-4
0
13
26
34
40
44
43
39
33
18
8
-1
-1
-4
-12
-12
1
15
19
17
16
15
20
20
18
19
24
25
29
39
40
33
31
23
8
-3
-5
-10
-12
-18
-22
-32
-43
-45
-49
-48
-54
-53
-45
-47
-45
-42
-40
-42
-42
-48
-41
-28
-21
-21
-29
-35
-43
-43
-42
-38
-33
-29
-24
-24
-23
-29
-25
-22
-21
-18
-17
-9
-5
8
15
12
11
2
3
5
3
2
5
9
6
10
17
15
10
9
4
8
12
15
13
-2
-13
-9
-10
-13
-20
-34
-24
-21
-12
0
0
6
8
6
6
13
18
16
18
23
20
23
33
38
51
63
69
71
70
69
59
54
55
55
60
72
84
93
99
99
87
67
55
43
35
31
28
32
32
21
23
20
0
-20
-35
-43
-50
-49
-46
-45
-45
-52
-65
-76
-93
-107
-112
-115
-106
-102
-102
-102
-107
-112
-110
-102
-93
-81
-82
-85
-84
-77
-68
-64
-59
-47
-46
-32
-25
-24
-19
-19
-18
-13
-3
1
9
21
31
36
39
42
51
55
51
55
65
81
96
106
120
119
119
126
124
129
139
146
150
146
138
127
111
100
87
72
60
58
48
37
33
27
21
9
1
-3
-6
-10
-15
-16
-23
-28
-29
-34
-38
-39
-46
-56
-63
-65
-58
-56
-55
-49
-43
-40
-41
-42
-44
-47
-54
-64
-68
-66
-62
-60
-58
-65
-72
-69
-67
-67
-64
-67
-64
-59
-56
-60
-64
-61
-66
-73
-86
-91
-92
-89
-75
-60
-48
-31
-14
-11
-11
-14
-17
-17
-8
7
18
23
32
39
37
31
23
21
20
29
33
34
43
49
54
51
48
42
41
37
35
37
34
30
35
38
43
56
67
76
77
78
70
60
52
48
41
41
47
48
58
59
63
61
61
63
62
59
60
64
60
48
32
17
4
0
4
6
6
14
13
6
-6
-23
-28
-30
-31
-31
-27
-22
-19
-21
-23
-29
-27
-27
-24
-20
-14
-4
5
14
10
10
12
12
15
19
20
14
9
3
-4
-10
-17
-26
-32
-42
-50
-58
-61
-57
-49
-50
-49
-57
-71
-74
-73
-71
-68
-62
-54
-40
-36
-27
-17
-11
-6
-14
-7
3
6
15
18
19
12
5
-3
-13
-20
-21
-25
-34
-33
-31
-26
-31
-33
-38
-46
-49
-45
-44
-50
-52
-51
-50
-47
-42
-44
-34
-11
9
22
36
46
40
28
19
10
7
0
1
8
14
11
17
27
39
54
63
78
76
63
54
51
43
38
40
35
29
18
22
32
34
39
41
44
42
34
32
25
23
23
17
19
21
23
37
51
54
59
55
47
50
43
37
30
22
20
18
9
5
-1
-7
-9
-16
-16
-11
-8
-10
-9
-14
-20
-27
-30
-29
-33
-31
-26
-13
-2
2
2
0
-9
-8
-3
-6
-2
2
14
22
23
25
30
33
35
30
17
12
-2
-12
-18
-18
-19
-21
-14
-16
-15
-18
-23
-20
-20
-28
-35
-38
-41
-39
-27
-19
-13
0
1
4
2
-1
-5
-14
-25
-42
-51
-67
-78
-85
-86
-79
-77
-69
-66
-61
-59
-61
-58
-48
-40
-36
-32
-32
-31
-34
-38
-39
-32
-28
-22
-13
0
13
13
24
30
31
27
25
23
23
19
17
27
24
23
9
-5
-5
-1
10
21
33
37
34
33
20
9
7
12
21
26
28
34
36
38
41
53
56
57
62
63
63
56
52
37
22
11
10
24
29
31
38
40
37
40
40
40
45
36
20
19
12
8
-3
-10
-7
-9
-2
-4
-3
-7
-9
2
9
11
12
12
11
15
19
22
26
27
22
18
11
-2
-9
-18
-25
-18
-11
-5
-5
-10
-14
-13
-14
-14
-17
-19
-14
-15
-11
-14
-20
-23
-24
-23
-29
-37
-38
-33
-30
-30
-34
-31
-26
-25
-30
-26
-28
-23
-16
-5
2
3
-2
-12
-12
-17
-17
-16
-10
1
1
-2
0
7
7
6
9
6
3
-4
-15
-14
-16
-22
-26
-32
-39
-39
-36
-38
-26
-19
-16
-16
-13
-7
-11
-22
-30
-34
-38
-32
-25
-15
-3
2
-3
-9
-12
-22
-33
-36
-31
-35
-35
-33
-32
-30
-21
-10
0
19
29
36
42
46
48
35
23
13
6
12
18
26
28
29
37
36
24
17
10
5
8
15
18
15
22
33
44
57
64
73
73
68
59
52
48
43
41
38
35
39
38
36
27
12
7
3
4
10
18
19
16
12
13
7
-1
-5
-8
-14
-16
1
2
-2
-1
-7
-10
-3
9
24
31
36
33
20
8
-5
-3
2
10
24
35
41
47
50
50
44
28
18
16
10
14
14
11
3
-7
-11
-22
-32
-43
-49
-57
-60
-56
-59
-58
-60
-62
-66
-70
-67
-63
-62
-59
-62
-63
-64
-68
-65
-67
-66
-62
-57
-50
-44
-41
-45
-54
-57
-65
-76
-78
-75
-73
-67
-63
-47
-33
-23
-20
-15
0
-5
-1
6
0
-8
-18
-16
-13
-11
-8
-4
-3
-4
-9
-13
-20
-22
-19
-10
0
7
18
29
45
55
64
77
88
103
108
107
110
116
121
126
122
110
107
103
90
78
71
62
61
56
45
44
43
46
47
38
32
22
11
12
15
20
28
38
45
45
37
29
22
14
-1
-7
-11
-18
-22
-25
-35
-40
-34
-29
-23
-24
-16
-14
-12
-9
-10
-8
-11
-12
-11
-12
-13
-14
-11
-6
-13
-21
-18
-13
-15
-27
-27
-36
-39
-47
-56
-50
-39
-24
-18
-18
-17
-22
-25
-29
-26
-25
-18
-12
-16
-16
-25
-32
-34
-33
-32
-26
-20
-20
-19
-17
-22
-25
-30
-29
-28
-33
-37
-45
-45
-43
-42
-40
-34
-33
-28
-26
-28
-18
-16
-15
-12
-10
-10
-14
-13
-10
-12
-12
-4
3
5
5
7
8
7
7
12
18
26
34
39
39
45
44
43
47
52
45
38
33
22
23
23
23
23
21
19
19
17
15
23
22
27
32
41
46
48
48
46
47
33
25
19
14
15
7
5
1
-1
-1
-2
-8
-11
-9
-9
-6
0
5
16
25
23
21
16
8
3
-6
-11
-7
-8
-6
-1
4
12
18
19
18
16
14
11
12
7
-2
-9
-10
-8
-6
4
9
12
18
17
10
-1
-6
-6
-19
-28
-30
-33
-32
-35
-41
-40
-38
-30
-32
-29
-29
-41
-39
-41
-39
-34
-31
-26
-22
-15
-6
4
10
18
24
28
31
22
12
3
-5
-10
-15
-24
-27
-29
-29
-30
-30
-30
-28
-24
-24
-23
-10
0
8
7
3
5
5
12
11
15
25
27
23
23
21
13
5
-3
-8
-17
-17
-13
-8
-5
-5
-9
-10
-5
2
6
5
0
-9
-8
-7
-11
4
15
23
29
28
22
13
5
-3
-12
-16
-14
-7
-1
-4
-4
10
15
13
18
18
21
22
11
0
-7
1
-2
-8
4
10
19
20
23
28
26
17
13
10
9
8
3
3
-6
-14
-16
-10
-1
6
12
14
13
19
27
26
27
33
35
29
22
14
9
5
-4
-7
-1
-3
-9
-12
-24
-36
-44
-39
-27
-22
-19
-16
-17
-21
-26
-26
-13
-5
11
43
51
46
34
19
18
2
-2
3
9
3
-3
-2
2
4
17
36
44
56
62
63
47
34
18
0
2
-3
-6
-2
-1
0
10
12
6
-3
-16
-40
-59
-72
-72
-66
-64
-60
-64
-61
-58
-57
-54
-53
-55
-60
-60
-51
-44
-46
-42
-33
-22
-14
-17
-15
-10
-9
-6
-10
-18
-36
-40
-36
-43
-44
-29
-12
-1
9
15
21
21
24
32
48
48
35
27
19
24
30
41
63
71
77
79
67
56
43
31
31
32
38
44
40
42
44
40
39
37
28
22
12
13
14
13
20
18
27
35
31
28
22
22
12
1
-10
-23
-33
-28
-25
-25
-31
-35
-40
-42
-40
-42
-45
-41
-36
-40
-43
-43
-38
-31
-25
-28
-32
-27
-29
-26
-25
-27
-26
-26
-23
-16
-11
0
10
19
28
32
31
26
26
32
33
32
33
46
61
66
65
64
58
53
53
44
38
41
41
37
39
38
34
33
40
49
51
41
29
25
15
1
-4
-11
-23
-29
-39
-41
-38
-36
-50
-62
-68
-78
-89
-94
-105
-107
-103
-108
-102
-93
-84
-74
-67
-61
-56
-53
-49
-48
-44
-35
-30
-25
-20
-21
-16
-18
-20
-16
-14
-11
-8
-3
-9
-14
-16
-15
-20
-15
-2
5
14
20
27
24
20
17
10
19
18
22
30
34
47
54
51
52
61
65
80
95
102
111
125
126
120
115
106
104
100
98
93
89
71
50
33
12
3
0
-8
-8
-12
-18
-21
-23
-25
-25
-23
-15
-6
-3
5
4
-1
-13
-30
-35
-37
-39
-39
-36
-30
-17
-12
-6
-5
-12
-22
-28
-36
-33
-29
-29
-27
-30
-30
-34
-42
-42
-43
-44
-36
-35
-33
-29
-20
-22
-30
-33
-41
-38
-32
-28
-22
-12
-8
1
1
-4
1
-1
-2
4
3
4
7
0
-5
1
5
11
16
18
16
9
3
-10
-13
-15
-25
-26
-21
-26
-24
-28
-36
-34
-36
-40
-39
-33
-15
-6
-8
-2
4
7
9
4
5
3
6
14
23
34
41
41
32
24
11
5
11
17
25
32
27
28
37
40
37
31
36
47
44
39
34
25
23
22
25
24
12
6
8
10
13
18
18
21
27
38
37
32
31
26
20
22
20
20
25
17
13
5
-4
-11
-11
-19
-22
-28
-35
-33
-27
-23
-21
-21
-33
-40
-47
-47
-45
-36
-18
-4
5
8
7
13
16
4
-5
-4
7
17
16
14
11
16
23
22
12
-4
-23
-36
-49
-60
-64
-67
-64
-53
-51
-48
-47
-44
-34
-33
-31
-23
-4
11
21
27
24
14
6
3
2
3
11
13
10
9
6
2
-3
-2
0
2
0
5
2
-7
-11
-7
1
0
2
4
3
-3
-2
-3
-2
6
17
26
33
38
33
25
20
14
20
26
27
32
29
41
46
46
42
39
31
15
3
2
3
-6
-11
-20
-30
-28
-26
-28
-23
-24
-30
-34
-33
-38
-43
-48
-49
-47
-38
-33
-33
-32
-27
-21
-6
8
17
24
27
28
26
22
16
1
-3
-3
-5
-2
1
3
2
2
-6
-8
-4
-7
1
10
20
23
22
37
37
52
51
34
50
44
26
47
41
63
66
49
46
45
68
79
84
68
58
38
34
23
8
10
4
4
-10
-19
-26
-21
-20
-24
-29
-46
-57
-57
-62
-71
-70
-68
-61
-62
-58
-53
-62
-66
-71
-69
-60
-52
-48
-38
-26
-19
-12
-10
-19
-22
-13
-10
1
1
-7
-8
-13
-17
-34
-45
-52
-58
-47
-37
-35
-21
-11
-7
-2
-8
-8
-4
1
11
9
12
15
21
26
23
26
36
43
43
49
44
33
22
15
28
41
58
68
66
59
41
29
9
5
4
-1
-3
1
12
14
14
13
19
22
20
22
28
35
39
42
42
51
57
48
44
38
33
32
32
28
26
16
10
5
1
-8
-20
-25
-35
-37
-39
-41
-48
-58
-62
-50
-48
-51
-42
-45
-42
-44
-47
-42
-41
-30
-15
-12
-8
4
9
18
24
21
22
29
23
19
13
8
6
6
3
-5
-13
-28
-37
-45
-48
-52
-47
-41
-29
-12
-4
3
7
24
34
31
32
27
25
38
43
50
60
48
39
26
12
12
5
10
22
27
32
26
21
15
2
-8
-18
-22
-17
-6
-4
1
2
-9
-10
-10
-9
-7
-10
-5
-14
-25
-16
-11
-14
-16
-27
-31
-30
-39
-48
-65
-75
-69
-59
-58
-59
-55
-57
-46
-47
-62
-51
-38
-36
-16
-9
-15
-5
-8
-2
1
4
15
14
11
17
28
33
33
27
28
18
21
30
14
31
35
8
22
40
38
45
46
47
57
56
52
60
69
47
46
51
39
36
21
20
26
21
31
48
52
53
58
45
38
26
4
8
6
9
-1
1
-1
-13
8
-13
-7
10
3
6
-10
-21
-26
-41
-38
-31
-29
-16
-14
-6
3
9
-15
1
-6
-22
-20
-9
-16
-18
-22
-30
-7
-4
-10
-11
5
9
-11
-8
-12
-15
-22
-41
-36
-41
-36
-22
-18
1
4
-16
-9
-16
-25
-10
3
-3
-3
-4
-6
-9
-4
-16
-35
-31
-40
-42
-43
-24
-13
-12
4
-2
-11
-11
-16
-20
-21
-46
-44
-44
-38
-37
-41
-24
-16
-13
-12
-3
-5
-4
4
7
8
18
14
24
22
2
-3
-4
-17
-2
2
26
37
11
21
21
0
5
7
11
12
-5
20
16
48
37
44
77
68
60
47
52
39
29
25
4
24
13
8
23
23
25
25
34
29
19
20
16
8
-5
-12
-20
-16
-11
-11
2
-6
-8
-3
-6
-7
-12
-14
10
13
22
35
35
33
36
25
17
22
16
21
23
17
12
12
15
10
1
-5
-22
-16
-11
-12
-9
-8
3
9
19
25
27
27
25
15
4
-4
-8
-13
-13
-19
-25
-29
-41
-40
-43
-37
-28
-25
-22
-27
-31
-36
-38
-40
-52
-55
-51
-42
-30
-33
-34
-31
-33
-37
-34
-33
-23
-13
-13
-7
-10
-9
-9
-7
-7
-13
-14
-18
-24
-23
-37
-35
-29
-30
-25
-21
-11
-8
-12
-13
-20
-13
-13
-17
-22
-18
-6
3
17
24
35
31
24
25
19
16
11
11
21
30
37
39
46
59
56
44
39
41
37
37
42
44
45
46
38
28
19
8
0
-5
0
3
9
8
8
11
4
10
17
20
19
12
13
16
18
10
2
-1
0
-6
-13
-4
8
21
24
19
17
8
-3
-12
-16
-13
-5
-3
6
11
0
-5
-3
-4
2
0
-2
3
6
11
3
-3
-6
-8
-8
-10
-8
-2
-1
3
0
-2
4
-7
-11
-15
-25
-28
-32
-26
-20
-17
-16
-10
5
14
14
7
3
7
4
4
9
15
14
11
16
20
21
23
27
21
15
18
16
16
17
12
2
-3
-11
-21
-24
-34
-39
-42
-40
-37
-34
-33
-37
-39
-38
-40
-43
-42
-48
-53
-65
-69
-70
-73
-74
-78
-73
-66
-55
-43
-28
-24
-22
-18
-19
-16
-15
-5
8
15
18
16
12
7
17
28
36
46
46
40
37
21
6
1
-1
1
10
23
35
44
53
57
61
60
51
50
49
51
48
46
44
31
31
30
24
18
25
37
45
50
54
50
43
33
21
23
23
15
16
21
24
24
21
14
7
14
15
14
21
21
12
1
-12
-24
-34
-37
-40
-31
-21
-21
-25
-30
-36
-41
-41
-43
-42
-44
-44
-37
-27
-22
-30
-38
-35
-40
-42
-38
-38
-26
-17
-13
-11
-11
-23
-23
-11
-6
2
8
13
18
15
8
7
16
20
28
33
40
47
55
62
62
62
58
48
40
30
26
26
22
22
19
25
27
26
24
27
21
13
12
11
2
-8
-16
-24
-32
-39
-42
-51
-51
-52
-59
-57
-61
-63
-63
-57
-60
-64
-69
-73
-74
-77
-75
-71
-63
-57
-52
-48
-44
-35
-31
-29
-27
-27
-34
-42
-47
-45
-40
-36
-26
-15
-12
-10
-1
2
2
2
7
16
21
38
48
53
58
50
44
36
33
30
38
53
55
60
59
51
49
47
47
51
59
65
75
78
73
73
72
70
65
60
64
58
51
55
44
42
44
41
46
44
42
43
43
46
43
32
23
17
8
-1
-13
-20
-18
-13
-16
-22
-27
-28
-35
-47
-43
-40
-39
-33
-24
-17
-8
-6
-10
0
3
0
0
-10
-21
-32
-40
-48
-44
-40
-38
-35
-28
-24
-31
-38
-51
-65
-77
-82
-77
-69
-62
-55
-46
-35
-32
-22
-20
-23
-22
-28
-34
-34
-28
-15
1
13
22
30
33
29
28
27
26
20
23
28
32
26
15
12
15
20
25
34
39
35
27
20
15
17
16
10
6
-2
-9
-16
-19
-29
-37
-50
-59
-71
-78
-79
-80
-68
-55
-46
-39
-35
-31
-28
-29
-32
-32
-26
-20
-13
-9
-9
-6
2
8
10
13
11
2
-1
3
11
17
21
20
17
20
15
23
35
36
44
54
63
67
61
59
56
47
37
33
37
37
48
55
62
69
70
71
74
84
87
94
97
98
92
82
70
57
52
49
42
36
40
47
48
43
35
34
27
14
0
-9
-12
-18
-18
-19
-15
-11
-9
-5
-3
0
-2
-5
-8
-21
-38
-44
-69
-99
-107
-112
-117
-131
-129
-121
-116
-119
-114
-92
-92
-97
-104
-105
-106
-113
-104
-93
-90
-70
-48
-35
-21
-13
-2
0
-3
0
8
11
15
19
27
22
10
1
-5
-10
-14
-5
0
4
6
7
11
16
19
17
15
14
23
32
37
43
48
48
51
57
54
48
47
44
38
42
34
30
26
19
18
8
-8
-17
-15
-10
-2
-1
14
22
12
8
7
11
-3
-9
-14
-14
-15
-16
-11
-5
-4
-7
-3
1
8
20
35
38
42
47
43
38
38
47
57
58
59
55
38
29
18
13
6
10
10
13
27
29
24
22
18
10
4
-3
-6
-7
-1
-1
-3
-7
-9
-10
-9
-6
-9
-5
-2
2
5
-5
-11
-11
-7
0
1
4
-1
-9
-15
-18
-19
-16
-16
-14
0
4
11
12
7
8
12
18
19
20
20
14
8
0
-12
-16
-22
-32
-44
-57
-69
-81
-83
-85
-88
-84
-84
-75
-70
-63
-56
-51
-51
-55
-59
-60
-62
-62
-54
-43
-30
-16
-11
2
9
11
13
9
11
17
16
18
33
46
55
57
63
69
73
67
60
49
44
41
37
35
30
30
27
20
14
10
2
-3
-3
-7
-15
-16
-12
-12
-7
-8
-4
8
9
14
1
15
2
23
0
141
378
220
67
-150
-263
-249
-243
-234
-71
341
414
85
-472
-467
-153
-175
-165
-103
117
311
255
-163
-447
-350
-147
-89
99
344
366
380
236
154
103
123
60
-47
53
20
-87
-129
40
89
47
84
79
73
120
190
174
129
99
58
39
124
-24
-86
6
-35
-73
-41
-27
-66
4
133
115
85
109
132
44
87
199
77
85
78
-108
-193
-181
-170
-161
-180
-114
-161
-325
-244
-258
-142
41
34
34
70
127
45
-117
-193
-262
-181
-38
53
50
56
94
-3
-33
-65
-93
-91
-75
1
-41
3
73
67
50
-57
-81
-203
-152
-68
-66
31
10
36
-10
-252
-308
-332
-239
-118
-106
29
38
28
77
141
72
-6
-23
11
113
139
138
169
190
236
177
83
52
40
99
113
143
199
202
132
50
8
17
19
-7
-64
-73
-19
-20
-2
-19
-52
-53
-5
50
18
47
104
96
101
149
181
159
166
110
97
102
114
116
84
83
73
26
32
-9
-59
-46
-14
-47
-121
-67
-76
-54
-51
-113
-154
-159
-125
-100
-85
-78
-50
14
-79
-107
-80
-104
-70
-22
65
16
6
44
-35
-45
3
24
18
-17
40
-1
-4
-35
-19
-17
-23
46
-52
-48
-70
-81
-68
-21
-7
7
1
1
-11
-71
-59
-103
-22
-15
50
91
43
26
-49
-59
-97
-55
-18
-38
29
81
83
43
26
-46
-85
-67
-79
-21
18
25
34
36
7
-20
-91
-55
-49
-20
32
45
84
55
79
45
8
31
28
25
55
52
49
47
15
12
-27
-39
-13
3
13
33
26
22
15
-41
-59
-100
-77
-54
-46
-4
-6
8
-7
-34
-9
-6
-23
10
61
101
113
109
63
21
20
30
51
44
92
95
36
-14
-23
-37
-67
7
62
93
115
44
-40
-79
-72
-50
-39
29
74
80
0
-59
-57
-86
-86
-29
33
77
87
64
14
-31
-33
-10
4
18
110
110
105
117
94
42
-37
-51
-25
3
37
90
114
89
23
0
-48
-89
-80
-63
-16
22
29
-19
-59
-67
-92
-143
-157
-129
-93
-51
-13
16
65
109
129
151
219
319
400
472
529
554
537
466
357
242
155
120
43
-104
-239
-344
-453
-607
-767
-896
-985
-1019
-1010
-1015
-991
-1022
-1078
-1116
-1087
-1005
-909
-799
-676
-529
-383
-224
-96
44
189
321
468
680
881
1058
1164
1244
1294
1279
1258
1195
1124
1031
940
815
679
570
465
341
203
96
21
-66
-121
-153
-154
-142
-157
-127
-85
-13
23
61
113
123
134
158
220
274
299
282
187
257
715
1341
1626
1413
1032
728
565
388
199
289
689
821
167
-771
-1049
-671
-691
-1534
-2421
-2543
-2076
-1665
-1644
-1885
-2094
-2311
-2649
-2948
-2827
-2304
-1777
-1558
-1570
-1398
-780
-34
263
21
-173
197
857
1395
1809
2226
2565
2634
2451
2315
2342
2282
1909
1401
1116
1108
1141
998
673
228
-255
-664
-911
-1023
-1120
-1255
-1399
-1402
-1170
-859
-701
-711
-714
-589
-345
-40
310
594
794
976
1143
1344
1544
1628
1546
1438
1398
1416
1425
1390
1280
1031
763
532
397
223
-18
-265
-525
-665
-741
-801
-890
-1010
-1110
-1179
-1115
-973
-844
-796
-779
-695
-543
-311
136
786
1313
1466
1331
1161
1117
1081
896
751
824
1004
791
135
-328
-296
-218
-761
-1709
-2324
-2340
-2123
-2095
-2336
-2611
-2768
-2916
-3117
-3232
-3088
-2787
-2504
-2373
-2240
-1807
-1049
-334
-73
-100
117
735
1385
1821
2135
2487
2819
2976
3005
3073
3154
3086
2783
2387
2136
2027
1879
1546
1081
590
140
-198
-469
-752
-1031
-1293
-1537
-1664
-1548
-1295
-1162
-1139
-1008
-754
-465
-173
69
257
405
561
757
994
1211
1333
1372
1409
1463
1532
1519
1399
1211
979
752
625
575
461
300
72
-151
-334
-512
-688
-832
-949
-1032
-1112
-1139
-1057
-960
-919
-893
-840
-715
-519
-402
-348
-195
152
606
1120
1470
1521
1409
1289
1211
1063
884
850
938
831
371
-129
-272
-125
-292
-944
-1579
-1771
-1672
-1675
-1910
-2230
-2458
-2646
-2821
-2934
-2882
-2672
-2459
-2379
-2378
-2225
-1794
-1230
-860
-764
-658
-284
236
673
1020
1375
1714
1927
2040
2180
2379
2506
2426
2187
1984
1904
1872
1784
1586
1291
964
656
404
204
1
-229
-458
-644
-736
-698
-661
-685
-713
-646
-485
-296
-106
88
238
275
322
430
544
651
721
760
794
875
968
1001
980
907
804
699
624
548
443
321
222
192
134
68
-28
-189
-336
-446
-525
-562
-568
-565
-566
-569
-515
-444
-381
-332
-279
-232
-192
-137
-75
30
235
507
723
788
750
688
615
473
296
183
186
189
-5
-290
-402
-271
-216
-453
-791
-970
-955
-962
-1107
-1325
-1508
-1643
-1758
-1863
-1874
-1769
-1616
-1579
-1654
-1665
-1478
-1155
-930
-862
-829
-650
-343
-62
169
393
610
773
879
1021
1244
1440
1484
1391
1276
1241
1275
1259
1195
1130
1037
937
876
834
733
561
383
229
155
136
103
57
22
-11
-49
-52
-36
23
70
70
52
48
78
128
176
167
184
218
284
366
387
380
319
249
192
167
151
110
52
-17
-60
-5
32
40
36
-59
-179
-233
-295
-311
-228
-217
-171
-233
-290
-249
-197
-117
-89
-27
1
39
83
116
204
297
482
676
826
872
866
810
744
632
495
456
464
321
105
-46
-49
-7
-215
-569
-869
-1037
-1135
-1242
-1377
-1484
-1566
-1648
-1758
-1832
-1806
-1755
-1702
-1694
-1677
-1541
-1251
-945
-789
-737
-626
-414
-204
-4
207
425
600
694
792
930
1050
1070
999
905
848
852
845
829
807
746
670
621
600
584
535
452
382
340
371
427
448
468
490
521
553
563
594
622
617
573
518
485
470
444
413
378
324
288
244
181
105
19
-63
-127
-180
-230
-267
-299
-290
-248
-240
-246
-312
-409
-467
-484
-436
-325
-170
-60
-46
-111
-167
-113
-37
18
91
131
162
216
257
294
316
315
372
504
661
735
674
576
467
311
131
23
-28
-52
-140
-320
-433
-411
-441
-668
-935
-1072
-1097
-1111
-1158
-1224
-1264
-1287
-1338
-1420
-1440
-1345
-1248
-1196
-1145
-1075
-939
-760
-635
-601
-569
-454
-272
-102
20
155
278
347
397
463
545
638
673
647
654
683
713
755
807
822
796
780
803
846
858
841
798
775
787
809
850
863
848
804
758
759
741
698
625
544
456
383
357
330
292
203
93
-5
-78
-123
-194
-281
-372
-411
-389
-386
-381
-390
-386
-366
-349
-348
-310
-227
-198
-164
-135
-46
54
119
155
170
198
208
206
209
236
245
241
238
246
251
300
366
429
445
381
306
231
163
41
-96
-163
-169
-219
-375
-547
-604
-551
-569
-747
-941
-1006
-983
-977
-1034
-1102
-1113
-1111
-1170
-1247
-1248
-1171
-1125
-1137
-1163
-1129
-993
-845
-767
-754
-717
-602
-448
-294
-127
66
219
275
321
444
596
703
736
756
826
904
921
923
968
1004
995
970
979
1016
1020
992
928
868
851
838
829
814
779
724
653
621
594
542
471
388
322
237
181
142
83
15
-48
-100
-139
-162
-183
-231
-282
-303
-311
-302
-289
-273
-259
-267
-262
-224
-186
-165
-151
-155
-152
-138
-124
-84
-63
-69
-98
-116
-82
-41
-21
-6
27
140
355
603
746
727
636
577
538
431
340
385
505
436
124
-130
-79
60
-93
-483
-778
-856
-893
-1034
-1219
-1256
-1277
-1495
-1765
-1864
-1755
-1568
-1488
-1562
-1611
-1469
-1180
-927
-849
-829
-713
-495
-294
-81
210
518
707
722
744
912
1113
1178
1135
1092
1102
1101
1059
1031
1006
939
825
714
660
638
570
442
296
196
171
157
154
164
178
181
189
226
266
271
225
167
141
187
269
321
337
349
325
289
297
291
231
152
82
55
51
39
40
17
-5
-39
-82
-102
-115
-174
-267
-350
-417
-439
-446
-450
-465
-471
-417
-323
-212
-72
166
521
867
1001
935
866
866
796
632
570
752
982
845
387
70
133
205
-152
-743
-1105
-1152
-1152
-1281
-1467
-1571
-1678
-1952
-2330
-2530
-2427
-2215
-2128
-2164
-2113
-1811
-1352
-1020
-888
-789
-573
-284
-41
257
691
1128
1371
1420
1484
1679
1872
1897
1768
1635
1558
1480
1370
1266
1157
981
702
377
132
-27
-186
-402
-611
-717
-713
-638
-550
-426
-295
-223
-190
-113
66
284
447
562
709
896
1083
1237
1322
1347
1319
1268
1248
1271
1244
1130
998
888
764
610
456
298
108
-132
-375
-539
-644
-764
-914
-1057
-1161
-1228
-1246
-1190
-1049
-869
-570
-62
549
987
1063
960
920
969
948
916
1123
1504
1564
1023
342
134
233
-51
-826
-1506
-1688
-1622
-1709
-1985
-2248
-2516
-2993
-3636
-4056
-3967
-3565
-3212
-3066
-2987
-2734
-2237
-1747
-1506
-1349
-1032
-519
36
638
1396
2181
2674
2774
2742
2860
3063
3098
2954
2790
2692
2586
2439
2258
2049
1705
1139
483
-84
-472
-760
-1009
-1256
-1436
-1500
-1537
-1615
-1663
-1631
-1604
-1598
-1424
-964
-376
105
439
696
904
1092
1225
1342
1510
1696
1862
2030
2256
2395
2289
2021
1733
1449
1196
1055
1011
951
764
454
119
-172
-464
-807
-1140
-1319
-1345
-1267
-1057
-636
25
671
967
793
462
344
470
700
1082
1765
2434
2437
1502
385
-35
101
-66
-769
-1333
-1300
-1047
-1199
-1771
-2440
-3158
-4107
-5076
-5429
-4840
-3836
-3215
-3209
-3451
-3504
-3307
-3034
-2805
-2434
-1728
-768
202
1163
2138
2846
2932
2485
2168
2449
3131
3713
3980
4026
3900
3468
2767
2079
1570
1108
558
109
-16
65
-22
-488
-1262
-2080
-2673
-2897
-2743
-2306
-1768
-1435
-1336
-1233
-1018
-801
-662
-498
-216
250
902
1614
2128
2285
2107
1778
1598
1699
1911
2034
2083
2058
1873
1587
1335
1042
583
65
-285
-367
-275
-184
-279
-575
-918
-1194
-1306
-1025
-198
856
1542
1514
1016
584
547
874
1376
2114
2933
3139
2150
588
-183
166
589
191
-577
-857
-698
-889
-1686
-2628
-3374
-4137
-4951
-5199
-4481
-3384
-2954
-3523
-4501
-5055
-4818
-3985
-2984
-2052
-1203
-502
-34
332
900
1611
2061
2158
2406
3241
4325
4910
4733
4108
3415
2799
2376
2343
2623
2726
2195
1203
300
-256
-658
-1109
-1536
-1812
-1922
-1945
-1915
-1862
-1910
-2112
-2324
-2215
-1615
-808
-241
-32
53
180
386
713
1198
1644
1818
1766
1754
1896
2003
1886
1606
1361
1219
1110
1017
919
681
202
-354
-688
-727
-658
-703
-851
-1049
-1211
-1302
-1218
-753
165
1193
1675
1381
732
440
733
1373
2128
3059
3814
3461
1674
-247
-512
784
1789
1276
70
-661
-1007
-1723
-2659
-3091
-3074
-3411
-4271
-4716
-4259
-3612
-3816
-4789
-5508
-5241
-4195
-3021
-2193
-1806
-1676
-1602
-1331
-553
841
2268
2922
2728
2490
2860
3570
3970
3918
3784
3710
3532
3203
2935
2762
2345
1541
739
421
497
457
-55
-903
-1685
-2131
-2175
-1952
-1659
-1538
-1705
-2012
-2101
-1739
-1110
-621
-454
-389
-136
346
864
1265
1435
1370
1258
1371
1762
2113
2095
1736
1349
1149
1139
1158
1074
833
393
-70
-292
-228
-169
-348
-682
-954
-1032
-1008
-890
-652
-209
492
1247
1532
1063
346
210
922
1974
2883
3561
3738
2680
523
-1032
-305
1926
3103
2028
4
-1289
-1814
-2237
-2458
-2116
-1867
-2709
-4310
-5195
-4743
-3958
-3963
-4621
-5037
-4783
-4142
-3524
-3064
-2728
-2420
-2029
-1392
-348
936
1787
1757
1356
1591
2725
3909
4332
4084
3685
3319
2980
2883
3213
3544
3173
2115
1139
779
754
549
62
-531
-1139
-1672
-1942
-1928
-1860
-1975
-2205
-2322
-2225
-2009
-1811
-1609
-1342
-1063
-764
-379
88
426
468
435
685
1227
1718
1875
1704
1467
1321
1309
1471
1725
1809
1538
1040
668
577
586
511
350
181
38
-123
-232
-261
-235
-260
-53
705
1533
1565
671
70
509
1549
2175
2445
2823
2847
1577
-506
-1052
945
3340
3110
489
-1752
-1982
-1410
-1271
-1222
-953
-1507
-3562
-5518
-5361
-3464
-2295
-2970
-4400
-5076
-4852
-4233
-3459
-2612
-1962
-1853
-2011
-1782
-764
521
1174
1067
1056
1864
2999
3448
3103
2754
2849
3097
3221
3410
3660
3380
2340
1314
1168
1712
2005
1469
391
-631
-1248
-1385
-1162
-905
-992
-1545
-2267
-2648
-2443
-1905
-1490
-1371
-1422
-1474
-1416
-1130
-674
-291
-74
108
419
749
857
768
796
1052
1355
1534
1571
1505
1303
1046
957
1137
1351
1284
936
567
400
357
311
204
75
-47
5
531
1270
1456
619
-422
-401
789
1922
2157
1994
1839
1146
-435
-1297
238
2927
3413
737
-2192
-2513
-961
-64
-339
-827
-1500
-3150
-4885
-4688
-2532
-1071
-2078
-4269
-5348
-4800
-3697
-2754
-2085
-1801
-2100
-2531
-2307
-1151
288
1057
926
679
1169
2198
2805
2658
2475
2786
3256
3336
3212
3180
3039
2540
2082
2259
2682
2462
1432
414
12
119
346
420
66
-802
-1771
-2176
-1805
-1181
-905
-1160
-1658
-2051
-2105
-1771
-1186
-758
-785
-1054
-1048
-593
-91
96
23
32
245
524
754
978
1155
1102
913
904
1169
1359
1226
949
864
982
1056
913
612
320
127
117
299
768
1269
1303
558
-361
-387
625
1716
1857
1392
1060
806
7
-834
-250
1684
2663
956
-1775
-2605
-1103
311
96
-932
-1759
-2715
-3902
-4024
-2454
-925
-1556
-3761
-5162
-4581
-3154
-2204
-1898
-1931
-2282
-2771
-2663
-1515
108
1016
787
172
225
1060
1877
2169
2317
2751
3118
2924
2442
2323
2572
2657
2477
2449
2542
2223
1363
667
720
1149
1193
656
-51
-585
-814
-736
-396
-127
-404
-1181
-1805
-1763
-1250
-824
-748
-905
-1168
-1359
-1231
-733
-284
-321
-650
-711
-357
74
315
407
425
336
257
464
922
1196
1021
701
695
930
1081
1032
959
902
778
616
597
937
1473
1771
1399
637
304
795
1527
1682
1354
1189
1155
531
-491
-522
967
2188
1104
-1482
-2726
-1548
91
140
-1000
-1937
-2554
-3345
-3670
-2642
-1258
-1503
-3470
-4930
-4385
-2866
-2062
-2170
-2390
-2470
-2616
-2490
-1538
-130
581
154
-484
-247
828
1753
1967
1898
2090
2356
2271
2000
2100
2559
2794
2558
2229
2112
1943
1526
1154
1209
1504
1491
968
289
-48
44
316
414
188
-321
-861
-1095
-888
-441
-212
-451
-1026
-1452
-1418
-968
-465
-302
-595
-1061
-1236
-941
-432
-108
-101
-282
-417
-339
6
378
483
273
73
198
587
911
920
715
537
500
542
705
945
1341
1713
1773
1285
607
535
1180
1871
1819
1471
1353
1257
380
-681
-335
1411
2322
595
-2044
-2708
-1010
358
-152
-1432
-2117
-2621
-3456
-3537
-2180
-926
-1772
-3880
-4776
-3617
-2192
-1848
-2080
-2038
-1998
-2292
-2145
-965
472
773
50
-400
240
1300
1857
1874
1931
2173
2185
1913
1850
2305
2743
2588
2013
1674
1687
1676
1495
1415
1508
1382
864
322
237
468
586
429
150
-162
-489
-639
-467
-165
-151
-508
-928
-1123
-1033
-721
-360
-229
-501
-980
-1193
-936
-471
-187
-218
-436
-653
-651
-334
92
268
81
-203
-235
39
370
527
475
309
199
263
514
774
939
1187
1478
1532
1058
573
823
1722
2249
1799
1230
1209
1270
483
-242
535
2158
2063
-484
-2646
-1989
219
778
-705
-2143
-2486
-2791
-3429
-3156
-1799
-1332
-2956
-4846
-4704
-2963
-1889
-2140
-2615
-2561
-2474
-2442
-1739
-315
637
268
-567
-539
546
1613
1958
1832
1837
1953
1908
1839
2108
2636
2745
2272
1732
1684
1912
1949
1756
1618
1529
1219
808
622
754
813
614
311
110
-44
-216
-281
-235
-208
-388
-635
-752
-712
-643
-574
-476
-461
-636
-866
-856
-579
-298
-250
-396
-584
-630
-447
-98
167
148
-100
-236
-51
331
627
605
398
229
294
541
788
930
934
1053
1374
1667
1481
922
753
1327
2019
1882
1307
1193
1451
941
-263
-363
1180
2227
597
-2092
-2569
-549
758
-421
-2270
-2776
-2607
-3109
-3415
-2422
-1376
-2355
-4553
-5183
-3567
-1995
-2060
-2790
-2814
-2411
-2342
-2111
-1078
116
231
-546
-794
184
1496
1974
1677
1496
1789
2071
2042
2099
2568
2971
2713
2056
1817
2129
2354
2111
1744
1606
1496
1194
894
855
908
740
397
130
-62
-297
-496
-474
-350
-482
-922
-1313
-1314
-1029
-793
-768
-948
-1239
-1455
-1374
-953
-515
-434
-705
-955
-872
-492
-87
141
143
24
2
246
689
970
896
661
645
925
1239
1395
1365
1304
1417
1840
2253
2118
1417
1024
1496
2196
2129
1505
1355
1569
1052
-261
-558
872
2012
596
-2123
-2854
-1033
426
-551
-2379
-2954
-2654
-2975
-3385
-2641
-1600
-2246
-4202
-4865
-3389
-1843
-1960
-2774
-2786
-2220
-2075
-2019
-1192
-39
201
-487
-763
66
1201
1547
1274
1221
1622
1939
1910
1960
2341
2635
2364
1846
1733
2054
2239
2070
1844
1756
1604
1292
1056
1063
1084
889
568
299
113
-86
-218
-292
-398
-651
-982
-1220
-1269
-1164
-1088
-1137
-1355
-1608
-1743
-1641
-1341
-1066
-1038
-1250
-1399
-1229
-782
-338
-110
-112
-178
-133
202
759
1204
1262
1088
1103
1415
1774
1914
1920
1978
2206
2571
2814
2636
2032
1631
1887
2468
2514
1941
1469
1330
920
-14
-290
670
1456
201
-2238
-3046
-1454
57
-703
-2597
-3437
-3097
-3036
-3294
-2847
-2088
-2561
-4140
-4708
-3404
-1940
-1986
-2826
-2945
-2352
-2026
-1929
-1312
-350
-82
-644
-905
-176
928
1371
1158
1033
1321
1637
1708
1797
2145
2443
2285
1893
1788
2082
2342
2316
2139
1946
1713
1479
1468
1669
1694
1343
896
647
535
375
201
78
-86
-429
-857
-1105
-1128
-1048
-1065
-1249
-1565
-1864
-1976
-1806
-1503
-1358
-1491
-1752
-1787
-1465
-922
-525
-425
-514
-515
-261
218
764
1122
1178
1030
1063
1409
1939
2233
2184
2021
2042
2476
2956
3045
2430
1768
1750
2336
2642
2129
1516
1277
1068
168
-569
17
1238
899
-1453
-3194
-2363
-391
-265
-2015
-3299
-3078
-2717
-3095
-3113
-2336
-2138
-3410
-4541
-3858
-2280
-1866
-2610
-2933
-2385
-1982
-2081
-1780
-813
-95
-341
-800
-504
432
1098
1155
1076
1285
1598
1661
1655
1956
2467
2584
2177
1781
1895
2241
2339
2204
2122
2023
1691
1371
1429
1672
1545
1005
553
451
420
274
110
-20
-313
-793
-1170
-1214
-1044
-1019
-1222
-1534
-1793
-1926
-1849
-1587
-1367
-1403
-1655
-1772
-1521
-1010
-582
-464
-571
-617
-405
82
665
1065
1102
909
882
1216
1722
2046
2074
1928
1811
1849
2215
2791
2999
2381
1403
1142
1812
2396
1983
1239
1084
1169
413
-788
-652
843
1384
-554
-2908
-2775
-656
284
-1160
-2819
-2914
-2378
-2624
-2918
-2220
-1522
-2328
-3875
-4027
-2644
-1652
-2029
-2585
-2337
-1922
-2045
-2054
-1197
-158
-67
-748
-933
-184
717
1002
960
1122
1390
1394
1264
1505
2106
2471
2217
1772
1677
1887
2034
2026
2049
2000
1692
1278
1152
1325
1335
1006
652
490
318
37
-124
-52
-95
-524
-1029
-1171
-1006
-986
-1172
-1301
-1320
-1440
-1640
-1587
-1256
-1056
-1231
-1419
-1223
-766
-483
-429
-339
-104
128
319
607
937
1067
991
1072
1464
1832
1833
1646
1674
1839
1837
1671
1804
2336
2577
1962
965
750
1468
2072
1592
732
577
808
249
-987
-1030
505
1396
-302
-2892
-3106
-924
468
-737
-2559
-2816
-2193
-2337
-2779
-2140
-1217
-1789
-3483
-3937
-2566
-1329
-1627
-2425
-2381
-1949
-1970
-2044
-1287
-239
-88
-822
-1178
-517
457
913
908
959
1094
1037
896
1154
1887
2449
2242
1552
1213
1540
2034
2171
1995
1773
1491
1142
1012
1278
1566
1369
765
257
104
148
226
292
157
-376
-1039
-1232
-838
-447
-614
-1158
-1537
-1545
-1369
-1164
-955
-848
-961
-1168
-1122
-726
-261
-36
-49
-42
151
466
758
950
1087
1210
1316
1386
1469
1632
1812
1825
1653
1558
1557
1583
1448
1434
1711
1847
1321
342
92
823
1532
996
-86
-327
144
-55
-1212
-1436
-12
1050
-416
-2876
-2958
-578
892
-533
-2551
-2608
-1474
-1355
-1988
-1671
-886
-1378
-2987
-3341
-1910
-763
-1312
-2327
-2317
-1799
-1758
-1848
-1197
-342
-394
-1233
-1535
-740
340
739
494
282
377
597
784
1070
1502
1755
1565
1167
1129
1559
1962
1947
1664
1454
1394
1379
1375
1404
1328
1093
813
634
499
338
252
253
112
-317
-783
-909
-710
-543
-659
-972
-1264
-1414
-1303
-943
-586
-565
-871
-1048
-778
-287
39
144
233
331
390
516
897
1372
1560
1385
1195
1320
1622
1809
1785
1653
1441
1211
1112
1171
1260
1094
841
844
1012
834
126
-359
-30
655
552
-230
-606
-215
-145
-1034
-1456
-294
1066
249
-2068
-2702
-664
1195
343
-1697
-2177
-1194
-864
-1451
-1399
-696
-961
-2462
-3170
-2129
-975
-1305
-2338
-2502
-2006
-1909
-2174
-1836
-1017
-753
-1343
-1803
-1308
-316
250
139
-50
103
442
619
718
1067
1562
1697
1347
1140
1496
2030
2106
1785
1623
1704
1690
1514
1534
1737
1655
1125
639
625
876
879
503
90
-161
-269
-347
-374
-381
-484
-693
-903
-962
-874
-731
-627
-614
-690
-744
-626
-373
-97
98
206
219
225
375
704
1064
1197
1091
965
1010
1132
1200
1166
1127
1043
857
678
613
639
516
323
243
495
751
586
-55
-546
-282
439
817
367
-139
-84
162
-202
-701
-125
1154
1222
-601
-2076
-1073
1108
1484
-376
-1853
-1528
-744
-965
-1424
-1063
-849
-1861
-3220
-3090
-1870
-1398
-2206
-2919
-2737
-2451
-2607
-2599
-1889
-1282
-1554
-2204
-2101
-1119
-218
-55
-303
-280
70
397
560
859
1380
1682
1457
1109
1276
1857
2241
2167
1980
1895
1773
1613
1709
2055
2137
1705
1157
986
1080
1075
991
991
920
499
-41
-155
246
596
398
-127
-466
-447
-269
-49
162
189
-126
-543
-551
-100
337
330
20
-206
-210
-63
171
400
425
199
-68
-60
188
394
392
207
46
-36
12
123
214
202
71
-17
48
283
561
772
724
329
-61
44
758
1318
1081
478
275
480
318
8
423
1367
1190
-515
-1740
-802
1001
988
-821
-2071
-1670
-1095
-1493
-1951
-1628
-1461
-2448
-3583
-3391
-2325
-2002
-2722
-3258
-3050
-2763
-2831
-2707
-2033
-1428
-1526
-1992
-1945
-1169
-308
30
-22
5
266
534
713
1040
1533
1818
1620
1340
1529
2072
2383
2278
2151
2205
2211
2050
2035
2301
2488
2260
1813
1612
1729
1856
1782
1579
1362
1140
975
904
886
816
667
459
199
-39
-115
-27
-2
-246
-684
-971
-958
-792
-694
-798
-1061
-1347
-1455
-1278
-942
-732
-802
-996
-1044
-817
-467
-186
-51
-32
-43
-42
100
450
808
889
661
467
583
891
1072
1175
1429
1621
1289
593
442
1166
1912
1629
725
388
768
783
24
-238
689
1394
194
-1851
-2090
-195
1079
-137
-2205
-2685
-1832
-1556
-2103
-2170
-1729
-2149
-3526
-4114
-3101
-2005
-2280
-3259
-3483
-3030
-2813
-2844
-2390
-1597
-1406
-1952
-2265
-1597
-498
68
-50
-217
7
432
735
1035
1541
1993
1977
1641
1654
2256
2853
2925
2703
2629
2693
2671
2709
3002
3260
3052
2526
2240
2331
2447
2357
2154
1897
1504
1121
971
1008
882
496
124
-88
-292
-605
-849
-896
-903
-1122
-1495
-1742
-1757
-1640
-1541
-1568
-1717
-1870
-1795
-1469
-1146
-1057
-1106
-1014
-725
-412
-189
-6
166
271
315
484
803
1047
1042
896
900
1104
1307
1259
1080
997
1063
1245
1442
1450
993
347
200
771
1300
936
161
-56
209
-73
-857
-757
420
783
-898
-2710
-2152
-45
504
-1296
-2875
-2484
-1539
-1798
-2509
-2240
-1675
-2254
-3501
-3632
-2591
-1981
-2467
-3018
-2836
-2522
-2574
-2538
-1921
-1231
-1153
-1498
-1500
-831
24
485
498
524
853
1311
1605
1812
2233
2723
2824
2556
2526
3011
3516
3561
3274
3096
3095
3079
3062
3099
3055
2752
2343
2081
1988
1857
1622
1386
1087
668
229
49
124
89
-311
-870
-1181
-1138
-1019
-1099
-1329
-1562
-1741
-1834
-1767
-1537
-1397
-1536
-1767
-1773
-1520
-1260
-1133
-1045
-928
-859
-795
-583
-208
115
180
118
204
463
691
750
773
874
985
967
857
859
947
974
840
743
742
769
823
920
857
356
-122
-13
627
791
137
-444
-266
-8
-594
-1210
-599
520
111
-1786
-2650
-1215
403
-198
-2099
-2694
-1786
-1262
-1878
-2224
-1678
-1490
-2407
-3228
-2717
-1702
-1573
-2266
-2531
-2118
-1782
-1793
-1602
-923
-393
-484
-815
-604
244
1020
1184
1008
1105
1513
1813
1881
2119
2605
2799
2460
2145
2437
2987
3077
2710
2479
2550
2504
2255
2199
2421
2437
1928
1366
1260
1504
1565
1279
941
731
506
203
71
173
205
-149
-650
-865
-756
-722
-955
-1202
-1287
-1365
-1565
-1693
-1600
-1478
-1569
-1779
-1832
-1671
-1517
-1421
-1299
-1164
-1127
-1116
-906
-481
-162
-142
-224
-99
215
488
610
692
769
761
729
785
995
1111
1013
790
661
597
564
582
650
783
715
334
-236
-478
-116
475
492
-161
-660
-478
-231
-627
-1054
-485
485
162
-1477
-2296
-1015
609
312
-1400
-2163
-1467
-873
-1214
-1486
-1085
-1002
-1851
-2612
-2183
-1218
-1017
-1622
-2023
-1862
-1609
-1457
-1155
-655
-411
-611
-827
-563
145
815
1054
934
901
1177
1563
1810
2021
2413
2710
2567
2220
2273
2805
3211
3081
2681
2477
2484
2494
2481
2496
2407
2048
1559
1231
1168
1185
1044
729
337
-69
-417
-576
-553
-543
-809
-1312
-1689
-1738
-1607
-1564
-1682
-1877
-2119
-2333
-2303
-1960
-1613
-1646
-1962
-2085
-1787
-1322
-1040
-977
-959
-898
-770
-493
-46
344
425
289
313
658
1048
1202
1175
1184
1242
1216
1162
1257
1427
1389
1095
860
903
990
871
616
440
398
380
433
526
383
-144
-568
-384
184
253
-323
-700
-496
-415
-995
-1373
-647
298
-223
-1847
-2403
-1072
210
-349
-1805
-2168
-1487
-1236
-1693
-1752
-1217
-1188
-2000
-2522
-1932
-1072
-991
-1456
-1550
-1171
-877
-823
-593
-21
463
463
239
385
1038
1692
1862
1708
1727
1978
2105
2039
2152
2532
2652
2220
1735
1790
2163
2248
1922
1598
1495
1339
1019
828
947
1067
791
226
-162
-120
110
133
-135
-478
-722
-819
-760
-623
-551
-735
-1108
-1357
-1288
-1027
-872
-966
-1201
-1379
-1388
-1203
-942
-787
-842
-996
-1037
-862
-571
-296
-126
-83
-111
-76
129
455
759
893
866
814
893
1123
1379
1487
1421
1297
1205
1167
1152
1153
1127
965
651
384
253
190
80
-127
-353
-532
-665
-739
-656
-589
-790
-1287
-1552
-1219
-720
-746
-1213
-1314
-898
-795
-1341
-1513
-566
399
-132
-1536
-1713
-242
858
189
-1011
-1011
-202
-31
-556
-603
-26
28
-741
-1279
-875
-216
-192
-606
-755
-601
-510
-509
-348
7
241
124
-166
-182
268
793
871
573
449
688
922
887
876
1153
1382
1146
746
786
1216
1453
1237
913
788
762
680
652
792
904
712
298
49
167
428
480
281
44
-75
-114
-89
38
187
169
-41
-246
-247
-103
32
90
28
-163
-368
-349
-109
90
29
-204
-345
-276
-127
5
78
50
-79
-201
-124
154
392
364
164
47
164
370
510
543
485
378
255
234
297
385
351
216
65
-65
-150
-193
-189
-220
-368
-626
-779
-753
-660
-686
-731
-635
-595
-900
-1291
-1168
-501
-91
-515
-1057
-876
-304
-391
-965
-787
310
726
-368
-1446
-803
756
1032
-195
-1059
-576
49
-214
-666
-366
68
-369
-1261
-1352
-589
-99
-451
-984
-994
-712
-617
-660
-490
-173
-113
-374
-529
-223
316
560
379
169
277
523
614
596
757
1023
999
703
566
866
1273
1353
1140
979
1030
1152
1212
1210
1225
1248
1222
1109
978
987
1133
1221
1055
741
571
635
756
722
561
377
198
43
2
106
166
-12
-318
-467
-378
-262
-293
-389
-442
-484
-520
-452
-263
-138
-198
-300
-270
-135
-44
-9
75
144
93
3
46
199
258
142
-5
-70
-96
-187
-289
-348
-404
-541
-719
-828
-860
-863
-948
-1072
-1204
-1225
-1206
-1197
-1188
-1192
-1141
-1133
-1069
-861
-539
-410
-660
-859
-523
170
413
90
-86
281
568
210
-63
602
1547
1288
-10
-536
498
1611
1233
27
-364
142
352
-92
-321
9
106
-510
-1150
-1043
-511
-351
-693
-1001
-1002
-906
-904
-882
-683
-429
-408
-663
-832
-565
-48
178
8
-114
85
302
278
278
633
1055
1024
663
589
1002
1440
1513
1373
1346
1420
1447
1445
1580
1789
1826
1606
1348
1341
1545
1671
1539
1305
1150
1082
1003
931
925
888
654
306
120
177
227
58
-219
-415
-502
-608
-729
-800
-791
-873
-1073
-1263
-1282
-1132
-1051
-1104
-1246
-1311
-1265
-1132
-996
-930
-961
-1043
-1044
-902
-686
-586
-605
-653
-630
-556
-497
-432
-342
-312
-374
-469
-420
-276
-164
-170
-218
-203
-166
-123
-115
-40
4
13
-22
-11
37
90
170
369
564
445
123
45
508
1002
899
450
391
698
658
174
144
890
1307
476
-700
-666
427
894
63
-884
-902
-527
-657
-1053
-995
-676
-863
-1513
-1820
-1462
-994
-957
-1209
-1339
-1239
-1047
-878
-701
-415
-121
-32
-138
-118
280
815
1047
946
919
1143
1370
1431
1516
1775
1976
1845
1568
1589
1908
2105
1967
1697
1589
1623
1603
1477
1384
1383
1320
1073
774
676
760
786
571
238
27
-19
-60
-179
-312
-424
-589
-806
-947
-934
-891
-997
-1194
-1319
-1306
-1273
-1303
-1336
-1319
-1316
-1379
-1414
-1316
-1140
-1055
-1082
-1092
-974
-795
-657
-564
-463
-339
-230
-147
-61
110
281
322
270
279
403
545
587
533
458
424
399
419
454
413
273
114
72
68
31
-80
-157
-212
-297
-374
-442
-403
-357
-383
-478
-545
-427
-190
-23
-129
-390
-450
-190
125
152
47
78
193
90
-172
-76
439
728
279
-384
-403
194
537
199
-250
-290
-138
-207
-358
-252
-47
-143
-496
-665
-462
-207
-187
-295
-307
-231
-188
-170
-81
114
268
264
173
196
415
651
735
732
765
806
783
786
951
1171
1187
971
837
933
1082
1099
1019
955
878
774
712
778
855
746
465
252
255
356
350
197
17
-105
-185
-275
-320
-291
-309
-468
-658
-720
-660
-635
-684
-701
-661
-689
-794
-800
-621
-442
-483
-632
-629
-443
-264
-222
-215
-168
-152
-204
-184
-36
117
96
-16
-65
-47
8
4
6
-16
-67
-178
-231
-211
-177
-190
-306
-352
-395
-414
-481
-520
-474
-428
-414
-546
-665
-628
-485
-401
-475
-539
-519
-410
-353
-342
-310
-241
-160
-140
-131
-88
73
285
392
286
123
189
465
637
551
412
481
613
502
265
290
630
804
492
40
-12
313
506
328
42
-91
-129
-221
-257
-163
-78
-212
-479
-602
-499
-341
-311
-373
-393
-358
-324
-254
-100
127
254
215
154
292
596
797
769
740
863
998
1004
965
1089
1259
1246
1048
951
1077
1191
1122
967
870
817
718
590
538
518
415
219
74
38
25
-62
-196
-285
-317
-382
-480
-538
-519
-492
-568
-677
-683
-616
-589
-641
-676
-607
-547
-592
-666
-644
-541
-488
-524
-560
-528
-486
-486
-488
-464
-430
-422
-421
-414
-416
-398
-396
-342
-313
-329
-369
-402
-387
-362
-325
-349
-343
-353
-349
-375
-397
-357
-318
-316
-340
-305
-282
-246
-211
-135
-80
-102
-171
-118
23
117
74
2
28
97
185
201
192
162
175
236
347
433
466
488
479
432
400
492
604
603
485
428
434
366
231
224
391
431
148
-171
-133
168
287
74
-151
-151
-77
-96
-115
-6
104
26
-147
-143
100
331
345
242
231
364
521
610
659
729
797
795
777
817
930
989
907
783
756
787
740
597
473
450
434
306
102
-36
-69
-88
-203
-371
-482
-535
-598
-686
-740
-731
-736
-802
-858
-834
-765
-726
-717
-692
-637
-598
-555
-477
-382
-326
-309
-268
-172
-108
-97
-69
-21
19
23
-3
-5
10
-10
-64
-102
-112
-112
-136
-182
-214
-229
-235
-266
-323
-386
-418
-399
-357
-354
-389
-402
-390
-358
-320
-281
-231
-198
-220
-234
-200
-106
-50
-37
-25
-14
10
29
85
134
127
90
104
136
161
169
194
238
247
235
221
255
327
399
430
442
489
562
594
580
607
690
701
579
495
535
570
458
300
309
405
339
70
-106
15
186
102
-163
-342
-338
-309
-350
-401
-435
-521
-646
-675
-555
-405
-348
-403
-439
-361
-221
-77
16
89
169
246
288
339
458
608
671
597
506
525
604
629
588
517
484
439
365
308
296
279
182
48
-38
-59
-97
-174
-232
-254
-289
-341
-364
-336
-286
-269
-290
-288
-251
-201
-177
-185
-177
-146
-131
-154
-167
-144
-108
-109
-159
-191
-191
-184
-192
-200
-202
-226
-263
-267
-240
-231
-244
-246
-215
-177
-160
-136
-83
-27
-7
-9
8
62
120
164
180
183
212
251
258
237
250
295
311
242
157
156
206
208
100
-11
-65
-29
-4
-49
-151
-231
-234
-218
-221
-272
-306
-337
-343
-361
-387
-377
-323
-243
-221
-270
-333
-305
-209
-135
-158
-200
-169
-131
-168
-242
-207
-70
-16
-153
-325
-288
-97
30
-37
-181
-231
-187
-116
-45
28
54
15
-19
54
199
304
316
288
335
443
531
579
627
698
759
762
765
800
843
832
786
753
726
691
611
523
452
403
336
249
158
74
27
-4
-53
-133
-214
-244
-254
-296
-331
-310
-257
-248
-275
-278
-233
-186
-183
-182
-131
-65
-37
-32
11
88
149
158
147
170
220
272
296
303
301
299
298
295
294
292
291
274
235
166
101
72
63
47
-8
-89
-180
-244
-286
-310
-340
-410
-497
-567
-604
-640
-688
-723
-740
-783
-864
-928
-920
-851
-810
-849
-923
-945
-888
-795
-717
-707
-728
-718
-648
-525
-434
-375
-352
-357
-351
-290
-161
-58
-40
-76
-49
44
144
195
253
317
358
368
391
472
531
548
528
553
606
621
601
607
641
645
602
576
581
595
582
551
544
567
553
480
412
364
353
315
259
210
184
157
115
79
70
53
0
-27
-13
36
48
17
-5
22
60
66
70
98
130
129
115
151
220
250
223
202
242
309
344
367
390
392
379
363
383
432
448
415
373
377
404
388
341
291
255
229
206
202
199
158
84
12
-22
-65
-144
-218
-254
-285
-352
-411
-455
-477
-520
-595
-653
-680
-691
-717
-754
-788
-792
-794
-808
-837
-853
-849
-839
-839
-838
-807
-765
-744
-736
-725
-701
-664
-639
-611
-592
-569
-541
-498
-436
-381
-344
-304
-234
-159
-93
-71
-50
20
109
167
199
242
292
350
397
458
525
560
558
555
592
630
632
599
561
545
548
538
496
431
381
367
369
341
285
229
195
155
101
75
65
48
-10
-67
-80
-47
-23
-39
-67
-64
-10
36
55
76
120
174
204
239
311
404
459
452
462
531
606
629
619
623
659
693
696
694
685
666
631
596
578
554
494
404
309
242
191
134
48
-36
-80
-113
-159
-205
-255
-308
-360
-418
-468
-508
-539
-568
-598
-630
-643
-635
-619
-620
-634
-627
-599
-573
-567
-547
-515
-487
-478
-463
-406
-320
-251
-216
-194
-162
-113
-76
-38
-6
25
44
53
60
76
113
142
145
111
76
62
58
66
52
-5
-86
-142
-159
-180
-215
-277
-346
-391
-435
-462
-474
-483
-491
-513
-541
-550
-539
-509
-470
-449
-447
-442
-402
-332
-264
-209
-163
-103
-37
18
69
124
204
272
308
337
365
402
449
481
497
511
529
564
599
625
631
643
656
652
641
641
658
678
678
659
658
675
680
669
647
620
594
574
555
523
467
394
329
284
228
152
66
-24
-108
-174
-229
-285
-339
-402
-467
-507
-538
-575
-604
-622
-620
-610
-607
-600
-576
-523
-458
-410
-381
-345
-282
-193
-105
-32
38
110
173
236
287
324
370
396
404
426
455
470
473
467
458
456
439
414
386
354
311
239
174
140
113
69
4
-63
-112
-154
-216
-279
-338
-404
-466
-522
-554
-579
-613
-663
-702
-728
-757
-784
-795
-792
-796
-797
-786
-757
-715
-687
-670
-639
-580
-518
-458
-388
-318
-224
-130
-49
17
87
159
238
326
403
465
509
551
579
598
623
656
686
674
635
602
592
585
558
504
457
421
375
318
258
204
139
72
13
-45
-83
-121
-166
-205
-228
-235
-249
-275
-311
-317
-299
-289
-277
-250
-201
-167
-140
-102
-51
-5
22
43
81
129
148
151
172
207
242
265
288
320
356
374
378
383
394
396
387
371
362
350
335
325
320
309
294
286
283
275
258
230
205
182
181
178
164
146
121
104
78
44
-7
-57
-98
-142
-191
-220
-240
-281
-339
-388
-417
-446
-481
-514
-539
-560
-576
-573
-561
-558
-571
-582
-576
-548
-513
-478
-442
-414
-375
-334
-280
-223
-177
-137
-93
-27
51
120
179
214
240
272
309
338
353
363
370
362
342
329
322
317
303
285
267
231
185
140
117
106
72
21
-14
-43
-75
-109
-150
-180
-197
-216
-236
-238
-234
-240
-251
-257
-250
-244
-255
-262
-235
-203
-183
-182
-164
-116
-83
-77
-70
-43
3
42
62
100
145
184
196
208
247
284
316
322
330
345
371
384
364
348
343
351
343
318
293
274
274
267
245
214
169
121
74
27
-28
-93
-133
-136
-149
-191
-236
-258
-271
-301
-330
-332
-317
-304
-311
-314
-283
-250
-250
-259
-249
-219
-185
-173
-146
-100
-60
-43
-20
21
51
62
65
84
106
116
114
127
158
185
198
202
205
196
185
179
191
196
178
176
193
207
219
215
206
211
209
200
201
203
201
194
176
158
159
160
147
112
85
67
54
38
1
-29
-55
-76
-106
-143
-165
-175
-175
-188
-221
-244
-251
-244
-244
-241
-227
-211
-193
-197
-191
-166
-134
-116
-100
-75
-48
-26
-28
-19
9
28
35
30
33
49
49
38
18
9
7
-13
-52
-77
-85
-98
-126
-145
-152
-159
-181
-211
-235
-252
-263
-279
-283
-272
-269
-288
-309
-322
-322
-310
-299
-298
-289
-273
-253
-239
-234
-229
-213
-197
-169
-129
-93
-60
-24
11
57
109
146
172
201
237
282
321
344
356
364
383
413
442
467
495
506
501
511
523
535
519
491
456
421
391
352
322
285
250
211
172
137
112
95
78
45
-12
-64
-93
-112
-124
-132
-132
-119
-107
-103
-116
-115
-105
-103
-101
-92
-65
-24
11
28
48
76
113
141
157
182
208
227
239
245
258
268
285
285
264
254
222
184
154
117
86
58
28
12
-7
-28
-54
-79
-101
-127
-154
-195
-227
-264
-304
-344
-375
-398
-409
-422
-440
-449
-452
-457
-486
-511
-517
-522
-542
-561
-558
-546
-553
-551
-533
-507
-483
-463
-429
-389
-366
-353
-333
-306
-281
-256
-214
-162
-117
-69
-8
30
55
86
125
160
184
208
238
271
301
327
347
369
383
379
367
357
363
375
374
361
356
357
341
301
277
278
269
247
226
224
212
173
136
115
101
69
31
14
22
32
17
7
15
20
16
19
25
24
8
5
18
28
47
58
70
93
113
144
168
177
185
210
230
239
261
288
304
301
282
276
289
294
294
294
293
283
255
214
195
182
159
123
87
72
40
8
-16
-32
-57
-102
-140
-164
-184
-216
-262
-291
-295
-311
-332
-342
-339
-338
-345
-349
-341
-314
-291
-292
-295
-290
-283
-270
-260
-247
-226
-210
-204
-202
-202
-191
-190
-189
-172
-158
-139
-124
-111
-92
-89
-92
-89
-78
-60
-42
-32
-21
0
2
-1
-2
-3
11
23
32
47
63
71
69
58
51
55
55
51
44
35
20
-6
-33
-46
-62
-71
-81
-96
-108
-127
-152
-177
-184
-178
-179
-191
-187
-171
-158
-152
-135
-109
-78
-53
-37
-11
22
52
70
86
111
145
166
173
185
208
234
243
243
260
294
312
319
328
344
353
346
328
319
309
285
279
280
284
273
262
256
238
227
199
185
183
168
149
128
114
97
89
76
57
55
53
45
34
4
-19
-35
-56
-72
-90
-101
-109
-103
-87
-79
-80
-84
-81
-66
-63
-60
-39
-19
-11
-19
-29
-15
-3
2
5
22
44
43
24
15
21
24
27
18
20
20
2
-14
-34
-49
-61
-78
-96
-108
-138
-164
-185
-209
-221
-220
-219
-217
-225
-242
-259
-278
-289
-296
-310
-327
-339
-341
-342
-329
-312
-294
-281
-272
-260
-251
-239
-227
-216
-214
-211
-209
-192
-166
-139
-120
-104
-81
-53
-23
4
18
30
44
58
75
82
96
114
126
138
155
163
165
171
184
204
222
221
212
207
205
208
206
205
201
210
211
200
193
191
196
196
181
164
149
140
134
125
122
104
87
85
87
88
83
76
77
82
91
98
98
98
94
103
104
96
92
87
82
95
112
125
132
138
145
156
169
188
207
208
209
215
224
212
185
162
146
131
107
90
81
62
31
10
-9
-31
-48
-75
-99
-117
-145
-165
-175
-194
-214
-234
-254
-263
-269
-281
-294
-303
-307
-305
-306
-309
-301
-282
-265
-257
-255
-244
-232
-221
-202
-184
-173
-158
-146
-130
-113
-92
-66
-49
-35
-26
-19
-9
6
14
26
41
43
46
46
46
53
55
54
56
65
65
48
33
27
13
-6
-28
-42
-51
-64
-70
-69
-74
-85
-99
-114
-118
-116
-117
-117
-103
-97
-97
-94
-85
-60
-47
-38
-24
-6
8
25
52
77
91
95
103
120
143
166
187
198
211
225
232
229
226
228
227
233
229
226
229
224
214
206
207
206
198
183
166
150
126
111
94
74
73
65
58
55
42
35
29
20
10
-20
-45
-65
-87
-99
-107
-115
-125
-135
-145
-155
-162
-166
-169
-172
-165
-161
-155
-151
-145
-126
-109
-103
-93
-71
-52
-30
-4
21
36
52
75
101
126
136
137
137
146
155
158
160
148
143
150
147
134
122
118
102
78
61
61
66
51
33
20
3
-16
-31
-44
-55
-78
-107
-121
-133
-148
-168
-194
-221
-236
-238
-239
-234
-234
-238
-238
-231
-219
-203
-194
-185
-168
-158
-146
-138
-126
-107
-86
-66
-45
-25
-3
18
28
40
51
57
68
82
97
93
76
57
53
61
59
61
64
65
58
47
43
43
41
29
8
-15
-22
-24
-43
-54
-61
-66
-65
-58
-49
-45
-45
-44
-54
-66
-66
-64
-63
-56
-49
-36
-13
1
21
42
48
46
55
63
65
67
69
77
91
104
119
138
143
141
141
144
158
172
178
177
180
189
198
194
196
203
203
199
185
178
177
179
174
173
174
170
165
151
141
129
111
99
92
85
79
70
53
43
33
11
-13
-40
-59
-79
-103
-117
-122
-131
-140
-151
-160
-164
-167
-161
-149
-133
-136
-145
-155
-167
-171
-168
-161
-149
-139
-131
-120
-109
-104
-111
-126
-133
-134
-138
-137
-135
-128
-122
-124
-124
-127
-118
-111
-103
-97
-89
-78
-80
-86
-81
-70
-72
-69
-69
-60
-50
-51
-50
-47
-56
-67
-68
-65
-63
-59
-48
-43
-45
-50
-50
-41
-29
-26
-18
-25
-43
-43
-31
-20
-12
-6
7
25
39
50
57
81
98
104
123
138
149
161
167
187
199
200
197
192
177
161
158
163
172
183
190
181
179
183
170
156
148
140
134
118
108
99
96
93
78
72
68
54
44
45
55
59
42
30
44
38
22
24
38
49
41
33
35
38
36
18
5
-6
-16
-17
-15
-21
-35
-45
-46
-48
-52
-57
-65
-73
-86
-95
-96
-93
-85
-81
-81
-95
-107
-110
-114
-115
-121
-124
-122
-123
-119
-110
-106
-105
-102
-108
-119
-128
-125
-108
-92
-78
-66
-53
-56
-67
-68
-66
-69
-81
-91
-81
-65
-57
-56
-40
-30
-42
-54
-67
-64
-57
-59
-50
-34
-28
-29
-32
-32
-34
-33
-32
-22
-14
-10
-5
-1
8
21
26
30
37
51
65
68
65
67
74
88
93
95
100
100
102
94
89
90
88
83
91
107
110
111
113
105
96
84
67
65
75
84
88
85
88
87
77
66
65
53
37
28
27
32
29
34
32
24
26
33
24
26
26
19
15
13
9
3
-3
-14
-25
-24
-25
-35
-44
-51
-63
-71
-70
-62
-53
-50
-51
-54
-57
-66
-72
-66
-67
-72
-79
-83
-80
-79
-69
-63
-53
-41
-31
-17
-4
12
22
22
27
35
47
53
56
61
58
55
53
61
63
61
63
70
70
52
40
36
34
36
37
30
25
15
4
-9
-21
-34
-48
-50
-50
-64
-79
-101
-112
-109
-102
-100
-91
-78
-75
-76
-80
-82
-83
-85
-101
-99
-88
-87
-80
-74
-75
-72
-63
-57
-47
-32
-32
-31
-24
-17
-8
6
17
20
24
26
22
32
42
47
56
49
48
49
54
63
70
84
92
87
79
74
68
65
70
74
76
75
59
48
48
47
52
57
62
62
52
44
39
34
23
13
7
8
8
5
10
6
-2
-6
-9
-6
-3
-3
-3
-8
-5
-8
-10
-15
-25
-27
-18
-14
-14
-8
-14
-13
-7
-9
-12
-14
-8
0
1
7
16
21
15
6
3
1
0
-1
6
17
22
20
18
19
14
7
6
12
16
9
6
-3
-5
3
-2
-5
0
8
7
5
12
13
9
5
-7
-16
-21
-26
-24
-18
-16
-16
-14
-16
-17
-24
-26
-35
-40
-39
-44
-58
-69
-76
-80
-73
-66
-61
-45
-37
-41
-40
-43
-42
-42
-35
-25
-22
-24
-32
-40
-47
-44
-48
-48
-51
-51
-40
-23
-15
-18
-16
-12
-10
-4
2
13
25
29
37
49
57
59
56
50
53
55
61
68
79
92
97
104
112
113
112
103
91
86
77
64
52
44
43
42
36
24
6
-3
-16
-28
-39
-49
-46
-49
-47
-44
-42
-38
-40
-48
-42
-43
-47
-44
-52
-55
-53
-56
-56
-53
-46
-45
-56
-62
-65
-62
-58
-50
-41
-25
-14
-6
6
15
25
34
40
46
48
46
45
51
67
78
89
92
102
115
119
129
123
117
113
104
96
90
77
75
70
58
50
34
23
14
1
-8
-13
-24
-19
-22
-37
-49
-60
-61
-66
-64
-53
-43
-33
-44
-43
-41
-51
-63
-78
-85
-84
-90
-101
-101
-106
-106
-110
-112
-111
-110
-103
-98
-94
-86
-83
-82
-82
-86
-79
-70
-64
-43
-27
-7
6
13
27
26
31
41
48
66
73
73
76
83
99
104
97
86
74
66
66
63
54
50
47
47
37
28
18
6
-1
-16
-19
-23
-25
-21
-25
-29
-33
-31
-31
-28
-33
-35
-30
-20
-15
-15
-10
-13
-16
-21
-14
-7
-6
0
7
14
21
30
38
44
55
59
71
84
93
101
103
99
98
102
99
88
85
86
92
92
86
83
83
87
85
76
53
38
23
8
-3
-16
-22
-27
-23
-35
-47
-57
-63
-61
-61
-56
-56
-59
-64
-64
-73
-85
-91
-89
-72
-68
-62
-58
-56
-54
-61
-66
-68
-73
-66
-61
-68
-66
-61
-60
-58
-47
-30
-22
-21
-29
-49
-60
-62
-54
-44
-36
-29
-12
10
17
13
4
6
11
14
13
8
6
12
22
26
27
25
20
16
11
8
9
17
12
11
9
7
7
8
15
13
5
5
7
11
13
5
-1
-3
2
12
12
15
12
8
-1
-11
-11
-6
2
13
32
49
59
62
69
76
75
80
95
102
100
90
77
68
57
45
39
39
46
51
57
57
48
47
39
30
16
-1
3
-1
-7
-6
-11
-14
-14
-20
-28
-36
-45
-53
-53
-53
-57
-65
-67
-65
-58
-52
-43
-33
-21
-19
-24
-31
-32
-28
-26
-24
-32
-32
-33
-33
-31
-30
-26
-20
-14
-13
-12
-6
3
5
2
10
18
25
30
33
27
17
16
19
21
23
13
4
-4
-20
-30
-40
-50
-46
-33
-23
-11
-6
-16
-30
-49
-59
-66
-64
-52
-41
-28
-28
-26
-29
-36
-39
-30
-19
-16
-13
-9
4
10
16
29
35
34
33
35
37
37
33
29
32
35
32
33
54
63
64
69
59
38
33
31
23
17
9
12
9
7
15
26
21
11
6
4
-8
-21
-20
-18
-19
-22
-25
-29
-24
-14
-6
-4
-1
2
5
8
5
17
30
38
40
37
27
18
13
9
10
13
21
27
30
34
36
27
26
27
22
27
29
30
27
25
17
10
6
-4
-14
-8
0
1
-2
-7
-17
-26
-17
-26
-39
-37
-42
-43
-45
-47
-55
-63
-73
-81
-71
-69
-72
-71
-71
-71
-69
-67
-59
-52
-42
-30
-18
-3
1
5
7
12
16
19
19
19
20
21
22
27
29
22
21
25
32
44
50
56
65
63
62
59
54
49
52
51
44
41
35
26
14
4
-3
-4
-12
-24
-32
-32
-39
-45
-46
-44
-43
-62
-71
-70
-65
-63
-67
-65
-64
-59
-60
-50
-47
-40
-30
-31
-24
-17
-3
12
29
42
49
62
72
75
78
87
90
91
91
91
100
101
106
109
107
106
92
86
84
74
76
71
57
45
36
33
29
20
11
-2
-19
-38
-52
-65
-72
-72
-81
-74
-72
-85
-93
-104
-110
-119
-119
-107
-98
-88
-87
-84
-84
-87
-88
-90
-90
-88
-84
-78
-71
-65
-58
-55
-56
-53
-43
-27
-6
12
27
40
53
56
55
64
75
83
95
110
119
124
118
115
110
100
89
86
84
80
77
81
89
82
71
59
47
27
2
-7
-11
-12
-20
-27
-35
-40
-42
-49
-57
-60
-67
-78
-72
-76
-84
-89
-94
-92
-83
-71
-59
-54
-51
-41
-36
-35
-29
-18
-9
4
10
19
34
45
51
58
76
80
84
82
92
98
94
103
107
105
102
96
93
95
94
86
78
68
61
51
30
20
7
-7
-18
-28
-36
-48
-50
-57
-64
-76
-95
-102
-107
-116
-127
-142
-152
-153
-153
-144
-139
-123
-111
-104
-94
-87
-80
-69
-59
-45
-27
-15
-5
-2
6
18
31
44
54
59
62
62
59
64
72
74
71
72
74
80
78
75
66
58
45
30
23
22
22
21
14
7
0
-3
-8
-11
-16
-17
-16
-18
-22
-23
-29
-31
-35
-36
-26
-21
-14
-13
-20
-36
-35
-48
-61
-58
-56
-46
-42
-37
-26
-6
10
28
41
52
65
70
81
85
95
109
113
119
127
135
142
144
138
125
109
101
98
101
104
103
97
91
72
54
44
32
16
-4
-20
-30
-35
-48
-58
-65
-75
-85
-93
-97
-101
-106
-111
-103
-105
-108
-120
-136
-138
-137
-142
-142
-149
-153
-159
-164
-162
-156
-137
-122
-97
-81
-73
-63
-51
-48
-49
-34
-17
-5
13
31
47
56
56
55
60
67
73
76
81
87
86
83
89
91
89
96
97
99
97
81
70
55
43
37
35
34
24
12
10
5
0
-5
-10
-11
-16
-16
-12
-7
-10
-12
-13
-21
-22
-28
-27
-27
-27
-27
-23
-9
-4
12
26
34
44
47
51
58
68
70
69
70
68
69
75
76
82
86
82
78
68
63
58
51
42
33
15
-2
-8
-20
-23
-28
-38
-46
-54
-61
-66
-79
-90
-91
-91
-91
-90
-91
-91
-89
-87
-84
-85
-84
-83
-84
-83
-82
-80
-73
-61
-46
-38
-34
-27
-12
8
21
29
41
47
42
35
32
31
33
43
50
52
57
60
58
54
54
53
46
49
49
39
30
24
18
4
-5
-3
-6
-15
-21
-26
-33
-33
-35
-42
-48
-54
-53
-56
-58
-62
-71
-72
-79
-81
-72
-64
-58
-46
-29
-14
-7
2
10
9
17
29
46
60
70
80
79
83
87
91
97
101
109
113
108
104
112
109
107
106
101
104
96
90
87
85
82
73
69
61
49
41
26
11
-2
-18
-31
-39
-55
-73
-91
-109
-125
-128
-130
-135
-136
-142
-149
-152
-152
-143
-134
-126
-119
-110
-107
-111
-116
-117
-104
-95
-81
-62
-33
-15
-2
9
10
10
10
7
7
10
17
23
28
34
39
47
55
60
68
70
70
69
63
58
46
37
43
53
54
61
67
72
69
69
64
58
59
54
50
38
31
21
19
17
15
22
24
26
25
24
21
15
9
-1
-15
-20
-12
-13
-7
-2
-6
-5
-3
-1
1
3
9
17
17
25
32
28
29
29
26
20
10
8
13
15
25
21
12
1
-11
-14
-14
-12
-10
-11
-8
-7
-4
-3
-5
-13
-21
-27
-34
-41
-47
-48
-50
-51
-51
-54
-58
-59
-63
-65
-67
-78
-74
-74
-69
-57
-47
-36
-34
-35
-39
-43
-49
-54
-56
-59
-56
-53
-49
-53
-58
-57
-57
-54
-48
-38
-30
-19
-3
0
10
13
12
19
28
38
53
67
65
66
66
70
77
72
78
89
87
92
94
103
101
87
89
99
98
91
77
70
65
50
44
37
25
12
9
18
14
4
2
-1
-4
-13
-7
1
-1
-4
-4
2
3
2
6
7
-2
-4
-9
-11
-7
-6
-4
-7
-4
3
1
0
-3
-4
-3
-3
-7
-11
-15
-16
-14
-7
-4
-4
-5
-8
-13
-17
-24
-30
-39
-51
-54
-53
-43
-32
-30
-19
-3
-2
5
12
11
7
-10
-26
-34
-40
-58
-65
-55
-48
-53
-56
-58
-65
-73
-77
-74
-69
-60
-58
-63
-66
-60
-56
-43
-30
-26
-14
-8
-2
3
3
-2
0
10
19
29
38
42
44
51
61
65
66
64
63
61
56
48
42
39
40
39
35
44
53
58
58
54
53
53
55
58
59
53
56
60
58
57
50
45
38
26
19
11
2
-4
-17
-34
-44
-53
-56
-56
-59
-56
-56
-57
-53
-62
-66
-57
-55
-49
-39
-32
-30
-29
-25
-18
-15
-9
-6
-3
3
9
16
22
31
40
46
51
44
34
30
29
37
40
36
34
21
11
3
4
3
3
11
14
8
-5
-9
-14
-19
-25
-22
-7
1
9
9
12
17
13
8
-3
-6
-5
6
18
28
30
25
19
7
-1
-9
-8
-10
-14
-19
-29
-36
-36
-42