8
12
18
23
25
23
21
29
29
20
22
21
18
19
19
16
17
19
16
12
11
7
5
1
-2
-6
-7
-8
-18
-17
-20
-23
-22
-21
-16
-18
-12
-8
-6
-8
-9
-8
-15
-11
-3
0
7
14
10
11
12
10
14
16
15
10
3
-7
-13
-12
-16
-21
-9
-6
-13
-8
-9
-6
-11
-16
-11
-6
-1
-2
-4
-4
-3
-1
0
1
-4
-7
-10
-14
-14
-7
-5
-1
1
-2
4
3
7
11
10
8
4
2
-3
-6
0
1
-2
-1
-8
-7
-5
-7
-6
1
9
9
2
-7
-13
-19
-20
-18
-23
-26
-29
-32
-29
-28
-24
-24
-23
-20
-24
-24
-12
-7
-6
1
8
12
9
9
12
15
14
19
29
34
27
21
27
29
34
36
36
35
36
34
25
22
21
15
9
3
6
7
7
11
10
13
18
11
9
12
7
7
10
9
7
1
-6
-10
-10
-14
-18
-15
-16
-15
-12
-4
2
8
6
3
3
-3
-5
-9
-6
-3
-1
-2
-6
-2
-5
-8
-3
-2
-1
0
-4
-5
-1
-1
-5
-3
1
-2
0
-2
-1
-5
-6
-8
-5
-6
-9
-10
-11
-9
-9
-4
-5
-10
-10
-12
-12
-12
-14
-13
-10
-10
-3
2
5
10
7
11
12
7
9
15
15
11
9
6
4
0
-7
1
9
7
7
4
-2
-9
-9
-12
-15
-10
-7
-14
-15
-14
-19
-15
-14
-15
-21
-21
-24
-26
-28
-27
-25
-28
-22
-13
-7
-15
-11
-5
-4
-2
-7
-2
-2
1
5
14
22
27
34
36
40
39
30
29
23
21
24
25
29
30
26
22
21
17
12
5
6
-2
-8
-11
-16
-17
-17
-10
-2
1
3
0
-2
0
4
6
15
20
24
28
27
28
22
21
20
18
20
15
17
13
7
2
-3
-10
-12
-4
-4
-7
-3
-4
-5
-12
-16
-13
-16
-17
-27
-28
-25
-21
-19
-19
-20
-16
-14
-17
-14
-11
-11
-14
-7
-9
-6
-5
-11
-16
-12
-10
-12
-11
-7
-9
-11
-10
-13
-5
0
4
2
4
7
10
12
11
11
9
13
19
18
14
11
9
9
5
-1
-2
-6
-5
-2
-5
0
-1
-3
-9
-10
-6
-6
-6
-7
-7
-9
-10
-13
-11
-8
-5
2
1
4
4
2
2
6
7
13
15
13
16
14
13
13
10
11
6
-3
-6
-5
-3
-6
1
7
10
9
9
9
4
-1
-6
-7
-6
-10
-11
-12
-13
-17
-25
-18
-14
-8
-9
-12
-2
2
3
8
9
7
9
9
11
9
18
20
18
19
14
11
11
15
17
24
22
20
18
16
15
13
11
11
4
0
-3
-11
-8
-7
-10
-8
-4
-10
-16
-15
-10
-3
-7
-10
-11
-12
-11
-15
-19
-17
-14
-14
-6
-4
-5
-4
-4
-2
1
6
5
-4
-4
-3
-4
-2
2
1
-1
-1
-4
-1
-4
0
3
3
2
-1
1
1
6
4
-2
0
-1
-1
-2
3
5
5
8
10
11
8
3
-1
-2
0
3
2
1
2
-2
-1
-1
5
2
3
5
-2
-1
-2
2
4
2
4
6
4
4
8
2
4
7
-1
1
0
-3
-1
0
0
-4
-7
-10
-11
-8
-8
-4
-3
-4
-5
-5
-10
-14
-17
-16
-16
-16
-23
-18
-15
-17
-18
-21
-23
-27
-25
-18
-8
-6
-7
-5
-8
-7
-9
-8
-6
-3
-4
0
4
8
11
12
13
16
20
19
16
15
15
14
15
18
20
29
34
29
32
26
22
18
14
18
17
17
16
23
28
30
29
32
31
25
25
15
15
16
12
12
12
12
7
0
-1
-6
-16
-22
-27
-32
-31
-30
-28
-23
-19
-15
-5
3
8
12
9
4
-5
-3
-5
-12
-8
-13
-12
-1
5
10
1
-6
-12
-17
-21
-29
-33
-29
-29
-35
-29
-20
-13
-15
-21
-22
-24
-22
-25
-25
-19
-15
-16
-12
-9
-7
-7
-9
-1
3
1
6
0
-3
3
-2
0
6
11
8
10
9
7
10
-4
-5
-6
-9
-7
4
17
18
17
16
16
18
15
7
5
6
4
-2
2
6
4
11
8
7
8
7
4
9
15
17
15
9
14
12
9
7
5
11
14
18
20
19
18
11
4
3
2
5
7
6
8
9
11
10
9
9
5
7
3
7
7
2
3
4
5
5
-1
-8
-12
-19
-23
-21
-18
-16
-15
-11
-4
3
6
11
12
8
7
4
-7
-4
-2
-7
-4
-4
-3
-9
-17
-15
-13
-11
-8
-4
-6
-4
-2
-5
-8
-9
-11
-16
-9
-2
-4
-12
-10
-11
-14
-7
-9
-7
-15
-22
-25
-26
-18
-15
-4
-1
3
7
2
5
6
9
8
3
12
10
6
7
5
10
11
9
9
9
9
-1
-8
-5
-7
-7
-10
-7
-5
-9
-9
-14
-10
-2
3
4
7
15
7
7
12
14
17
7
1
-4
-3
-4
-8
5
12
5
11
15
6
4
19
17
10
12
20
27
17
11
5
6
15
11
9
15
16
5
4
2
-3
-11
-43
-51
-46
-21
19
41
48
33
2
-22
-11
22
51
43
15
-32
-63
-63
-40
9
32
27
-2
-33
-40
-27
-12
-14
-28
-46
-52
-41
-20
-3
8
15
15
10
0
-12
-12
-3
5
20
27
30
16
6
5
-10
-6
1
7
6
-1
-1
3
6
18
33
40
31
9
1
-5
4
3
9
12
-5
-9
-14
-15
-11
1
5
7
9
7
8
14
13
6
7
-2
-10
-6
-2
-3
2
5
5
0
-5
-7
-13
-15
-15
-11
-19
-21
-23
-29
-32
-29
-20
-16
-6
0
-3
0
1
-3
-4
-5
-9
-8
-2
0
8
19
26
32
25
22
18
11
16
14
12
9
5
0
4
6
3
9
0
-4
-4
-10
-7
-18
-16
-12
-17
-18
-14
-19
-29
-28
-20
-3
22
32
28
17
-2
-7
-2
9
26
24
5
-8
-16
-19
0
10
18
17
8
1
0
10
10
7
-5
-8
-5
2
16
29
28
10
-15
-31
-32
-24
-23
-12
-6
-11
-13
-16
-9
-1
-4
-6
-2
-10
-12
-9
-15
-4
9
9
15
18
15
17
11
6
10
16
23
22
17
9
9
1
6
10
1
1
4
5
5
14
37
40
40
42
26
20
14
12
7
6
5
-3
6
9
13
10
2
-1
-10
-19
-22
-14
-22
-23
-26
-36
-24
-18
-19
-18
-13
-17
-18
-17
-22
-25
-23
-31
-32
-31
-20
-9
-11
-6
-6
-13
-24
-24
-18
-16
-18
-22
-21
-20
-26
-22
-12
-6
-11
-8
-4
-10
1
8
16
21
15
14
7
9
22
25
31
29
23
16
8
6
5
6
11
11
6
9
8
-1
-4
-8
4
4
-3
2
-4
0
6
9
11
15
12
8
16
19
16
13
17
20
16
14
14
20
27
27
19
14
11
5
4
9
21
25
27
31
25
19
13
8
-3
0
-2
1
-1
-11
-14
-14
-5
-4
-12
-17
-26
-29
-19
-15
-11
-14
-19
-19
-19
-17
-13
-9
-18
-15
-19
-14
-9
-18
-19
-11
-10
-10
0
9
12
13
12
7
2
0
3
6
11
12
8
-9
-14
-8
-6
9
5
-1
-10
-11
-5
-3
2
-2
-5
-14
-17
-17
-17
-11
-4
-10
-11
-8
-7
-2
-1
4
1
-3
-11
-14
-12
-5
3
-1
-10
-17
-20
-16
-18
-16
-18
-32
-29
-24
-17
-2
5
-2
-4
1
-4
-8
-5
-5
2
15
22
19
22
22
27
23
25
22
22
27
15
23
28
27
29
29
33
30
29
27
29
34
36
35
29
22
13
7
7
4
4
16
18
16
12
-1
-8
-9
-7
-3
-4
-10
-13
-12
-13
-7
-3
3
11
4
2
-7
-14
-12
-15
-17
-13
-14
-13
-15
-21
-25
-30
-28
-25
-23
-25
-23
-23
-24
-24
-24
-19
-24
-22
-14
-15
-17
-11
-7
-8
-6
0
15
20
26
27
24
22
11
8
4
7
15
12
9
11
10
10
11
12
14
14
6
3
9
6
2
6
-1
-7
-9
-12
-11
-6
-4
2
2
1
-1
-4
-13
-13
-11
-19
-17
-20
-16
-13
-17
-16
-13
-8
-2
3
14
16
16
13
6
8
4
7
10
9
1
-10
-8
-11
-11
-8
-8
-7
-17
-24
-28
-34
-26
-24
-14
-10
-4
-3
-13
-12
-18
-18
-12
-10
-6
0
-5
2
7
11
17
18
22
27
40
44
45
50
47
46
32
31
37
33
40
37
32
31
25
18
17
14
8
4
7
9
15
17
14
8
6
1
-4
-5
-10
-14
-10
-10
-11
-4
-12
-14
-18
-15
-14
-20
-19
-24
-24
-18
-17
-13
-9
-5
-2
-2
4
7
6
2
-1
-4
-12
-15
-11
-10
-13
-18
-21
-23
-29
-23
-15
-11
-11
-15
-17
-17
-12
-3
-6
-10
-12
-16
-16
-9
-4
2
11
21
25
29
30
21
22
14
5
-4
-8
-7
-7
-3
-1
1
1
3
-2
-6
-8
-17
-18
-18
-15
-5
-1
-8
-9
-14
-14
-16
-12
-4
0
6
0
-2
-2
-5
-9
-2
3
7
5
1
-7
-13
-13
-10
-4
2
0
7
12
11
19
20
22
22
21
23
24
24
25
23
14
11
14
11
13
10
17
17
11
11
12
9
2
-1
0
3
1
0
1
10
8
4
17
20
22
20
10
5
2
-5
-8
-12
0
5
2
-3
-8
-12
-14
-11
-20
-17
-14
-17
-16
-17
-17
-15
-21
-25
-13
-2
4
11
12
12
9
8
8
5
1
3
3
5
5
-1
4
-7
-8
10
7
-7
-6
-12
-19
-24
-29
-18
-5
-7
-10
-8
-6
-3
-1
2
6
4
4
7
9
11
8
12
12
12
14
13
18
16
3
1
2
-5
-6
-5
-4
-1
-2
2
7
2
-10
-17
-22
-28
-24
-23
-27
-32
-30
-22
-6
0
2
1
2
-1
-1
-2
-3
-7
-16
-13
-15
-18
-17
-7
-9
-5
2
7
8
0
1
3
-2
-1
1
8
16
8
7
6
2
1
1
2
9
11
4
5
9
5
3
3
3
6
8
9
15
17
19
16
20
22
23
19
14
6
6
6
11
18
25
17
15
20
12
12
12
16
22
14
13
15
9
1
-4
-8
-7
1
6
11
19
16
8
6
7
5
3
2
-3
-7
-9
-14
-16
-17
-21
-24
-25
-24
-27
-25
-16
-15
-12
-4
-5
-14
-15
-8
-12
-13
-13
-10
-8
-6
0
0
1
-3
-10
-15
-18
-21
-25
-20
-15
-2
4
1
2
-2
-1
2
1
2
11
12
13
26
26
27
29
32
31
25
19
10
6
3
-4
-9
-11
-10
-15
-18
-23
-19
-24
-28
-30
-33
-27
-25
-19
-15
-11
-8
-6
4
0
11
12
4
8
8
6
2
1
-2
4
-3
-8
-3
-8
-5
-4
-8
-8
-11
-14
-11
-8
-5
-4
4
7
3
-3
-4
8
9
14
16
14
17
12
11
14
17
25
27
23
16
12
5
-1
-4
-8
-5
0
-6
-6
-5
-6
-3
0
6
6
10
12
13
21
26
32
39
44
44
43
39
27
18
16
10
0
-4
-9
-10
1
6
5
-1
-10
-16
-21
-20
-17
-16
-14
-15
-15
-11
-6
-10
-9
-7
-7
-12
-13
-13
-12
-7
-8
-7
-6
-4
2
4
3
1
0
-8
-7
-4
-7
-7
-8
-6
-9
-17
-20
-22
-15
-15
-12
-9
-14
-10
-10
-10
-8
-4
-9
-5
-2
-2
0
-1
3
6
12
12
6
0
1
6
12
9
13
16
17
8
-3
-1
-5
-2
2
0
3
7
9
11
8
7
4
3
-2
-10
-14
-15
-20
-19
-16
-19
-12
-5
-6
-6
-3
6
3
1
4
1
2
-4
-2
0
-3
-4
-10
-3
-2
-2
-6
-7
-9
-12
-14
-14
-7
-2
7
8
8
5
1
-3
-1
2
3
2
0
4
-1
4
8
-1
10
10
8
9
1
2
4
2
12
16
20
17
19
21
19
21
20
18
21
19
17
22
17
18
20
21
20
16
16
17
10
5
2
-1
2
2
7
13
16
16
10
2
-2
-4
-2
0
1
0
4
11
6
5
10
15
11
4
2
-3
1
-6
-13
-14
-25
-31
-28
-19
-12
-11
-14
-13
-13
-15
-16
-13
-15
-19
-29
-32
-31
-32
-29
-28
-20
-18
-21
-29
-28
-32
-39
-34
-28
-25
-25
-17
-10
-8
-3
0
1
0
0
-7
-12
-8
-10
-5
-7
-7
-6
-4
2
7
15
15
12
11
12
17
17
2
1
3
-4
-3
-3
0
7
6
4
3
-2
-4
1
5
14
21
24
28
20
14
8
9
14
13
14
13
12
10
13
14
11
4
2
-5
-8
-5
1
10
8
1
3
-3
4
12
20
33
33
29
23
13
12
10
8
11
13
19
18
21
25
22
20
19
24
22
21
18
19
20
19
13
12
7
7
11
12
9
1
-9
-20
-21
-24
-19
-14
-15
-14
-13
-18
-21
-22
-17
-26
-27
-21
-23
-15
-9
-2
-4
-4
-6
-8
-1
7
8
7
4
3
3
-3
-3
-1
-4
-6
-11
-13
-15
-22
-24
-25
-28
-24
-22
-19
-14
-12
-12
-10
-9
-12
-12
-12
-15
-17
-20
-20
-18
-15
-22
-30
-27
-30
-22
-18
-17
-15
-18
-20
-22
-20
-9
-2
-5
-12
-19
-19
-22
-17
-11
-1
2
0
-2
-6
-8
-14
-10
-9
-9
-4
1
8
12
15
17
21
26
29
32
35
34
35
31
24
22
22
28
30
37
46
52
59
59
55
58
54
46
45
45
44
46
44
40
35
26
16
13
8
8
11
10
11
4
3
2
2
5
-3
-6
-5
-10
-9
-12
-9
-4
-11
-12
-14
-19
-21
-25
-22
-22
-16
-17
-23
-20
-17
-17
-13
-12
-11
-7
-9
-10
-12
-15
-7
-7
-12
-14
-11
-9
-3
-7
-12
-15
-18
-27
-27
-24
-26
-28
-31
-22
-21
-16
-16
-20
-26
-25
-23
-23
-16
-13
-18
-18
-18
-20
-11
-12
-15
-13
-12
-9
-7
-1
4
6
9
8
11
9
7
10
9
13
15
14
15
7
3
8
6
4
9
10
14
9
6
12
8
9
3
9
9
-3
4
7
-1
-11
-15
-16
-11
-15
-19
-14
-14
-15
-11
2
10
15
16
13
11
9
9
14
16
21
24
25
25
22
19
14
11
7
9
14
20
16
17
11
10
9
11
12
12
13
10
17
13
15
16
10
12
14
14
12
8
10
7
1
1
-1
-2
2
0
2
3
5
-3
-10
-9
-18
-25
-25
-23
-22
-23
-22
-2
12
8
4
2
-6
-9
-11
-10
-3
-2
3
1
-3
1
-2
-7
-12
-6
-5
-12
-18
-23
-22
-23
-26
-24
-15
-12
-4
7
12
16
13
8
17
24
26
26
26
23
17
12
6
7
10
14
21
21
15
11
3
0
-3
-4
-9
-7
-4
-9
-14
-16
-16
-11
-4
-2
-4
-14
-22
-29
-36
-43
-46
-39
-40
-40
-37
-34
-38
-37
-33
-35
-30
-26
-23
-16
-14
-16
-15
-22
-27
-20
-17
-10
-2
2
5
5
2
2
3
8
17
24
27
30
35
33
32
26
20
14
8
11
8
6
10
13
14
16
23
23
21
22
30
30
26
21
23
29
29
30
33
28
23
22
17
21
12
-1
0
-1
5
6
3
7
7
6
7
12
10
15
20
26
14
9
9
3
11
2
11
7
8
4
1
4
-3
-7
-6
-9
-8
0
-1
6
4
0
-3
-5
-9
-13
0
4
7
11
9
16
4
-6
-1
-1
9
-3
-12
-12
-15
-15
-15
-14
-21
-26
-21
-27
-27
-29
-33
-32
-34
-33
-38
-29
-22
-22
-17
-23
-19
-16
-14
-10
-5
-4
-3
-1
-6
-7
-7
-12
-12
-19
-19
-16
-17
-17
-20
-18
-23
-21
-15
-11
-6
-1
-5
-7
-4
-8
-14
-15
-12
-12
-14
-7
-6
-7
-6
-10
-9
-6
-8
-7
-8
-6
-3
0
3
3
9
11
12
15
25
32
34
40
39
39
34
32
37
34
29
32
40
44
46
39
35
35
25
17
20
21
19
17
15
12
14
12
6
15
17
16
17
16
11
7
5
5
6
5
6
7
4
-3
-3
1
5
5
8
3
1
-4
-8
-9
-10
0
4
7
2
-4
-6
-11
-10
-8
0
1
0
3
7
9
10
12
10
10
5
-2
-8
-13
-10
-16
-22
-20
-20
-25
-25
-22
-20
-23
-18
-20
-25
-26
-28
-30
-24
-17
-17
-19
-19
-26
-28
-23
-20
-15
-12
-10
-11
-12
-8
-10
-14
-8
-2
4
3
0
-2
-3
-5
-9
-7
-8
-3
-5
-13
-17
-19
-20
-15
-10
-13
-14
-20
-20
-13
-12
-8
-4
5
4
6
6
9
5
-2
-4
-6
-8
-7
-7
-4
4
3
2
4
6
4
8
17
17
15
24
21
26
24
16
9
11
12
14
22
15
14
15
21
22
25
31
33
31
21
22
24
24
26
32
39
32
15
8
-3
-9
-6
-3
-2
6
10
10
10
9
14
10
10
10
10
9
11
17
11
18
21
22
25
24
19
13
4
4
-5
-6
1
4
4
-7
-5
-9
-10
-15
-23
-24
-27
-21
-23
-21
-20
-22
-18
-19
-12
-10
-13
-18
-13
-13
-8
-8
-20
-23
-3
15
16
12
-2
-4
-5
-8
-6
-11
-10
-18
-20
-13
-12
-12
-17
-16
-20
-26
-34
-42
-43
-36
-26
-12
-10
-14
-12
-7
-3
-7
-19
-29
-19
-8
-12
-9
-8
-6
2
1
-5
-4
1
2
-4
-8
-11
-11
-1
8
5
3
4
6
7
13
11
9
13
16
17
13
4
5
8
9
13
12
7
-4
-12
-17
-21
-24
-17
-9
0
9
13
13
20
26
23
30
27
23
23
23
27
30
27
18
15
17
14
8
11
14
17
20
20
17
9
14
22
28
29
28
32
32
31
24
19
13
5
2
-1
-7
-4
-7
-6
-7
-2
-1
-8
-4
-4
7
7
2
1
-3
-4
-3
-4
-5
-5
-7
-5
2
6
7
1
1
0
-3
-8
-4
-3
-4
-4
-10
-12
-20
-15
-17
-14
-13
-8
-4
-10
-9
-15
-12
-9
-7
-9
-6
-4
-5
-5
-2
-2
-3
-5
-8
-9
-14
-14
-11
-14
-18
-22
-22
-22
-24
-29
-36
-32
-30
-34
-30
-26
-21
-21
-27
-27
-29
-28
-25
-22
-22
-22
-20
-24
-23
-24
-18
-16
-14
-8
-13
-6
4
7
12
3
6
6
5
15
20
23
18
19
20
18
22
28
30
37
39
35
24
16
15
16
29
30
31
33
33
38
28
19
17
19
14
12
16
16
17
22
23
31
33
29
27
28
32
31
34
30
26
21
11
6
9
2
3
1
3
-3
-8
-9
-15
-12
-16
-10
-10
-10
-9
-10
-18
-14
-17
-23
-15
-18
-19
-12
-6
-5
-13
-4
-3
-11
-12
-22
-14
-12
-14
-5
-5
-8
-7
-10
-8
-10
-14
-14
-19
-11
-11
-8
-1
-8
1
1
-3
6
-1
-3
-2
-11
-12
-6
0
-2
6
14
-3
15
8
3
16
4
12
10
5
9
1
0
-11
-10
-12
-29
-7
-26
-19
-3
-15
4
-13
-16
-12
-28
-16
-19
-8
-8
-4
14
-10
-2
-3
-5
-5
-24
-18
-23
-20
-30
-33
-24
-21
-25
-22
-29
-11
-20
-6
8
9
17
3
4
2
-2
-6
-12
-1
2
9
12
14
28
14
27
18
23
22
21
32
20
29
18
19
17
26
22
23
15
21
23
18
29
29
31
30
34
28
26
23
24
30
32
28
36
36
25
23
11
-2
5
-4
15
0
15
8
22
14
5
7
-6
-4
-23
-14
-26
-18
-35
-33
-30
-29
-24
-21
-26
-17
-17
-18
-7
-14
-5
-9
-7
-12
-10
-6
-13
-17
-13
-23
-17
-17
-20
-16
-18
-14
-12
-9
-5
-2
1
-6
-7
0
-14
-2
-12
2
5
17
17
11
9
9
11
0
-2
-10
4
-6
-3
-18
-16
-18
-28
-9
-24
-2
-8
-8
1
-8
5
-6
-7
1
-3
5
-7
-16
-16
-27
-19
-23
-23
-24
-22
-18
-12
3
2
4
-9
-15
-10
-18
-2
-14
-11
-5
9
21
20
24
16
16
9
16
7
10
12
2
10
-2
11
12
12
23
25
18
28
17
35
25
30
25
27
28
24
44
36
28
29
35
12
27
4
17
11
9
7
12
20
4
11
1
0
2
-14
-4
-3
-12
3
-17
8
-6
-8
-11
-15
-3
-10
-22
-5
-13
5
-1
-14
-10
-36
-13
-20
-21
-16
-28
-22
-10
-12
-2
-15
-1
-20
2
2
4
10
-8
-2
-9
2
4
10
9
13
13
13
-3
14
-4
4
-3
-10
-6
1
-3
-8
-4
-7
-5
-5
-1
-18
-13
-11
-17
-21
-10
-24
-3
-7
-12
1
-5
1
17
8
0
-6
-1
4
-1
12
-3
16
0
-16
-14
-20
-20
-6
-20
-24
-23
-17
-21
-10
5
-7
17
-5
-17
-8
-1
-3
5
9
14
10
3
-1
2
-2
5
20
-3
-2
6
0
4
1
9
23
6
22
-5
10
24
14
28
16
17
21
22
33
25
14
25
16
25
2
17
17
17
28
10
22
15
2
21
-2
16
-2
0
15
-4
-3
0
-11
-17
-22
-24
-25
-8
-14
-12
-6
-30
-4
-19
-24
-16
-22
-4
-7
-14
1
-11
2
-5
-6
-13
-22
-15
-25
-16
-10
-18
1
-20
-6
-4
-1
4
8
9
9
2
5
16
-1
25
17
18
23
-1
16
16
12
14
9
24
18
18
21
-1
27
6
1
16
-11
16
-1
-7
8
-16
9
-8
-10
-8
-33
-19
-29
-27
-23
-30
-31
-32
-28
-9
-20
13
0
1
-8
-21
17
-7
3
2
-9
19
0
9
11
-8
14
-21
1
2
-11
-16
-26
-10
-30
-19
-17
-31
-26
-18
-9
-7
-2
-5
-11
-3
-10
-2
-3
6
-1
11
19
27
32
37
44
31
45
28
33
21
22
7
14
20
9
11
7
7
14
18
7
9
8
-2
9
-10
8
-5
10
5
8
20
-10
14
8
1
-5
0
-14
5
-2
1
7
12
-19
7
-10
-19
-4
-19
4
13
6
21
3
16
18
12
30
25
28
8
23
4
3
5
-9
-2
-16
-29
-31
-32
-38
-23
-29
-27
-41
-27
-55
-48
-44
-47
-34
-37
-33
-13
-16
-16
-23
-7
1
-3
5
-6
2
7
-7
8
8
6
22
3
13
18
5
19
18
5
16
-8
-8
4
-7
-2
0
-10
11
9
16
12
26
18
16
22
-7
11
-9
4
11
-3
5
13
5
15
25
21
15
27
3
4
8
-6
23
16
9
23
-2
26
0
15
18
19
31
18
23
11
2
11
-12
7
-17
-20
-1
-27
-11
-11
-25
-9
-29
-16
-26
-27
-19
-35
-12
-33
-2
4
-18
-1
-11
-14
3
-6
13
25
-8
8
-10
-4
-3
-14
1
-11
14
15
8
27
-9
1
-6
-13
16
-2
21
-1
11
0
13
0
-7
-9
-26
-26
-20
-17
-17
-7
-25
4
-9
1
2
-20
10
-30
16
-7
12
21
7
34
12
17
35
21
14
24
-21
1
-3
-8
19
-13
26
1
27
-3
4
13
-4
10
8
5
10
17
-1
34
-16
1
-10
-21
-16
-30
-19
-28
-23
-17
-27
-21
-19
-19
-1
-9
7
6
0
21
-9
2
2
-3
24
-16
23
-22
-7
-11
-17
5
-26
6
-17
-7
2
-7
0
18
-16
20
-10
17
16
-7
42
-5
39
-7
19
19
8
21
16
9
16
-5
7
-9
0
6
-14
17
-7
19
-8
4
-7
6
-16
14
11
6
8
12
-3
30
6
29
30
19
26
7
8
-3
6
-2
-6
1
2
-3
9
-12
7
-12
-18
-4
-22
-18
-35
-14
-34
-13
-15
-31
-19
-30
-13
-16
-23
-33
-26
-18
-34
-9
-22
-3
4
0
1
9
12
11
12
3
27
14
12
19
11
22
13
16
7
6
15
-9
-1
5
-31
13
-20
9
4
-3
9
-8
11
-18
-2
-12
-11
-6
-6
0
-10
-3
-12
11
-12
5
-10
4
-19
-7
-9
-1
-7
-4
4
11
9
-4
17
6
-2
25
-13
10
9
-1
9
3
16
-3
1
-19
1
-13
-4
-5
7
0
8
9
2
30
2
1
3
-5
12
3
5
-2
-13
-1
6
0
-2
17
-11
20
-19
9
-14
14
29
13
33
6
9
7
10
6
26
7
39
7
20
21
11
28
11
25
15
-1
25
29
28
39
5
20
6
12
-3
-12
-8
-7
-4
-30
-19
-42
-36
-36
-46
-41
-41
-37
-25
-29
-23
-42
-8
-21
-5
-20
-20
-17
-13
-4
-12
12
-23
7
-18
-6
-16
13
-19
21
-7
20
-1
2
-4
-5
-4
-12
-17
3
-26
-8
-11
-4
-12
-15
-19
-35
-15
-42
-9
-21
-3
-32
-13
-30
-8
-17
-1
-13
21
17
27
35
25
41
41
34
60
26
35
28
17
20
9
16
0
23
7
30
-5
35
13
29
13
20
4
24
7
34
-13
13
5
17
-1
8
8
16
8
18
12
11
18
1
5
15
-4
16
-7
13
-8
1
15
-7
11
-8
-1
-17
-1
-9
-3
3
-16
9
-12
-9
2
-19
5
-22
7
-17
-14
-18
-23
4
-17
-6
-16
-4
-12
-2
-26
-4
-27
-20
-17
-30
-6
-15
-9
-24
-6
-27
-10
-16
-14
0
-27
7
1
15
-2
6
-8
-14
4
-18
14
-2
-4
3
-23
-22
-17
-3
-12
-9
-11
-26
-7
-28
-17
-18
-16
-4
-15
-19
1
-14
8
13
13
17
8
22
5
23
23
15
67
19
63
38
55
32
45
22
28
40
17
22
21
12
14
15
0
-4
4
-21
4
-44
5
-31
4
-25
8
4
-9
25
-19
2
-14
-5
-9
-1
-15
1
-15
-8
-3
-5
2
-15
21
-18
1
3
12
-5
-6
-9
-21
-2
-24
-8
-17
-8
18
9
26
-2
15
-13
1
4
-3
-4
11
-12
-5
-8
-25
-2
-8
19
-24
6
-32
1
-7
-12
6
-12
0
9
14
13
9
8
-27
-12
-16
-22
-10
2
-14
11
1
-2
12
-5
22
-2
-1
-14
11
-12
-11
9
-26
-4
3
13
-9
25
-26
29
-10
25
13
14
12
34
6
13
16
20
-2
0
-1
-11
4
19
2
17
6
23
5
23
1
-21
-14
-16
9
-11
3
-2
29
-2
8
-3
-25
-5
-34
-6
-24
-2
-4
21
30
9
36
10
27
-18
-4
-31
20
-7
22
17
24
11
22
-16
-6
-33
-26
-39
-12
-48
-31
-33
-20
-5
25
9
10
-26
19
-14
6
-22
2
-7
-9
-20
-8
0
-4
4
-10
-5
-22
-18
-24
-17
-43
2
-4
-2
13
-6
19
-42
1
-20
-5
-4
-17
8
5
31
30
18
7
12
5
-8
0
-8
6
8
41
20
36
-4
-1
8
10
31
-1
7
8
6
-1
12
14
-6
-16
11
-17
-9
-2
4
-3
3
6
-9
6
27
23
27
34
25
47
29
49
28
14
39
32
20
23
33
17
-4
39
-4
1
-23
-14
-24
-9
-25
-16
-59
-39
-38
-28
-23
-51
-26
-40
-28
11
3
39
1
10
-6
-18
4
2
24
4
13
17
10
-5
18
-30
-13
-54
-41
-29
-65
-47
-41
-30
-8
-10
19
-43
-10
-43
-26
-23
6
-2
-7
-25
-19
-25
-27
9
11
8
15
11
4
-3
38
16
12
32
18
32
27
32
50
25
31
40
8
28
-6
14
10
16
-9
-5
28
10
33
9
-17
-32
11
-1
7
-6
-13
1
-26
-19
-22
-32
-42
-1
13
40
14
40
56
33
35
-2
32
-4
19
6
12
-3
9
26
26
-2
-7
-21
-1
-16
-20
-36
-60
-41
8
-25
33
-8
-14
17
21
-1
-33
-27
-24
-44
-23
-48
-59
-12
-21
7
-13
26
16
-7
-19
-6
-21
-12
60
57
18
55
52
73
35
75
40
1
6
5
-8
-45
-37
-22
-29
-18
-14
-10
13
3
35
37
19
22
39
11
-18
-29
-52
-64
-21
-70
-58
-75
-68
-69
-39
-7
-11
-17
4
26
14
1
5
10
14
42
88
107
109
109
79
56
18
-8
-20
-35
-39
-45
-46
-37
-20
23
30
-9
-53
-64
-88
-84
-88
-65
-49
5
63
53
76
45
45
23
55
32
28
28
4
18
-10
-32
5
35
46
16
56
1
-25
6
4
15
-11
-44
-23
-6
17
38
21
-24
-24
2
-33
-62
-74
-48
-30
-54
-61
-17
8
19
30
-5
-31
-6
-8
7
-37
-77
-27
29
37
51
32
-6
51
80
30
26
-7
-39
-28
-43
-19
-15
21
47
15
3
-26
10
-1
4
23
5
19
61
20
15
-1
7
43
6
10
-9
-40
-20
-40
-51
-37
-9
8
14
7
-1
28
33
54
54
22
-1
12
-23
-46
-39
-13
4
-15
11
-7
24
16
-4
5
-18
-43
-52
-36
-50
-47
-13
32
61
56
46
34
21
21
40
60
38
14
21
12
28
34
27
30
15
34
38
15
29
1
-38
-48
-80
-97
-49
-9
-5
10
13
0
-28
-57
-79
-77
-64
-33
-13
-1
47
65
68
74
87
55
3
-18
-64
-98
-116
-118
-97
-64
-43
0
28
13
21
12
8
-9
-44
-49
-26
-14
-18
29
63
61
58
30
-16
-57
-42
-51
-47
-46
-1
51
77
108
125
145
110
72
38
-3
-50
-77
-62
-72
-79
-51
-42
-52
-25
-5
-23
-15
1
-31
-36
-7
1
-2
28
42
22
38
60
56
40
27
23
14
16
3
12
26
20
3
-5
30
39
51
55
53
6
-30
23
50
-4
-39
-21
-49
-100
-77
-41
-50
-14
27
25
13
15
31
48
46
8
-27
-24
8
16
17
40
88
112
108
107
72
10
-44
-55
-71
-75
-29
12
24
21
27
31
28
29
-12
-64
-98
-122
-93
-63
-22
11
17
24
25
6
-42
-42
-56
-98
-103
-62
-11
10
27
58
75
71
49
17
-41
-114
-172
-209
-204
-152
-109
-73
-10
35
22
33
90
80
63
99
101
50
38
93
84
43
69
101
60
34
64
56
23
21
-16
-111
-144
-116
-123
-113
-79
-62
-22
31
78
96
128
140
116
72
32
0
-16
-33
-106
-117
-59
-25
-2
66
84
34
38
60
-4
-56
-58
-68
-104
-105
-37
28
49
83
121
110
99
112
124
71
0
-27
-22
-57
-98
-101
-102
-96
-67
-24
-19
20
93
97
43
50
84
48
24
72
80
8
22
117
93
30
74
84
-19
-84
-67
-138
-225
-190
-137
-145
-125
-2
65
70
110
139
93
40
19
-42
-92
-74
-46
-13
38
81
121
152
133
78
17
-65
-133
-155
-183
-194
-142
-95
-71
-25
37
75
81
65
31
-38
-105
-140
-158
-194
-183
-119
-87
-35
22
54
64
76
63
13
-28
-52
-50
-47
-49
-26
12
43
75
97
107
90
85
115
126
116
115
144
179
184
176
146
91
35
-24
-93
-159
-183
-164
-94
1
61
117
208
276
306
290
232
162
85
7
-62
-82
-81
-34
39
68
81
143
199
168
53
-104
-271
-377
-387
-309
-100
187
395
579
947
1414
1633
1471
1086
637
191
-261
-906
-1751
-2413
-2569
-2458
-2436
-2308
-1759
-993
-445
-222
-103
77
320
530
490
301
286
590
988
1154
1079
958
816
522
92
-418
-926
-1238
-1288
-1173
-978
-645
-139
422
831
970
874
693
495
233
-97
-376
-392
-132
275
707
1147
1513
1682
1597
1341
1008
602
135
-285
-521
-530
-375
-152
84
310
483
509
377
180
4
-115
-191
-235
-131
136
411
616
761
803
689
460
145
-190
-471
-661
-764
-765
-634
-438
-271
-153
-70
-43
-45
-121
-252
-255
-14
352
655
928
1196
1427
1551
1428
908
54
-821
-1584
-2359
-3179
-3751
-3799
-3420
-2872
-2317
-1702
-923
-127
336
378
282
328
525
680
644
606
788
1162
1394
1255
837
347
-115
-664
-1273
-1731
-1854
-1617
-1151
-600
-19
553
1064
1389
1366
956
420
24
-241
-460
-533
-281
248
910
1523
1947
2144
2136
1908
1447
894
392
20
-218
-297
-173
106
428
674
822
829
721
526
257
56
7
80
163
309
542
775
871
769
574
351
51
-284
-521
-656
-738
-707
-488
-253
-145
-49
50
-36
-229
-268
-282
-406
-403
-133
227
657
1126
1364
1375
1399
1385
1085
426
-423
-1285
-2004
-2568
-3102
-3534
-3564
-3115
-2580
-2279
-1988
-1402
-677
-175
1
26
189
601
1023
1199
1223
1334
1497
1413
927
221
-435
-948
-1386
-1784
-2038
-1978
-1547
-917
-354
98
552
904
969
732
317
-114
-394
-453
-405
-257
117
725
1339
1745
1967
2072
1990
1648
1145
636
239
6
-74
-47
74
291
517
629
601
525
460
347
225
210
274
377
560
801
960
968
933
805
541
250
-19
-294
-467
-448
-383
-361
-271
-81
-20
-114
-255
-405
-564
-653
-675
-647
-315
382
1113
1558
1812
2003
2123
2082
1678
791
-346
-1329
-2104
-2899
-3685
-4100
-3981
-3518
-3030
-2594
-2055
-1344
-674
-321
-234
-28
482
981
1171
1259
1565
1999
2200
1961
1299
415
-446
-1213
-1958
-2565
-2654
-2237
-1710
-1157
-379
522
1174
1392
1233
792
234
-247
-627
-969
-1064
-628
235
1080
1664
2082
2425
2552
2295
1676
942
369
15
-229
-388
-309
64
535
763
660
524
486
349
60
-188
-184
67
408
698
907
1128
1249
1142
815
447
98
-283
-611
-768
-731
-539
-298
-183
-136
-75
-129
-371
-566
-596
-608
-582
-309
279
968
1615
2136
2385
2345
2125
1664
760
-468
-1685
-2735
-3663
-4421
-4714
-4407
-3754
-3052
-2345
-1578
-828
-255
13
56
103
322
652
984
1312
1695
2072
2202
2003
1568
906
-33
-1100
-1981
-2514
-2653
-2374
-1775
-1106
-457
281
928
1187
1136
957
529
-93
-504
-606
-628
-458
141
929
1534
1945
2254
2326
2073
1622
1116
617
193
-91
-239
-262
-92
236
501
567
516
433
306
111
-31
26
239
458
660
886
1123
1196
971
589
285
25
-306
-630
-820
-819
-664
-462
-312
-236
-191
-145
-193
-404
-548
-443
-205
81
568
1255
1879
2340
2661
2722
2332
1632
746
-387
-1686
-2922
-3970
-4676
-4730
-4207
-3485
-2738
-1852
-923
-275
-19
60
112
115
190
434
833
1344
1909
2304
2350
2041
1395
445
-703
-1745
-2484
-2866
-2843
-2341
-1501
-571
335
965
1091
893
638
147
-590
-1093
-1126
-960
-660
69
1012
1650
1999
2266
2218
1699
1034
513
49
-365
-520
-381
-129
135
401
573
555
444
313
102
-163
-281
-131
126
370
720
1150
1398
1323
1065
765
388
-75
-517
-760
-752
-548
-259
-14
170
335
389
184
-182
-509
-739
-893
-841
-472
67
629
1250
1893
2386
2669
2699
2318
1588
825
124
-724
-1736
-2641
-3307
-3714
-3732
-3359
-2900
-2495
-1976
-1333
-823
-484
-131
240
571
906
1304
1747
2138
2339
2241
1807
1182
497
-286
-1201
-2063
-2562
-2544
-2137
-1562
-891
-181
356
577
577
479
207
-230
-612
-772
-734
-457
121
737
1143
1473
1795
1861
1519
962
461
58
-163
-208
-183
-107
87
316
389
340
270
172
-23
-266
-380
-218
110
424
698
967
1208
1281
1088
718
358
39
-271
-476
-516
-429
-300
-185
-104
-50
4
-85
-365
-655
-803
-857
-833
-619
-184
381
884
1282
1707
2213
2606
2703
2476
1907
1169
540
-71
-996
-2145
-3030
-3545
-3876
-3917
-3587
-3120
-2588
-1854
-1103
-558
-80
433
788
951
1191
1627
2037
2166
2026
1691
1189
561
-169
-1028
-1873
-2468
-2698
-2468
-1749
-860
-163
410
904
1067
937
759
301
-607
-1270
-1189
-873
-618
74
1075
1613
1850
2291
2364
1559
644
178
-261
-724
-765
-480
-245
10
350
553
526
393
195
-111
-373
-298
177
687
967
1212
1513
1549
1184
721
299
-197
-642
-805
-703
-497
-235
31
208
345
463
374
50
-243
-460
-682
-746
-534
-220
169
714
1233
1528
1775
2092
2234
2104
1786
1275
622
114
-289
-977
-1949
-2768
-3254
-3535
-3597
-3465
-3187
-2673
-1926
-1212
-608
25
626
1021
1225
1427
1660
1857
1869
1585
1091
569
108
-415
-1051
-1643
-1983
-2051
-1891
-1510
-1024
-599
-307
-123
-42
-21
-42
-106
-191
-195
-12
328
727
1058
1239
1241
1146
1007
765
361
-8
-118
-58
4
68
229
394
395
235
77
38
45
7
-13
140
492
844
1032
1072
1028
922
709
359
18
-143
-207
-308
-306
-57
225
332
398
465
365
130
-32
-217
-488
-631
-599
-543
-431
-142
200
452
672
971
1299
1580
1861
2183
2340
2026
1401
882
434
-369
-1511
-2579
-3457
-4068
-4175
-3857
-3468
-2876
-1897
-956
-425
-37
488
892
1011
1051
1232
1535
1809
1877
1597
1065
461
-206
-998
-1773
-2298
-2525
-2421
-1896
-1114
-394
188
594
672
518
303
11
-277
-292
-84
100
371
933
1404
1332
1006
784
522
118
-205
-302
-196
127
496
720
911
1103
1018
644
301
96
-75
-150
-21
262
581
832
968
1007
923
661
290
5
-67
-36
-41
-16
185
396
366
184
60
-21
-234
-527
-677
-652
-594
-562
-518
-442
-234
130
511
865
1300
1744
2046
2267
2451
2309
1648
868
230
-550
-1635
-2789
-3722
-4302
-4408
-4152
-3751
-3174
-2282
-1316
-769
-551
-201
346
774
965
1124
1465
1939
2199
2029
1493
737
-131
-1025
-1824
-2374
-2564
-2388
-1854
-1053
-243
262
469
538
507
309
37
-35
212
585
791
873
1006
1177
1115
783
388
35
-247
-340
-148
189
528
812
1065
1210
1221
1079
787
514
407
389
342
389
552
701
701
585
489
495
511
419
365
460
595
624
584
494
354
183
-52
-324
-484
-502
-505
-481
-390
-305
-338
-371
-290
-224
-177
89
549
926
1278
1686
1979
2274
2589
2325
1306
296
-253
-871
-1955
-3144
-3985
-4388
-4354
-4061
-3837
-3490
-2574
-1522
-1114
-1097
-787
-132
502
929
1193
1450
1804
2088
2052
1609
835
-102
-920
-1430
-1743
-2014
-2021
-1633
-1088
-652
-407
-237
19
305
360
295
515
994
1275
1253
1219
1170
809
243
-119
-220
-230
-227
-144
172
693
1093
1174
1117
1123
1166
1096
971
936
995
947
701
424
217
31
-174
-279
-175
79
354
664
989
1242
1340
1211
857
465
217
-9
-248
-393
-415
-443
-520
-558
-566
-644
-707
-603
-516
-429
-172
244
683
1137
1537
1766
2122
2678
3001
2523
1510
637
-13
-871
-2072
-3316
-4293
-4652
-4450
-4122
-3972
-3692
-2937
-2012
-1493
-1416
-1281
-844
-115
684
1377
1929
2333
2492
2366
2032
1429
545
-382
-1036
-1409
-1709
-1855
-1610
-1200
-1001
-929
-728
-501
-387
-241
115
699
1305
1548
1373
1277
1433
1330
746
301
273
253
82
18
176
406
647
858
1004
1144
1251
1199
1077
1121
1154
893
507
236
-18
-310
-490
-478
-293
-5
277
553
913
1233
1319
1206
1065
893
545
100
-271
-505
-678
-820
-927
-980
-964
-941
-879
-742
-539
-286
15
387
844
1232
1427
1588
2051
2718
2891
2197
1223
688
287
-528
-1719
-2972
-4006
-4468
-4293
-4009
-3939
-3851
-3277
-2495
-2069
-1981
-1819
-1282
-496
369
1245
2054
2449
2365
2224
2217
1954
1249
600
251
-135
-753
-1155
-1125
-1089
-1354
-1569
-1393
-1105
-1069
-1155
-847
-77
619
784
740
1047
1516
1601
1437
1529
1703
1519
1114
905
884
827
726
714
881
1118
1157
917
703
639
490
144
-126
-225
-340
-472
-469
-320
-135
74
322
601
938
1204
1240
1110
1019
984
804
482
178
-70
-379
-705
-948
-1103
-1249
-1396
-1395
-1210
-939
-742
-517
-100
451
960
1377
1722
2035
2553
3019
2804
1875
1097
799
321
-618
-1690
-2714
-3731
-4209
-4032
-3899
-4128
-4153
-3605
-2988
-2633
-2469
-2103
-1394
-562
254
1075
1864
2203
2163
2314
2648
2530
1964
1600
1389
811
40
-272
-301
-667
-1248
-1419
-1255
-1267
-1545
-1757
-1596
-1130
-767
-716
-518
32
497
626
918
1563
1949
1909
1920
2214
2388
2358
2257
2138
2056
1887
1481
880
429
26
-538
-1036
-1213
-1246
-1395
-1417
-1171
-834
-541
-235
112
512
962
1263
1349
1395
1515
1498
1216
825
510
234
-159
-572
-864
-1021
-1169
-1318
-1365
-1280
-1122
-1034
-794
-260
343
718
959
1386
1859
2351
2846
2912
2168
1199
842
742
230
-724
-1727
-2660
-3194
-3110
-3053
-3451
-3846
-3629
-3226
-3109
-3159
-3102
-2734
-2124
-1276
-267
736
1273
1358
1659
2378
2840
2753
2786
2993
2683
1938
1621
1604
1090
140
-551
-901
-1346
-1971
-2602
-2851
-2666
-2487
-2500
-2234
-1548
-1133
-964
-320
780
1551
1933
2465
3077
3438
3575
3601
3468
3216
2854
2287
1597
956
309
-405
-1017
-1427
-1720
-1891
-1870
-1769
-1631
-1388
-1056
-713
-328
107
469
718
955
1232
1372
1299
1130
962
841
753
621
380
136
-106
-388
-604
-672
-662
-680
-615
-400
-142
35
222
489
946
1540
1800
1382
755
621
748
640
242
-339
-1066
-1600
-1498
-1326
-1781
-2531
-2771
-2707
-2979
-3413
-3602
-3501
-3310
-2824
-1907
-1011
-705
-765
-323
694
1464
1786
2347
3079
3122
2692
2753
3157
2911
2040
1402
1127
548
-437
-1188
-1480
-1765
-2311
-2763
-2813
-2596
-2543
-2684
-2479
-1645
-650
-12
558
1387
2196
2690
3050
3457
3697
3612
3382
3218
3058
2636
1864
1058
480
3
-550
-977
-1141
-1264
-1501
-1653
-1555
-1345
-1183
-1071
-958
-779
-525
-253
-53
133
375
602
756
863
889
778
698
729
757
734
739
733
654
611
647
650
605
767
1180
1278
628
-288
-643
-434
-229
-355
-742
-1339
-1892
-1880
-1340
-1097
-1508
-1937
-1919
-1919
-2269
-2618
-2697
-2705
-2642
-2153
-1404
-1178
-1523
-1536
-804
-14
414
948
1712
2053
1828
1962
2730
3208
2842
2315
2165
1915
1173
334
-140
-415
-908
-1584
-2018
-2127
-2406
-2952
-3106
-2541
-1701
-1095
-713
-335
183
856
1549
2157
2659
3032
3202
3247
3293
3161
2733
2233
1867
1521
1068
530
-4
-394
-618
-733
-858
-979
-1106
-1264
-1408
-1405
-1282
-1180
-1026
-789
-595
-504
-374
-181
-12
233
525
726
854
953
975
1045
1332
1632
1683
1609
1650
1910
2231
2106
1222
201
-55
222
198
-331
-1133
-2118
-2687
-2238
-1494
-1506
-2081
-2391
-2431
-2618
-2841
-2841
-2745
-2730
-2489
-1847
-1348
-1537
-1955
-1646
-719
-171
-34
476
1139
1147
978
1773
3023
3395
2903
2664
2784
2529
1816
1263
1061
813
265
-498
-1228
-1871
-2394
-2692
-2562
-2179
-2108
-2396
-2455
-2007
-1346
-609
233
974
1410
1656
1983
2443
2925
3250
3369
3381
3269
2863
2217
1747
1588
1459
1190
867
372
-323
-936
-1238
-1318
-1380
-1513
-1767
-2037
-2074
-1863
-1686
-1565
-1245
-846
-596
-397
-139
47
270
741
1256
1582
1838
2022
2085
2151
2481
3002
3115
2399
1306
899
1126
1076
377
-481
-1360
-2218
-2387
-1779
-1569
-2395
-3181
-3146
-3137
-3536
-3696
-3244
-2959
-2999
-2636
-1895
-1800
-2427
-2324
-1109
-174
-265
-294
403
883
696
1050
2405
3372
3026
2496
2680
2923
2602
2216
2256
2209
1587
668
35
-298
-724
-1250
-1536
-1567
-1747
-2167
-2459
-2453
-2247
-1896
-1367
-767
-320
-112
62
505
1279
2040
2489
2639
2689
2697
2672
2673
2736
2801
2721
2447
2009
1556
1164
786
347
-42
-329
-664
-1129
-1600
-1919
-2090
-2213
-2300
-2307
-2241
-2140
-2029
-1829
-1470
-1024
-647
-348
114
764
1394
1750
1992
2168
2407
2914
3260
2841
1864
1542
1901
1984
1418
635
-224
-1131
-1329
-882
-930
-1990
-3041
-3160
-3048
-3286
-3603
-3488
-3416
-3631
-3520
-2940
-2723
-3172
-3143
-2035
-1040
-1036
-1061
-287
479
617
1127
2324
3097
2780
2427
2824
3276
3197
2937
2972
2911
2365
1655
1257
1131
814
280
-183
-480
-838
-1311
-1613
-1689
-1724
-1800
-1789
-1677
-1597
-1521
-1256
-768
-221
214
500
689
849
1154
1629
2093
2366
2475
2588
2634
2504
2281
2157
2051
1814
1468
1114
702
135
-454
-905
-1180
-1453
-1784
-2098
-2323
-2477
-2552
-2484
-2208
-1872
-1627
-1429
-1118
-637
-192
165
443
821
1100
1429
2040
2596
2444
1852
1984
2621
2751
2197
1587
1007
295
69
386
280
-675
-1638
-1854
-2057
-2523
-2954
-3024
-3271
-3785
-3909
-3596
-3614
-3985
-3686
-2604
-2008
-2235
-2077
-1159
-498
-473
150
1435
2130
1732
1533
2238
2910
2931
2873
3270
3504
3105
2575
2478
2526
2316
1939
1589
1133
562
98
-146
-286
-648
-1253
-1750
-1881
-1885
-1974
-1951
-1763
-1576
-1480
-1321
-999
-619
-220
261
774
1115
1284
1474
1794
2111
2376
2497
2426
2223
2049
1925
1686
1291
832
454
94
-306
-739
-1073
-1323
-1564
-1681
-1634
-1629
-1817
-1931
-1818
-1617
-1471
-1387
-1286
-1028
-691
-345
13
351
852
1409
1611
1279
1261
1883
2314
2174
1820
1486
932
631
1066
1364
692
-384
-750
-865
-1420
-1999
-2088
-2174
-2791
-3251
-3070
-2950
-3471
-3640
-2736
-1971
-2413
-2927
-2302
-1297
-1168
-1162
-257
689
542
106
763
1862
2259
2180
2523
3048
3025
2657
2649
3015
3112
2870
2673
2446
1954
1413
1113
919
597
107
-508
-1020
-1184
-1182
-1431
-1778
-1797
-1571
-1493
-1566
-1450
-1141
-816
-571
-251
173
497
641
761
1040
1310
1318
1200
1274
1432
1342
1049
905
875
732
506
416
321
65
-202
-319
-427
-630
-831
-934
-1045
-1208
-1334
-1340
-1240
-1166
-1028
-861
-637
-498
-378
-219
180
861
1274
1034
667
1036
1684
1733
1427
1261
997
520
546
975
788
-47
-570
-419
-546
-1054
-1416
-1387
-1544
-1889
-1943
-1899
-2338
-2901
-2621
-1820
-1809
-2551
-2639
-1937
-1578
-1776
-1343
-398
-66
-383
-162
728
1217
1214
1532
2313
2716
2438
2153
2328
2677
2764
2567
2278
1963
1637
1391
1272
1097
716
220
-138
-318
-445
-647
-898
-1013
-972
-964
-1061
-1055
-873
-724
-705
-663
-548
-454
-420
-334
-150
-10
83
165
268
367
488
643
798
862
836
791
750
714
631
487
280
132
122
159
111
-28
-200
-315
-371
-358
-364
-415
-437
-388
-350
-305
-259
-188
-134
-59
196
473
422
-33
-111
567
1161
955
509
366
259
178
608
1172
913
38
-289
-45
-121
-612
-912
-982
-1328
-1640
-1657
-1778
-2315
-2641
-2226
-1777
-2087
-2599
-2462
-1875
-1641
-1587
-1101
-472
-300
-372
41
724
1051
1055
1312
1753
1945
1874
1839
1979
2141
2187
2059
1844
1715
1653
1524
1329
1109
853
494
226
208
272
109
-218
-412
-454
-560
-747
-818
-809
-873
-1005
-1056
-980
-874
-777
-654
-487
-347
-316
-303
-166
56
207
262
323
478
687
854
944
968
963
925
890
880
852
785
677
565
428
269
203
164
-25
-336
-553
-650
-781
-842
-816
-785
-842
-848
-775
-549
-116
150
-20
-192
266
856
924
735
740
674
517
740
1258
1223
579
135
176
114
-250
-555
-733
-1119
-1577
-1674
-1682
-2055
-2482
-2280
-1804
-1964
-2523
-2451
-1881
-1625
-1758
-1470
-832
-565
-686
-496
128
586
717
942
1379
1554
1442
1435
1689
1962
2019
1958
1875
1758
1732
1857
1931
1714
1355
1097
852
620
564
512
280
11
-158
-358
-611
-785
-822
-874
-993
-1151
-1253
-1325
-1380
-1297
-1029
-753
-644
-618
-495
-226
59
307
526
764
950
1011
1014
1110
1252
1313
1268
1123
992
889
795
692
577
441
179
-106
-252
-268
-330
-498
-717
-840
-845
-861
-921
-896
-768
-629
-564
-320
60
184
3
80
757
1267
1088
657
591
627
705
968
1241
918
262
11
138
27
-316
-539
-751
-1242
-1677
-1700
-1782
-2174
-2382
-2026
-1821
-2224
-2607
-2333
-1829
-1649
-1622
-1324
-1035
-1023
-1033
-615
8
373
478
695
1090
1302
1315
1342
1581
1917
2145
2161
2043
1954
1996
2061
2001
1774
1461
1152
895
725
603
362
-23
-363
-577
-692
-747
-802
-935
-1130
-1171
-1077
-996
-962
-860
-706
-624
-557
-406
-195
1
114
207
351
574
799
929
977
993
1041
1095
1152
1152
1053
928
806
690
550
403
255
76
-116
-231
-276
-356
-578
-754
-794
-785
-869
-925
-853
-760
-737
-681
-487
-199
265
630
631
372
543
1142
1545
1541
1432
1179
870
886
1230
1233
727
287
171
-24
-483
-891
-1166
-1434
-1746
-1814
-1919
-2393
-2963
-2892
-2363
-2195
-2569
-2700
-2350
-2045
-2055
-1892
-1305
-821
-743
-631
-72
518
745
783
1053
1415
1594
1581
1613
1757
1914
1911
1701
1463
1424
1492
1416
1263
1162
955
567
366
483
521
259
2
-97
-172
-298
-385
-493
-600
-631
-597
-616
-679
-640
-533
-427
-323
-184
-111
-84
30
265
489
603
647
724
875
1002
1045
1081
1143
1117
942
762
700
646
508
274
42
-200
-391
-507
-527
-552
-631
-675
-702
-674
-584
-395
-206
-108
-24
132
298
428
547
919
1297
1244
856
870
1305
1469
1215
958
820
518
367
509
521
19
-535
-712
-753
-1057
-1427
-1775
-2183
-2535
-2396
-2156
-2478
-3027
-2911
-2272
-2095
-2411
-2474
-2027
-1646
-1540
-1339
-824
-512
-611
-647
-172
332
416
364
598
922
1019
1004
1018
1073
1174
1339
1408
1340
1274
1288
1251
1205
1235
1234
1030
841
882
944
815
646
578
469
272
191
246
199
37
17
106
107
31
73
245
401
474
462
357
261
337
504
539
390
238
161
123
90
113
167
172
80
15
45
104
109
79
75
149
200
92
-16
56
223
229
144
66
17
-37
15
97
126
116
105
186
301
340
297
495
753
694
279
210
474
560
313
78
-103
-364
-501
-335
-203
-541
-1056
-1326
-1371
-1488
-1558
-1619
-1880
-2230
-2138
-1955
-2244
-2668
-2416
-1892
-1904
-2252
-2181
-1781
-1625
-1673
-1430
-848
-552
-671
-706
-263
202
374
459
740
1013
1147
1209
1264
1336
1513
1724
1719
1571
1512
1557
1574
1613
1722
1777
1682
1556
1525
1596
1650
1599
1463
1269
1087
1029
991
798
504
273
89
-95
-202
-262
-371
-491
-557
-570
-511
-410
-386
-435
-412
-280
-92
63
129
141
218
288
281
291
369
368
257
180
242
322
284
162
115
147
128
92
61
87
27
-53
-109
-90
-113
-250
-318
-252
-88
-23
-81
-257
-135
215
264
-169
-293
160
436
176
-142
-215
-390
-545
-403
-153
-422
-1034
-1333
-1215
-1267
-1531
-1722
-1914
-2234
-2226
-1989
-2145
-2584
-2515
-1947
-1625
-1742
-1852
-1656
-1361
-1115
-920
-577
-295
-314
-471
-215
331
660
698
823
1059
1212
1306
1431
1573
1743
2041
2248
2155
1987
2037
2095
1996
1980
2104
2022
1690
1402
1337
1307
1261
1206
1061
796
575
487
442
401
408
335
96
-105
-106
-59
-195
-379
-433
-406
-435
-549
-658
-664
-560
-432
-392
-451
-466
-339
-178
-79
16
176
219
95
36
174
307
262
155
133
126
16
-86
-103
-92
-105
-120
-143
-244
-349
-274
-174
-175
-214
-178
-148
-166
-169
-135
79
284
148
-329
-493
-141
92
-94
-348
-475
-724
-915
-659
-244
-352
-901
-1224
-1181
-1170
-1248
-1297
-1430
-1689
-1695
-1489
-1604
-1953
-1858
-1340
-1137
-1388
-1482
-1178
-823
-670
-488
-71
250
125
-158
78
640
922
841
858
1058
1122
1059
1101
1311
1541
1670
1630
1552
1559
1672
1765
1856
2037
2168
2016
1674
1503
1567
1637
1552
1350
1052
699
456
460
523
386
132
-77
-244
-357
-375
-366
-454
-563
-588
-586
-644
-716
-682
-552
-501
-603
-671
-650
-629
-569
-397
-259
-270
-327
-335
-252
-74
133
193
110
76
129
179
212
295
349
245
40
-98
-75
-48
-68
-152
-225
-313
-361
-354
-362
-377
-371
-314
-390
-316
-133
-95
-490
-707
-322
83
-54
-412
-440
-458
-580
-491
-102
-18
-374
-673
-571
-434
-492
-606
-747
-949
-959
-761
-845
-1304
-1480
-1169
-935
-1140
-1344
-1223
-1078
-1117
-1091
-693
-280
-266
-489
-365
57
393
548
723
882
940
1002
1100
1207
1366
1619
1758
1685
1588
1739
1976
2062
2031
2055
2105
2037
1928
1849
1797
1758
1750
1623
1345
1051
856
661
411
215
52
-182
-557
-869
-989
-1022
-1142
-1284
-1322
-1290
-1343
-1405
-1321
-1126
-957
-887
-863
-818
-704
-539
-397
-255
-139
-45
1
9
89
215
313
280
229
199
206
147
78
26
-19
-64
-198
-306
-340
-341
-411
-508
-565
-585
-540
-522
-554
-487
-352
-239
-245
-77
238
376
176
-36
196
610
720
490
329
209
73
127
436
561
283
-108
-327
-406
-441
-476
-588
-831
-1096
-1187
-1277
-1532
-1756
-1672
-1495
-1619
-1882
-1897
-1663
-1511
-1541
-1400
-955
-553
-541
-581
-269
202
572
895
1312
1616
1709
1768
1947
2242
2573
2771
2682
2442
2385
2583
2669
2467
2252
2198
2098
1835
1561
1392
1247
1082
907
686
400
67
-253
-506
-599
-593
-714
-1082
-1469
-1536
-1381
-1365
-1537
-1622
-1520
-1494
-1584
-1574
-1371
-1162
-1069
-1002
-870
-727
-670
-586
-394
-188
-40
43
43
24
130
317
423
435
457
490
476
409
377
411
427
350
235
182
151
83
-6
-14
29
20
-77
-172
-145
-49
77
135
154
157
155
220
387
502
352
147
182
346
363
248
136
-105
-405
-495
-320
-275
-528
-829
-1028
-1181
-1310
-1267
-1212
-1376
-1573
-1504
-1406
-1551
-1671
-1468
-1235
-1259
-1312
-1119
-838
-756
-723
-435
14
263
298
483
814
1072
1256
1534
1810
1937
2016
2080
2088
2058
2170
2370
2437
2269
2125
2104
1992
1752
1598
1603
1489
1224
923
655
417
254
85
-163
-420
-602
-784
-1049
-1318
-1461
-1480
-1544
-1686
-1811
-1858
-1881
-1859
-1728
-1550
-1406
-1305
-1267
-1199
-997
-705
-476
-307
-128
85
250
323
419
635
850
910
931
1015
1096
1104
1077
1048
1038
1022
969
840
698
624
552
422
290
268
202
-8
-221
-325
-369
-446
-483
-483
-474
-525
-563
-584
-537
-416
-294
-105
76
101
-150
-308
-193
-3
27
-50
-135
-352
-625
-714
-538
-420
-515
-676
-821
-1013
-1184
-1198
-1147
-1163
-1172
-1137
-1193
-1323
-1335
-1196
-1027
-927
-830
-648
-407
-235
-96
144
438
643
774
1015
1270
1442
1555
1668
1719
1710
1825
2035
2088
1895
1733
1730
1707
1552
1420
1381
1280
1034
770
642
546
372
167
-10
-169
-343
-526
-718
-882
-943
-931
-1006
-1221
-1357
-1298
-1192
-1219
-1253
-1142
-1031
-1008
-933
-702
-490
-427
-355
-149
61
218
364
498
567
646
793
908
892
814
842
931
951
877
828
794
713
593
490
439
407
375
242
22
-180
-239
-236
-250
-313
-435
-595
-694
-651
-578
-520
-511
-547
-640
-666
-586
-508
-504
-504
-452
-478
-597
-561
-351
-213
-378
-559
-527
-419
-401
-382
-264
-284
-452
-542
-412
-285
-215
-168
-120
-166
-269
-318
-350
-363
-297
-133
-57
-142
-195
-99
-18
-73
-125
1
202
309
341
446
548
514
407
411
504
594
704
799
793
687
635
639
620
555
559
608
601
544
509
512
476
377
297
281
306
314
272
186
121
105
64
-24
-125
-189
-220
-193
-181
-230
-289
-288
-255
-290
-333
-278
-152
-112
-125
-67
6
1
-55
-55
53
240
390
410
311
218
260
347
416
484
592
610
472
365
399
444
364
249
193
135
22
-64
-106
-145
-235
-365
-495
-586
-657
-731
-763
-750
-758
-857
-940
-960
-954
-989
-1016
-980
-937
-960
-981
-925
-858
-823
-762
-649
-530
-438
-240
55
294
394
444
555
685
807
901
1020
1093
1099
1066
1045
1049
1013
940
846
742
570
356
140
-70
-231
-337
-439
-587
-723
-802
-871
-968
-1080
-1146
-1149
-1096
-1061
-1018
-931
-804
-679
-603
-500
-377
-241
-113
43
255
460
631
714
733
741
798
929
1051
1099
1088
1107
1098
1028
911
851
832
772
667
590
614
616
548
447
390
322
198
83
11
-4
25
86
103
73
69
98
118
127
158
204
251
282
305
338
351
347
334
276
183
95
42
-38
-149
-237
-321
-445
-595
-693
-762
-890
-1037
-1081
-1057
-1051
-1100
-1133
-1138
-1131
-1052
-937
-843
-800
-734
-611
-502
-428
-323
-199
-100
-32
76
205
280
298
322
376
429
459
470
486
480
476
492
499
478
456
483
512
490
449
416
387
320
237
197
205
175
67
-61
-139
-187
-221
-257
-323
-422
-563
-707
-825
-888
-945
-1022
-1094
-1160
-1180
-1117
-1010
-956
-970
-944
-832
-684
-531
-331
-73
136
241
338
505
696
842
945
1061
1184
1305
1417
1498
1510
1501
1521
1539
1484
1374
1309
1259
1185
1086
980
855
684
503
350
231
151
80
4
-70
-151
-221
-316
-438
-545
-574
-519
-487
-502
-517
-471
-423
-421
-483
-497
-437
-396
-362
-328
-282
-265
-234
-195
-211
-239
-229
-207
-231
-242
-220
-199
-233
-243
-220
-215
-234
-254
-253
-265
-216
-153
-102
-121
-147
-142
-104
-39
18
24
-5
-17
16
85
142
169
137
67
50
124
205
174
61
-24
-61
-86
-96
-94
-114
-157
-184
-210
-250
-307
-314
-260
-204
-203
-252
-284
-288
-315
-330
-261
-188
-198
-278
-288
-194
-100
-63
-57
-50
-53
-77
-106
-114
-106
-95
-85
-69
-23
41
86
78
35
31
80
149
216
276
308
322
321
328
346
354
370
357
313
245
224
266
302
291
264
242
206
142
118
174
255
298
283
277
292
299
281
293
345
367
352
355
396
437
451
417
348
246
191
202
242
228
221
231
188
85
6
-19
-79
-130
-146
-80
-73
-104
-167
-182
-189
-211
-222
-220
-195
-174
-157
-145
-134
-127
-123
-128
-133
-113
-108
-133
-171
-144
-73
-87
-139
-166
-151
-206
-251
-239
-185
-218
-289
-334
-332
-357
-397
-377
-363
-385
-448
-479
-509
-531
-530
-524
-530
-523
-488
-446
-425
-382
-303
-232
-191
-130
3
173
284
315
329
382
435
455
481
505
494
441
372
323
303
289
249
151
34
-83
-219
-369
-492
-563
-616
-686
-760
-820
-830
-792
-736
-717
-725
-694
-611
-539
-440
-261
-40
123
212
308
415
507
614
767
885
975
1080
1189
1236
1255
1282
1301
1262
1170
1109
1093
1074
990
882
798
729
648
538
428
384
349
274
170
68
-12
-94
-175
-213
-217
-212
-217
-256
-314
-321
-266
-234
-210
-173
-119
-112
-103
-86
-39
-27
-35
-25
-64
-111
-184
-180
-174
-177
-215
-257
-312
-370
-410
-425
-439
-475
-505
-529
-544
-545
-553
-556
-592
-611
-646
-671
-644
-590
-560
-596
-578
-529
-478
-451
-396
-346
-310
-298
-227
-109
-7
45
45
70
100
142
163
167
176
212
228
200
196
218
198
177
204
250
226
151
110
74
22
-20
-11
-35
-95
-144
-172
-202
-218
-186
-185
-253
-331
-351
-371
-406
-428
-418
-384
-366
-330
-260
-166
-119
-111
-60
66
207
291
363
480
630
715
762
837
958
1050
1087
1118
1172
1233
1277
1276
1261
1226
1156
1067
959
898
861
777
656
519
401
287
186
82
-54
-191
-292
-377
-452
-500
-512
-492
-502
-541
-586
-613
-604
-599
-595
-591
-552
-526
-491
-433
-332
-248
-239
-232
-218
-189
-173
-140
-79
-53
-73
-86
-99
-108
-135
-163
-192
-238
-281
-295
-315
-363
-420
-452
-480
-510
-522
-541
-502
-504
-521
-534
-511
-478
-427
-370
-301
-227
-190
-138
-74
3
47
82
136
197
242
286
317
325
314
307
290
260
225
199
146
98
59
33
-9
-56
-92
-126
-150
-149
-100
-53
-64
-92
-78
-55
-28
-8
12
44
86
142
198
243
301
357
385
405
407
411
403
383
365
350
342
345
364
381
395
386
355
321
304
304
281
248
208
176
151
125
102
58
12
-57
-120
-155
-151
-136
-151
-171
-187
-185
-183
-173
-131
-102
-119
-139
-127
-100
-62
-26
-3
-6
-11
5
46
107
138
163
161
108
22
1
-1
-7
-50
-66
-90
-127
-145
-135
-124
-160
-193
-243
-252
-244
-204
-205
-208
-205
-153
-153
-164
-151
-95
-89
-103
-91
-72
-47
-45
-11
6
15
14
28
3
3
10
36
6
-18
-45
-54
-71
-55
-42
-32
-60
-54
-52
-65
-69
-81
-53
-51
-42
-48
-22
-12
22
31
54
82
114
134
131
145
177
206
220
216
206
197
193
201
237
275
284
240
207
213
185
115
44
15
-28
-99
-140
-142
-163
-234
-304
-347
-388
-469
-548
-589
-627
-678
-709
-693
-651
-583
-513
-443
-389
-334
-267
-192
-112
-34
47
107
182
270
345
369
392
414
426
434
436
442
424
410
417
420
394
379
381
369
325
315
298
248
197
197
221
222
231
265
322
340
342
361
385
377
329
265
221
181
165
139
126
136
134
83
-5
-92
-122
-160
-206
-236
-245
-242
-271
-270
-246
-227
-218
-237
-260
-285
-245
-194
-163
-131
-95
-69
-37
-36
-16
0
8
40
57
89
113
117
106
79
49
41
29
3
-47
-63
-114
-144
-168
-207
-237
-254
-271
-290
-292
-296
-286
-306
-317
-329
-335
-345
-349
-332
-321
-318
-343
-344
-307
-266
-240
-229
-193
-125
-55
-18
7
38
65
71
49
33
38
22
-9
-36
-44
-44
-81
-113
-114
-109
-146
-221
-263
-274
-299
-311
-274
-221
-182
-123
-29
62
132
203
302
398
468
555
660
747
803
856
900
896
875
863
850
816
774
714
625
527
467
428
347
244
164
101
3
-100
-167
-196
-248
-323
-381
-411
-421
-414
-396
-363
-333
-297
-245
-191
-139
-98
-67
-76
-73
-44
-11
-3
12
75
92
106
139
175
181
167
158
155
143
155
169
179
161
109
101
118
133
101
62
12
-34
-65
-91
-108
-119
-165
-194
-219
-224
-258
-278
-290
-334
-361
-372
-386
-395
-406
-413
-423
-432
-444
-441
-455
-455
-446
-431
-444
-449
-421
-385
-388
-404
-394
-372
-343
-290
-229
-173
-128
-101
-44
38
142
222
280
345
453
566
649
689
728
737
724
708
701
673
630
588
538
476
417
369
304
211
101
-27
-167
-297
-403
-489
-570
-634
-683
-689
-663
-628
-601
-557
-484
-404
-343
-301
-233
-126
-24
39
99
178
239
274
314
367
396
403
394
374
374
397
420
413
412
438
456
416
356
319
307
259
187
131
113
121
107
128
179
224
217
192
175
149
112
80
36
15
31
39
49
50
76
77
59
17
-14
-37
-54
-91
-119
-135
-134
-142
-189
-222
-224
-217
-218
-268
-312
-334
-343
-345
-357
-364
-370
-366
-362
-330
-294
-254
-231
-200
-188
-169
-156
-123
-79
-16
25
44
36
68
125
181
206
221
240
248
244
224
227
197
176
150
143
135
122
117
116
96
57
31
9
-18
-51
-76
-76
-66
-47
-26
-27
-65
-103
-140
-186
-221
-264
-328
-401
-459
-487
-498
-513
-543
-580
-593
-607
-650
-669
-666
-672
-680
-647
-582
-503
-390
-248
-101
48
200
341
449
545
632
711
798
858
893
917
947
961
952
931
903
858
786
701
612
510
413
342
278
212
146
71
-35
-136
-209
-262
-337
-436
-499
-498
-477
-437
-391
-321
-247
-185
-149
-125
-119
-130
-99
-84
-43
22
129
188
232
285
341
388
398
393
402
408
413
392
382
380
365
368
337
328
341
346
299
262
230
185
109
30
-15
-56
-88
-124
-137
-148
-149
-177
-211
-254
-282
-317
-368
-407
-416
-395
-393
-405
-422
-434
-448
-482
-522
-534
-536
-538
-566
-579
-575
-562
-561
-553
-538
-509
-482
-471
-443
-410
-346
-288
-243
-202
-141
-78
-24
41
106
175
231
262
279
318
338
349
348
336
315
274
232
191
173
170
164
138
101
61
7
-46
-87
-112
-135
-155
-172
-171
-136
-78
-33
-14
8
36
70
96
121
144
143
147
136
138
155
168
161
163
181
169
149
130
136
153
161
165
182
215
250
263
266
280
291
281
278
299
344
373
406
453
518
577
602
623
634
616
595
558
508
487
480
458
432
412
389
349
294
227
160
94
24
-51
-120
-190
-243
-311
-364
-414
-437
-457
-500
-553
-588
-613
-631
-651
-661
-685
-698
-689
-655
-636
-637
-598
-571
-557
-537
-485
-447
-444
-427
-408
-347
-312
-272
-219
-181
-160
-141
-100
-58
-43
-41
-36
-9
-11
0
15
10
-3
-2
3
29
52
71
89
92
89
75
67
54
57
60
81
89
99
109
136
161
167
168
168
180
195
182
176
169
149
133
108
84
47
11
-26
-63
-81
-103
-137
-154
-161
-175
-171
-163
-151
-144
-127
-98
-78
-30
28
69
98
127
155
186
221
254
278
291
298
321
370
427
445
444
463
489
502
507
505
469
426
400
372
331
294
261
256
247
246
238
215
213
183
136
87
42
6
-42
-78
-98
-103
-116
-137
-129
-136
-151
-143
-151
-177
-190
-189
-191
-215
-202
-191
-165
-157
-156
-114
-98
-95
-98
-113
-118
-116
-134
-146
-160
-145
-155
-199
-208
-222
-220
-251
-270
-275
-290
-301
-314
-299
-288
-278
-298
-279
-274
-238
-245
-231
-198
-172
-157
-164
-167
-169
-134
-121
-77
-66
-44
-13
-38
-43
-50
-45
-51
-47
-3
38
39
30
46
48
45
50
59
69
95
106
117
128
124
121
141
147
162
186
198
214
221
237
241
227
223
214
203
182
170
169
165
153
131
114
88
43
4
-24
-55
-94
-126
-150
-200
-238
-248
-250
-240
-228
-229
-230
-220
-204
-189
-182
-166
-137
-99
-62
-14
27
70
103
146
175
189
204
215
230
247
276
301
314
316
335
354
352
347
321
289
278
257
253
231
217
222
211
204
206
202
202
197
221
218
214
214
204
206
191
187
190
158
147
132
82
69
36
-11
-58
-81
-84
-118
-182
-205
-244
-262
-278
-286
-312
-341
-336
-354
-374
-379
-361
-364
-363
-351
-310
-301
-297
-273
-257
-238
-216
-175
-140
-120
-110
-104
-79
-64
-43
-14
-7
-5
-2
-3
6
0
-5
-16
-57
-67
-87
-124
-137
-166
-199
-236
-229
-238
-258
-283
-291
-315
-331
-338
-322
-305
-323
-321
-310
-291
-260
-256
-239
-226
-217
-191
-145
-91
-59
-33
-19
7
36
78
112
139
157
186
216
248
281
303
326
340
365
382
404
416
431
438
431
430
440
455
441
431
418
413
395
370
364
363
371
367
371
361
323
282
243
209
177
129
86
66
26
12
10
37
53
46
52
43
42
28
4
-24
-33
-20
-21
1
18
45
74
119
166
193
195
184
190
165
152
168
159
145
137
120
125
99
86
70
24
-11
-66
-118
-138
-155
-188
-187
-184
-232
-243
-236
-275
-320
-336
-370
-399
-397
-380
-373
-377
-365
-361
-366
-369
-400
-422
-410
-389
-397
-407
-420
-428
-438
-467
-467
-452
-445
-447
-433
-411
-404
-379
-354
-347
-328
-302
-295
-282
-239
-141
-55
-13
4
28
44
12
7
28
56
71
76
88
126
159
160
176
210
237
254
276
290
311
302
300
283
257
242
255
276
264
284
304
310
334
317
299
281
276
267
262
240
228
219
216
218
214
209
175
185
208
235
235
226
233
234
218
217
197
195
179
162
160
181
190
181
188
186
184
184
167
138
138
131
114
104
100
108
102
84
79
78
79
65
46
41
40
36
35
26
33
24
-9
-9
-30
-56
-92
-115
-143
-180
-202
-204
-192
-218
-229
-234
-253
-268
-251
-264
-270
-265
-268
-286
-295
-288
-289
-282
-266
-217
-208
-212
-194
-152
-157
-150
-126
-99
-108
-114
-99
-86
-89
-76
-89
-101
-69
-74
-79
-103
-104
-113
-106
-131
-128
-145
-158
-167
-171
-159
-168
-156
-144
-133
-153
-146
-161
-165
-148
-127
-134
-134
-106
-113
-123
-118
-124
-125
-127
-94
-60
-67
-61
-57
-38
-42
-44
-46
-78
-58
-26
-29
-17
14
59
64
74
97
147
171
175
206
213
218
225
256
285
306
307
305
319
337
348
363
355
351
353
343
342
365
358
344
310
305
266
217
213
182
123
100
98
72
56
45
59
75
67
45
52
36
14
7
19
11
41
63
101
151
191
190
186
210
210
192
191
175
141
122
135
161
146
123
112
152
166
193
202
180
131
79
47
37
0
-20
-24
-56
-94
-114
-143
-169
-173
-162
-163
-169
-176
-195
-220
-281
-315
-337
-363
-374
-375
-390
-409
-418
-392
-376
-395
-412
-403
-390
-393
-373
-364
-380
-390
-393
-366
-350
-354
-359
-357
-345
-335
-292
-271
-269
-260
-250
-229
-232
-220
-186
-165
-143
-128
-116
-115
-104
-77
-53
-31
-10
13
45
61
60
81
98
114
117
122
133
132
144
166
184
195
187
174
158
151
154
164
163
165
166
159
138
135
134
127
132
141
154
164
172
183
198
208
213
239
264
279
281
292
313
345
374
381
395
400
409
402
383
399
420
437
440
437
437
432
417
397
380
361
335
298
276
250
239
208
161
141
130
101
53
0
-38
-65
-101
-142
-160
-187
-214
-235
-251
-257
-272
-280
-295
-315
-326
-328
-328
-334
-328
-322
-324
-306
-296
-276
-242
-227
-216
-208
-203
-204
-207
-192
-165
-139
-109
-86
-83
-75
-71
-67
-55
-48
-31
-24
-18
-5
-9
-11
-10
-16
-34
-66
-84
-101
-122
-128
-132
-138
-153
-166
-174
-194
-231
-255
-278
-298
-313
-329
-341
-350
-347
-340
-327
-313
-315
-292
-289
-297
-286
-266
-247
-228
-207
-181
-150
-130
-83
-32
26
64
82
118
151
179
192
191
189
196
218
235
265
280
295
290
297
292
288
306
294
272
257
234
218
215
216
238
238
229
215
209
213
218
233
228
232
235
215
222
221
242
250
237
222
203
201
190
176
171
169
158
129
104
94
87
83
69
46
23
16
16
13
33
54
44
28
14
24
46
61
80
80
79
101
118
132
135
143
152
122
104
102
95
95
84
74
65
42
25
11
17
0
-34
-38
-54
-78
-101
-128
-147
-175
-218
-243
-274
-298
-300
-305
-297
-305
-315
-331
-356
-356
-356
-366
-360
-351
-345
-339
-327
-313
-309
-305
-302
-282
-266
-249
-219
-193
-179
-165
-148
-136
-116
-94
-80
-61
-37
-19
3
3
-4
-7
-12
-18
-18
-1
7
7
2
-7
-13
-4
-13
-20
-15
-32
-53
-57
-60
-54
-45
-44
-58
-87
-107
-108
-101
-89
-89
-72
-40
-36
-2
34
32
38
32
44
74
97
154
191
194
190
200
216
229
257
277
297
326
335
332
341
328
318
330
337
347
334
311
308
297
295
271
227
204
174
174
179
171
153
140
126
113
98
92
90
80
93
74
73
94
92
96
92
71
60
65
80
101
99
89
72
61
44
33
26
14
23
28
20
18
12
-7
-15
-34
-54
-68
-67
-63
-74
-76
-84
-96
-110
-123
-111
-120
-137
-129
-126
-136
-133
-122
-119
-110
-141
-172
-184
-205
-209
-232
-240
-242
-262
-270
-276
-277
-272
-275
-271
-259
-272
-277
-289
-315
-332
-344
-355
-366
-348
-327
-307
-284
-281
-271
-254
-244
-230
-223
-214
-183
-163
-148
-124
-97
-75
-70
-57
-42
-40
-14
3
22
67
94
106
120
131
144
159
156
176
201
227
245
237
235
223
226
236
238
240
247
241
242
241
233
224
209
209
210
210
194
179
186
199
204
204
184
162
161
148
152
148
138
150
134
115
107
120
140
155
150
164
165
153
151
161
166
153
149
145
158
168
176
176
172
161
154
160
153
150
154
130
94
85
55
33
25
5
-25
-54
-73
-89
-84
-96
-123
-160
-178
-198
-199
-204
-243
-250
-256
-248
-247
-249
-258
-262
-247
-234
-221
-213
-206
-209
-199
-191
-195
-194
-181
-162
-144
-120
-110
-108
-101
-82
-68
-68
-69
-72
-70
-69
-67
-53
-49
-43
-38
-40
-50
-82
-92
-96
-81
-65
-74
-82
-85
-68
-54
-21
-13
-25
-46
-61
-40
-32
-18
-35
-64
-77
-77
-59
-40
-33
-51
-49
-55
-45
-37
-25
9
20
6
-16
-34
-37
-12
7
19
35
25
22
30
47
75
83
88
98
100
107
105
112
132
160
176
183
181
173
179
179
187
176
183
191
197
215
207
184
170
162
165
163
147
142
136
125
100
77
87
90
89
76
59
70
57
59
79
59
38
33
40
54
42
38
43
35
36
32
25
17
19
27
-7
-34
-65
-72
-44
-19
-5
-28
-55
-70
-66
-48
-35
-50
-50
-67
-102
-79
-69
-49
-15
-11
-11
-38
-55
-68
-56
-30
-46
-77
-106
-131
-134
-122
-121
-125
-135
-157
-170
-162
-152
-147
-160
-182
-185
-174
-187
-177
-174
-172
-165
-174
-177
-169
-136
-109
-80
-77
-65
-52
-30
-23
-20
2
13
32
27
54
87
96
103
109
112
102
98
113
135
130
110
96
99
97
102
106
85
72
63
54
55
38
34
32
9
-20
-25
-33
-30
-24
-40
-42
-60
-71
-57
-64
-73
-72
-54
-36
-30
-18
-22
-8
10
11
0
-27
-41
-23
-14
10
22
18
36
40
55
86
104
110
128
134
134
134
141
148
146
148
142
140
148
146
153
150
145
145
134
114
93
96
103
87
68
50
33
18
0
-1
-16
-42
-56
-61
-43
-53
-79
-97
-107
-101
-91
-104
-118
-124
-120
-83
-57
-41
-45
-41
-38
-33
-26
-23
-26
-55
-39
-23
-39
-34
-19
13
26
17
9
-9
-6
13
33
52
54
40
18
10
14
30
25
10
-4
3
23
17
30
2
-20
-16
-14
-16
-24
-26
-13
-15
-38
-55
-75
-72
-77
-111
-113
-129
-126
-113
-105
-89
-85
-106
-141
-154
-163
-144
-135
-119
-143
-176
-155
-148
-130
-124
-133
-124
-81
-63
-63
-54
-41
-16
-4
10
-7
-4
12
22
61
72
93
101
106
100
79
95
103
105
116
133
141
155
156
149
158
145
140
123
138
175
162
149
125
112
114
109
103
117
105
95
101
75
74
71
60
59
38
15
29
43
42
47
22
12
0
7
7
-15
-7
-19
-2
8
17
22
5
11
-5
-23
-7
18
33
37
5
-1
2
0
0
-8
15
14
-16
-38
-53
-38
-11
-3
-11
-50
-99
-90
-78
-56
-33
-41
-50
-85
-101
-100
-101
-104
-107
-101
-121
-133
-127
-108
-110
-108
-119
-156
-153
-146
-105
-86
-83
-74
-91
-84
-81
-91
-94
-80
-55
-29
-28
-30
-7
18
45
43
13
18
23
35
57
82
106
115
85
55
65
64
67
93
113
102
113
97
81
65
33
31
13
13
16
11
4
-5
-11
-29
-35
-54
-64
-45
-32
-32
-43
-45
-20
15
-3
-30
-49
-61
-55
-44
-18
15
27
22
9
6
11
15
30
56
70
73
66
75
85
86
97
101
106
97
114
131
134
142
135
117
99
109
117
117
110
91
86
88
88
81
93
99
92
73
49
28
41
47
20
6
-3
4
-27
-43
-39
-55
-43
-68
-91
-94
-108
-132
-153
-154
-146
-152
-159
-165
-186
-185
-194
-168
-122
-125
-132
-158
-164
-156
-142
-110
-107
-114
-123
-119
-108
-95
-83
-57
-42
-36
-24
-34
-19
-22
-9
19
29
29
6
-5
25
48
49
56
48
44
53
56
58
75
90
83
63
62
67
73
68
59
68
59
43
39
41
52
72
68
49
37
33
26
28
39
47
65
49
35
24
20
44
54
67
69
84
75
63
80
89
83
69
40
16
19
21
51
47
19
28
13
4
7
-14
-45
-58
-50
-41
-29
-50
-61
-56
-77
-95
-90
-60
-41
-23
-27
-41
-28
-18
-15
-7
-1
6
21
25
19
4
10
11
11
16
3
18
21
39
35
22
29
17
31
19
6
20
-7
-17
1
-4
16
13
-8
5
-20
-21
-14
-35
-30
-6
-3
-14
-43
-56
-40
-53
-52
-35
-37
-34
-30
-42
-67
-81
-91
-75
-42
-43
-47
-75
-80
-85
-76
-65
-67
-60
-65
-37
-21
-17
-29
-24
-19
-19
7
12
11
5
24
51
48
32
18
45
75
78
88
73
79
94
104
123
100
94
96
65
60
59
72
74
44
36
19
-8
-21
-41
-47
-39
-15
-23
-44
-62
-66
-59
-105
-109
-106
-100
-90
-82
-72
-90
-89
-83
-56
-45
-42
-42
-26
-6
17
41
8
-15
5
40
69
66
52
53
63
73
98
102
83
82
57
86
116
110
110
104
98
82
77
90
112
129
131
127
139
143
133
130
106
92
73
72
83
79
66
30
13
8
12
18
15
-18
-43
-56
-49
-30
-43
-68
-113
-138
-133
-142
-140
-140
-134
-123
-130
-137
-160
-156
-169
-181
-157
-133
-120
-122
-106
-92
-97
-107
-94
-80
-61
-40
-24
-4
12
10
-14
-9
-12
-8
-12
-18
3
-11
-37
-58
-51
-34
-20
-15
-25
-40
-52
-22
-15
5
9
-22
-31
-47
-31
-37
-29
-12
-15
1
10
-12
-13
18
11
16
23
15
41
54
58
58
28
17
45
61
83
105
127
108
88
97
124
153
145
142
135
134
135
140
142
154
140
100
100
103
119
117
84
83
70
44
30
3
1
11
7
20
34
9
10
-8
-32
-24
-25
-17
-21
-21
-20
-28
-25
-30
-53
-59
-48
-24
-31
-36
-32
-42
-57
-58
-52
-24
-36
-53
-44
-65
-56
-51
-52
-49
-51
-64
-63
-61
-49
-33
-36
-22
-16
-19
-23
-29
-42
-38
-42
-25
26
18
18
11
-1
18
10
-8
-2
25
38
21
1
-17
-25
-40
-47
-33
-31
-45
-58
-60
-70
-67
-59
-53
-61
-76
-93
-118
-129
-105
-72
-72
-68
-99
-97
-69
-64
-38
-42
-63
-60
-35
-5
31
29
-9
-19
-9
43
99
124
124
83
88
81
72
96
111
132
122
91
63
59
82
93
78
69
64
63
66
54
51
57
56
47
35
21
7
2
-4
-3
15
23
18
9
24
31
22
8
-19
-30
-14
3
8
9
-19
-59
-62
-41
-3
16
8
5
-11
-25
-17
6
38
39
17
17
6
10
36
45
61
54
35
47
33
44
57
42
41
15
24
11
-13
-24
-34
-22
-28
-37
-37
-28
-32
-11
-2
-22
-44
-65
-47
-31
-28
-29
-51
-75
-90
-64
-20
5
-13
-16
-33
-68
-56
-42
-6
-6
-14
-24
-46
-43
-35
-13
7
6
8
30
32
30
39
26
27
19
25
46
60
47
34
51
44
47
38
33
28
29
35
22
16
9
-3
5
-6
-39
-49
-64
-95
-92
-72
-75
-86
-97
-99
-102
-90
-78
-58
-64
-71
-61
-79
-83
-81
-87
-100
-108
-85
-38
-8
1
-20
-20
-24
-23
-1
-13
24
27
18
22
8
27
46
63
72
75
63
63
54
65
96
85
83
49
47
63
53
62
47
61
61
48
38
53
38
44
66
41
50
44
13
-13
-11
-10
-4
-8
-15
0
16
27
8
1
8
3
2
-9
10
37
60
63
49
58
34
28
47
60
73
61
60
62
105
106
67
67
55
79
88
74
75
49
63
83
65
61
46
16
7
7
27
41
36
15
-28
-35
-51
-42
-47
-54
-30
-31
-44
-87
-97
-86
-73
-77
-91
-93
-100
-119
-129
-107
-103
-99
-135
-158
-149
-165
-153
-140
-109
-78
-117
-162
-180
-162
-111
-85
-75
-102
-116
-80
-58
-53
-46
-72
-71
-67
-54
-10
-8
0
-6
-38
-46
-42
-25
5
23
49
64
59
55
36
39
37
50
69
61
57
32
26
52
73
60
59
40
45
41
43
81
95
117
69
39
38
40
63
59
69
55
56
67
76
89
89
81
71
94
105
124
132
120
104
75
67
78
87
96
102
90
97
103
105
112
105
103
81
80
67
53
70
46
38
32
25
24
-9
-35
-45
-31
-29
-20
-26
-66
-67
-76
-85
-99
-115
-130
-153
-136
-110
-92
-88
-101
-119
-119
-106
-79
-85
-76
-47
-66
-83
-84
-67
-55
-50
-52
-48
-40
-42
-20
-9
-11
-14
-15
-22
-18
-15
-1
30
23
23
16
23
9
-18
-12
-7
-6
0
-11
-24
-25
-26
3
-4
-33
-50
-60
-28
-11
-7
-23
-33
-52
-50
-23
-22
-9
-4
-10
-40
-53
-45
-43
-39
-38
-43
-32
-11
-4
-2
-21
-16
-25
-45
-25
3
21
-3
-5
16
39
66
67
52
32
38
63
106
113
93
75
48
55
65
77
89
94
99
101
106
94
80
41
22
49
81
95
82
70
67
56
38
12
16
35
48
31
29
31
20
9
-20
-17
-39
-41
-37
-48
-36
-39
-30
-39
-47
-43
-43
-60
-68
-67
-48
-22
-36
-46
-55
-55
-48
-45
-33
-38
-34
-5
11
22
31
-12
-35
-19
-5
28
36
38
36
29
22
10
15
35
45
43
38
26
17
40
21
26
33
6
14
-11
-13
-17
12
23
-6
-20
-18
-29
-34
-23
-38
-16
-34
-52
-44
-53
-34
-31
-39
-48
-51
-23
-7
-11
-3
-25
-43
-22
-2
25
46
43
36
29
7
-3
3
-3
5
6
-18
-13
-40
-37
-24
-33
-18
-35
-50
-57
-50
-51
-39
-32
-43
-58
-69
-55
-57
-42
-53
-59
-40
-50
-53
-67
-63
-56
-59
-54
-50
-10
16
11
16
21
11
11
36
44
58
61
65
76
51
46
55
47
44
50
53
85
84
55
78
79
90
101
88
68
63
69
61
69
51
41
31
28
36
33
43
7
9
27
23
28
-2
-9
-15
-27
-36
-13
7
-1
3
-18
-13
-26
-13
27
20
21
1
-8
5
14
13
10
3
-11
-3
7
30
27
14
26
16
36
37
34
20
26
34
12
11
10
27
10
22
21
22
15
-13
3
-11
-6
-15
-41
-44
-57
-54
-51
-56
-57
-56
-62
-82
-75
-69
-58
-49
-64
-74
-92
-96
-98
-110
-110
-107
-107
-103
-85
-68
-66
-77
-71
-82
-71
-61
-70
-70
-75
-58
-71
-47
-21
-16
-7
-14
-8
-19
2
20
53
69
61
72
73
76
65
56
49
70
90
91
85
81
82
73
63
69
81
93
95
94
97
87
80
67
47
35
52
84
92
65
55
40
47
53
27
20
-8
-7
-27
-34
-25
-16
-26
-44
-47
-49
-37
-31
-17
-23
-31
-32
-42
-21
-33
-35
-41
-31
9
18
28
5
-9
-16
-22
-7
-3
7
11
-6
-8
-5
-9
-35
-46
-26
-21
2
36
15
5
-2
-10
12
18
19
5
6
-14
-21
1
9
-4
-26
-27
-32
-2
-2
-15
-1
-11
3
-1
9
6
-32
-37
-44
3
38
35
34
17
13
10
16
14
29
50
30
7
8
22
6
-10
-8
-3
15
60
54
47
42
22
33
29
22
29
23
-6
-16
-13
-4
-7
-24
-44
-63
-61
-65
-59
-56
-66
-58
-61
-58
-66
-93
-91
-99
-75
-33
-37
-30
-25
-32
-35
-19
-36
-53
-30
-33
-30
-21
-9
-15
-38
-40
-26
-15
8
34
35
52
42
43
46
52
70
49
26
19
32
53
66
55
40
25
30
37
26
31
31
32
40
27
30
28
12
7
-10
22
59
50
60
41
-1
6
-21
-40
-17
-10
-1
-7
12
5
-25
-34
-46
-30
-17
6
23
30
1
-15
8
10
26
11
4
-11
-14
11
22
50
45
19
14
16
12
36
38
31
45
19
32
38
31
28
-1
20
36
20
36
41
20
54
23
-25
-14
-26
-4
-10
-16
-14
-32
-36
-46
-28
-25
-36
-28
-44
-59
-64
-69
-45
-41
-40
-38
-64
-81
-67
-43
-22
-17
-45
-42
-33
-30
-19
-6
-1
-16
-5
-10
-21
-1
-6
-12
-10
-5
-9
-5
-2
-8
11
16
23
29
19
23
22
-1
-2
-18
-13
0
-19
6
15
27
19
4
-11
-25
10
5
6
5
13
5
-15
-18
-28
-19
-24
-17
-12
1
-10
-12
9
6
16
2
-11
-6
8
26
21
26
19
18
12
18
19
26
43
17
35
47
62
98
79
53
51
18
12
34
40
69
67
45
20
17
26
25
34
18
24
14
-15
-11
-22
-26
-7
-29
-38
-30
-58
-62
-35
-10
-13
-31
-43
-72
-57
-32
-24
-30
-47
-67
-60
-53
-49
-11
-29
-39
-32
-27
-6
14
13
16
6
-4
-12
-23
-2
16
45
46
44
52
42
62
55
43
42
46
33
35
40
42
54
47
59
33
14
-4
-4
38
25
8
-14
-43
-33
-4
12
13
-10
-37
-51
-42
-14
-18
-32
-33
-57
-48
-34
-38
-26
-45
-52
-44
-41
-52
-52
-38
-46
-25
-13
-26
-19
-21
-15
16
2
3
6
0
28
13
7
20
18
16
6
3
-6
11
58
59
48
32
-6
14
48
49
40
3
-1
21
30
30
9
7
6
-2
20
36
4
-17
-16
-37
-29
-27
-40
-30
-42
-26
-25
-29
-37
-51
-15
-17
-19
-40
-61
-35
-30
-23
-24
-46
-28
12
10
-1
-11
-4
21
51
50
29
-1
-27
21
60
49
32
31
29
37
31
19
36
42
43
50
37
18
18
18
7
3
-1
-16
-5
14
32
30
14
-3
-10
-18
-9
-4
-15
-11
-13
35
42
24
10
-2
37
24
-6
-22
-25
2
26
36
9
-7
-21
2
27
16
8
-16
-12
-11
-8
-1
-7
22
29
13
19
9
6
10
10
1
-4
-22
-26
-3
11
-1
-6
-10
-27
-4
-8
-10
5
-32
-53
-48
-42
-39
-41
-42
-36
-31
-44
-42
-27
-14
1
-15
-30
-45
-56
-41
1
14
-14
-36
-44
-24
-12
-5
-12
-9
-8
-5
12
3
-1
-1
0
15
6
3
7
6
35
41
20
3
14
17
37
43
44
48
3
-8
6
12
31
15
2
2
3
-12
-8
-8
-21
-7
-27
-45
-26
-25
-8
7
-16
-11
-27
-27
5
20
13
-12
-19
-20
-7
16
15
14
26
2
13
30
-2
12
20
14
6
-7
-16
0
45
64
44
51
43
30
61
50
40
43
31
36
47
34
20
14
7
19
27
33
28
16
3
8
15
1
23
24
28
54
13
18
20
11
28
-1
-2
-14
-29
-29
-16
-15
-24
-37
-61
-69
-47
-24
-35
-28
-24
-45
-31
-29
-27
-14
-31
-23
-30
-29
-5
3
-6
-23
-47
-59
-48
-40
-13
-9
0
-34
-71
-78
-54
-13
-19
-13
-25
-29
-39
-20
-3
5
-13
-32
-8
-34
-21
4
-4
7
15
-3
-8
-4
1
21
26
17
18
45
43
38
41
23
38
19
1
13
40
30
23
24
-2
12
-4
-5
4
26
35
7
-14
-16
10
23
30
10
-13
-7
12
39
64
60
35
19
-6
-3
25
33
19
3
-21
0
12
-3
-2
14
17
-13
-17
-1
7
19
24
11
0
-9
-18
-10
13
30
17
-8
-7
-17
-25
-21
-34
-14
-4
-22
-11
-12
8
9
-2
-31
-44
-11
4
15
15
13
-16
-29
-29
-5
17
13
-10
-26
-3
29
35
5
-12
-18
1
20
11
11
12
13
4
1
10
-7
-11
-10
-11
10
-6
-34
-31
-22
-5
-23
-40
-54
-44
-5
0
13
26
-1
-3
-2
-22
6
15
36
39
19
15
3
27
16
4
2
-14
-15
13
22
31
46
4
-11
8
30
36
25
26
8
11
12
1
7
-1
-2
-15
1
-8
-10
15
3
2
-7
-16
-6
5
8
12
-9
-25
-18
-18
-7
-6
-20
-26
-28
-34
-54
-54
-41
-47
-47
-60
-60
-43
-42
-21
-11
-2
-11
-28
-26
-27
-23
-8
12
4
0
-14
-26
-10
-5
9
-2
-2
10
-5
12
18
11
22
12
3
14
18
37
42
31
28
15
13
21
29
32
31
27
28
20
27
33
33
40
15
5
6
14
19
27
34
25
27
26
14
25
46
38
41
47
22
23
19
22
47
19
15
21
16
17
18
21
-3
2
-6
-24
-17
-12
-3
-5
-21
-16
-28
-42
-32
-23
-11
-16
1
-8
-31
-22
-23
7
-10
-43
-46
-51
-30
-18
-16
-3
3
-29
-41
-36
-28
-11
-10
2
5
10
-28
-24
7
2
13
23
11
6
10
-13
15
0
-19
-27
-51
-33
-34
-21
-30
-48
-31
-33
-18
-17
-28
-40
-34
-10
-16
-16
-22
-22
-2
-3
-25
-26
-27
-9
15
6
19
0
-13
-2
-3
21
20
17
25
6
-15
-20
-11
21
39
19
8
-2
1
16
29
60
48
23
15
22
40
42
32
34
22
23
37
34
41
24
20
30
42
40
42
69
54
22
-20
-54
2
43
38
39
0
-10
-1
3
56
38
-8
2
-4
-5
-2
-10
7
12
4
-10
-38
-9
-7
2
30
35
10
-35
-42
-31
-3
-25
-53
-50
-44
-23
-38
-31
-19
-23
-22
-29
-1
3
1
14
-6
-16
-17
-28
-9
10
22
28
0
-7
-14
-4
17
19
3
-26
-41
-13
7
-9
-2
-9
-19
-22
-33
-28
1
-13
-19
-24
-48
-41
-32
-19
-4
-15
-27
-6
-3
8
0
-7
16
-16
-29
-23
23
66
35
10
5
-2
9
12
-22
-4
2
1
12
-4
10
25
24
34
20
-5
24
15
30
34
-6
8
-8
-4
22
18
37
17
3
27
19
44
46
24
17
-3
-15
-13
-3
13
30
24
-4
-18
-31
-12
1
-5
-18
-34
-14
-9
-16
-20
-22
-34
-23
-14
-16
-15
-7
11
13
28
13
-6
-23
-35
-8
7
10
11
0
-4
5
9
16
21
-4
1
2
17
26
21
30
15
10
-4
0
19
20
0
-10
-5
10
26
18
9
1
0
3
6
3
-11
-21
-16
-15
-45
-40
-29
-6
-4
-24
-25
-26
-23
-17
-3
11
-5
-2
0
1
-2
-28
-4
-16
-1
12
16
39
17
7
-14
-14
-11
-3
20
21
17
11
19
15
36
42
29
15
-10
3
2
26
47
15
-4
-21
-10
6
6
-8
-8
-3
-13
-3
17
29
15
-7
-12
-14
-9
4
-5
-24
-36
-53
-49
-39
-40
-7
-2
-18
-15
-30
-34
-18
2
24
20
-24
-36
-22
0
22
11
-14
-5
-6
-21
-9
5
35
0
-11
-2
4
19
9
23
17
25
25
28
24
24
19
13
5
-10
8
-4
-22
-13
0
6
-1
-16
-2
5
0
11
0
12
-6
-36
-14
-10
-8
0
-5
-21
-11
-7
5
31
22
15
-2
11
16
30
41
13
7
5
11
32
38
30
16
12
9
20
28
21
26
16
13
5
1
-22
-28
-12
-18
1
-23
-31
-21
-36
-41
-67
-46
-29
-10
7
-17
-21
-23
-18
-9
-3
-17
-37
-46
-15
-5
-24
4
4
24
9
-33
3
2
9
28
26
39
46
32
22
26
24
39
31
18
37
44
45
28
36
17
-14
-1
-19
-16
-19
-28
-10
8
10
6
3
-11
-16
-30
-36
-19
13
10
10
4
-23
-19
-18
4
15
1
-10
-13
5
18
23
8
4
-4
-5
20
5
-18
-9
7
-2
18
17
-25
-32
-60
-71
-37
-28
-38
-43
-58
-53
-21
-37
-47
-44
-26
-1
10
32
26
26
26
-2
4
26
33
38
29
32
36
22
28
42
21
18
27
23
23
30
43
27
15
0
-8
-14
-12
-1
-5
-10
-33
-16
0
-13
-5
-19
-6
-11
-41
-35
-20
12
-4
-29
-38
-37
-7
2
15
16
-3
-23
-14
-7
9
41
30
19
5
-3
-8
-13
-19
11
30
22
32
30
22
8
-11
-7
23
30
20
16
13
3
-4
-10
6
-3
-29
-21
-15
5
22
18
-9
-16
-13
-11
9
5
-12
2
24
42
43
19
32
36
8
8
4
19
40
26
23
-5
-13
7
-3
1
13
-4
-5
-14
4
26
15
1
-28
-25
0
9
15
7
-5
-16
-12
-6
-36
-33
-33
-20
-21
-30
-28
-55
-35
-34
-19
-23
-56
-36
-22
-13
-14
-34
-37
-28
-17
-17
-33
-42
-42
-25
-17
-26
-24
-21
-8
-16
-9
8
13
31
21
2
23
24
23
26
15
29
29
34
31
33
31
-12
-22
-16
28
60
38
-6
-25
-12
9
45
58
69
30
-20
-21
-8
44
56
24
-3
-21
-6
13
27
19
2
9
-7
-12
10
12
14
14
9
17
19
12
19
-3
2
20
16
-4
6
17
-8
-12
-33
-48
-37
-20
-27
-23
-17
-18
-13
-12
-14
-16
-17
-7
1
4
7
1
10
7
5
23
10
19
38
23
26
41
31
22
14
-12
-10
-16
-17
2
-6
8
-3
-7
2
-14
-9
-13
-26
-45
-37
0
12
8
-24
-36
-37
-36
-14
-15
-11
-9
-12
-12
-24
5
29
4
-20
-18
-1
12
29
20
31
23
-12
-3
-4
-3
9
-1
-16
-22
4
16
31
37
-2
-6
-2
5
27
34
19
16
0
-11
3
6
30
25
-2
-9
-11
-5
-28
-35
-34
-39
-38
-28
-31
-30
-20
-9
0
-4
-12
-6
-4
-17
-22
-47
-16
9
17
10
-12
14
19
12
8
15
1
6
11
4
6
-3
27
32
23
32
21
23
9
21
29
7
-4
-17
-11
0
-10
-12
-21
-33
-19
-12
-12
-7
-14
8
21
15
17
-3
-2
-5
-1
10
-1
13
12
2
21
13
-2
8
7
11
1
-2
23
15
21
11
-6
18
24
25
32
33
31
22
12
-7
5
11
-13
-5
1
10
6
14
6
-14
-18
-20
-8
-2
8
6
-10
0
-15
-26
-2
-1
2
-4
10
13
2
5
-11
-22
-15
-17
-4
14
11
16
-9
-28
-33
-14
-2
-14
-24
-34
-21
-27
-36
-18
-15
-30
-44
-36
-19
6
13
16
21
1
-14
-2
5
16
18
0
10
15
11
17
6
-1
-4
-3
13
17
8
7
-8
-34
-40
-51
-32
-11
-15
-12
-16
-22
-22
-6
2
1
-3
-20
-10
-11
-4
31
34
31
24
7
-6
-29
-23
-5
-11
-18
-27
-3
2
8
0
-10
6
-19
-8
10
3
6
22
-1
-15
-16
-18
6
0
19
38
29
17
12
24
41
58
41
33
37
51
48
45
62
49
27
15
8
26
41
51
45
19
-1
2
11
2
14
12
-9
-21
-12
7
3
8
-8
-34
-21
-19
-8
4
11
8
-7
-41
-52
-36
-16
4
-19
-23
-24
-26
-33
-47
-27
13
-1
-19
-9
-5
15
15
22
5
-20
-14
-22
11
10
-4
-9
-25
-7
-7
1
9
-2
-6
-25
-30
-7
2
-1
4
-6
-18
-14
-6
-1
3
-6
-23
-30
-44
-46
-30
-14
-6
14
4
-10
-13
-23
-10
-1
-8
-9
-11
-8
-11
-12
8
9
-3
-14
-6
17
35
47
26
-1
-18
-36
-18
-8
11
23
2
13
-12
-18
-3
2
10
-2
-13
-10
10
39
49
34
22
-7
3
5
13
35
32
35
19
-6
-9
8
0
-4
7
16
24
17
-4
-12
2
-10
-11
-22
-22
14
15
15
22
24
16
2
2
7
13
26
18
26
3
-18
-14
7
14
-3
-8
-32
-8
2
-7
12
23
19
8
-15
-29
-19
7
2
1
6
2
17
2
2
27
43
54
39
16
23
31
31
28
9
9
16
17
25
24
20
-9
-21
-33
-27
-17
-31
-29
-48
-41
-23
-32
-24
-25
-34
-19
-27
-25
-19
-12
-3
-3
-14
-32
-25
-3
13
12
3
-7
3
4
4
-7
-28
-12
-5
-5
5
-8
-23
-15
-8
-3
-24
-43
-15
-17
2
-8
-13
-6
-21
-20
-19
-17
-22
-16
-20
3
7
-3
-9
-17
7
22
26
6
4
-4
-4
-6
-24
-22
-22
-20
-24
-27
-35
-24
-19
-37
-23
-39
-19
14
8
16
10
21
17
26
38
33
39
28
37
56
35
51
64
38
28
35
45
43
43
46
44
39
14
14
35
33
47
33
21
27
14
11
14
23
20
15
-8
-17
-10
-19
5
11
4
4
-8
-11
2
0
-25
-16
-9
0
15
-4
-7
-12
1
-7
-1
13
-9
0
5
2
4
2
-2
-2
-23
-26
-12
5
15
22
3
-24
-24
-14
7
4
-9
-39
-47
-13
-13
-10
-5
-21
-29
-35
-32
-15
-20
-31
-43
-39
-33
-59
-26
-7
-5
-18
-53
-39
-30
1
8
-11
0
-4
-2
-3
0
-2
-1
4
3
8
4
-15
-30
-15
6
2
-1
-2
-12
-12
-15
-8
14
2
-30
-24
-23
-12
22
21
7
-4
-23
-12
13
17
29
36
13
11
16
26
49
43
45
11
-5
20
12
17
0
-6
5
-18
-7
7
3
5
1
1
7
5
10
15
22
31
24
26
15
16
23
20
0
-6
5
23
21
20
12
-9
-4
-3
10
21
24
21
20
17
5
10
21
26
24
33
26
13
29
24
27
22
11
13
14
8
6
3
7
19
34
26
-22
-30
-28
-30
-6
-9
-18
-33
-47
-35
-25
-9
-20
-36
-50
-61
-45
-40
-21
-35
-53
-47
-48
-33
-22
-13
-5
-2
-4
-4
-2
-8
6
-10
-34
-29
-8
13
23
35
22
7
2
12
28
21
3
-7
-12
-18
1
-12
-19
-1
0
-4
2
13
24
24
7
10
1
15
12
-16
1
-14
-18
-18
-22
-7
-23
-24
-24
-11
4
11
7
-16
-16
-20
-8
-9
-12
1
-2
-19
-25
-22
-8
15
5
-7
-13
-23
-12
2
1
6
-1
-16
1
14
13
24
40
58
68
52
46
46
49
39
23
20
13
26
21
8
-2
-3
15
11
16
19
-13
-20
-16
-15
-10
-27
-50
-47
-37
-46
-31
3
11
13
9
7
19
26
13
13
18
9
32
45
41
48
48
31
20
21
25
16
15
23
22
30
24
4
-11
-30
-26
-22
-16
8
18
12
14
-12
-3
18
-4
2
-10
-20
2
9
15
13
-2
-5
-9
-10
-19
-13
-7
3
6
-21
-27
-27
-14
-13
-16
-15
-18
-21
-29
-23
-24
-26
-28
-30
-25
-24
-45
-52
-39
-31
-14
-9
-43
-35
-40
-61
-50
-61
-50
-29
-12
-3
0
-3
-1
1
-10
9
20
9
10
19
33
45
10
-7
-10
2
-5
-12
-7
-21
-10
-10
-17
5
15
-2
-11
-27
-11
21
29
25
11
9
15
15
22
15
28
35
17
26
34
46
38
26
41
48
67
45
13
4
2
6
5
25
35
28
18
4
28
46
41
42
24
26
15
11
26
7
11
6
9
17
10
19
7
13
2
-20
-4
-19
-38
-30
-10
5
-19
-39
-43
-26
-1
-5
8
-1
-14
6
1
10
25
16
1
-10
1
11
3
-30
-57
-56
-45
-41
-32
-27
-30
-22
-23
-21
0
3
5
-2
-16
-11
-10
-8
10
9
-4
-11
7
33
39
36
15
25
32
19
12
-12
-21
-14
-17
-20
-26
-19
-19
-42
-43
-54
-51
-31
-37
-13
5
-6
1
1
-1
1
-7
-3
0
10
-6
-19
-15
-24
-14
-3
2
16
20
12
8
-6
-1
9
13
1
-23
-32
-66
-40
-18
-10
17
9
6
9
7
7
32
35
28
11
4
-2
1
11
15
27
15
3
0
4
10
0
3
12
11
19
16
15
24
35
33
33
30
29
33
48
51
50
46
19
18
4
-3
14
17
6
4
-15
-15
-20
-26
-22
-9
2
-20
-11
-14
9
19
-1
8
14
8
2
10
13
21
11
5
16
4
3
-24
-32
-10
-15
-12
-20
-19
-20
-13
-6
-4
-1
-14
-12
-11
3
-7
2
16
9
14
-13
-11
1
13
17
6
24
13
4
15
7
12
-9
-5
12
14
13
3
-17
-21
-15
-23
-29
-25
-23
-19
-11
-33
-31
-32
-40
-31
-39
-42
-33
-40
-38
-17
-8
1
4
-8
-16
-21
-4
7
11
27
25
5
-15
-6
-9
-9
-16
-17
-5
-12
-19
-37
-27
-15
-29
-30
-32
-18
-12
-13
3
1
-10
-12
-5
7
28
4
0
5
5
33
23
25
7
24
32
17
16
6
18
30
46
40
29
29
25
22
20
31
30
50
54
55
62
46
29
11
16
30
43
37
24
13
14
20
26
34
28
20
7
5
-4
4
23
22
32
-3
-37
-38
-39
-14
-1
2
-7
-16
-19
-16
-15
-33
-28
-28
-8
-15
-28
-16
-21
-15
-20
-34
-41
-19
-14
-6
23
17
13
5
1
5
11
5
4
13
4
1
-12
3
10
-5
-7
-36
-29
-18
-22
-7
-32
-41
-45
-32
-17
-13
-14
-15
-12
-32
-36
-24
-13
8
12
-9
-7
-24
-25
-23
-24
-15
-36
-46
-33
-15
-21
-32
-28
-23
-19
-9
-3
3
12
19
29
19
14
-5
-8
13
13
32
28
19
28
23
14
7
-11
-6
7
7
12
10
7
4
3
-7
8
22
21
22
22
33
32
29
14
18
36
40
46
41
47
37
37
47
30
26
5
8
17
14
15
0
5
12
7
1
-6
-4
1
3
-1
-14
-23
-19
-8
15
12
-4
-12
-18
-20
-17
-18
-9
1
-3
0
-10
2
4
9
25
11
-13
-9
-3
7
19
10
-3
-30
-40
-27
-18
-7
-12
-32
-38
-32
-23
-7
-12
-10
-16
-12
-9
-17
0
13
22
20
-9
-17
-18
-16
2
11
0
-18
-15
-7
2
3
2
2
-20
-31
-25
-14
5
-4
0
6
5
12
16
23
19
9
-1
3
13
20
11
7
14
6
10
13
15
9
-1
-3
-13
-22
-19
2
-9
-7
-15
-19
-16
-32
-12
-15
-8
3
-14
-12
-8
-11
-28
-26
-13
-4
-6
-17
-21
-8
-5
-4
-6
-17
-14
-8
7
16
13
7
7
19
18
12
25
25
14
25
34
31
38
39
23
10
0
2
2
-3
-5
-1
-4
0
-9
-18
-7
-18
-9
-13
-15
4
7
26
29
9
5
13
20
24
26
40
44
40
30
20
19
15
6
9
2
7
29
12
-1
-2
-6
4
-8
-18
-6
-7
-11
-12
-23
-1
-1
-15
-8
-12
3
-6
-8
8
15
26
6
-2
8
-2
-1
6
-5
5
2
-1
2
-13
-10
-12
-15
-1
11
-2
-19
-15
-11
0
3
-14
-16
-22
-20
-15
-19
-11
-14
-4
-6
1
7
13
4
-13
-15
-29
-23
-19
-18
-22
-47
-51
-48
-52
-44
-33
-24
-28
-29
-32
-23
-15
-24
-29
-24
-24
-18
-8
1
20
21
18
12
-2
-7
6
0
8
20
20
19
18
23
26
36
40
32
52
46
21
24
8
16
19
10
25
27
13
17
39
48
32
13
4
8
18
26
9
3
-3
-12
-3
-10
-10
4
4
-9
-17
-24
-6
15
7
-1
0
14
32
24
20
19
19
26
23
25
26
21
-4
-8
1
2
10
8
1
-6
7
13
8
3
-1
-3
-5
-3
-5
-3
-7
-12
-10
-12
-5
3
1
-8
-22
-28
-27
-13
-8
-12
-11
-26
-17
3
1
1
-7
-22
-26
-14
-13
-10
1
-16
-24
-22
-26
-18
-23
-34
-37
-35
-25
-21
-7
-5
4
2
-9
-6
-3
-2
-7
-2
-9
8
27
31
42
42
25
2
9
5
2
5
-8
-8
-16
-20
-9
-18
-7
-16
-20
-14
-28
-16
-25
-27
-23
-39
-24
-17
-8
16
1
4
0
-14
13
16
14
13
11
3
10
18
13
15
0
15
12
19
18
5
12
15
22
9
4
-3
-7
-18
-26
-8
9
24
27
14
17
28
31
23
30
37
23
31
18
40
59
38
25
10
11
20
22
25
17
9
19
15
12
26
20
9
-3
-21
-1
15
9
-4
-12
-16
-23
-21
-20
-6
-2
-10
-23
-20
-6
-5
-2
-5
-14
-38
-27
-16
-14
15
-7
-1
-1
-18
10
3
-1
-17
-28
-42
-41
-18
-11
1
-11
-17
-12
-16
-12
0
-10
-12
-11
-15
-9
-11
0
-5
-15
-14
-27
-13
-12
-12
-1
-9
-3
0
2
-7
0
-4
2
12
-3
4
-3
-19
-17
-17
-10
1
-11
-18
-16
-5
-1
1
11
3
-11
-33
-22
-8
-3
10
3
-2
-3
-7
4
18
25
34
31
33
39
36
34
19
17
16
15
9
3
9
1
-8
-11
-1
7
0
-4
-1
-2
-2
5
3
0
-5
-4
9
18
5
-1
9
11
12
20
13
19
19
8
14
13
11
1
11
11
-3
2
5
3
9
18
31
35
14
13
22
19
26
20
9
21
15
13
11
5
-1
-13
-11
-16
-17
-2
2
5
-2
10
10
11
12
-7
-14
-30
-22
-17
-15
-5
-23
-30
-28
-27
-14
-11
-18
-11
-28
-42
-40
-40
-20
-10
-7
-21
-29
-21
-8
-2
-7
-21
-41
-49
-46
-22
-28
-36
-39
-38
-23
-28
-13
-19
-19
-11
-28
-18
-4
2
16
31
21
26
32
34
45
34
26
31
42
28
28
23
19
34
19
24
17
18
26
-2
-1
0
1
15
21
13
22
22
10
20
23
19
14
12
4
17
20
14
6
16
16
-8
1
8
14
7
-13
-18
-15
-11
-22
-14
-9
-10
-8
-4
0
-18
-25
-36
-13
-8
-26
-6
-4
0
0
-1
9
9
2
-15
-7
-8
-10
-6
