-35
-36
-36
-43
-42
-28
-8
1
0
2
-3
-6
-8
2
14
18
5
-13
-37
-25
5
12
5
1
5
17
22
7
5
11
24
37
32
24
21
20
14
12
22
32
39
29
19
20
29
36
43
35
22
18
-3
-15
-8
19
33
18
-1
-1
12
14
1
-13
-19
-19
-14
-26
-27
-11
1
11
4
-10
-21
-14
6
3
-25
-44
-38
-26
-12
-14
-28
-19
-5
3
5
13
13
13
26
29
28
21
26
29
27
24
13
7
11
19
28
37
33
21
0
-9
0
10
19
16
1
-14
-8
11
21
24
13
6
2
-5
-8
-8
-13
-14
-3
7
3
1
-11
-7
-1
0
1
-6
-18
-34
-47
-50
-44
-21
-4
-3
-7
-11
-12
-7
-4
-10
-13
-22
-24
-9
14
17
16
35
37
40
33
16
11
16
16
11
5
1
7
3
-6
-13
-6
4
3
10
11
-2
-11
-10
-17
-40
-44
-19
9
6
-14
-16
-7
-6
-29
-54
-44
-23
-8
-7
-6
1
-8
-26
-44
-42
-16
14
10
-12
-20
-26
-32
-40
-28
-12
7
9
-7
-15
-16
6
23
25
19
7
-6
-24
-38
-46
-29
0
16
4
-11
-2
10
11
11
14
8
-1
-6
-2
14
19
26
23
5
6
27
42
49
46
34
26
37
46
32
29
29
28
24
26
30
39
46
40
33
28
23
19
24
29
25
19
9
-2
-8
7
34
50
35
8
12
36
44
40
30
16
7
1
-1
-12
-10
1
3
-10
-28
-29
-19
-9
-15
-35
-51
-58
-56
-51
-35
-24
-30
-38
-41
-16
14
11
-16
-39
-39
-19
-4
-23
-37
-24
-10
-3
-6
-14
4
14
-1
-18
-32
-41
-40
-35
-25
-18
-22
-31
-26
-23
-17
-2
5
12
12
-11
-24
-16
-17
-38
-56
-51
-41
-27
-19
-18
-14
-20
-29
-35
-23
-8
-8
-3
-5
-19
-28
-19
6
12
7
9
19
24
26
32
52
69
63
40
27
38
46
44
40
40
45
46
29
12
16
34
44
35
22
23
22
2
-14
-16
5
16
8
5
-4
1
18
31
27
16
10
15
13
0
-7
15
31
20
1
-19
-27
-8
11
11
17
23
17
13
0
-16
-18
-18
-17
-12
4
17
18
10
5
10
24
30
27
17
16
26
28
21
6
-5
-10
-18
-16
-4
10
19
9
-9
-18
-30
-27
-21
-24
-28
-33
-27
-18
-5
9
-8
-27
-25
-16
-19
-22
-24
-25
-20
-8
1
-11
-25
-31
-31
-26
-22
-20
-14
-15
-26
-31
-41
-48
-47
-42
-38
-39
-32
-16
3
18
5
-15
-18
-16
-11
-12
-9
-6
-7
-2
-7
-4
-5
10
21
16
14
18
20
5
-7
-9
3
7
15
19
13
12
30
42
40
35
20
21
28
17
-1
-1
10
22
20
15
19
21
27
24
12
10
12
13
2
-3
-9
-18
-26
-27
-15
-3
3
-6
-14
-11
2
16
20
17
15
26
30
2
-9
-2
16
29
22
1
-16
1
34
47
38
17
11
22
12
1
-7
-6
-2
0
5
16
20
6
-9
-1
10
11
14
16
15
4
2
10
13
6
-5
-15
-11
4
0
-15
-21
-5
5
11
16
17
4
-28
-42
-25
-4
-7
-21
-31
-29
-30
-46
-49
-39
-22
5
13
6
-11
-20
-10
-7
-9
-12
-9
3
11
11
10
5
16
24
10
-6
-11
-3
1
0
-9
-14
-9
4
5
-7
-19
-30
-30
-31
-21
-8
-3
-8
-18
-17
-18
-25
-24
-20
-17
-15
-7
5
12
14
10
6
1
-2
11
16
16
3
-9
-12
-7
-8
-23
-25
-16
-11
-4
-5
-3
7
2
-12
-21
-18
-18
-26
-19
-9
-9
-4
8
17
13
7
17
19
5
5
14
34
36
16
-7
-20
-14
-6
4
17
31
27
24
23
24
25
22
28
35
40
30
21
25
33
40
45
47
46
34
20
34
51
43
39
41
42
36
25
21
14
16
30
50
43
16
-6
-19
-20
-25
-28
-19
2
10
4
-5
-11
-16
-22
-27
-30
-20
-5
7
7
-5
-18
-20
-28
-41
-42
-48
-45
-33
-38
-49
-47
-44
-48
-51
-47
-47
-49
-46
-26
-13
-13
-12
-21
-31
-26
-8
-5
-6
-10
-14
-9
-5
-4
1
4
6
16
13
-11
-27
-13
6
15
11
2
-5
-4
-4
-8
-4
5
12
4
-9
-15
-6
5
4
-9
-17
-14
-6
2
0
1
17
25
30
26
17
2
-21
-23
-6
2
14
9
-8
-10
-8
2
3
-1
5
15
35
31
15
9
12
17
13
2
-5
-6
-13
-9
14
25
28
25
14
8
17
32
33
32
27
29
46
47
39
29
12
22
36
32
21
22
28
34
28
23
30
23
12
-1
-11
-15
0
14
16
13
7
6
-6
-22
-16
1
17
26
1
-22
-10
10
9
-6
-16
-9
-14
-48
-73
-63
-40
-36
-43
-38
-21
-9
-15
-32
-50
-55
-47
-47
-52
-52
-37
-23
-21
-30
-31
-24
-13
3
-1
-13
-11
-1
19
27
11
8
26
25
15
18
33
35
20
11
13
28
33
18
7
-3
-10
-9
1
19
34
34
12
-11
-16
0
13
18
21
15
4
4
6
6
-4
-18
1
23
22
8
-1
1
0
-13
-25
-31
-30
-28
-37
-31
-13
8
2
-27
-50
-53
-38
-18
-18
-36
-34
-27
-22
-20
-10
9
13
9
9
25
40
34
12
-16
-25
-5
15
6
-1
10
17
19
13
9
9
8
3
-7
-10
-8
-1
5
2
5
2
2
0
-10
-10
8
33
30
28
28
40
47
39
23
6
6
25
45
45
40
36
27
24
23
35
38
26
23
22
9
-3
0
7
3
-3
-9
-14
-11
0
1
-1
-11
-15
-3
5
12
23
26
25
19
18
24
18
18
9
-2
-8
-12
-3
3
-3
-17
-32
-34
-18
-6
-9
-12
-19
-26
-31
-41
-33
-25
-18
-10
-16
-19
-15
-2
8
-8
-31
-44
-38
-32
-36
-50
-54
-36
-14
-3
-19
-36
-44
-44
-56
-71
-70
-67
-59
-55
-49
-43
-23
-6
5
-5
-23
-23
-21
-24
-23
-16
-6
5
15
3
0
19
30
34
33
34
43
53
39
15
13
20
25
19
2
-4
17
36
29
30
37
41
50
46
40
48
59
60
53
49
37
27
15
3
9
34
47
39
34
34
26
11
1
11
12
6
16
29
31
9
-3
6
12
12
1
1
10
21
14
-3
-8
-5
4
11
-2
-10
-5
4
1
-8
-18
-15
-3
-7
-23
-36
-27
-22
-14
-5
-1
-6
-26
-44
-44
-29
-19
-21
-24
-28
-19
-6
-4
-9
-9
-1
0
-2
-16
-19
-7
2
-1
-12
-20
-13
-3
-8
-13
-21
-23
-21
-19
-19
-9
-1
10
15
-3
-16
-9
7
10
4
-1
4
8
3
-10
-25
-25
-10
3
-2
-14
-12
7
20
4
-37
-35
-2
11
-13
-40
-33
-14
1
2
-4
-4
2
-6
-12
-8
0
13
15
14
19
17
5
-3
-13
-6
19
19
1
-16
-19
-17
-16
-11
-4
1
0
2
2
3
10
22
29
23
5
1
17
33
31
14
17
25
26
23
25
33
36
28
9
5
22
27
21
6
-10
-4
9
14
20
28
22
15
8
-3
-19
-24
-14
-1
7
6
3
-7
-17
-21
-12
-2
6
2
-10
-20
-20
-3
12
8
3
9
9
7
19
29
30
20
2
-9
-11
-4
-9
-7
-5
-3
8
6
5
26
39
20
-1
-12
-2
10
7
0
9
16
15
19
15
6
-5
-12
-5
8
21
30
18
5
-8
-18
-23
-24
-26
-20
-9
-3
-10
-8
9
14
1
-9
-15
-43
-52
-45
-34
-19
-14
-28
-50
-63
-62
-56
-50
-43
-33
-18
-15
-21
-28
-35
-42
-38
-33
-27
-20
-18
-31
-47
-37
-19
-7
-9
-19
-16
-16
-27
-27
-11
4
16
18
21
25
14
3
7
14
13
15
25
13
4
10
12
20
32
41
57
50
36
20
20
38
45
43
30
27
31
40
38
28
26
32
41
34
23
19
24
42
37
29
31
51
53
44
38
29
33
20
2
0
0
8
21
25
13
-2
-9
-5
9
10
0
-9
-17
-13
-13
-5
5
5
10
5
-3
7
15
24
11
-9
-10
12
25
-4
-25
-19
-10
-18
-26
-23
-10
6
0
-17
-25
-12
-17
-50
-68
-50
-13
-9
-35
-50
-38
-18
1
2
-16
-39
-57
-61
-54
-44
-24
-5
-1
-15
-36
-42
-29
-21
-30
-33
-20
-5
-13
-31
-29
-12
-13
-32
-49
-51
-37
-16
-2
-5
-12
-13
-5
-4
6
9
9
2
-20
-23
-13
4
16
14
-2
-8
-2
4
13
16
12
13
24
33
32
26
27
30
38
48
47
33
20
15
14
15
24
34
40
48
52
47
25
9
13
16
23
26
14
15
21
25
22
9
1
1
8
13
7
8
29
47
32
11
6
11
22
26
-4
-20
-5
13
32
43
38
28
14
6
0
-1
3
-4
-17
-26
-25
-23
-19
-15
-1
12
28
22
1
-3
-8
-21
-32
-37
-34
-22
-14
-6
-8
-19
-34
-35
-20
-22
-27
-14
-9
-14
-16
-11
-14
-15
-11
-10
-30
-40
-15
2
-3
-8
6
19
11
-8
-27
-24
-20
-27
-27
-21
-8
7
7
0
-10
-16
-21
-16
-8
-11
-5
-6
-16
-15
-8
4
0
-1
7
22
31
24
3
-23
-26
-19
-15
-9
-17
-28
-20
-6
2
-4
-3
4
-3
-17
-29
-25
-8
-8
-16
-5
14
29
32
12
-1
-3
3
15
17
10
8
2
1
16
38
50
40
20
24
40
50
46
32
21
10
10
22
27
11
-3
2
23
30
23
17
0
-2
-9
-30
-34
-22
5
4
-12
-20
-14
3
-5
-14
-11
-14
-4
3
-4
-4
-1
-1
-7
-11
2
31
44
34
16
6
7
11
15
15
18
19
2
-14
-21
-25
-23
-19
-10
1
15
21
17
7
-3
-8
-11
-20
-30
-22
-4
9
-9
-29
-20
3
19
21
14
14
23
18
6
1
13
28
34
25
7
-6
9
29
26
18
12
14
16
0
-15
-4
4
-14
-35
-30
-1
6
-3
-3
8
14
1
-14
-17
-13
-16
-22
-44
-69
-65
-41
-28
-29
-40
-44
-37
-25
-30
-41
-44
-43
-52
-59
-46
-28
-19
-23
-20
-12
-4
-3
-7
-16
-26
-19
2
18
10
2
2
-1
3
7
20
31
30
29
18
7
3
-2
-1
1
16
32
39
31
19
19
15
16
13
-13
-14
12
33
37
34
46
62
53
16
-7
2
31
40
25
8
10
16
9
3
-2
1
14
39
52
25
-3
-2
8
23
21
14
13
12
-1
-12
-7
12
19
5
-26
-33
-16
-8
-8
-12
-8
11
18
17
22
27
20
-3
-13
-7
3
10
12
13
11
17
29
26
8
0
-4
-14
-17
-20
-7
25
36
24
3
-6
-3
-4
-11
-9
8
21
24
16
-1
-11
-1
5
-5
-20
-33
-33
-28
-22
-25
-27
-18
-2
-4
-31
-45
-46
-38
-35
-44
-57
-64
-49
-42
-41
-41
-43
-48
-49
-45
-38
-28
-21
-20
-29
-31
-34
-42
-43
-41
-25
-6
-3
-17
-23
-7
2
-14
-22
-11
-4
-6
-21
-25
-11
6
34
43
29
28
34
29
19
13
15
26
42
45
39
43
52
54
60
59
48
53
56
47
34
26
29
39
41
24
14
17
27
31
29
21
27
32
19
6
-2
6
9
10
16
19
18
12
10
8
-5
-12
-14
-8
16
50
55
23
-6
-11
-9
-7
4
7
11
24
28
20
9
7
18
17
8
-3
-8
-6
-19
-30
-41
-35
-16
6
1
-12
-26
-46
-46
-36
-21
-9
-5
-4
-18
-33
-34
-36
-24
-8
-1
1
-12
-17
-23
-27
-27
-25
-19
-25
-35
-24
-12
-9
-13
-22
-19
-7
-5
-9
-19
-21
-16
-23
-26
-28
-18
-9
-21
-30
-17
0
8
4
-18
-36
-31
-9
2
-1
-4
5
11
7
6
2
1
7
3
-1
3
7
10
10
-8
-23
-22
-3
10
5
-12
-22
-16
2
13
11
3
10
33
50
43
27
20
28
32
23
19
18
11
7
15
27
24
13
23
46
45
26
12
2
-2
3
-2
-18
-28
-22
8
30
31
22
4
-6
-16
-26
-22
1
19
22
10
5
13
20
32
23
3
3
8
10
14
13
6
4
16
19
4
-13
-15
2
21
38
44
38
33
19
11
25
34
25
23
6
-1
20
38
32
6
-23
-34
-31
-27
-17
-5
-5
-8
-5
-1
-3
-7
-19
-45
-53
-41
-27
-15
-11
-15
-23
-35
-37
-38
-32
-14
-2
-13
-41
-54
-38
-18
-8
-8
-14
-13
-18
-35
-49
-51
-34
-18
-8
-3
-15
-19
-32
-52
-46
-27
-24
-16
-1
-7
-14
-14
-19
-21
-23
-21
-18
-8
9
20
35
36
28
17
6
-1
-16
-26
-16
7
10
13
24
36
44
27
7
8
37
56
37
15
5
6
12
7
0
4
20
41
44
43
41
33
30
20
-1
-21
-26
-6
12
9
1
2
18
31
36
40
33
24
6
-11
-11
11
29
22
10
11
21
29
33
22
9
4
8
13
16
4
-6
-4
-6
-13
-8
11
16
8
-8
-13
-11
-10
-2
-7
-8
-3
-4
-13
-25
-18
2
22
22
14
8
7
7
2
-1
1
3
3
2
-4
0
16
22
5
-19
-23
-9
7
20
22
26
28
3
-23
-32
-27
-11
5
12
4
-6
-1
1
-6
-12
-13
-21
-36
-46
-61
-69
-62
-50
-36
-39
-54
-56
-54
-62
-66
-52
-38
-38
-37
-33
-37
-35
-27
-21
-22
-30
-42
-42
-38
-32
-20
-23
-29
-16
0
13
14
7
8
5
16
25
21
26
38
37
25
8
2
15
28
28
16
17
46
66
59
30
0
-3
13
38
43
24
13
26
54
70
65
65
73
61
31
22
28
34
36
37
35
28
25
23
20
19
25
24
10
-1
1
15
30
31
14
-3
-14
-22
-1
14
15
6
9
27
27
6
-3
14
13
4
-11
-23
-20
-12
-3
4
-2
-7
10
16
-5
-26
-27
-27
-11
-2
-6
-7
-9
-9
5
17
8
-4
-22
-29
-22
-13
-7
-16
-20
-22
-36
-48
-55
-64
-55
-42
-37
-34
-34
-29
-33
-56
-70
-55
-21
-9
-10
-23
-36
-25
-13
-13
-24
-29
-36
-35
-42
-45
-41
-31
-23
-29
-25
-15
-4
1
-4
-7
5
16
16
7
-12
-20
-31
-28
-10
6
10
4
2
-3
-1
13
26
36
31
25
39
43
38
35
23
18
32
55
62
67
66
51
29
20
28
48
63
59
43
23
24
37
42
44
58
58
43
27
18
16
19
33
25
5
-5
-2
16
24
14
7
10
-9
-33
-40
-29
-13
-12
-22
-31
-23
-18
-22
-23
-30
-36
-29
-18
-15
-17
-19
-19
-17
-12
-6
0
5
0
-12
-25
-19
2
13
2
-15
-19
-10
3
5
-1
-8
-2
13
18
26
30
21
0
-19
-28
-7
14
14
3
4
20
27
36
32
15
-6
-35
-43
-27
-15
-20
-30
-33
-27
-26
-17
1
8
11
12
16
14
-1
-7
-1
-14
-19
-7
9
17
12
1
-13
-15
-9
-11
-26
-49
-53
-37
-16
-18
-29
-20
-5
9
2
-12
-26
-38
-29
-29
-34
-25
-17
-11
-16
-20
-15
-9
-10
-6
0
-4
-15
-17
-10
-4
-11
-14
-14
-33
-53
-43
-18
-5
14
32
37
26
20
18
21
16
4
11
28
31
34
50
52
35
25
27
22
13
13
23
31
39
48
35
28
26
30
32
39
51
51
44
34
22
10
12
14
17
25
41
60
60
43
16
10
29
43
32
17
15
22
20
7
-4
11
37
32
8
-9
-10
7
19
18
14
9
2
-4
-2
5
7
0
-6
-15
-18
-17
-14
-13
-31
-57
-63
-48
-24
-18
-38
-48
-40
-34
-35
-28
-27
-34
-43
-37
-37
-20
3
-7
-33
-67
-81
-76
-65
-55
-55
-55
-40
-22
-25
-38
-57
-62
-59
-51
-57
-81
-90
-86
-72
-50
-26
-27
-34
-39
-24
3
20
7
-8
5
10
1
-5
-14
-5
20
34
48
69
76
55
27
18
24
34
43
47
31
9
2
4
10
18
31
39
46
53
47
41
46
56
58
44
40
61
80
83
73
73
74
65
51
38
35
44
53
55
36
37
41
27
27
26
40
53
49
42
30
9
-6
-2
5
3
-9
-7
4
9
9
9
13
5
-4
-10
-15
-22
-39
-56
-62
-37
-11
-15
-35
-45
-44
-46
-49
-53
-49
-42
-44
-56
-73
-75
-65
-47
-39
-41
-38
-33
-33
-38
-44
-42
-29
-15
-18
-25
-24
-9
-1
-11
-12
-1
14
21
21
18
2
-9
-14
1
12
-10
-34
-41
-25
-6
12
21
1
-22
-22
-13
-8
-2
-8
-8
1
9
7
2
-4
-3
13
7
-3
-3
4
11
-1
-10
-11
-11
-2
15
14
13
21
18
5
-6
-7
-13
-21
-15
-10
-14
2
33
57
47
35
37
37
34
18
12
22
14
1
8
20
31
30
23
24
27
31
27
9
3
14
23
7
0
10
29
46
50
38
25
19
9
-5
-14
-5
11
14
14
13
5
1
8
13
3
-5
-1
10
8
-3
-24
-38
-32
-27
-20
-18
-12
-10
-19
-25
-30
-31
-34
-33
-34
-43
-37
-20
-13
-7
-1
-4
-9
-2
7
7
3
-5
-16
-10
-1
2
22
32
18
4
7
6
16
21
17
20
15
12
20
15
-2
-25
-25
-1
8
16
15
24
31
35
39
31
32
41
46
39
26
6
1
7
13
19
12
-16
-38
-46
-40
-23
-23
-32
-41
-53
-60
-40
-29
-37
-47
-59
-44
-32
-28
-21
-9
-7
-7
-7
-21
-37
-41
-32
-26
-30
-46
-64
-65
-62
-71
-78
-61
-47
-54
-53
-37
-12
6
-7
-24
-23
-20
-11
10
7
7
19
29
27
27
29
31
36
36
19
14
45
70
69
55
47
44
52
58
64
64
60
66
63
54
50
51
68
82
93
97
95
86
82
82
84
88
71
53
43
42
48
43
38
28
24
17
-2
-18
-28
-29
-17
-12
-24
-38
-37
-37
-50
-59
-54
-36
-32
-40
-62
-72
-65
-53
-49
-67
-66
-54
-48
-31
-16
-17
-23
-19
-23
-27
-29
-45
-47
-37
-38
-49
-47
-21
6
5
-15
-26
-34
-28
-31
-24
3
9
5
-9
-8
-2
31
50
21
-2
-14
-19
-38
-70
-89
-86
-75
-64
-62
-56
-37
-15
5
15
17
37
53
55
39
28
25
30
22
8
7
36
55
49
48
48
45
31
15
0
-9
-13
-31
-59
-83
-78
-61
-65
-75
-79
-63
-31
-15
7
20
16
11
11
46
91
95
82
74
75
85
98
105
97
89
74
53
46
52
63
67
58
42
40
43
40
21
6
6
4
11
7
-9
-11
2
9
8
9
1
-15
-24
-18
-8
-3
-15
-20
-14
-4
1
-7
-17
-24
-26
-31
-15
-4
-13
-15
-14
-17
-19
-21
-11
-7
-29
-48
-46
-39
-31
-25
-24
-28
-38
-50
-63
-63
-47
-28
-31
-48
-50
-40
-37
-46
-48
-52
-40
-32
-32
-20
-15
-13
-16
-10
-6
-2
9
3
-19
-32
-21
-3
2
3
5
12
12
8
10
22
35
41
41
35
36
32
26
30
42
49
43
31
29
40
42
32
35
35
38
38
35
36
25
24
26
29
28
18
7
11
19
24
26
28
34
31
31
29
20
8
-1
-15
-24
-9
2
5
-6
-15
-17
-19
-23
-23
-30
-39
-43
-49
-43
-44
-47
-44
-43
-45
-49
-51
-41
-39
-54
-67
-68
-53
-41
-36
-42
-30
-4
8
9
-2
-7
-2
-8
-24
-17
5
19
36
45
40
32
20
19
30
47
76
78
56
40
45
49
45
49
45
32
19
9
-2
-10
-5
14
11
-16
-30
-16
8
17
3
-9
-20
-22
-17
-15
-23
-39
-28
-13
-3
-18
-34
-35
-21
-4
5
11
7
2
-6
-3
6
16
29
25
8
5
22
42
61
63
62
55
47
44
49
52
53
48
33
24
23
35
44
35
10
3
5
9
16
11
-4
-30
-48
-43
-37
-33
-33
-30
-33
-36
-40
-61
-73
-73
-61
-49
-47
-60
-84
-106
-89
-52
-40
-44
-58
-67
-63
-49
-48
-38
-19
-4
-7
-22
-33
-33
-22
-19
-11
5
17
16
1
-9
-6
2
5
-7
-3
18
15
6
-2
-2
22
35
27
32
34
16
9
12
24
31
26
18
14
11
8
9
12
17
13
22
38
56
61
44
29
18
29
50
58
70
71
49
46
57
69
75
63
51
46
44
39
33
40
48
43
25
17
29
35
13
-4
-3
-1
0
7
6
-1
-12
-19
-18
-12
-3
-15
-25
-12
-5
6
7
-1
-6
-20
-39
-50
-39
-21
-14
-24
-35
-37
-39
-43
-50
-42
-25
-2
8
-11
-25
-23
-16
-28
-45
-44
-37
-32
-39
-46
-52
-62
-45
-48
-73
-89
-85
-76
-79
-85
-94
-80
-47
-21
-30
-55
-67
-64
-53
-45
-37
-19
0
2
-7
-4
19
42
45
25
9
13
35
60
67
57
52
64
76
80
69
56
62
80
93
84
82
99
90
64
62
67
72
68
58
59
68
64
54
49
41
38
36
33
16
-4
-14
-24
-27
-27
-14
-7
-19
-31
-25
-20
-24
-28
-30
-16
-14
-33
-47
-46
-35
-24
-16
-24
-33
-33
-26
-13
-12
-10
-7
-10
-16
-35
-52
-51
-49
-45
-34
-30
-35
-30
-22
-21
-23
-32
-27
-11
-12
-15
-17
-23
-20
-15
-7
-3
-4
4
4
-3
-9
-20
-23
-19
1
21
35
41
41
31
9
0
-7
2
7
7
15
15
15
21
39
55
57
53
55
64
56
50
49
46
48
47
37
15
7
14
10
-1
-17
-31
-30
-28
-27
-13
1
-4
-12
-17
-8
3
-5
-18
-19
3
13
13
14
15
17
23
19
18
15
3
6
12
12
2
0
11
22
17
2
-9
-16
-24
-34
-41
-39
-42
-50
-56
-56
-51
-49
-33
-11
-14
-44
-67
-59
-44
-36
-32
-40
-52
-59
-62
-53
-51
-53
-50
-47
-42
-32
-13
-1
-6
-7
-16
-14
3
22
28
29
30
36
28
24
38
51
51
37
24
11
15
25
29
24
22
36
44
32
17
24
37
25
6
0
6
26
40
45
43
43
43
36
18
21
41
53
41
26
22
16
21
4
-7
12
38
52
43
13
-9
-3
16
17
12
6
7
10
-3
-16
1
29
42
40
41
45
51
47
22
3
3
24
22
16
14
-2
-15
-22
-9
4
4
3
-4
-23
-40
-52
-63
-59
-40
-33
-34
-42
-41
-26
-26
-42
-53
-63
-73
-87
-92
-88
-57
-41
-49
-46
-50
-47
-58
-80
-79
-64
-62
-54
-42
-34
-46
-43
-26
-24
-27
-22
-17
-26
-38
-36
-2
27
24
0
-13
-3
18
30
24
21
27
29
33
38
33
37
34
3
-14
-9
3
13
8
13
44
75
81
74
64
52
35
26
29
45
65
74
69
63
62
60
47
42
40
30
42
47
42
29
12
-10
-24
-24
-11
-5
-5
-1
-1
2
-6
-6
5
0
-4
6
14
8
2
3
3
3
14
34
57
74
71
49
32
23
27
20
3
-10
8
41
38
4
-11
0
11
11
-12
-11
1
-2
-17
-33
-32
-35
-49
-66
-65
-59
-44
-18
-19
-36
-55
-62
-71
-86
-87
-72
-56
-48
-62
-75
-66
-43
-26
-33
-43
-47
-38
-28
-28
-29
-32
-31
-26
-32
-36
-31
-25
-16
-6
-9
-7
-2
-12
-26
-27
-6
18
40
47
44
37
29
38
48
49
50
53
53
45
40
53
58
49
38
23
21
27
27
19
-1
-11
-3
-6
-17
-26
-26
-14
-23
-26
-15
-7
-5
-7
-1
10
1
-18
-19
-5
-4
0
3
4
-11
-22
-6
12
15
5
8
15
32
47
38
30
16
2
0
16
45
53
45
35
28
43
59
51
30
18
22
38
47
38
24
25
29
24
12
12
21
22
35
46
50
45
33
22
9
4
12
27
20
5
3
10
7
7
5
6
8
-4
-14
-17
-24
-22
-29
-43
-58
-65
-60
-59
-62
-79
-92
-93
-95
-99
-106
-110
-96
-97
-111
-124
-125
-100
-67
-60
-70
-64
-59
-56
-54
-49
-54
-51
-36
-24
-19
-7
14
25
18
16
34
42
44
32
17
23
32
48
66
73
70
63
57
61
68
78
91
78
57
51
56
70
69
48
26
27
34
37
45
65
82
79
59
42
46
62
56
38
22
17
16
9
22
36
33
27
20
8
3
4
5
5
5
9
2
-2
-12
-40
-60
-57
-37
-17
-10
-23
-41
-49
-58
-61
-76
-76
-55
-32
-21
-36
-57
-73
-71
-66
-60
-60
-54
-37
-31
-29
-35
-37
-31
-13
-12
-14
-5
-7
3
26
43
34
22
12
15
8
-4
12
39
50
37
23
14
14
19
20
13
4
5
14
33
39
26
-8
-34
-27
-2
15
8
0
3
6
-18
-37
-37
-21
-8
-16
-31
-28
-20
-25
-41
-49
-37
-14
-7
-20
-33
-37
-23
0
4
-12
-16
-3
5
6
13
18
18
20
27
44
71
87
69
52
58
65
82
100
103
93
69
48
47
59
63
51
42
52
58
65
65
57
61
60
51
30
19
29
34
35
27
18
5
-3
9
14
-2
-31
-47
-42
-26
-39
-61
-67
-69
-74
-95
-109
-124
-131
-121
-110
-108
-127
-145
-138
-114
-99
-96
-96
-96
-97
-96
-75
-47
-34
-45
-72
-85
-75
-67
-68
-66
-64
-48
-27
-25
-39
-39
-22
4
27
27
16
16
19
25
30
37
53
75
88
86
85
93
100
92
90
94
94
94
97
100
101
98
92
93
102
105
95
93
101
109
101
79
65
62
65
68
69
62
60
62
62
60
53
46
43
40
28
3
-14
-14
-4
11
5
-12
-15
-12
-23
-40
-52
-42
-32
-30
-48
-74
-95
-110
-103
-98
-106
-112
-104
-84
-74
-89
-95
-92
-85
-88
-99
-93
-79
-64
-59
-64
-62
-48
-38
-29
-18
-10
-7
-25
-35
-25
-16
-31
-32
-12
6
20
29
35
34
36
35
39
46
42
37
32
26
30
41
47
45
50
63
68
61
60
54
47
34
26
35
29
12
-3
0
8
14
19
14
4
-2
-7
-15
-24
-33
-25
-12
-5
-8
-16
-7
-5
-30
-52
-51
-39
-26
-40
-58
-53
-46
-46
-57
-54
-46
-28
-12
-9
-18
-37
-38
-20
-3
-7
-8
3
21
26
25
31
49
54
42
34
22
48
69
73
78
71
64
57
55
68
80
80
79
79
83
69
60
58
57
49
31
24
32
41
36
20
9
7
13
7
-6
-20
-35
-35
-38
-36
-37
-43
-51
-51
-50
-52
-64
-67
-61
-49
-40
-50
-52
-58
-61
-69
-80
-79
-66
-41
-31
-36
-39
-29
-34
-45
-45
-41
-27
-17
-20
-17
-3
5
15
13
6
4
-8
-3
14
28
37
28
15
26
44
43
32
21
13
36
62
67
52
36
19
4
23
37
39
34
28
16
13
14
20
25
25
23
10
4
3
7
12
8
-1
-12
-19
-24
-35
-45
-38
-30
-32
-23
-26
-38
-46
-55
-42
-29
-24
-4
7
-7
-25
-30
-27
-35
-48
-58
-56
-47
-38
-35
-24
-10
2
3
-9
-20
-25
-16
-11
-8
-10
-2
17
21
10
16
34
39
35
25
16
17
21
11
6
19
27
21
28
41
58
61
49
44
60
70
76
83
83
85
75
71
68
58
52
56
66
69
56
43
34
17
-3
-19
-27
-28
-25
-29
-30
-34
-25
-10
2
-5
-23
-28
-33
-40
-45
-34
-15
4
5
-23
-45
-49
-47
-46
-54
-48
-30
-21
-37
-59
-61
-63
-59
-51
-53
-55
-53
-47
-40
-31
-22
-16
-16
-8
-2
-1
10
16
22
25
23
20
9
3
9
21
24
24
27
21
17
17
14
16
16
18
15
5
-14
-21
2
16
-7
-25
-27
-32
-27
-34
-33
-28
-39
-54
-74
-75
-51
-13
2
-11
-19
-20
-21
-24
-18
-7
4
7
19
40
49
49
51
36
13
8
26
48
59
53
34
28
38
40
20
9
15
21
32
37
28
26
34
32
22
13
9
0
-8
3
30
30
26
27
22
22
19
27
30
20
18
21
32
43
34
20
27
35
37
30
23
24
24
20
13
-3
-3
-10
-26
-43
-67
-58
-41
-37
-43
-46
-52
-67
-73
-66
-54
-50
-65
-73
-60
-45
-37
-34
-28
-27
-23
-22
-23
-33
-43
-29
-15
0
5
0
8
23
30
42
53
60
61
52
32
15
25
40
45
30
9
4
22
34
26
22
26
30
24
10
2
1
7
12
13
13
12
10
0
-10
-28
-35
-23
2
24
24
20
13
12
9
12
20
21
20
15
4
-19
-44
-56
-63
-67
-68
-78
-85
-86
-91
-96
-106
-113
-100
-85
-78
-80
-85
-96
-91
-70
-66
-76
-76
-59
-30
-18
-6
6
20
26
32
46
58
82
100
107
104
93
85
95
109
114
117
115
98
88
84
78
80
84
92
83
66
59
66
63
45
25
30
41
40
32
26
32
26
16
23
25
25
26
14
-8
-25
-28
-22
-7
5
0
-14
-24
-22
-32
-46
-43
-29
-13
-11
-35
-58
-54
-40
-37
-42
-47
-52
-54
-48
-27
-7
-6
-28
-45
-45
-34
-22
-16
-24
-38
-39
-34
-31
-32
-48
-67
-74
-63
-45
-29
-22
-28
-16
0
2
3
3
16
38
55
55
41
26
25
54
66
49
29
13
19
37
36
6
-14
-14
-11
-8
-13
-21
-17
-8
-9
-20
-30
-24
-18
-28
-43
-53
-30
-7
-18
-23
-23
-14
-16
-33
-38
-16
15
20
7
6
7
12
9
-5
-19
-28
-38
-42
-42
-44
-47
-56
-62
-65
-57
-47
-39
-31
-21
-4
10
2
-18
-29
-34
-31
-24
-12
3
21
33
34
38
38
47
58
69
90
112
145
159
152
151
156
173
183
159
131
125
146
168
160
131
101
104
107
99
87
57
37
33
20
0
-22
-33
-38
-44
-53
-63
-68
-63
-58
-55
-53
-66
-69
-66
-61
-53
-55
-65
-52
-34
-46
-64
-76
-77
-79
-70
-63
-71
-71
-74
-77
-76
-89
-103
-103
-98
-100
-107
-121
-123
-110
-104
-99
-96
-96
-82
-67
-64
-66
-70
-63
-48
-31
-19
-5
4
4
3
12
25
53
75
70
54
42
39
48
41
28
22
35
60
66
51
32
26
29
33
30
41
60
54
17
-15
-12
28
61
61
56
52
55
66
76
83
76
63
64
75
78
66
50
41
42
45
44
32
14
2
-19
-42
-49
-35
-9
-3
-10
-34
-63
-73
-80
-66
-44
-27
-19
-26
-32
-31
-31
-28
-39
-39
-11
11
31
35
41
49
38
15
15
55
91
78
45
38
53
60
51
50
60
63
52
39
34
31
49
70
59
39
44
66
73
66
54
58
65
63
40
16
10
3
-12
-31
-50
-63
-62
-64
-73
-84
-88
-86
-95
-102
-98
-95
-90
-91
-114
-140
-154
-145
-131
-128
-126
-114
-105
-122
-128
-116
-98
-84
-76
-68
-65
-58
-70
-74
-72
-64
-55
-44
-44
-62
-59
-45
-34
-20
3
24
37
30
14
13
28
54
84
90
80
81
95
123
142
131
119
117
124
131
137
146
144
135
126
127
112
91
89
96
106
111
102
87
78
72
64
50
39
31
31
31
35
22
-6
-25
-36
-33
-35
-31
-30
-34
-34
-23
-18
-29
-47
-55
-48
-35
-34
-52
-64
-75
-85
-83
-63
-47
-40
-40
-46
-51
-49
-44
-36
-14
7
8
-5
-16
-14
-11
-12
-6
-7
-2
5
-2
-4
-16
-37
-42
-38
-27
-19
-9
1
-5
-12
-6
4
14
18
19
16
21
31
33
29
31
41
52
41
28
24
24
20
15
-5
-44
-61
-54
-32
-14
-6
-17
-36
-45
-47
-41
-23
-16
-29
-46
-56
-52
-50
-50
-36
-10
4
-1
-17
-33
-25
-3
7
2
-15
-31
-32
-27
-12
-11
-21
-23
-27
-25
-17
-22
-24
-18
-21
-18
-14
-14
-21
-15
2
26
42
30
20
13
30
51
65
68
56
63
87
96
77
65
72
100
111
98
79
64
60
62
62
47
47
56
71
68
46
48
74
85
70
53
54
78
87
71
46
29
22
28
28
9
-8
-2
8
1
-19
-54
-68
-67
-64
-78
-104
-112
-107
-92
-96
-109
-126
-128
-124
-124
-124
-135
-135
-138
-130
-116
-112
-114
-117
-117
-95
-78
-77
-51
-35
-34
-32
-23
-5
3
-4
-13
-11
-3
15
45
73
74
62
62
73
89
96
84
90
118
133
126
108
102
123
137
126
107
106
105
95
95
102
93
70
40
4
9
14
-14
-22
-36
-30
-32
-50
-60
-69
-77
-100
-112
-109
-108
-118
-119
-130
-141
-131
-133
-119
-98
-95
-85
-52
-39
-43
-53
-60
-48
-20
-7
-5
3
25
51
65
72
48
30
34
63
93
108
117
118
118
120
112
96
99
105
101
94
93
89
82
83
87
87
78
72
69
64
66
65
62
54
50
59
65
49
26
13
18
27
19
3
-12
-7
-6
-9
-37
-67
-76
-86
-106
-130
-140
-138
-145
-141
-126
-128
-132
-127
-134
-135
-127
-112
-84
-67
-60
-69
-93
-86
-65
-58
-65
-66
-75
-72
-51
-44
-57
-74
-78
-75
-59
-36
-18
9
24
16
13
10
3
10
35
45
40
29
9
16
28
44
53
58
81
101
95
76
65
71
93
98
76
48
44
62
72
78
90
89
83
66
41
27
34
51
56
55
49
37
22
22
22
22
30
51
55
27
-4
-31
-44
-45
-49
-48
-38
-22
-18
-29
-43
-40
-20
-13
-9
2
19
26
26
31
38
50
50
43
38
47
55
56
42
37
53
65
60
37
17
21
34
53
68
61
56
45
37
36
36
23
3
-19
-35
-34
-30
-35
-53
-64
-61
-56
-61
-68
-70
-78
-95
-99
-95
-97
-108
-132
-157
-168
-161
-148
-138
-131
-130
-119
-100
-92
-88
-85
-80
-82
-95
-102
-90
-72
-73
-86
-99
-94
-73
-46
-27
-12
4
18
31
16
-9
-14
-11
-4
0
4
30
57
60
55
62
72
79
93
112
118
132
161
175
165
140
118
110
118
124
126
128
131
133
140
153
148
133
120
104
104
122
130
121
96
77
73
86
94
78
62
40
22
17
5
-7
-18
-23
-10
10
14
9
1
-9
-21
-38
-63
-75
-89
-104
-115
-136
-144
-133
-121
-122
-137
-151
-163
-185
-219
-235
-238
-234
-224
-215
-202
-182
-158
-142
-125
-111
-77
-33
-17
-14
-6
10
27
49
74
91
102
129
146
144
157
182
207
217
219
208
192
192
197
191
174
160
146
117
86
63
50
45
40
31
24
25
6
-28
-56
-72
-83
-81
-83
-86
-87
-101
-113
-114
-119
-132
-144
-148
-137
-113
-101
-110
-123
-125
-117
-101
-90
-70
-40
-27
-30
-18
15
38
48
37
16
-1
-15
-27
-19
-10
-30
-35
-37
-47
-51
-48
-42
-30
-21
-20
-17
-29
-43
-63
-62
-41
-38
-40
-39
-25
-18
-9
34
93
138
162
171
164
146
134
123
114
115
107
111
124
121
110
97
101
110
111
112
121
119
93
55
23
20
15
-2
-22
-29
-23
-17
-13
-9
15
32
19
-1
-3
21
39
42
58
79
99
113
112
118
120
106
70
31
22
32
33
12
-4
-15
-29
-45
-59
-72
-90
-89
-83
-90
-110
-137
-149
-156
-159
-169
-166
-140
-124
-131
-150
-164
-166
-160
-149
-143
-142
-134
-124
-118
-131
-137
-108
-81
-75
-76
-68
-37
-11
-9
-27
-28
-22
-33
-38
-28
-27
-35
-33
-32
-23
-11
-7
-9
-10
-21
-35
-24
-8
2
11
19
16
14
30
64
93
114
121
100
84
71
89
121
139
155
167
169
159
146
142
135
117
120
159
195
213
212
205
192
162
134
126
132
121
103
85
65
57
59
67
81
91
79
68
81
87
82
72
57
45
13
-21
-34
-29
-42
-69
-77
-64
-47
-54
-80
-103
-108
-104
-99
-104
-115
-118
-135
-158
-176
-180
-177
-188
-196
-189
-169
-169
-183
-200
-204
-216
-235
-234
-229
-225
-228
-210
-188
-168
-155
-137
-111
-82
-57
-39
-24
-12
19
31
28
24
11
7
8
4
16
30
49
76
98
113
113
120
143
161
157
162
183
202
201
194
194
187
191
188
190
176
163
157
149
127
105
113
128
151
150
123
104
101
98
84
61
34
23
28
27
25
20
15
11
0
-5
-4
0
-26
-67
-92
-91
-87
-80
-63
-41
-22
-20
-26
-45
-67
-70
-72
-89
-121
-145
-156
-157
-157
-177
-186
-178
-168
-145
-119
-116
-107
-106
-121
-112
-107
-99
-92
-91
-76
-57
-23
-4
14
38
30
28
36
39
43
48
50
40
45
39
36
52
65
76
87
93
85
73
45
40
35
24
17
-16
-23
-23
-13
-17
-24
-12
6
33
42
39
26
27
49
77
82
63
52
54
56
34
13
3
12
51
57
60
63
62
80
71
66
73
90
88
55
25
1
-16
-23
-22
-16
-15
-15
-22
-19
-4
21
14
-9
-38
-64
-62
-79
-65
-50
-32
0
6
2
-27
-32
-14
2
-3
-13
-17
0
13
4
-13
-10
11
1
-9
-34
-24
-6
-17
-17
-27
-39
-32
-21
-28
-30
-31
-34
-64
-93
-86
-78
-63
-48
-53
-66
-75
-61
-17
7
29
36
29
33
37
48
58
60
58
20
6
26
47
52
18
14
32
12
-12
-56
-81
-92
-113
-118
-131
-105
-62
-55
-55
-74
-70
-49
-44
-49
-77
-86
-57
-34
-25
-27
-26
16
38
66
90
103
136
148
161
159
180
202
208
204
205
195
187
170
162
177
160
155
139
134
117
91
66
46
31
5
-38
-48
-47
-47
-65
-65
-53
-68
-77
-88
-98
-119
-157
-171
-171
-172
-152
-140
-112
-91
-67
-54
-58
-41
-26
15
11
18
27
11
20
10
4
-19
-16
-20
-13
-26
-45
-50
-47
-35
-41
-87
-111
-120
-110
-113
-130
-122
-128
-112
-100
-102
-93
-80
-82
-70
-55
-22
0
-16
-7
2
53
73
75
82
62
90
88
102
111
111
148
138
139
124
114
135
123
140
147
141
162
129
118
97
69
72
43
48
51
28
52
21
17
13
20
33
-6
1
-23
-10
14
12
30
17
20
20
-10
-11
-48
-60
-60
-61
-41
-67
-58
-53
-46
-36
-61
-56
-57
-64
-57
-99
-104
-97
-110
-110
-119
-139
-131
-131
-118
-102
-110
-74
-79
-39
-4
1
7
-11
10
20
38
31
48
23
21
32
52
83
73
75
49
65
85
74
89
70
87
83
72
72
73
86
75
47
34
35
34
36
17
-14
-10
-53
-60
-67
0
1
-41
-57
-50
-35
-78
-126
-147
-122
-85
-75
-107
-116
-113
-99
-114
-121
-101
-82
-48
-36
-16
13
-21
-52
-58
-47
3
17
52
56
90
128
106
110
112
115
108
81
96
124
126
142
129
135
127
107
97
85
111
114
89
73
73
97
100
93
110
92
99
62
38
12
7
5
7
-8
-22
-19
-21
-22
-44
-27
-28
-7
-7
-16
-20
-48
-41
-63
-66
-57
-76
-71
-97
-130
-155
-142
-151
-143
-154
-134
-112
-91
-68
-78
-68
-66
-52
-64
-56
-41
13
32
23
3
0
-10
-12
2
-5
20
35
49
40
35
25
18
-20
-59
-92
-116
-120
-149
-169
-192
-193
-160
-161
-141
-143
-98
-60
-84
-90
-86
-13
11
38
36
35
73
96
133
117
133
141
148
154
156
168
180
178
160
149
131
129
124
95
79
87
106
117
113
107
98
91
79
57
26
27
46
81
80
62
57
51
66
51
34
20
1
4
10
20
26
9
2
-35
-51
-63
-76
-59
-67
-71
-105
-106
-77
-70
-62
-103
-91
-64
-57
-33
-29
4
28
0
-37
-39
8
27
-16
-34
-41
15
35
54
66
74
86
93
97
114
115
121
88
71
32
8
-26
-56
-43
-49
-25
-36
-18
-28
-59
-115
-126
-150
-150
-182
-205
-216
-229
-222
-226
-204
-210
-226
-232
-210
-195
-156
-151
-123
-123
-132
-124
-111
-78
-56
-10
25
43
49
56
91
115
122
114
107
122
102
133
140
155
158
157
182
160
177
167
141
99
79
89
94
84
71
50
60
63
65
72
70
96
102
95
85
77
84
68
67
48
57
38
31
39
41
45
34
29
5
11
28
54
92
81
59
37
18
34
15
-1
-25
-57
-54
-68
-62
-45
-66
-34
-16
5
-17
-30
-37
-30
-32
-40
-39
-21
-27
-42
-42
-47
-11
-62
-64
-89
-113
-95
-111
-104
-133
-126
-117
-123
-130
-135
-151
-134
-148
-92
-88
-85
-89
-99
-93
-83
-80
-92
-82
-97
-47
-79
-57
-64
-25
10
9
26
-1
27
20
55
47
61
103
101
97
45
60
71
75
102
103
101
88
75
76
92
108
114
107
117
135
142
149
120
122
102
89
93
68
101
82
96
93
101
111
106
101
97
91
64
31
16
47
52
57
45
40
34
15
11
34
28
38
39
26
13
16
29
47
56
34
29
15
17
-21
-38
-68
-92
-108
-150
-146
-175
-179
-193
-210
-205
-227
-229
-226
-253
-272
-299
-313
-309
-297
-269
-256
-239
-256
-243
-234
-216
-215
-166
-188
-182
-215
-188
-155
-162
-138
-147
-84
-54
-6
-5
25
40
76
102
135
163
181
191
185
223
216
227
203
218
220
230
246
241
224
242
255
259
271
297
310
265
259
263
278
260
286
269
294
261
276
272
262
223
206
236
219
239
186
176
136
150
156
110
128
96
76
23
16
26
29
-10
-65
-100
-129
-146
-166
-175
-164
-189
-205
-301
-301
-304
-276
-290
-317
-296
-289
-277
-288
-291
-317
-307
-314
-287
-327
-305
-302
-270
-252
-260
-253
-236
-209
-196
-156
-148
-129
-119
-98
-85
-83
-74
-77
-90
-71
-64
-17
-41
-27
-53
-5
34
30
77
47
95
76
105
97
114
147
162
191
201
225
252
197
222
209
215
177
118
127
110
135
111
144
166
178
113
91
94
91
115
86
136
117
126
109
106
147
79
86
30
39
42
5
31
-11
6
-54
-62
-31
-42
-36
-86
-89
-113
-82
-79
-67
-65
-80
-60
-79
-57
-76
-27
-17
29
11
15
34
16
60
21
85
80
128
109
96
114
99
100
82
110
108
146
152
129
100
67
83
43
46
4
0
-7
-9
3
-29
-22
-59
-86
-110
-115
-54
-59
-93
-124
-133
-92
-92
-101
-141
-141
-149
-115
-162
-179
-195
-163
-145
-202
-195
-204
-151
-155
-170
-195
-215
-186
-175
-163
-147
-129
-96
-112
-95
-67
-42
5
1
37
-3
29
17
23
11
27
54
26
37
30
77
75
110
126
148
168
167
187
166
182
163
146
161
145
160
121
133
118
133
136
108
125
101
111
107
96
99
121
141
165
138
120
109
120
128
103
80
47
37
10
18
17
28
29
25
31
19
38
1
2
-22
-5
1
-45
-81
-124
-92
-104
-125
-146
-190
-172
-201
-159
-161
-163
-164
-194
-193
-199
-142
-160
-152
-162
-114
-125
-144
-150
-131
-90
-95
-66
-117
-76
-63
-35
-20
-4
16
12
7
19
47
90
81
64
44
22
14
-26
-13
-5
25
48
56
33
44
38
44
54
27
67
36
76
61
40
43
16
54
80
89
88
50
94
83
89
70
56
82
109
146
117
109
86
72
115
150
119
96
125
123
133
101
94
104
122
127
119
40
37
23
-4
34
45
104
54
4
-37
-47
-66
-77
-78
-80
-77
-70
-55
-62
-69
-72
-73
-74
-62
-74
-84
-108
-98
-119
-115
-152
-154
-155
-166
-132
-150
-106
-116
-73
-68
-85
-83
-85
-76
-121
-103
-130
-88
-113
-103
-61
-87
-30
-83
-73
-99
-53
10
8
17
-50
3
-12
-9
-43
-28
27
33
-15
-80
-55
47
56
47
-29
-12
4
32
57
67
77
76
88
37
57
59
71
30
41
51
80
82
55
55
62
31
13
-6
31
76
85
131
83
79
39
56
85
132
156
120
146
128
171
130
111
102
119
149
154
135
128
118
85
55
61
89
83
57
9
-5
40
50
19
-7
-30
33
0
62
19
41
29
2
-15
-45
-54
-100
-60
-43
-32
-69
-101
-119
-119
-134
-128
-182
-145
-152
-180
-172
-175
-192
-162
-182
-155
-155
-177
-145
-189
-172
-168
-143
-127
-150
-135
-115
-83
-50
-68
-20
-1
41
45
21
36
-5
22
8
50
24
47
72
104
154
106
140
114
139
144
137
78
42
44
66
92
79
32
54
69
81
48
-12
-17
-43
-44
-83
-86
-51
34
49
29
8
-21
44
7
22
19
38
102
69
62
39
43
20
-29
-59
-22
53
34
87
90
113
78
-22
-77
-129
-111
-119
-84
-40
17
21
-64
-66
-55
-33
-2
8
82
120
131
143
108
58
40
-30
15
59
107
183
124
166
110
100
43
3
17
17
33
-11
-40
-92
-85
-120
-122
-149
-180
-197
-234
-186
-194
-190
-191
-165
-87
-74
-47
-43
-46
13
56
48
35
15
4
14
-50
-58
-69
-38
34
53
70
7
3
-33
-45
-84
-133
-96
-84
-26
6
-3
-25
-11
31
48
54
51
42
95
110
69
32
19
99
158
175
175
174
205
212
164
103
106
114
128
158
147
181
198
184
135
115
115
94
74
96
100
85
89
44
9
-63
-100
-107
-57
37
36
28
-8
8
-6
-51
-77
-75
-81
-98
-84
-66
-33
-67
-82
-127
-159
-140
-155
-168
-213
-222
-206
-212
-226
-191
-171
-212
-238
-283
-239
-165
-117
-134
-191
-208
-201
-204
-275
-279
-235
-141
-78
-79
-73
-77
-43
-42
-62
-52
-27
41
82
36
12
42
69
79
71
83
94
73
71
39
41
44
71
90
146
216
233
215
215
262
281
274
278
309
299
245
178
186
186
174
188
213
259
248
231
217
207
203
172
139
110
136
152
164
143
102
76
59
48
44
35
29
22
0
-51
-73
-90
-104
-62
-66
-33
-67
-106
-105
-86
-53
-71
-77
-84
-89
-109
-132
-160
-180
-198
-201
-205
-226
-227
-218
-203
-224
-240
-260
-253
-208
-185
-150
-116
-134
-129
-128
-123
-145
-154
-141
-139
-138
-149
-121
-98
-70
-97
-68
-16
33
69
94
115
117
106
83
107
113
108
79
96
145
150
135
122
128
131
114
78
46
43
14
-27
-50
-63
-35
-17
-1
34
41
71
79
55
41
9
0
3
11
17
15
29
41
46
39
63
101
135
154
160
158
156
123
55
-8
-37
-14
-34
-22
-6
31
62
25
-10
-12
1
-26
-57
-82
-63
-25
-30
-61
-70
-51
-27
0
6
7
14
17
18
29
38
51
66
90
105
103
107
85
71
35
-13
-49
-69
-75
-85
-97
-109
-121
-140
-128
-103
-103
-134
-178
-179
-196
-228
-265
-271
-237
-209
-192
-184
-143
-96
-52
-14
20
49
52
42
23
24
62
77
63
55
96
156
192
165
128
125
114
113
118
140
151
164
168
172
204
233
243
235
241
244
244
221
217
226
228
234
240
296
358
392
381
355
324
295
226
134
92
107
132
118
160
345
604
695
690
719
843
859
601
273
61
-83
-481
-1100
-1607
-1807
-1922
-2215
-2485
-2473
-2163
-1860
-1689
-1504
-1173
-824
-680
-648
-598
-418
-342
-478
-646
-612
-390
-229
-141
28
403
815
1100
1271
1467
1659
1704
1577
1370
1208
1026
748
396
108
-64
-220
-372
-460
-437
-342
-277
-231
-105
99
242
302
362
494
616
683
734
807
944
1044
1091
1095
1105
1115
1084
972
821
714
607
459
273
139
57
-52
-163
-245
-251
-256
-247
-200
-55
119
273
551
971
1313
1367
1415
1588
1756
1488
974
616
429
-51
-1044
-1949
-2380
-2489
-2915
-3590
-3966
-3739
-3382
-3331
-3393
-3191
-2713
-2410
-2363
-2314
-1935
-1410
-1133
-1036
-815
-214
508
1013
1314
1701
2270
2786
3063
3108
3158
3173
2993
2515
1939
1484
1049
437
-326
-972
-1372
-1629
-1917
-2160
-2200
-2033
-1806
-1572
-1278
-895
-454
-85
220
531
890
1231
1467
1667
1913
2218
2457
2584
2649
2728
2733
2542
2254
1995
1753
1356
867
434
118
-210
-617
-984
-1187
-1256
-1402
-1589
-1679
-1603
-1510
-1445
-1343
-1095
-725
-384
-47
341
880
1513
2140
2623
2856
3046
3223
3316
2991
2317
1627
1059
305
-894
-2129
-2981
-3417
-4012
-4790
-5276
-5135
-4715
-4551
-4537
-4299
-3678
-3132
-2890
-2733
-2340
-1705
-1249
-1033
-735
-26
890
1579
2048
2599
3383
4081
4443
4533
4568
4542
4239
3604
2769
1951
1119
114
-1016
-1982
-2619
-3068
-3526
-3874
-3892
-3590
-3184
-2776
-2251
-1569
-890
-318
207
767
1323
1767
2081
2365
2724
3076
3301
3393
3481
3583
3570
3314
2936
2581
2189
1674
1067
522
49
-435
-976
-1472
-1798
-2009
-2199
-2378
-2396
-2246
-2017
-1775
-1450
-1005
-484
77
676
1305
1999
2736
3382
3778
3938
4006
3979
3701
3057
2336
1641
821
-405
-1719
-2692
-3292
-3936
-4820
-5479
-5596
-5301
-5126
-5062
-4860
-4381
-3856
-3455
-3079
-2575
-1947
-1400
-1012
-600
42
901
1657
2163
2621
3252
3920
4313
4394
4336
4232
3910
3303
2465
1591
745
-209
-1302
-2326
-3066
-3553
-3943
-4266
-4358
-4105
-3639
-3147
-2569
-1851
-1056
-297
399
1022
1620
2190
2653
2987
3242
3491
3730
3872
3854
3772
3681
3484
3104
2646
2188
1684
1079
429
-127
-598
-1046
-1489
-1830
-2021
-2139
-2209
-2191
-2047
-1819
-1552
-1228
-810
-247
386
1041
1727
2495
3240
3731
3997
4166
4349
4225
3674
2882
2130
1301
42
-1421
-2642
-3447
-4303
-5287
-6045
-6180
-5893
-5683
-5592
-5376
-4799
-4147
-3640
-3252
-2780
-2164
-1612
-1225
-832
-202
592
1304
1852
2378
3063
3802
4382
4669
4741
4733
4575
4144
3374
2439
1491
446
-782
-2003
-2959
-3638
-4223
-4723
-4874
-4602
-4098
-3545
-2881
-2040
-1130
-282
485
1196
1847
2395
2801
3082
3341
3629
3881
3994
4008
4051
4103
3991
3654
3244
2868
2419
1804
1092
439
-146
-773
-1386
-1898
-2233
-2417
-2538
-2604
-2550
-2320
-1967
-1600
-1243
-760
-99
747
1633
2453
3069
3541
3957
4284
4335
3996
3503
2883
2075
810
-566
-1713
-2596
-3627
-4897
-5840
-6134
-5992
-5974
-6046
-5933
-5443
-4900
-4508
-4138
-3613
-2963
-2465
-2102
-1644
-900
-18
721
1280
1890
2741
3653
4405
4901
5230
5477
5570
5334
4710
3908
3061
2036
690
-827
-2134
-3120
-4032
-4926
-5540
-5623
-5307
-4842
-4223
-3348
-2263
-1175
-216
629
1421
2132
2681
3046
3277
3491
3692
3805
3838
3898
4034
4110
3990
3728
3454
3139
2666
2055
1387
700
-63
-844
-1544
-2102
-2561
-2958
-3207
-3319
-3173
-2908
-2488
-2016
-1439
-752
88
1141
2166
3074
3648
4283
4805
5080
4829
4403
4009
3372
2213
543
-787
-1739
-2637
-4032
-5378
-6057
-6034
-5920
-6077
-6100
-5742
-5106
-4672
-4403
-3965
-3269
-2606
-2253
-1982
-1420
-502
384
949
1413
2125
3154
4089
4705
5106
5544
5969
6066
5672
4968
4284
3556
2381
723
-932
-2137
-3150
-4405
-5726
-6452
-6462
-6234
-6030
-5560
-4500
-3148
-1943
-969
72
1226
2213
2760
3039
3394
3817
3998
3830
3682
3820
4006
3924
3641
3465
3411
3180
2688
2112
1623
1076
327
-542
-1271
-1810
-2344
-2942
-3444
-3630
-3573
-3438
-3265
-2920
-2330
-1560
-598
627
1952
3065
3905
4793
5615
6077
5932
5598
5236
4532
3100
1297
-80
-1140
-2421
-4212
-5654
-6273
-6274
-6364
-6619
-6582
-6095
-5471
-5117
-4825
-4331
-3655
-3152
-2919
-2656
-2060
-1150
-292
273
815
1704
2927
4003
4709
5206
5817
6457
6747
6541
6070
5605
4929
3713
2050
470
-787
-2062
-3616
-5160
-6151
-6514
-6666
-6777
-6555
-5726
-4538
-3376
-2292
-1058
328
1523
2305
2857
3450
4007
4243
4150
4050
4134
4228
4082
3821
3703
3708
3583
3229
2826
2476
2051
1430
682
13
-609
-1323
-2136
-2819
-3267
-3528
-3733
-3864
-3835
-3551
-3017
-2187
-1009
287
1486
2489
3623
4713
5452
5541
5513
5583
5261
3963
2081
713
-161
-1352
-3366
-5190
-6013
-6021
-6164
-6603
-6715
-6230
-5567
-5196
-4919
-4412
-3668
-3093
-2954
-2923
-2480
-1583
-766
-376
-78
687
1979
3174
3896
4411
5213
6144
6663
6583
6316
6215
5903
4852
3239
1765
630
-706
-2492
-4239
-5370
-5985
-6532
-6980
-6939
-6252
-5299
-4348
-3329
-2003
-488
853
1792
2534
3328
4013
4280
4155
4097
4249
4323
4060
3708
3626
3714
3610
3288
3033
2891
2619
2054
1396
859
316
-434
-1374
-2175
-2739
-3203
-3716
-4163
-4334
-4226
-3932
-3491
-2603
-1337
26
1095
2123
3396
4680
5396
5500
5659
5817
5399
3911
2202
1036
158
-1355
-3456
-5053
-5643
-5706
-6069
-6563
-6649
-6117
-5467
-5122
-4858
-4331
-3596
-3152
-3106
-3035
-2484
-1595
-969
-735
-390
627
2022
3122
3760
4411
5386
6329
6754
6660
6528
6481
6064
4900
3350
2043
924
-519
-2388
-4059
-5040
-5586
-6165
-6721
-6743
-6083
-5096
-4229
-3380
-2212
-771
512
1381
2138
3006
3773
4049
4011
4131
4453
4532
4190
3831
3787
3853
3653
3236
2901
2701
2350
1746
1112
618
64
-742
-1647
-2302
-2711
-3108
-3652
-4090
-4151
-3937
-3651
-3346
-2587
-1360
-21
969
1859
3064
4360
5136
5279
5515
5841
5649
4334
2720
1665
891
-558
-2710
-4432
-5171
-5389
-5917
-6597
-6873
-6517
-5974
-5640
-5362
-4831
-4041
-3450
-3242
-3032
-2339
-1321
-624
-397
-95
821
2111
3100
3647
4181
5042
5955
6453
6472
6377
6363
6052
5091
3695
2429
1314
-81
-1900
-3644
-4769
-5461
-6159
-6895
-7160
-6665
-5768
-4995
-4272
-3145
-1640
-292
624
1447
2434
3293
3628
3654
3845
4214
4303
3956
3628
3649
3793
3655
3259
2938
2793
2607
2151
1524
948
433
-248
-1091
-1869
-2413
-2880
-3424
-3924
-4181
-4121
-3888
-3522
-2905
-1866
-606
585
1669
2902
4205
5191
5662
5967
6327
6343
5453
3970
2767
1944
759
-1197
-3140
-4268
-4655
-5107
-5815
-6316
-6249
-5862
-5595
-5404
-5004
-4355
-3778
-3473
-3263
-2756
-1920
-1159
-777
-461
323
1559
2713
3458
4028
4805
5797
6553
6779
6678
6611
6501
5852
4583
3178
1987
682
-1100
-3060
-4514
-5420
-6270
-7258
-7916
-7789
-7095
-6353
-5666
-4674
-3248
-1739
-553
438
1493
2543
3250
3568
3834
4239
4514
4380
4037
3899
4010
3946
3557
3160
3009
2855
2392
1729
1175
735
85
-811
-1702
-2345
-2890
-3525
-4191
-4626
-4716
-4569
-4313
-3923
-3096
-1809
-349
861
2021
3392
4798
5734
6124
6554
6984
6824
5563
4036
2992
2217
753
-1436
-3276
-4172
-4500
-5106
-5895
-6347
-6172
-5790
-5587
-5442
-5016
-4316
-3780
-3584
-3369
-2730
-1779
-1037
-713
-323
640
2011
3147
3784
4326
5287
6450
7136
7130
6972
7032
6841
5920
4502
3174
1977
467
-1488
-3403
-4775
-5683
-6529
-7400
-7949
-7853
-7166
-6325
-5541
-4588
-3230
-1717
-492
492
1528
2592
3347
3693
3926
4279
4569
4518
4243
4048
3987
3867
3594
3281
2986
2670
2267
1762
1164
469
-309
-1106
-1878
-2618
-3306
-3910
-4392
-4733
-4845
-4711
-4363
-3837
-3010
-1712
-161
1247
2376
3640
5047
6177
6669
6914
7224
7197
6173
4532
3281
2487
1249
-886
-2981
-4161
-4547
-5071
-5923
-6586
-6594
-6178
-5849
-5666
-5356
-4756
-4112
-3725
-3507
-3015
-2088
-1167
-705
-413
365
1708
2951
3674
4153
4961
6025
6750
6824
6636
6593
6439
5718
4418
3036
1786
434
-1333
-3265
-4829
-5839
-6644
-7543
-8245
-8311
-7676
-6772
-5924
-5052
-3778
-2155
-680
442
1467
2577
3489
3958
4168
4463
4799
4800
4433
4089
3996
3950
3685
3271
2890
2609
2301
1833
1176
497
-118
-799
-1639
-2501
-3162
-3648
-4122
-4591
-4818
-4644
-4209
-3710
-3059
-1909
-287
1339
2590
3730
5088
6431
7216
7443
7584
7641
7065
5565
3948
2819
1786
12
-2204
-3859
-4567
-4951
-5655
-6425
-6729
-6408
-5939
-5634
-5377
-4890
-4207
-3649
-3366
-3063
-2361
-1397
-724
-410
80
1154
2454
3405
3972
4584
5492
6379
6796
6718
6516
6340
5899
4881
3453
2034
685
-894
-2780
-4543
-5779
-6623
-7413
-8152
-8429
-8052
-7210
-6280
-5349
-4195
-2706
-1152
123
1193
2244
3226
3851
4123
4330
4598
4737
4519
4117
3858
3781
3621
3275
2866
2523
2213
1822
1279
642
-29
-733
-1494
-2274
-3025
-3660
-4188
-4635
-4934
-4911
-4540
-3994
-3363
-2519
-1130
580
2177
3336
4506
5881
7120
7613
7595
7643
7616
6768
4988
3356
2302
1230
-739
-2978
-4412
-4857
-5186
-5888
-6580
-6715
-6299
-5852
-5569
-5277
-4716
-4017
-3519
-3316
-3029
-2286
-1320
-727
-469
54
1222
2599
3527
3969
4559
5592
6561
6835
6537
6270
6162
5696
4500
2940
1557
325
-1245
-3151
-4829
-5867
-6558
-7335
-8050
-8150
-7457
-6482
-5677
-4852
-3544
-1874
-425
579
1482
2564
3520
3989
4129
4381
4776
4867
4519
4085
3927
3899
3642
3143
2647
2331
2055
1569
899
236
-307
-870
-1590
-2385
-2995
-3366
-3698
-4122
-4393
-4220
-3768
-3301
-2845
-2094
-950
535
1994
3225
4271
5417
6619
7411
7544
7440
7487
7282
6053
4093
2562
1704
485
-1764
-3987
-5096
-5302
-5750
-6624
-7208
-7008
-6416
-6016
-5759
-5301
-4542
-3834
-3401
-3140
-2659
-1805
-919
-429
-186
382
1485
2614
3285
3638
4204
5108
5872
6037
5776
5572
5396
4788
3549
2115
878
-323
-1889
-3730
-5269
-6189
-6764
-7352
-7816
-7730
-6995
-5982
-5035
-4036
-2721
-1176
192
1188
2087
3082
3904
4250
4327
4482
4672
4595
4202
3821
3656
3532
3208
2758
2408
2180
1858
1329
725
233
-228
-840
-1605
-2269
-2687
-2998
-3384
-3770
-3876
-3629
-3208
-2782
-2213
-1398
-352
868
2212
3481
4505
5421
6320
7041
7228
7050
6865
6587
5550
3698
2043
1117
188
-1688
-3879
-5169
-5364
-5500
-6186
-6804
-6712
-6127
-5704
-5477
-5109
-4461
-3801
-3375
-3129
-2737
-1981
-1059
-447
-220
177
1217
2526
3375
3665
4042
4910
5793
6037
5710
5387
5209
4694
3516
2031
770
-341
-1738
-3459
-4945
-5730
-6095
-6564
-7105
-7117
-6312
-5156
-4281
-3597
-2545
-1012
380
1214
1807
2593
3427
3864
3880
3910
4159
4293
4019
3597
3434
3454
3282
2791
2264
1949
1714
1275
598
-68
-538
-1003
-1642
-2330
-2786
-2991
-3184
-3482
-3640
-3374
-2797
-2253
-1818
-1217
-331
671
1700
2821
3926
4707
5237
5820
6395
6527
6178
5790
5464
4667
3056
1475
544
-250
-1852
-3858
-5121
-5384
-5530
-6166
-6801
-6873
-6410
-5963
-5632
-5234
-4633
-3978
-3400
-2926
-2388
-1625
-727
-74
269
735
1694
2818
3501
3718
4003
4651
5262
5360
4969
4562
4282
3774
2755
1469
303
-711
-1826
-3137
-4352
-5118
-5473
-5781
-6124
-6119
-5481
-4452
-3545
-2885
-2038
-749
567
1380
1875
2527
3332
3841
3889
3842
4012
4190
3984
3528
3288
3316
3156
2594
1957
1605
1420
1021
339
-298
-718
-1098
-1576
-2086
-2426
-2543
-2595
-2699
-2743
-2467
-1906
-1373
-1019
-595
101
912
1508
2009
2789
3755
4422
4646
4921
5433
5746
5420
4899
4635
4343
3248
1543
216
-494
-1437
-3182
-4944
-5821
-5917
-6126
-6688
-7050
-6764
-6156
-5645
-5228
-4654
-3851
-3025
-2366
-1856
-1298
-537
292
827
1022
1294
2004
2853
3280
3258
3354
3853
4331
4239
3720
3321
3108
2645
1661
489
-467
-1256
-2206
-3407
-4481
-5030
-5152
-5250
-5425
-5308
-4578
-3475
-2566
-1944
-1146
86
1291
1980
2369
2923
3589
3913
3850
3803
3943
3955
3575
3069
2795
2690
2414
1901
1360
966
705
418
-2
-486
-848
-1064
-1304
-1626
-1872
-1938
-1915
-1977
-2025
-1829
-1389
-1013
-825
-562
-32
621
1119
1427
1749
2388
3282
4004
4259
4293
4510
4904
4904
4390
3857
3570
2948
1476
-129
-1044
-1577
-2837
-4703
-6050
-6221
-5978
-6187
-6630
-6569
-5870
-5107
-4517
-3951
-3251
-2552
-1975
-1546
-1129
-621
20
509
690
806
1304
2185
2905
3118
3158
3606
4341
4712
4450
4005
3753
3473
2746
1587
433
-514
-1469
-2632
-3813
-4619
-4956
-5085
-5239
-5263
-4804
-3803
-2735
-1973
-1301
-284
988
1959
2403
2684
3170
3643
3710
3468
3321
3351
3232
2813
2371
2166
2085
1847
1423
1033
830
681
378
-80
-514
-812
-1084
-1460
-1862
-2125
-2243
-2322
-2412
-2388
-2137
-1691
-1249
-826
-280
403
1066
1567
1960
2408
3086
3810
4230
4235
4198
4400
4576
4263
3617
3194
2986
2262
736
-692
-1336
-1791
-3080
-4818
-5857
-5861
-5723
-6086
-6527
-6371
-5688
-5062
-4671
-4267
-3608
-2817
-2131
-1738
-1426
-835
75
772
990
1158
1878
2965
3668
3754
3791
4289
4891
4939
4381
3798
3448
2952
1941
609
-582
-1494
-2402
-3508
-4593
-5197
-5211
-5024
-5001
-4931
-4341
-3185
-2014
-1262
-668
278
1463
2286
2598
2813
3273
3700
3742
3570
3566
3701
3623
3289
2974
2826
2668
2321
1835
1345
896
453
-28
-565
-1106
-1552
-1869
-2132
-2386
-2496
-2398
-2194
-2006
-1718
-1254
-710
-246
202
757
1356
1793
2037
2259
2497
2651
2642
2745
3043
3359
3306
3069
3041
3215
3103
2629
2236
1997
1382
15
-1362
-2130
-2633
-3858
-5573
-6706
-6753
-6527
-6713
-6965
-6674
-5898
-5188
-4578
-3826
-2845
-1967
-1333
-843
-263
421
1138
1650
1862
1952
2319
3001
3549
3644
3525
3635
3913
3924
3484
2949
2528
2003
1108
41
-904
-1709
-2543
-3449
-4244
-4694
-4763
-4608
-4396
-4079
-3407
-2342
-1232
-407
291
1211
2265
2992
3275
3480
3833
4098
4032
3815
3690
3593
3289
2791
2343
2054
1743
1251
649
113
-281
-618
-967
-1342
-1673
-1852
-1873
-1840
-1744
-1538
-1263
-1038
-874
-609
-164
307
562
690
953
1346
1654
1786
1865
1994
2091
2096
2088
2256
2576
2734
2561
2314
2303
2431
2231
1722
1224
799
3
-1278
-2460
-3116
-3733
-4984
-6396
-7033
-6730
-6358
-6374
-6356
-5736
-4704
-3765
-3017
-2267
-1465
-766
-195
272
679
1103
1567
1905
2032
2118
2514
3123
3523
3505
3435
3634
3856
3672
3050
2357
1745
997
-73
-1262
-2269
-3074
-3830
-4537
-5016
-5070
-4708
-4134
-3524
-2791
-1746
-438
777
1643
2351
3198
4009
4356
4263
4178
4258
4151
3703
3233
2983
2769
2359
1860
1511
1278
931
426
-88
-485
-809
-1164
-1585
-1991
-2226
-2258
-2221
-2175
-2010
-1606
-1115
-752
-438
80
773
1323
1557
1681
1953
2270
2344
2175
2000
1917
1752
1380
917
622
509
482
488
501
500
464
492
573
537
295
15
-245
-860
-1989
-3036
-3508
-3823
-4727
-5900
-6332
-5743
-5018
-4751
-4473
-3603
-2423
-1579
-989
-312
452
892
980
955
1029
1208
1372
1351
1159
1047
1267
1725
1990
1907
1835
2076
2346
2209
1728
1325
1050
564
-290
-1150
-1706
-2096
-2577
-3071
-3254
-2970
-2428
-1866
-1271
-493
546
1641
2522
3113
3576
4060
4395
4337
3966
3555
3225
2795
2170
1538
1112
758
286
-190
-465
-606
-820
-1117
-1369
-1506
-1619
-1716
-1718
-1607
-1434
-1183
-810
-358
88
525
986
1372
1581
1681
1779
1818
1685
1411
1164
939
622
194
-147
-316
-446
-719
-1018
-1191
-1222
-1273
-1377
-1275
-905
-544
-431
-310
73
593
771
716
815
1069
785
-156
-926
-988
-1005
-1847
-2988
-3371
-2868
-2498
-2662
-2815
-2445
-1964
-1841
-1902
-1765
-1522
-1499
-1653
-1748
-1622
-1303
-834
-386
-72
231
908
1908
2709
2977
3095
3482
3897
3815
3279
2798
2447
1858
903
-5
-529
-843
-1281
-1778
-2014
-1845
-1430
-983
-591
-194
321
905
1325
1474
1507
1606
1633
1358
911
657
632
526
217
28
186
458
555
561
692
930
1048
932
764
702
651
474
209
-32
-181
-262
-346
-463
-522
-451
-308
-267
-370
-467
-452
-412
-517
-722
-841
-852
-908
-1060
-1159
-1113
-1029
-1019
-1015
-923
-774
-677
-612
-459
-129
431
1159
1810
2246
2640
3181
3690
3806
3573
3320
2986
1958
293
-1105
-1702
-2402
-3934
-5562
-6044
-5458
-5039
-5152
-5026
-4179
-3242
-2739
-2387
-1702
-967
-625
-592
-440
8
649
1321
1871
2247
2646
3382
4327
4952
4971
4834
4878
4763
4024
2895
1944
1188
140
-1281
-2508
-3145
-3443
-3820
-4200
-4248
-3864
-3206
-2493
-1824
-1169
-441
347
975
1295
1498
1892
2325
2448
2303
2321
2615
2793
2661
2454
2401
2316
1971
1459
1015
603
24
-678
-1296
-1766
-2186
-2533
-2705
-2714
-2621
-2423
-2100
-1696
-1273
-864
-467
-132
128
370
640
846
880
856
939
1071
1064
948
895
912
836
620
400
285
140
-189
-570
-790
-859
-848
-614
51
908
1485
1777
2239
2958
3341
3132
2790
2669
2136
605
-1145
-1916
-2016
-2808
-4385
-5312
-4657
-3491
-3096
-3158
-2641
-1636
-1102
-1235
-1341
-1053
-869
-1131
-1507
-1543
-1147
-439
363
1041
1562
2241
3267
4198
4402
3989
3649
3461
2821
1517
245
-474
-1019
-1910
-2914
-3378
-3197
-2842
-2674
-2596
-2311
-1745
-1140
-772
-619
-390
49
435
497
434
723
1396
1911
1994
2067
2418
2749
2671
2296
1975
1704
1187
398
-279
-633
-843
-1102
-1270
-1208
-947
-586
-199
127
324
414
460
458
334
127
-45
-133
-208
-245
-126
130
343
469
621
790
814
617
357
158
-42
-359
-707
-861
-794
-658
-505
-228
182
642
1006
1293
1621
2176
2993
3677
3829
3595
3555
3793
3623
2678
1660
1150
440
-1392
-3559
-4523
-4452
-5061
-6733
-7760
-6901
-5286
-4616
-4671
-4107
-2798
-1841
-1660
-1556
-954
-217
169
298
624
1376
2437
3390
3836
3806
3868
4294
4476
3716
2343
1317
764
-82
-1558
-2893
-3383
-3415
-3800
-4499
-4755
-4287
-3653
-3392
-3363
-3073
-2347
-1459
-767
-234
550
1800
3134
3956
4395
5030
5914
6344
5947
5215
4756
4349
3395
1995
861
263
-312
-1127
-1797
-1920
-1718
-1653
-1796
-1843
-1728
-1661
-1818
-2007
-1985
-1825
-1667
-1507
-1148
-453
450
1252
1861
2451
3131
3674
3775
3522
3218
2931
2448
1699
976
527
234
-147
-563
-713
-654
-715
-940
-1120
-1134
-1130
-1318
-1647
-1852
-1812
-1486
-807
252
1274
1864
2137
2540
2957
2883
2313
1736
1191
-48
-2022
-3522
-3622
-3360
-4120
-5320
-5165
-3470
-1977
-1748
-1929
-1488
-904
-1156
-2033
-2511
-2398
-2317
-2577
-2654
-2035
-790
500
1340
1681
1852
2169
2372
1892
700
-413
-875
-1078
-1621
-2228
-2081
-1134
-263
74
330
962
1630
1778
1419
1060
993
1039
966
839
1045
1807
2844
3595
3833
3903
4125
4201
3567
2321
1151
327
-501
-1524
-2276
-2290
-1815
-1461
-1254
-735
139
853
1006
784
524
294
-35
-455
-725
-631
-255
221
780
1506
2343
2984
3103
2760
2307
1821
1088
59
-915
-1486
-1715
-1823
-1829
-1535
-1011
-599
-434
-361
-319
-465
-819
-1226
-1493
-1553
-1413
-1121
-672
-109
531
1140
1516
1602
1675
2031
2367
2145
1359
749
510
213
-437
-823
-660
-786
-1967
-3487
-3897
-3436
-3645
-5064
-6154
-5669
-4265
-3461
-3390
-3089
-2256
-1595
-1514
-1517
-1111
-582
-486
-701
-595
278
1501
2353
2548
2566
2946
3613
3882
3404
2628
2191
2089
1762
1135
687
703
793
513
61
-105
-12
-130
-668
-1271
-1436
-1120
-710
-494
-287
315
1286
2184
2662
2889
3183
3483
3475
3085
2600
2249
1878
1288
695
485
563
514
171
-189
-267
-183
-291
-661
-982
-1078
-1072
-1140
-1229
-1194
-1028
-885
-822
-687
-339
110
400
470
538
794
1092
1243
1208
1116
1064
1004
810
478
170
-137
-494
-886
-1178
-1368
-1578
-1852
-2125
-2305
-2414
-2495
-2510
-2410
-2232
-2098
-2028
-1913
-1762
-1658
-1564
-1184
-356
800
1738
2095
2168
2431
2766
2688
2256
1940
1669
820
-572
-1547
-1555
-1480
-2336
-3625
-3894
-2898
-1911
-1885
-2383
-2571
-2476
-2623
-2974
-2916
-2311
-1652
-1233
-615
707
2477
3873
4350
4172
4008
4116
4093
3462
2425
1626
1350
1294
1166
1145
1395
1602
1307
575
-84
-445
-885
-1728
-2650
-3036
-2651
-1824
-946
-99
897
2026
3002
3560
3723
3650
3358
2805
2090
1511
1233
1095
873
658
725
1012
1071
622
-80
-623
-977
-1465
-2108
-2541
-2546
-2354
-2157
-1789
-1154
-529
-277
-284
-228
-92
-139
-460
-827
-972
-889
-734
-528
-246
9
123
131
80
-42
-298
-709
-1213
-1624
-1778
-1652
-1397
-1188
-1028
-718
-195
318
586
641
576
476
482
552
576
511
447
381
283
189
171
419
990
1517
1565
1303
1247
1378
1151
492
38
51
-206
-1347
-2631
-2846
-2221
-2178
-3181
-3908
-3216
-1808
-1132
-1335
-1464
-1088
-829
-1148
-1452
-984
30
659
748
1157
2514
4159
4936
4604
4011
3838
3812
3227
2050
972
437
148
-289
-662
-533
-118
-146
-776
-1388
-1482
-1372
-1650
-2303
-2729
-2509
-1832
-1128
-471
357
1389
2272
2762
3050
3331
3398
2985
2272
1703
1444
1222
800
296
-95
-385
-761
-1284
-1821
-2292
-2786
-3365
-3819
-3925
-3733
-3465
-3184
-2735
-2015
-1140
-319
358
894
1343
1770
2139
2418
2609
2700
2703
2671
2677
2697
2622
2345
1902
1441
995
522
10
-518
-1037
-1482
-1766
-1865
-1833
-1809
-1845
-1842
-1719
-1516
-1306
-1122
-975
-835
-664
-467
-230
76
337
447
494
615
671
529
302
185
241
480
848
1202
1368
1407
1457
1407
1152
891
756
436
-428
-1450
-1817
-1517
-1398
-1857
-2224
-1844
-1060
-627
-634
-676
-639
-802
-1262
-1665
-1581
-1129
-789
-765
-607
143
1211
1886
1894
1662
1574
1533
1263
790
386
204
121
34
79
441
940
1121
822
401
159
-58
-493
-1086
-1593
-1900
-1997
-1871
-1548
-1079
-549
-83
278
635
1043
1329
1300
1060
882
828
812
844
995
1193
1314
1353
1401
1457
1399
1148
769
399
120
-96
-274
-417
-477
-408
-293
-181
-26
191
364
392
316
232
197
187
142
82
86
165
243
299
341
326
200
-1
-172
-298
-464
-706
-941
-1105
-1192
-1222
-1177
-1055
-921
-843
-821
-747
-625
-534
-521
-542
-506
-404
-313
-259
-195
-110
-8
73
117
123
122
140
132
66
-4
-36
-55
-125
-215
-247
-215
-144
-50
114
321
509
612
606
518
470
506
445
143
-229
-401
-380
-388
-486
-546
-504
-407
-342
-306
-258
-261
-402
-684
-973
-1140
-1178
-1193
-1230
-1183
-945
-562
-166
182
508
817
1030
1099
1117
1208
1293
1241
1098
1058
1189
1364
1423
1358
1248
1138
993
754
455
157
-66
-233
-378
-459
-395
-208
-15
120
230
352
465
520
481
378
270
242
274
306
391
577
809
943
921
875
866
802
528
88
-353
-684
-933
-1194
-1436
-1563
-1545
-1460
-1365
-1276
-1208
-1161
-1159
-1203
-1276
-1310
-1237
-1077
-868
-629
-280
176
610
919
1130
1334
1487
1465
1268
1016
810
631
424
224
125
128
111
-2
-149
-267
-371
-523
-787
-1086
-1280
-1349
-1378
-1381
-1286
-1082
-784
-453
-130
164
420
659
868
1029
1121
1172
1182
1113
955
794
704
622
411
122
-88
-197
-334
-527
-662
-716
-773
-888
-955
-872
-696
-546
-402
-210
37
311
584
770
843
914
998
982
809
596
440
264
-16
-323
-506
-562
-647
-745
-788
-791
-763
-705
-595
-462
-334
-208
-142
-72
68
217
381
531
678
861
1050
1163
1196
1197
1158
1033
857
663
442
200
-70
-304
-459
-557
-640
-746
-826
-823
-791
-781
-764
-733
-710
-674
-540
-304
-74
108
295
509
716
897
1075
1198
1180
1063
945
818
647
455
279
127
-5
-73
-64
-17
16
-8
-76
-143
-220
-306
-377
-461
-599
-747
-808
-724
-572
-463
-396
-279
-96
94
252
367
454
501
525
544
545
498
421
311
165
9
-138
-262
-406
-597
-809
-1007
-1175
-1280
-1336
-1346
-1298
-1195
-1035
-834
-585
-323
-84
120
322
495
617
681
724
771
801
793
717
636
585
540
425
244
58
-77
-185
-354
-573
-722
-744
-746
-795
-817
-707
-502
-322
-209
-83
109
290
366
375
426
546
633
621
608
665
758
785
745
695
647
548
351
111
-106
-301
-480
-626
-736
-790
-747
-608
-458
-340
-200
-13
162
239
250
289
378
444
458
465
509
582
660
720
738
742
753
730
647
546
468
399
305
187
117
97
62
21
-7
-48
-104
-165
-242
-355
-477
-571
-612
-625
-629
-592
-492
-347
-246
-200
-126
18
147
160
97
59
63
43
-29
-88
-75
-53
-68
-87
-87
-50
1
16
-23
-80
-97
-109
-161
-225
-277
-314
-344
-397
-437
-427
-402
-400
-392
-345
-278
-209
-145
-80
-16
40
84
103
76
12
-48
-88
-135
-190
-232
-222
-209
-241
-260
-230
-178
-156
-161
-148
-108
-85
-87
-92
-83
-73
-68
-55
-49
-41
-8
35
68
110
192
286
329
357
405
475
524
506
489
503
481
399
308
241
183
100
17
-26
-8
15
13
49
134
193
197
175
158
170
179
186
190
210
269
351
424
463
497
540
558
524
454
348
229
131
51
-35
-146
-243
-283
-305
-362
-428
-461
-484
-544
-634
-710
-726
-704
-692
-675
-632
-541
-384
-177
29
215
407
620
785
885
950
976
962
875
747
628
537
438
300
139
-9
-111
-179
-237
-317
-401
-451
-460
-477
-509
-527
-520
-515
-531
-528
-490
-434
-400
-381
-379
-415
-492
-544
-543
-521
-488
-432
-382
-325
-243
-134
-47
-30
-36
-14
15
4
-30
-60
-78
-99
-127
-118
-57
25
94
165
257
344
400
424
441
474
503
485
420
347
311
309
280
234
192
147
65
-38
-129
-171
-165
-163
-177
-188
-156
-62
35
98
129
130
109
88
85
99
104
117
144
171
218
282
350
381
369
322
241
132
28
-58
-126
-161
-148
-89
-23
50
129
173
177
179
186
180
162
163
178
183
174
180
214
248
253
229
182
134
80
14
-66
-163
-286
-411
-512
-577
-599
-607
-604
-591
-564
-506
-427
-337
-249
-151
-53
30
66
84
130
193
246
253
244
237
244
246
216
176
120
66
43
18
-40
-111
-159
-186
-226
-283
-333
-345
-361
-407
-433
-390
-290
-209
-182
-156
-71
47
117
138
171
221
260
262
263
289
295
281
273
270
262
241
202
148
93
41
20
17
-15
-71
-114
-121
-133
-206
-289
-321
-355
-417
-460
-431
-338
-251
-211
-186
-104
39
179
272
346
436
521
578
614
635
635
628
596
540
489
448
387
268
134
36
-41
-98
-193
-342
-451
-482
-473
-486
-533
-554
-517
-484
-504
-536
-530
-485
-406
-317
-220
-78
85
232
338
411
480
532
539
476
366
262
163
57
-53
-158
-255
-319
-356
-385
-394
-385
-340
-276
-229
-188
-113
9
120
189
256
371
485
534
513
495
496
447
351
259
194
128
22
-94
-187
-236
-260
-298
-337
-351
-314
-265
-230
-210
-161
-35
114
188
221
265
358
451
477
492
524
546
503
423
352
317
260
168
29
-92
-168
-238
-316
-409
-466
-489
-502
-524
-517
-459
-371
-306
-274
-237
-162
-58
33
95
144
217
287
329
351
377
407
364
250
135
77
32
-35
-126
-223
-280
-308
-327
-359
-417
-464
-491
-530
-562
-553
-496
-454
-442
-415
-334
-219
-121
-39
50
161
272
359
409
440
458
467
452
417
382
329
239
131
25
-73
-168
-265
-357
-447
-508
-527
-520
-506
-492
-457
-387
-295
-210
-132
-62
-11
57
129
211
305
385
444
495
568
644
670
636
586
574
566
498
422
367
327
280
228
203
204
209
211
200
189
190
197
205
198
177
158
164
202
252
290
297
285
261
217
162
122
66
-20
-103
-154
-178
-228
-314
-372
-399
-442
-499
-550
-549
-526
-531
-550
-543
-491
-416
-351
-292
-246
-193
-114
-45
11
53
81
79
44
-9
-50
-90
-164
-245
-295
-315
-329
-348
-375
-369
-338
-319
-306
-268
-208
-139
-86
-55
3
73
124
134
145
195
246
269
260
252
252
242
198
132
57
6
-40
-104
-151
-191
-218
-242
-262
-273
-267
-243
-213
-174
-127
-72
11
78
115
153
227
301
358
419
484
555
596
604
609
634
653
641
579
497
441
399
339
273
231
191
167
158
147
112
62
24
-8
-53
-94
-116
-113
-102
-111
-124
-118
-92
-67
-64
-88
-91
-106
-123
-150
-147
-109
-96
-87
-77
-50
-22
7
11
-11
-53
-86
-126
-198
-293
-370
-412
-457
-499
-519
-497
-463
-447
-448
-427
-399
-397
-418
-430
-388
-336
-285
-227
-188
-143
-81
4
78
146
256
366
442
454
430
429
458
456
418
384
367
326
255
208
167
139
88
26
-27
-59
-80
-111
-144
-209
-271
-330
-366
-373
-348
-297
-249
-215
-165
-63
53
167
254
330
379
412
456
501
550
562
559
554
563
560
512
417
330
248
150
54
-29
-87
-153
-219
-263
-264
-221
-183
-182
-185
-159
-115
-95
-114
-112
-116
-166
-198
-200
-171
-138
-115
-112
-79
-35
0
22
17
-6
-42
-60
-90
-109
-117
-106
-123
-163
-205
-206
-205
-208
-212
-233
-250
-295
-337
-328
-273
-284
-328
-380
-379
-324
-260
-230
-256
-231
-175
-132
-119
-95
-41
40
95
141
207
280
342
402
470
543
615
684
712
682
645
641
625
527
420
307
236
151
41
-52
-94
-136
-199
-223
-239
-230
-213
-164
-129
-75
-45
10
62
97
107
122
172
187
211
210
222
206
176
135
91
30
-9
-26
-86
-164
-206
-213
-241
-278
-296
-263
-209
-179
-176
-172
-145
-102
-35
31
77
123
168
240
318
351
360
364
351
336
295
227
148
49
-73
-194
-278
-323
-338
-356
-393
-439
-488
-549
-565
-559
-542
-538
-533
-486
-419
-327
-262
-206
-162
-132
-106
-83
-61
-40
-39
-61
-83
-80
-74
-84
-96
-97
-57
-12
17
37
48
49
32
-4
-38
-35
-37
11
98
153
204
266
350
435
530
573
611
657
675
674
688
699
652
602
523
435
379
336
289
231
147
57
-8
-66
-132
-177
-208
-250
-286
-303
-298
-276
-243
-217
-175
-151
-137
-92
-18
13
-6
-9
-7
4
-12
-38
-36
-8
13
2
14
32
41
38
18
-43
-145
-229
-298
-344
-367
-378
-368
-343
-320
-283
-197
-100
-42
15
104
188
236
263
313
359
400
400
380
377
358
307
213
107
-22
-141
-242
-335
-403
-446
-460
-470
-485
-489
-472
-456
-452
-468
-461
-411
-348
-283
-228
-161
-78
-10
24
57
112
167
179
184
218
259
299
327
332
316
291
246
204
157
121
87
61
58
72
106
129
142
145
153
192
247
268
257
258
272
287
298
298
287
279
286
279
230
156
68
-3
-62
-133
-188
-219
-246
-286
-318
-345
-340
-314
-322
-355
-385
-374
-353
-337
-317
-306
-271
-235
-187
-130
-86
-32
31
95
142
163
163
173
187
190
182
149
85
0
-52
-43
-24
-31
-59
-85
-73
-18
30
70
105
112
124
150
176
184
208
239
254
243
228
234
235
196
113
53
10
-40
-96
-123
-109
-105
-127
-164
-162
-131
-109
-116
-143
-142
-119
-103
-100
-88
-59
-31
-17
-20
-13
18
59
100
133
174
224
261
265
257
274
301
309
304
281
251
222
190
139
62
-3
-45
-72
-94
-98
-94
-115
-153
-193
-223
-232
-224
-218
-215
-207
-197
-195
-210
-220
-203
-172
-149
-119
-109
-133
-163
-188
-198
-202
-205
-212
-237
-281
-318
-329
-326
-325
-316
-288
-255
-213
-160
-104
-53
0
46
87
135
173
210
229
230
222
215
218
215
211
192
167
137
122
128
124
117
116
119
116
106
91
74
57
30
15
6
-18
-31
-25
1
19
24
8
1
32
63
76
81
94
119
138
163
203
240
249
237
234
231
218
194
174
170
160
155
167
187
193
175
167
150
124
132
154
165
147
116
93
92
92
72
64
65
59
32
-2
-21
-28
-25
-30
-51
-68
-64
-55
-53
-54
-65
-90
-115
-153
-221
-287
-330
-365
-403
-433
-429
-415
-390
-375
-376
-365
-339
-309
-311
-342
-368
-355
-320
-293
-275
-245
-185
-113
-42
12
34
64
113
169
216
227
209
199
204
197
153
105
69
21
-29
-75
-118
-162
-223
-286
-329
-354
-343
-315
-281
-236
-167
-70
18
81
120
147
172
188
211
231
250
271
317
373
410
424
408
375
324
270
220
166
106
43
-6
-27
-46
-61
-63
-36
-14
-38
-76
-71
-34
8
25
30
77
152
230
298
344
381
425
461
473
456
423
392
363
332
291
245
196
146
77
0
-54
-84
-121
-179
-245
-274
-265
-259
-282
-302
-304
-289
-276
-287
-296
-281
-232
-189
-159
-112
-59
-21
-8
-4
4
19
19
3
-14
-28
-24
-12
4
11
20
11
-7
-24
-49
-79
-116
-148
-190
-220
-248
-248
-225
-204
-178
-143
-112
-106
-100
-82
-54
-25
-26
-49
-53
-36
-12
-7
-8
6
31
56
54
44
31
23
8
3
13
19
26
15
-7
-20
-21
-14
-24
-74
-126
-134
-120
-108
-106
-105
-102
-100
-89
-81
-80
-72
-60
-48
-33
-21
-8
0
11
18
40
91
135
163
180
197
216
261
309
328
329
324
333
334
325
302
280
266
234
189
147
113
71
25
1
-9
-8
-9
-15
-14
-25
-48
-45
12
82
110
107
129
151
146
132
109
83
43
-4
-60
-108
-135
-159
-186
-232
-271
-268
-257
-265
-293
-309
-294
-272
-255
-233
-217
-189
-155
-114
-68
-21
20
51
67
82
118
139
136
129
127
141
160
175
177
162
147
122
91
66
45
43
55
39
8
0
1
-5
-16
-15
4
10
-2
-13
-31
-34
-40
-62
-84
-98
-110
-126
-143
-152
-152
-156
-144
-127
-128
-125
-102
-79
-70
-71
-76
-67
-39
-20
-22
-32
-29
-6
27
42
40
48
74
85
63
43
50
72
81
83
78
55
39
48
58
63
48
34
28
13
2
-4
-11
-10
-2
12
17
10
-17
-40
-43
-46
-60
-78
-85
-79
-82
-104
-123
-121
-95
-73
-67
-54
-43
-46
-24
10
19
-8
-38
-27
5
16
21
31
51
76
78
78
98
110
104
90
71
68
69
66
54
29
5
10
24
13
-7
-1
25
46
73
101
133
132
112
95
88
92
111
138
170
196
199
195
197
208
210
203
181
148
105
46
-2
-35
-61
-92
-129
-153
-167
-192
-213
-215
-209
-198
-180
-161
-131
-104
-78
-50
-14
42
98
143
178
213
238
246
241
229
199
161
142
156
153
123
65
-4
-59
-113
-154
-196
-246
-297
-336
-351
-361
-368
-358
-328
-296
-272
-250
-224
-218
-208
-187
-184
-185
-167
-130
-112
-109
-97
-76
-64
-82
-97
-87
-82
-88
-81
-75
-91
-122
-150
-166
-164
-145
-131
-114
-85
-53
-11
15
24
50
101
146
169
193
242
293
328
355
378
403
416
396
372
368
362
345
307
269
243
212
173
132
100
58
18
-5
-20
-31
-44
-57
-67
-70
-51
-29
-11
4
11
16
18
25
43
39
31
45
57
45
27
17
19
8
-14
-9
14
21
24
23
14
16
24
35
47
57
65
71
74
51
27
17
1
-17
-40
-71
-99
-112
-124
-138
-154
-159
-158
-164
-168
-162
-146
-139
-139
-130
-119
-113
-101
-90
-76
-73
-55
-32
-30
-39
-42
-47
-51
-44
-44
-49
-57
-57
-76
-86
-87
-89
-80
-84
-98
-114
-98
-61
-47
-47
-45
-27
-3
16
28
34
34
27
35
47
63
76
68
62
54
51
41
31
37
49
73
94
110
110
100
88
81
65
43
56
82
82
74
70
67
61
43
36
40
37
18
-4
-25
-28
-14
1
11
13
7
-2
-4
5
13
14
14
6
1
3
1
-14
-27
-19
-23
-35
-51
-57
-49
-55
-82
-103
-101
-94
-89
-83
-67
-44
-25
-23
-14
5
10
18
32
57
84
104
117
126
137
144
137
113
92
78
55
27
10
-5
-29
-57
-78
-94
-97
-97
-93
-86
-75
-59
-46
-40
-36
-34
-27
3
31
58
73
76
76
90
108
114
115
104
84
68
49
42
63
73
64
56
68
78
76
83
91
94
88
73
68
78
81
58
30
16
22
36
32
22
42
59
52
36
28
29
32
28
-4
-53
-78
-74
-68
-96
-124
-140
-163
-200
-247
-283
-292
-296
-304
-303
-289
-276
-275
-289
-300
-291
-283
-273
-244
-202
-163
-137
-114
-71
-23
7
25
36
48
68
93
101
85
74
72
77
74
61
44
25
16
12
17
26
48
51
18
2
20
35
41
49
51
75
103
122
133
143
157
169
185
192
176
152
147
163
180
179
161
163
168
163
144
128
134
131
126
127
136
135
117
96
76
77
84
88
86
87
96
111
127
130
116
96
72
48
43
58
75
73
61
41
19
-3
-14
-8
-6
-18
-46
-73
-74
-94
-141
-179
-204
-216
-230
-233
-231
-236
-245
-252
-245
-228
-207
-195
-190
-200
-194
-157
-123
-115
-118
-106
-85
-86
-87
-79
-65
-48
-50
-65
-75
-73
-64
-62
-76
-73
-56
-51
-38
-30
-23
-20
-16
-13
-18
-24
-25
-20
-15
-15
-1
36
57
53
35
20
15
22
26
25
15
10
20
35
52
65
76
87
96
100
100
101
112
116
138
144
127
95
71
65
90
121
113
99
66
55
43
32
19
32
47
47
25
13
36
60
82
95
130
161
191
195
187
184
181
170
159
157
149
129
113
85
55
27
11
6
-15
-47
-82
-113
-129
-144
-156
-178
-194
-203
-219
-249
-255
-234
-209
-184
-163
-152
-148
-151
-147
-131
-112
-77
-50
-39
-27
-7
3
-4
-12
1
11
8
11
6
-11
-29
-40
-51
-61
-61
-62
-51
-37
-38
-34
-20
10
28
30
22
43
82
90
85
83
78
80
106
117
111
107
112
111
94
76
60
40
-1
-13
-4
-9
-34
-51
-55
-62
-61
-59
-42
-22
-13
-11
-1
6
8
25
40
45
52
58
70
84
91
98
85
70
67
76
93
102
82
48
42
55
74
89
83
56
27
16
37
53
40
17
-9
-36
-56
-62
-69
-76
-68
-50
-59
-90
-103
-102
-95
-112
-130
-154
-189
-198
-184
-174
-170
-174
-161
-137
-125
-128
-120
-98
-87
-73
-54
-32
-26
-24
-20
-6
26
37
34
31
32
37
34
25
20
23
31
29
29
42
47
56
59
53
47
48
61
84
98
112
128
126
111
104
108
113
116
124
130
124
115
109
104
95
69
47
22
5
-12
-23
-17
-37
-50
-41
-29
-24
-32
-39
-34
-37
-34
-13
16
45
66
73
74
87
115
133
137
133
115
97
82
62
36
5
-11
-9
-14
-30
-58
-67
-57
-46
-45
-51
-60
-67
-86
-108
-113
-106
-94
-68
-47
-49
-51
-41
-32
-38
-53
-67
-66
-50
-41
-58
-86
-97
-95
-87
-94
-118
-142
-160
-172
-163
-145
-137
-107
-63
-53
-59
-59
-36
11
33
27
39
59
74
92
90
75
66
56
53
51
53
49
39
19
-7
-17
-24
-23
-15
0
-2
-12
-24
-35
-42
-36
-25
-27
-13
3
6
3
0
7
24
40
47
45
45
57
69
88
101
108
125
139
140
125
105
93
86
68
53
49
48
49
31
8
8
23
33
33
21
14
23
45
45
34
36
50
79
91
85
66
64
84
107
113
102
97
89
66
37
25
32
29
8
-26
-54
-68
-90
-112
-137
-143
-118
-96
-106
-135
-146
-131
-108
-92
-74
-54
-36
-33
-62
-87
-73
-37
-27
-42
-55
-49
-46
-66
-71
-72
-59
-43
-47
-46
-60
-59
-43
-41
-66
-96
-92
-80
-83
-89
-92
-83
-73
-69
-69
-57
-19
13
9
-8
-3
27
72
82
80
87
101
99
77
63
56
60
76
79
68
39
14
16
16
6
-5
-11
-14
-18
-22
-18
1
13
-8
-45
-55
-35
-21
-19
-17
1
42
66
63
51
57
77
97
96
100
129
148
147
125
102
91
104
119
134
152
146
124
88
55
48
54
49
43
36
38
39
28
17
6
-2
-4
-11
-35
-41
-36
-43
-58
-75
-94
-108
-119
-129
-118
-109
-111
-101
-89
-83
-79
-96
-105
-100
-99
-96
-97
-90
-78
-77
-86
-97
-79
-43
-46
-71
-77
-66
-54
-40
-38
-41
-30
-14
-1
9
15
19
27
35
32
38
47
41
29
24
31
44
56
53
48
46
44
52
69
72
69
53
28
17
22
34
42
43
26
2
-2
7
7
10
13
15
29
32
31
23
15
14
13
6
2
9
18
39
51
37
25
18
9
-2
6
28
36
33
23
4
-13
-26
-34
-27
-25
-21
-22
-14
5
7
7
-3
-9
-7
-9
-8
-7
-7
-6
5
24
44
42
35
37
33
21
1
-3
13
11
-17
-46
-58
-41
-40
-70
-99
-118
-110
-96
-92
-102
-105
-89
-70
-58
-59
-42
-9
13
6
-7
-13
3
40
56
51
36
33
53
67
62
49
31
11
0
-1
2
-5
-11
-4
-7
-22
-19
-12
-13
-27
-34
-32
-24
-8
-8
-12
3
21
26
27
34
53
69
77
69
62
73
79
67
59
71
75
67
63
52
30
14
20
23
18
16
11
6
-9
-22
-12
4
17
9
-5
0
3
9
12
9
13
20
23
27
27
15
10
3
-9
-22
-23
-25
-29
-31
-42
-65
-79
-78
-68
-56
-45
-41
-54
-68
-77
-73
-62
-65
-74
-86
-85
-77
-77
-59
-35
-34
-42
-39
-10
14
11
-17
-28
-22
-7
9
3
-4
3
17
24
21
26
40
50
52
54
57
51
49
57
56
46
38
47
58
56
58
58
57
45
12
-10
-19
-16
-11
-16
-30
-31
-20
-14
-3
5
10
10
11
8
-9
-14
-7
6
16
7
-9
-3
24
47
46
34
40
36
25
27
22
8
-11
-36
-37
-16
2
11
9
6
8
9
11
7
-2
-8
-18
-26
-21
-7
8
-3
-23
-23
-14
-7
2
-3
-28
-31
-35
-47
-52
-57
-49
-38
-41
-53
-55
-43
-23
-19
-20
-17
-23
-16
-3
2
-1
-15
-1
35
66
74
64
52
50
52
57
52
50
57
52
44
55
69
69
56
32
27
37
49
38
11
-1
8
19
12
1
0
-2
-12
-27
-38
-57
-69
-58
-48
-52
-48
-28
-26
-40
-43
-39
-32
-22
-15
-9
-3
-8
-17
-30
-28
-15
-3
-1
-7
-3
-7
-23
-35
-46
-47
-38
-31
-22
-33
-51
-52
-45
-31
-26
-22
-39
-51
-36
-16
-2
0
-3
-9
0
21
45
56
53
52
47
47
43
39
40
39
29
8
-1
13
25
20
9
-5
-16
-25
-26
-22
-19
-13
-11
-9
7
17
17
6
8
31
51
52
37
28
34
42
42
39
35
42
54
50
33
12
2
13
9
-4
-6
2
13
24
24
15
-5
-6
4
6
7
5
5
10
16
16
13
8
24
39
43
34
24
25
28
24
14
23
18
13
19
22
12
-5
-23
-29
-10
17
17
-6
-18
-16
-11
-12
-25
-46
-57
-62
-61
-69
-85
-89
-78
-65
-79
-108
-121
-126
-111
-89
-85
-83
-88
-88
-75
-59
-55
-50
-39
-32
-22
-10
18
39
34
27
27
24
24
24
34
39
31
32
46
55
54
57
66
60
42
40
40
42
52
59
64
66
76
70
52
31
22
22
6
-9
-19
-16
1
3
-14
-29
-16
6
18
4
-21
-34
-49
-63
-63
-40
-16
-9
-13
-21
-23
-19
-6
3
11
22
32
22
2
-11
-1
22
36
46
57
64
62
66
66
50
39
42
50
53
29
14
27
28
15
12
17
22
18
4
-13
-15
-10
-7
-10
-12
-5
-2
-7
-22
-25
5
31
20
2
-4
-3
-4
-10
-16
-22
-20
-24
-28
-16
-10
-22
-35
-48
-58
-69
-74
-66
-58
-62
-54
-31
-11
-9
-6
4
13
35
54
60
54
49
42
40
44
40
23
4
-8
-25
-30
-18
-18
-31
-50
-50
-43
-53
-68
-76
-68
-63
-65
-63
-57
-36
-27
-34
-36
-21
-7
-9
-30
-41
-27
-1
20
26
15
0
-13
-14
-16
-26
-27
-32
-34
-38
-49
-55
-51
-35
-35
-30
-17
-8
6
18
21
42
73
87
80
64
79
102
112
104
88
93
104
108
100
93
93
97
95
74
56
59
63
53
32
18
22
36
39
13
-19
-30
-20
-10
-21
-35
-37
-24
-11
-13
-9
3
12
7
2
12
25
32
24
10
3
7
15
11
6
2
5
9
3
3
1
-8
-17
-28
-38
-35
-31
-42
-44
-32
-20
-17
-8
-12
-27
-31
-24
-22
-37
-67
-87
-81
-59
-30
-19
-19
-28
-40
-45
-48
-59
-62
-54
-49
-54
-60
-59
-59
-55
-60
-69
-68
-75
-77
-82
-93
-93
-78
-62
-56
-45
-18
-15
-32
-37
-25
4
55
87
84
73
62
46
40
49
74
94
86
67
81
115
124
95
53
35
42
54
50
39
32
43
56
53
46
40
36
28
6
-6
13
47
69
53
32
14
9
7
8
26
36
27
13
1
0
8
24
36
25
8
4
20
37
35
17
8
11
23
29
22
12
13
17
5
-5
-5
1
0
-21
-44
-43
-27
-14
-24
-53
-75
-71
-44
-27
-33
-45
-60
-66
-71
-68
-53
-41
-37
-60
-92
-93
-71
-65
-75
-80
-77
-81
-79
-83
-74
-52
-50
-58
-65
-59
-49
-29
-20
-13
-5
-10
-9
4
18
32
42
29
14
21
55
94
101
77
61
70
86
100
97
83
73
72
70
68
80
91
95
99
95
92
103
115
114
91
74
75
94
94
63
50
63
60
43
29
17
12
-1
-15
-40
-53
-62
-81
-102
-116
-119
-101
-82
-82
-89
-96
-94
-97
-98
-88
-79
-77
-79
-91
-83
-52
-22
-13
-27
-29
-23
-18
-28
-54
-68
-52
-41
-51
-61
-48
-20
-18
-26
-40
-47
-29
-16
-18
-24
-21
7
27
26
17
1
3
18
22
23
31
45
60
53
32
21
11
7
4
5
8
10
14
23
41
46
27
1
-11
6
30
29
20
19
28
37
36
39
42
45
54
67
67
63
53
39
38
43
49
60
69
76
66
56
60
71
91
103
99
89
84
80
68
49
44
48
47
41
26
13
5
9
13
-6
-29
-37
-39
-54
-76
-94
-93
-76
-74
-89
-88
-63
-42
-40
-50
-66
-71
-66
-65
-73
-66
-49
-52
-66
-63
-52
-54
-64
-75
-87
-95
-78
-57
-55
-59
-43
-34
-25
-15
-15
-14
-16
-21
-22
-24
-14
-9
-15
-23
-28
-23
-8
-2
-27
-49
-46
-26
-18
-34
-59
-63
-42
-38
-34
-22
-6
-1
-7
-10
-3
17
29
25
8
5
24
46
48
29
29
43
57
55
47
50
62
78
88
86
72
65
79
100
101
100
106
111
117
117
124
131
130
123
104
76
67
79
88
74
41
30
41
47
40
31
14
-5
-22
-23
-15
-3
-8
-24
-37
-51
-52
-51
-44
-37
-30
-27
-26
-42
-55
-60
-65
-73
-86
-94
-82
-70
-71
-73
-73
-61
-41
-33
-50
-53
-33
-30
-33
-33
-31
-26
-16
-4
6
10
10
4
-7
-22
-37
-38
-28
-24
-27
-24
-12
2
0
-8
-20
-28
-25
-13
-16
-13
-2
-7
-18
-43
-38
-13
2
-6
-30
-33
-18
-5
-6
-21
-20
-5
7
2
-14
-6
24
27
-6
-20
-6
11
27
28
31
38
42
45
33
27
30
38
43
38
37
28
17
20
29
31
4
-22
-22
-12
4
16
8
-8
-16
-9
7
15
15
24
39
48
24
4
6
16
36
59
62
36
17
20
29
25
19
15
15
28
45
41
9
-17
-22
-8
6
11
7
-2
-7
-7
7
13
5
3
6
2
-16
-25
-23
-21
-21
-31
-46
-48
-43
-44
-41
-29
-18
-14
-22
-17
-18
-24
-17
0
10
5
10
31
30
21
3
-5
18
42
44
28
1
-8
6
20
22
12
13
6
-13
-32
-38
-25
-10
-20
-22
-16
-11
-8
-15
-30
-28
-3
13
19
12
3
6
11
12
13
14
10
-1
-13
-26
-32
-19
-4
-14
-25
-35
-32
-18
-14
-16
-30
-27
-26
-27
-13
0
12
18
16
13
16
20
22
15
3
-8
0
11
12
4
-10
-10
-4
-13
-13
-5
-12
-33
-47
-44
-33
-23
-32
-24
5
4
-21
-47
-55
-40
-14
-6
-8
-1
11
0
-11
-10
1
15
15
6
6
26
38
27
8
-4
14
32
38
38
31
25
41
79
98
77
41
21
22
31
23
6
8
16
26
33
31
8
-13
-8
21
30
6
-18
-17
0
20
42
46
40
26
18
22
25
13
5
0
1
7
0
-11
-14
-13
-5
3
6
10
28
45
31
7
-16
-16
-2
5
0
3
13
15
0
-16
-6
10
19
8
-5
-5
9
11
-16
-45
-44
-24
-9
-14
-32
-39
-26
-18
-35
-47
-50
-42
-27
-23
-23
-11
-8
-26
-58
-74
-67
-57
-52
-65
-71
-66
-56
-61
-70
-70
-65
-68
-65
-50
-41
-44
-49
-60
-61
-43
-15
25
44
40
20
10
14
21
35
39
42
48
43
38
47
52
58
64
55
54
60
67
59
42
35
37
52
59
50
37
25
19
19
16
6
-6
-13
-12
-24
-36
-41
-33
-14
-6
-4
-2
-9
-6
0
-4
5
18
22
14
16
27
39
60
64
42
32
43
58
50
31
23
23
19
28
42
44
51
45
30
23
28
29
29
28
19
12
11
11
-3
-16
-25
-21
-17
-26
-21
-14
-10
-11
-18
-21
-19
-21
-29
-25
-10
-8
-17
-35
-50
-49
-39
-30
-47
-70
-68
-55
-51
-52
-47
-42
-43
-54
-52
-45
-46
-46
-49
-49
-35
-19
-15
-20
-17
-5
2
2
1
12
22
27
32
34
26
16
3
-10
-15
-6
-2
-1
3
10
18
17
12
14
24
30
32
34
22
9
6
8
8
-9
-29
-26
-9
13
20
3
-6
2
7
13
-2
-28
-27
-4
12
6
-5
1
13
26
22
8
-2
-9
-2
2
9
25
26
20
21
16
13
14
17
17
22
26
10
-8
-16
-14
2
8
14
27
27
21
10
10
12
6
-9
-18
-5
-11
-19
-23
-22
-19
-26
-26
-23
-23
-27
-25
-14
-5
-4
-12
-28
-35
-22
-3
4
6
10
26
41
36
20
8
13
13
13
16
17
36
41
30
20
21
36
49
44
43
43
38
31
35
42
40
44
47
59
70
67
46
30
25
22
25
15
22
31
16
7
5
-6
-35
-52
-36
-9
2
-19
-40
-47
-39
-38
-46
-53
-64
-54
-45
-47
-56
-67
-69
-67
-58
-53
-50
-56
-60
-57
-67
-85
-77
-57
-42
-37
-49
-53
-40
-24
-31
-39
-41
-46
-41
-27
-20
-18
-14
8
21
-1
-23
-28
-13
0
-1
-10
-16
-13
-1
7
3
-2
-8
4
6
-12
-17
-14
-5
-11
-20
-13
-2
7
15
28
32
33
42
51
52
43
39
53
64
52
45
39
38
54
78
88
83
87
94
90
84
68
60
65
75
81
79
83
90
92
88
79
69
63
72
72
54
40
35
35
32
25
16
8
16
28
20
17
17
7
-7
-17
-21
-28
-31
-29
-18
-11
-21
-36
-56
-65
-75
-82
-79
-71
-68
-74
-79
-86
-89
-86
-83
-92
-98
-82
-58
-45
-60
-74
-80
-61
-29
-20
-29
-37
-43
-48
-54
-60
-50
-48
-44
-45
-55
-56
-52
-48
-51
-64
-71
-61
-46
-29
-23
-36
-49
-53
-34
-7
5
10
10
19
19
12
25
36
46
57
68
67
61
63
59
51
43
37
45
51
42
44
42
53
78
82
61
42
40
40
36
34
36
42
47
38
30
24
30
44
43
44
52
48
33
25
24
24
31
22
14
17
13
10
7
4
1
10
14
21
23
7
-5
4
7
3
2
-2
12
24
17
5
-3
-15
-17
-10
-2
-1
-20
-31
-32
-36
-41
-30
-30
-34
-33
-40
-39
-40
-38
-36
-41
-42
-42
-44
-47
-46
-56
-50
-33
-30
-44
-53
-47
-46
-43
-32
-31
-39
-35
-27
-19
-9
2
9
13
22
21
19
34
40
47
59
57
48
48
50
51
42
33
36
47
49
34
17
7
4
17
28
14
-6
-5
5
3
-8
-13
1
20
23
3
2
12
11
2
-11
-7
14
16
-6
-26
-34
-23
-5
3
4
5
-6
-21
-36
-54
-72
-65
-43
-16
-6
-26
-39
-36
-28
-16
0
19
11
-8
-14
-12
3
2
-14
-15
-5
-4
-5
-10
-19
-16
-8
-8
-31
-41
-26
-21
-25
-24
-15
-11
-17
-32
-27
-19
-4
13
14
13
10
3
-6
-2
3
10
25
20
3
7
29
42
43
46
40
31
43
56
58
45
37
43
40
39
45
63
74
76
50
23
30
54
69
53
20
6
16
33
32
7
-8
-3
-1
-3
-10
-5
5
8
14
20
27
26
17
12
2
-4
-8
-15
-12
-16
-16
-11
-12
-11
-13
-18
-23
-11
-9
-23
-30
-31
-35
-40
-43
-34
-21
-23
-40
-51
-35
-11
-7
-27
-49
-51
-35
-34
-50
-50
-48
-41
-33
-25
-23
-36
-43
-43
-36
-29
-28
-32
-30
-23
-11
-1
-10
-13
-10
-11
-9
0
-7
-16
1
21
35
24
11
9
11
11
-7
-16
-13
-4
6
-2
-7
-5
5
12
-2
-2
9
28
29
13
2
4
14
0
-14
-17
-17
-12
4
12
14
24
34
39
17
-18
-17
18
40
39
39
40
53
47
33
34
48
62
64
53
36
37
36
31
33
41
50
49
51
40
13
2
24
41
28
12
19
26
10
-11
-24
-18
0
12
1
-13
-10
-4
-7
-22
-26
-22
-11
-23
-39
-30
-14
-4
-18
-41
-43
-24
-23
-34
-28
-15
-3
-7
-30
-41
-27
-21
-21
-27
-36
-29
-7
1
-13
-29
-32
-23
-8
0
-11
-11
-3
-3
-6
-3
4
7
3
-1
15
30
25
13
6
-4
-10
-8
-1
7
17
16
10
2
-2
10
20
13
-5
-22
-26
-7
9
-7
-26
-10
13
28
27
12
6
9
0
-16
-9
11
5
-15
-24
-23
-22
-20
-16
-21
-34
-32
-31
-39
-38
-34
-24
-20
-15
-2
-3
-23
-34
-25
-12
-10
-19
-27
-29
-29
-31
-12
-16
-51
-57
-27
2
12
13
10
19
30
19
6
6
14
9
3
8
18
36
49
53
63
65
59
61
49
38
41
48
58
52
43
36
35
54
67
62
64
65
72
70
42
22
22
28
36
46
44
30
28
9
-7
1
19
25
16
1
-2
12
11
-7
-33
-54
-49
-30
-20
-34
-50
-43
-31
-38
-45
-44
-35
-30
-38
-43
-34
-20
-24
-41
-58
-62
-45
-23
-19
-26
-38
-33
-18
-16
-25
-19
-1
-3
0
-3
-6
1
11
11
-2
-5
-6
-5
-7
-19
-14
2
3
-14
-35
-37
-25
-26
-31
-31
-22
-17
-22
-28
-31
-24
-10
4
13
17
11
7
4
7
13
13
14
7
-7
-13
-3
3
15
18
18
8
-2
-4
1
17
25
22
7
-1
-7
0
-2
-13
-22
-32
-25
-5
13
20
28
33
28
18
15
13
23
21
3
0
4
11
17
14
1
-2
5
5
6
10
21
26
12
-9
-14
10
32
35
27
10
18
48
65
67
64
52
23
6
-2
13
39
39
32
25
21
13
-3
-1
5
5
18
19
9
-11
-31
-27
-15
-17
-24
-11
1
-1
-6
-10
-8
-6
-1
-5
-17
-22
-17
-3
0
4
7
5
-10
-25
-30
-18
6
12
5
-14
-29
-24
-9
3
2
5
6
1
-7
-5
2
21
27
6
-18
-27
-30
-25
-15
-17
-20
-32
-46
-45
-26
-30
-42
-51
-53
-37
-32
-36
-31
-25
-33
-35
-25
-7
12
12
-3
-16
-1
13
-4
-23
-23
-14
-4
0
-3
-10
-16
-11
0
9
4
-14
-25
-24
-17
-14
-17
-17
-11
-4
5
12
6
1
-2
-3
-9
-18
-16
-19
-5
9
7
9
13
26
35
34
28
35
39
39
