-20
-17
-16
-13
-19
-20
-15
-18
-15
-2
15
24
32
32
25
14
3
-4
-16
-21
-9
-3
-4
-6
-8
-7
-13
-21
-10
9
23
28
31
32
29
25
30
37
40
32
24
28
28
13
16
26
30
32
20
-2
-14
-5
11
25
21
10
6
12
16
17
20
19
10
9
23
36
33
18
11
20
32
25
13
19
36
42
37
35
28
14
17
17
14
16
10
4
9
11
14
12
6
1
-2
5
6
4
4
11
21
19
14
9
12
22
24
12
3
6
5
1
-11
-19
-20
-20
-20
-22
-18
-20
-28
-41
-44
-38
-29
-23
-23
-25
-30
-31
-38
-55
-58
-47
-26
-15
-19
-30
-44
-45
-34
-34
-47
-45
-37
-27
-24
-28
-28
-33
-21
-13
-19
-33
-50
-51
-35
-22
-25
-31
-36
-31
-30
-36
-46
-47
-35
-22
-15
-20
-25
-18
1
9
7
9
10
7
10
19
23
33
30
27
30
22
16
9
11
20
19
24
28
30
35
49
54
43
33
30
38
49
48
47
54
64
65
58
54
40
36
46
52
58
61
66
65
68
75
67
68
66
60
58
53
48
41
26
14
6
-7
-9
-9
-13
-19
-23
-15
-34
-46
-28
-33
-43
-51
-56
-57
-63
-59
-46
-34
-38
-52
-56
-55
-53
-42
-30
-24
-26
-27
-24
-29
-31
-17
-9
-16
-22
-19
-8
6
11
6
1
1
1
1
-2
-12
-22
-25
-23
-11
0
-7
-19
-19
-5
10
12
13
6
7
21
27
28
13
-10
-14
-10
-8
-9
-13
-17
-28
-29
-24
-22
-9
4
-8
-18
-5
4
2
2
-13
-25
-37
-44
-39
-31
-17
-8
-8
-3
-3
7
23
19
11
9
19
28
28
28
30
33
42
57
61
54
36
24
19
12
10
-4
-14
-17
-11
-11
-13
-16
-21
-11
-1
1
6
12
11
5
-1
-9
-12
-11
-6
2
1
-4
-3
6
19
22
20
12
4
4
12
20
22
26
28
27
10
-6
-14
-12
-9
-8
-5
-6
-9
-9
-12
-10
-8
-8
0
8
16
13
11
12
18
20
18
13
9
-1
-5
-1
-1
0
1
2
-2
3
4
1
-6
-14
-4
6
12
15
13
13
8
-2
-11
-7
8
11
14
12
6
12
16
20
26
28
28
30
33
36
35
31
21
17
16
16
8
-13
-17
-18
-21
-32
-42
-45
-53
-69
-75
-69
-57
-43
-34
-24
-22
-27
-32
-35
-42
-41
-35
-40
-35
-35
-37
-26
-17
-31
-49
-43
-20
-10
-15
-16
-19
-24
-23
-15
-5
-11
-12
-16
-22
-21
-20
-12
1
8
4
6
20
42
50
43
33
29
39
40
41
41
34
33
39
49
55
52
41
26
14
11
21
30
31
23
25
28
28
21
11
7
-2
-2
3
7
8
10
4
3
10
9
13
16
22
20
7
7
16
25
21
3
-3
4
9
15
17
1
-11
-15
-17
-4
6
1
-15
-24
-21
-16
-13
-21
-30
-21
-12
-3
-1
-5
-9
-11
-9
-7
-2
4
8
12
17
9
4
4
7
21
21
19
13
12
13
9
4
4
-1
-5
-2
-6
-7
-17
-19
-2
-1
-2
-11
-22
-18
5
16
14
8
0
-7
-7
-11
-18
-19
-15
-17
-18
-19
-20
-18
-28
-39
-44
-52
-54
-51
-54
-61
-64
-64
-64
-62
-58
-49
-39
-38
-50
-46
-31
-30
-29
-28
-15
1
19
30
24
21
25
25
27
33
35
37
36
33
33
32
27
23
35
37
31
35
44
51
60
62
50
41
34
29
30
29
32
40
44
41
29
27
22
17
8
3
4
0
-2
-2
1
2
-2
-2
-3
-13
-15
-5
5
0
-2
-2
1
2
-6
-10
-9
1
5
11
13
14
16
28
38
36
21
11
10
7
5
3
0
0
-3
-5
-8
-7
-8
2
10
10
3
-10
-19
-33
-40
-41
-34
-37
-39
-31
-22
-28
-44
-53
-49
-37
-29
-40
-54
-52
-38
-21
-14
-23
-27
-20
-11
4
14
18
16
19
23
21
19
17
19
17
17
14
13
23
17
9
-3
-7
-8
-14
-10
-6
-3
1
5
-1
-10
-11
-20
-26
-17
-13
-8
-4
-10
-22
-31
-35
-29
-19
-20
-16
-11
-3
0
-11
-13
-19
-16
-8
-4
-2
3
11
19
25
26
25
16
11
18
29
40
48
43
40
43
39
31
29
33
42
50
46
43
40
33
29
23
17
14
11
7
-1
-4
-2
-6
-12
-17
-15
-3
6
0
-4
-3
-3
-9
-9
-1
-4
-8
-19
-32
-29
-15
-4
7
12
11
20
24
31
31
21
9
1
8
7
3
-2
-19
-34
-32
-23
-14
-14
-21
-21
-22
-22
-18
-12
-15
-24
-30
-36
-36
-42
-51
-52
-49
-31
-20
-15
-13
-14
-15
-9
-2
-4
12
20
19
15
3
7
7
10
5
-11
-13
-3
11
9
9
12
19
34
32
22
11
1
5
8
6
5
7
10
12
20
20
6
0
4
5
5
1
-9
-11
2
13
17
14
11
11
15
13
16
16
14
9
0
0
1
1
-2
-8
-7
-11
-17
-24
-26
-16
-7
-12
-25
-42
-48
-29
-10
-15
-24
-21
-10
-1
-3
-8
-8
-10
-10
-2
7
5
4
4
5
16
19
19
24
17
9
8
2
-11
-22
-9
3
4
2
10
24
40
43
44
44
39
37
34
22
12
9
5
16
18
5
2
2
10
14
14
3
-7
-1
2
3
-5
-14
-19
-21
-24
-23
-15
-11
-10
-10
-1
2
-7
-15
-20
-15
-9
1
7
3
10
18
16
5
-4
-4
1
7
4
-6
-14
-9
-7
-10
-14
-20
-29
-32
-28
-24
-23
-20
-16
-15
-6
-7
-9
8
19
24
18
12
-2
-6
-3
-3
-2
-3
-2
-9
-5
1
2
3
-3
-4
-2
3
6
-4
-9
-11
-14
-13
-17
-15
-1
15
22
19
5
2
1
4
-6
-8
7
9
4
-2
3
1
-4
-1
5
12
14
11
7
4
-1
-3
-15
-28
-37
-33
-25
-21
-20
-6
5
7
14
11
6
7
15
23
16
8
8
11
21
14
1
-10
-14
0
17
24
27
29
22
19
14
7
8
13
18
25
22
8
-7
-14
-10
2
8
4
-5
-9
6
7
0
-1
-10
-19
-8
1
-5
-7
-1
17
26
25
24
28
32
27
12
-4
-15
-24
-10
9
21
29
27
16
5
3
6
18
20
7
0
-10
-16
-17
-24
-18
-10
-3
-2
-16
-36
-42
-41
-32
-30
-27
-31
-32
-32
-31
-22
-18
-2
12
10
5
9
15
9
7
9
11
-3
-20
-21
-17
-10
-11
-20
-25
-27
-23
-13
-9
-8
-15
-15
-14
-14
-12
-4
7
5
-7
-18
-18
-16
-9
1
1
2
8
23
24
19
19
18
14
22
24
13
1
-8
-7
-8
-8
-11
-11
-7
-1
-10
-15
-18
-16
-6
-7
-14
-25
-24
-6
4
12
15
16
28
35
26
8
-12
-11
-2
9
21
19
11
5
8
20
20
16
15
16
22
26
28
27
18
17
35
44
39
32
32
42
52
57
53
48
42
35
35
41
46
45
41
46
49
38
27
25
26
20
5
-6
-11
-15
-16
-19
-29
-40
-41
-35
-32
-41
-38
-28
-24
-32
-40
-45
-54
-54
-47
-40
-40
-43
-48
-52
-43
-28
-24
-35
-49
-52
-48
-50
-59
-69
-72
-62
-55
-43
-32
-31
-37
-27
-22
-22
-17
-19
-17
-14
-13
-11
-8
-12
-5
-3
-1
11
24
35
34
31
28
22
26
25
26
22
13
11
12
14
11
13
12
8
11
10
9
8
6
-12
-21
-9
6
12
13
22
33
41
52
52
46
43
48
58
57
53
49
50
48
39
45
49
42
35
37
37
30
28
20
18
9
5
7
4
5
2
5
1
-3
1
3
1
-7
-13
-14
-17
-10
-6
-14
-19
-16
-12
-3
-4
-16
-17
-15
-18
-14
-4
-3
1
-2
-6
-9
-17
-17
-8
-8
-19
-20
-11
-13
-23
-27
-32
-27
-34
-49
-48
-43
-24
-26
-27
-19
-26
-23
-31
-37
-35
-26
-13
-22
-31
-32
-31
-27
-19
-13
-13
-10
-11
-18
-22
-17
0
8
13
25
30
22
16
23
38
45
41
29
21
27
32
41
39
32
19
14
19
15
19
26
35
42
40
40
34
23
15
10
6
-8
-15
-10
-3
-9
-24
-29
-28
-28
-25
-24
-20
-25
-35
-43
-48
-41
-38
-43
-52
-52
-47
-42
-33
-29
-20
-21
-17
-7
2
7
17
18
10
12
16
22
19
16
19
27
29
34
37
23
10
1
4
11
14
28
49
50
41
36
40
42
32
26
27
38
52
51
45
40
38
36
29
19
17
22
34
34
20
-2
-22
-25
-22
-19
-18
-23
-18
-2
2
-6
-12
-13
-11
-15
-23
-28
-24
-16
-17
-15
-13
-17
-14
-15
-18
-19
-17
-7
0
-4
-9
-10
-14
-20
-27
-31
-35
-34
-29
-25
-20
-16
-27
-42
-46
-37
-27
-19
-20
-30
-28
-19
-13
-8
-2
3
10
23
43
46
44
44
41
43
37
12
0
-9
-8
12
18
19
11
6
-3
-20
-25
-31
-29
-31
-24
-13
-11
-11
-11
-8
-9
-22
-36
-28
-5
13
20
19
14
9
5
2
-7
-9
-4
5
15
16
12
2
-8
-19
-33
-35
-26
-23
-25
-28
-29
-22
-8
-11
-17
-15
-5
3
3
7
21
35
41
51
48
48
57
61
61
46
34
43
61
61
61
57
51
40
40
40
23
5
-7
-12
-9
-9
-13
-15
-21
-24
-25
-28
-32
-36
-24
-9
2
4
2
2
4
6
8
21
32
34
30
29
26
10
0
-6
-1
7
6
2
-4
-5
-7
-7
-14
-28
-39
-46
-42
-36
-36
-39
-43
-33
-20
-13
-19
-24
-23
-15
-1
0
9
17
14
8
4
11
13
23
33
31
21
5
-6
-7
-8
-11
-14
-17
-20
-26
-32
-36
-38
-47
-49
-46
-43
-35
-38
-39
-26
-18
-12
-12
-4
10
16
13
11
19
28
31
28
17
14
18
26
31
20
10
-1
-6
-8
-15
-29
-41
-40
-35
-38
-38
-38
-38
-40
-36
-24
-24
-22
-27
-19
0
13
18
16
21
28
36
34
31
30
36
50
64
72
61
34
14
8
12
17
22
15
3
3
-1
-9
-6
1
5
2
-3
-7
-5
4
8
11
8
7
15
37
55
59
47
45
51
61
64
49
37
40
46
48
46
47
45
35
28
15
5
-7
-11
-12
-15
-22
-28
-24
-21
-12
-11
-18
-23
-38
-33
-18
-12
-3
-12
-10
3
7
14
11
-6
-9
-4
-1
-17
-41
-47
-47
-45
-41
-43
-51
-59
-62
-65
-70
-65
-57
-54
-58
-70
-68
-58
-52
-49
-36
-21
-14
-1
12
20
18
15
3
-4
-2
5
18
31
29
19
17
17
10
7
-2
-2
6
7
2
-10
-31
-45
-37
-23
-19
-34
-47
-29
-19
-25
-14
-4
2
11
15
28
40
44
40
30
27
30
40
56
67
69
66
59
45
29
23
25
28
26
20
15
12
18
8
-3
-13
-22
-27
-29
-34
-30
-14
-3
11
27
35
42
41
37
37
41
46
44
49
59
71
71
57
48
39
31
25
24
15
9
10
9
0
-10
-18
-36
-48
-43
-28
-30
-37
-37
-27
-22
-20
-21
-18
-14
-15
-13
-10
-15
-13
4
14
8
-5
-7
-6
-15
-35
-49
-52
-54
-55
-56
-58
-60
-66
-69
-62
-59
-59
-52
-51
-41
-32
-26
-12
-5
2
10
31
44
41
39
40
54
67
65
55
59
69
55
30
17
23
40
33
14
7
-1
-14
-27
-36
-38
-38
-40
-37
-27
-27
-20
-21
-22
-16
-1
18
12
-8
-13
-8
3
3
1
5
11
22
26
30
20
1
-7
-9
-5
-16
-28
-23
-14
-17
-32
-34
-33
-19
-7
2
3
-2
-7
-13
-10
-9
-16
-23
-11
6
15
18
16
23
35
46
48
46
35
26
18
16
21
26
30
15
7
-1
-9
-13
-15
-11
-7
-14
-23
-34
-33
-33
-16
-9
2
8
-115
-214
-206
-45
162
321
406
410
301
124
-105
-285
-261
-96
18
27
65
95
143
87
-24
-119
-127
-44
72
169
161
84
-34
-107
-162
-175
-175
-143
-76
10
80
100
76
27
12
-26
-44
-34
-7
16
57
83
80
73
62
44
-2
-50
-89
-98
-90
-64
-30
-16
-18
-18
-9
2
1
-4
-10
-13
-28
-34
-28
-31
-26
-11
5
6
0
-18
-23
-6
14
26
24
14
7
-1
-10
-22
-21
-14
-16
-17
-24
-29
-39
-39
-31
-18
-12
-15
-25
-28
-28
-33
-36
-41
-37
-28
-18
-8
1
8
12
15
8
6
1
-3
-4
0
7
0
-1
-7
-9
-1
6
14
15
22
39
38
18
-8
-25
-26
-7
4
13
10
13
26
36
35
42
53
47
30
18
18
23
34
46
50
33
32
26
24
28
41
43
32
31
28
28
11
6
5
8
14
14
17
19
13
17
14
9
3
-6
-9
-12
1
-3
24
38
55
59
46
27
-2
-13
-9
-5
14
46
26
-8
-28
-5
10
11
-14
-26
-36
-32
-33
-39
-10
5
-14
-51
-33
-21
-9
-29
-45
-54
-57
-56
-50
-39
-33
-17
-26
-15
-15
5
5
-3
-13
-24
-17
-18
-17
-13
-1
2
4
3
-10
-22
-38
-50
-47
-37
-21
-14
-16
-33
-42
-43
-28
-14
0
8
5
0
-10
-19
-24
-27
-28
-28
-25
-17
-13
-5
-10
-7
-8
-15
-14
-12
-8
-10
-4
-1
-1
-6
-8
-18
-26
-24
-16
-3
4
14
26
31
36
37
36
35
28
27
38
53
63
67
75
73
60
39
30
31
38
46
49
36
11
-11
-17
-3
13
18
3
-5
5
19
33
34
28
23
17
17
19
26
24
17
18
18
25
43
41
38
37
42
29
18
7
14
35
-2
30
55
60
9
-49
-59
-31
-7
-22
-29
12
142
91
-61
-111
-34
15
36
-15
-25
17
24
-35
-116
5
84
58
-70
-77
-45
22
33
-24
-61
-114
-101
-62
-5
-42
-79
-119
-70
-24
-8
-32
-61
-73
-67
-16
-24
-33
-41
-2
-11
-3
16
-11
-7
-6
15
-1
4
18
13
16
-6
-8
-5
14
14
3
3
-15
-35
-47
-43
-41
-29
-26
-29
-32
-44
-55
-74
-60
-28
-18
-15
-23
-33
-22
-7
7
13
15
23
21
8
10
19
37
53
47
38
22
12
5
9
23
36
38
40
48
41
31
22
17
6
-1
10
21
24
22
30
36
43
44
42
44
57
54
51
48
42
53
64
62
52
46
43
35
34
36
31
26
19
17
24
29
34
22
11
7
2
0
2
9
15
22
29
33
23
15
18
19
23
15
13
15
17
8
-3
5
15
22
22
3
-14
-23
-20
-25
-47
-57
-59
-47
-35
-28
-48
-75
-76
-68
-57
-54
-58
-53
-43
-50
-69
-68
-53
-52
-62
-75
-81
-64
-28
-2
-4
-32
-56
-65
-59
-60
-66
-51
-35
-32
-41
-42
-45
-42
-41
-47
-38
-24
-2
16
24
23
2
-4
-3
-5
12
22
17
19
25
36
36
25
23
22
16
11
3
7
-2
-5
1
-6
-18
-27
-14
3
16
17
22
34
39
39
38
34
30
37
43
51
71
83
78
73
79
81
70
58
51
60
60
52
47
47
50
47
41
32
17
11
18
15
2
-18
-34
-31
-18
-11
-12
-18
-23
-17
-12
-9
-8
-6
-9
-5
5
6
4
-2
-2
8
22
22
12
-4
-13
-8
-2
3
2
1
6
0
-6
-13
-17
-20
-12
1
6
-3
-18
-16
-24
-23
-32
-27
-9
12
29
23
12
-1
-4
0
3
0
-5
-11
-13
-12
-6
-8
-18
-24
-22
-23
-36
-39
-37
-31
-18
-11
-2
-5
-9
-21
-27
-19
-12
-7
-15
-12
-9
-7
-9
-10
-5
-2
-7
-10
-10
-20
-20
-18
-26
-44
-53
-55
-61
-62
-62
-68
-71
-58
-38
-35
-44
-55
-57
-53
-36
-23
-23
-27
-28
-15
-9
1
14
16
19
28
35
39
37
36
38
47
53
47
32
16
18
11
13
24
31
29
25
29
38
48
52
56
56
56
47
42
57
72
78
72
59
52
53
62
62
41
26
24
27
34
28
19
20
23
34
34
18
0
-2
1
7
4
-8
-11
-6
-6
-1
-4
0
5
10
20
26
29
11
-3
-2
3
3
-5
-18
-19
-9
-7
-12
-12
-4
-4
-9
-23
-40
-42
-41
-38
-37
-30
-31
-34
-34
-31
-29
-39
-48
-42
-24
-21
-25
-31
-30
-25
-18
-8
-7
-13
-26
-32
-29
-11
-3
-6
-8
-9
-1
0
-5
-5
6
13
12
14
8
-4
-9
-13
-20
-17
-22
-30
-30
-26
-16
-23
-34
-47
-53
-35
-33
-35
-25
-27
-36
-44
-41
-34
-30
-20
-8
5
4
-5
-16
-19
-22
-23
-20
-22
-9
-4
4
5
-1
-1
-3
-8
-15
-24
-21
-9
-14
-11
8
19
22
23
41
57
57
59
53
59
87
93
81
74
72
80
84
88
72
62
74
69
54
44
39
42
47
47
41
28
23
16
12
27
24
19
29
33
29
25
28
35
38
40
44
48
48
48
43
37
36
25
15
9
4
10
10
-4
-17
-24
-31
-38
-45
-51
-51
-54
-64
-69
-72
-64
-60
-69
-75
-77
-78
-75
-62
-54
-63
-89
-93
-84
-66
-61
-64
-54
-47
-39
-33
-36
-24
-6
-2
-8
-24
-41
-46
-53
-51
-44
-31
-22
-18
-18
-16
-6
-1
8
14
16
1
3
21
15
6
9
6
10
12
22
33
32
35
36
45
55
57
45
22
11
14
24
29
30
16
8
-2
-10
-4
-4
1
-6
-10
-7
-9
0
5
1
2
5
10
16
6
-4
4
15
28
29
24
21
26
32
31
28
16
15
13
15
23
21
7
-2
-1
-8
-11
-2
3
12
17
20
14
11
15
9
-2
-14
-22
-14
3
19
31
38
36
40
30
24
22
20
20
19
24
22
19
10
6
3
4
7
8
14
28
34
26
16
0
8
8
5
-2
-14
-11
-12
-14
-10
-1
2
3
-3
-9
-8
-9
-3
2
5
15
14
7
-13
-39
-42
-39
-43
-49
-59
-57
-53
-59
-56
-55
-52
-39
-38
-36
-44
-47
-30
-22
-18
-25
-44
-62
-56
-55
-50
-33
-25
-14
-4
3
5
8
13
20
22
20
19
-8
-28
-29
-15
-6
-10
-13
-15
-11
-3
10
20
19
13
7
15
20
19
17
14
30
42
39
29
27
36
33
21
13
3
7
14
3
-10
-15
-14
-5
4
7
3
-6
-9
-4
6
18
26
28
28
25
22
25
28
36
38
35
34
30
26
24
24
37
47
51
43
38
32
32
38
37
27
8
4
8
4
5
-3
1
11
6
-6
-13
-13
-18
-20
-11
-2
-6
-6
-1
3
1
1
-7
-10
-12
-25
-29
-32
-32
-38
-36
-35
-32
-28
-21
-11
-6
-3
9
18
15
9
6
1
-2
3
17
15
4
-11
-14
-9
-3
-5
-11
-7
-4
5
11
10
-1
-12
-8
-3
-7
-18
-19
-27
-35
-26
-16
-19
-28
-26
-31
-35
-35
-49
-46
-31
-21
-24
-29
-31
-30
-30
-31
-26
-10
-6
-4
-3
-7
-6
-4
14
25
24
18
2
5
11
2
-11
-21
-19
-16
-6
-3
-7
-5
-12
-12
-14
-22
-18
-11
-12
-12
-15
-13
-6
1
11
23
31
31
32
36
40
44
52
42
37
33
39
52
57
58
57
57
64
60
39
23
22
26
26
20
13
6
-3
5
13
16
21
22
25
41
49
48
48
39
35
42
48
45
45
35
26
14
-6
-19
-31
-39
-45
-42
-31
-24
-25
-24
-34
-50
-67
-73
-63
-51
-45
-41
-52
-65
-62
-53
-42
-45
-46
-33
-35
-26
-12
-25
-25
-25
-21
-13
-24
-22
-4
13
21
22
21
26
19
19
19
10
-4
-13
-3
4
0
2
4
9
14
16
24
23
21
25
28
32
25
19
17
15
16
16
14
11
7
10
12
8
0
-10
-12
-16
-14
-8
-11
-22
-35
-36
-33
-24
-22
-28
-29
-31
-42
-57
-57
-47
-37
-27
-11
-18
-12
1
20
19
21
14
21
13
18
37
12
34
-28
25
-24
-26
-23
-77
-11
-60
-7
-29
-49
-26
-14
14
13
40
12
46
7
14
25
-19
20
-7
16
38
37
67
71
73
62
62
55
58
72
54
66
43
43
52
42
47
8
15
-6
13
9
13
26
4
15
4
5
-10
1
14
12
40
41
25
16
9
10
19
12
-12
-26
-21
-1
3
-2
-8
-17
-26
-18
-24
-42
-55
-64
-60
-51
-36
-46
-53
-55
-50
-47
-52
-47
-48
-39
-26
-16
-9
4
19
16
17
16
9
-3
-8
-4
-4
-9
-16
-16
-18
-25
-33
-35
-29
-21
-12
-15
-21
-27
-32
-32
-28
-26
-26
-25
-14
3
6
12
7
2
6
10
12
16
23
24
22
13
13
24
23
12
-9
-19
-22
-14
-5
0
-7
-19
-23
-24
-4
-3
-12
-12
-11
-4
-12
-8
-1
5
8
7
18
23
23
28
36
45
43
43
38
36
29
21
19
16
10
1
7
15
30
45
41
33
28
35
31
22
22
16
19
22
30
32
21
24
46
65
75
60
45
39
44
45
33
27
16
19
21
19
12
-2
-1
0
4
0
-22
-39
-49
-42
-45
-50
-55
-52
-45
-43
-35
-38
-43
-42
-37
-39
-45
-46
-52
-55
-39
-34
-41
-44
-43
-40
-41
-44
-44
-46
-40
-41
-31
-14
-9
-5
-12
-13
-7
-6
-11
-11
-11
-9
3
7
2
-10
-12
7
25
25
8
5
25
41
45
47
43
45
51
44
27
11
15
29
38
37
19
7
7
4
2
-10
-22
-20
-21
-19
-16
-26
-36
-33
-27
-27
-31
-31
-19
-4
5
17
19
12
11
4
10
12
8
23
27
25
22
12
15
7
-1
-4
-13
-13
-14
-12
-12
-8
-5
-13
-13
-16
-17
-12
-10
-9
-14
-5
6
14
15
19
35
38
39
32
33
41
43
58
61
68
57
41
38
21
12
1
-2
-1
-10
-11
-15
-4
-1
3
7
0
0
-6
-9
-7
-11
-13
-7
0
-4
-5
-6
-3
5
4
4
6
8
7
-2
-15
-22
-15
-5
-13
-21
-24
-21
-11
-15
-32
-48
-54
-53
-38
-20
-22
-24
-14
2
11
13
4
-3
-2
0
3
11
16
12
17
15
12
3
10
27
34
30
19
19
25
32
17
-2
-7
-8
-7
2
4
6
-4
-10
-9
-8
-21
-30
-19
-15
-8
-12
-30
-32
-24
-12
-26
-32
-25
-26
-26
-36
-40
-38
-28
-28
-39
-50
-49
-46
-40
-31
-20
-19
-31
-40
-44
-38
-25
-18
-26
-31
-31
-26
-19
-20
-12
3
18
28
37
38
39
50
57
63
64
53
44
52
62
61
62
58
57
57
52
49
48
33
33
50
59
61
55
54
46
40
39
45
47
47
42
28
28
24
20
20
24
35
38
34
25
15
8
-7
-13
-19
-25
-18
-16
-13
-19
-26
-28
-33
-34
-30
-40
-45
-38
-39
-34
-43
-42
-37
-28
-22
-26
-30
-41
-38
-22
-20
-23
-23
-29
-25
-16
-8
-5
-6
-6
-9
-13
-17
-23
-24
-23
-24
-38
-54
-62
-51
-37
-29
-25
-33
-31
-31
-30
-25
-26
-23
-24
-22
-13
6
21
25
22
13
19
20
22
22
26
32
29
29
19
16
31
35
32
32
28
28
23
19
12
-6
-30
-41
-36
-26
-20
-15
-7
-1
7
11
8
-4
-16
-20
-32
-30
-28
-26
-18
-4
0
-6
2
6
3
5
9
16
15
12
3
-6
-1
4
21
29
30
25
21
26
36
45
47
41
39
45
52
55
55
63
60
54
50
49
49
42
32
39
47
39
23
5
0
17
24
8
-5
-7
-1
-2
-7
-15
-29
-39
-23
-3
-4
-20
-46
-45
-38
-36
-41
-53
-50
-48
-38
-29
-30
-31
-37
-32
-33
-27
-25
-23
-15
-13
-12
-19
-16
-4
2
6
-7
-14
-14
-10
-3
-3
0
-2
-7
-10
-9
-7
-4
-5
-6
3
15
16
6
4
1
1
1
11
19
23
30
32
36
35
30
27
30
22
10
3
-15
-25
-26
-27
-27
-30
-35
-34
-30
-22
-20
-23
-21
-23
-21
-15
-5
-3
-2
-2
-8
-8
-2
3
-3
-1
6
10
5
-6
0
1
1
-4
-17
-12
-32
-45
-35
-29
-24
-16
-4
-6
-16
-30
-29
-23
-17
-13
-8
-11
-13
6
13
12
5
5
13
21
25
23
27
34
34
27
26
38
44
57
59
56
54
45
46
43
47
41
26
26
30
43
43
35
26
16
18
18
14
18
23
32
32
24
23
21
19
17
17
25
32
27
16
4
-11
-12
-10
-19
-24
-18
-5
3
-2
8
13
7
-4
-9
-12
-19
-25
-21
-15
-10
-9
-6
0
2
-5
-20
-26
-27
-12
-12
-22
-35
-41
-37
-42
-45
-49
-45
-37
-23
-24
-34
-45
-47
-36
-28
-23
-34
-47
-56
-56
-45
-41
-41
-49
-47
-33
-23
-11
-6
-9
-20
-21
-24
-15
-5
-1
-5
-17
-19
-27
-23
-16
-19
-25
-19
-9
-6
-6
-6
4
-2
-10
-11
-10
-14
-20
-4
17
22
29
36
39
42
39
36
35
41
55
65
74
68
59
53
52
60
74
79
68
56
42
33
32
19
12
5
-1
0
7
3
1
4
2
-9
-11
-5
5
14
16
22
23
29
30
25
24
22
21
23
22
17
23
28
26
25
24
19
7
-2
-15
-20
-15
-14
-16
-26
-31
-27
-30
-21
-11
-4
2
5
-1
-13
-11
-7
-9
0
9
9
12
15
17
12
6
8
5
-1
-3
-6
1
2
-3
-2
-6
-18
-35
-36
-36
-55
-75
-85
-74
-54
-45
-33
-28
-31
-31
-30
-29
-28
-23
-19
-16
-16
-13
-15
-12
-10
-15
-15
-15
-2
4
8
0
-14
-14
-15
-12
-16
-24
-28
-22
-27
-38
-44
-41
-38
-46
-42
-34
-32
-18
-3
11
17
14
12
9
16
30
40
46
32
26
25
26
26
15
16
26
42
45
21
-12
-32
-26
1
21
7
5
20
38
47
22
-3
6
44
57
29
7
13
41
66
70
69
72
66
53
38
29
36
29
20
1
-9
-5
0
21
36
36
13
-17
-31
-16
8
18
5
-20
-42
-50
-41
-21
-13
-11
-2
5
20
29
36
33
30
28
23
22
20
11
-3
-12
-11
-9
-3
-2
-4
-10
-23
-27
-26
-12
-2
4
-3
-13
-10
4
17
22
11
7
7
-2
1
-7
-17
-21
-20
-6
3
-5
-14
-20
-17
-16
-17
-20
-28
-30
-31
-31
-41
-42
-42
-37
-30
-30
-30
-28
-25
-22
-20
-21
-17
-18
-23
-18
-12
-12
-24
-38
-32
-15
-5
-2
-5
-14
-23
-24
-22
-24
-39
-41
-31
-31
-33
-38
-39
-25
-7
-4
-11
-27
-29
-19
-6
-8
-28
-27
-14
-5
1
-8
-10
-4
2
12
24
27
31
38
40
38
40
36
32
40
49
62
76
70
56
64
69
67
56
44
42
30
29
26
28
35
34
36
34
22
11
7
17
29
38
25
8
9
23
49
59
55
45
42
39
32
22
16
23
37
37
25
14
10
6
2
6
0
-7
-8
0
11
7
-3
-12
-20
-15
-1
3
-7
-24
-31
-29
-16
-12
-20
-32
-42
-44
-43
-36
-36
-34
-30
-25
-15
-18
-30
-43
-44
-41
-39
-38
-33
-40
-44
-36
-30
-30
-39
-43
-51
-59
-64
-55
-35
-32
-35
-37
-38
-31
-18
-11
-19
-31
-32
-27
-13
-11
-10
-11
-15
0
10
8
3
-6
-1
3
5
8
-5
-18
-30
-30
-22
-13
-4
4
11
3
-6
-5
-3
11
15
11
7
4
4
7
14
17
28
29
25
23
27
29
36
42
35
34
36
35
31
37
38
40
44
42
42
45
49
47
49
48
34
17
14
14
16
27
31
31
28
24
29
28
18
16
11
14
21
24
28
25
24
20
20
15
13
6
2
6
3
-4
-14
-14
-12
-11
-14
-19
-15
-11
-4
-3
-5
-22
-28
-21
-18
-17
-16
-13
-12
-15
-19
-19
-11
-15
-13
-4
-7
-9
-9
-3
1
-6
-10
-1
5
-1
-16
-23
-21
-18
-15
-24
-27
-25
-22
-9
-3
1
-7
-13
-22
-32
-32
-27
-6
-7
-16
-21
-26
-21
-22
-19
-18
-14
-13
-29
-41
-44
-37
-33
-31
-27
-19
-10
-3
-6
-16
-20
-12
-3
-3
-9
-10
-6
10
13
7
-5
-16
-20
-23
-18
-20
-16
-14
-8
7
10
1
-7
2
12
17
20
11
11
17
22
26
18
14
7
16
29
34
32
17
17
29
34
34
28
24
25
21
17
9
9
14
13
17
21
12
5
5
13
19
22
16
12
18
23
24
21
25
35
43
44
34
20
12
13
16
15
18
14
7
14
23
36
35
25
22
22
19
18
15
4
3
-3
-5
3
0
6
7
1
-5
-12
-13
-10
-6
-5
-2
-16
-33
-34
-24
-32
-41
-32
-32
-34
-41
-45
-32
-16
-12
-7
-13
-20
-12
-2
5
-1
-6
-10
-19
-33
-38
-24
-7
5
1
-6
1
11
9
-3
-5
-7
-11
-13
-23
-32
-31
-20
-21
-18
-15
-16
-16
-16
-17
-24
-27
-34
-40
-38
-38
-47
-49
-35
-15
5
4
-7
-11
-10
-13
-26
-36
-35
-32
-15
-10
-13
-6
-4
-13
-14
-4
13
26
23
21
21
16
21
25
24
23
25
28
24
28
34
42
44
32
17
9
11
17
15
10
8
8
12
15
21
21
23
29
23
23
26
29
31
31
34
33
26
19
23
23
29
39
39
37
36
43
43
35
33
32
31
31
28
23
18
7
4
5
-3
-10
-13
-17
-16
-8
1
0
3
13
17
20
16
8
-1
-7
-2
-3
-7
-15
-18
-14
-16
-25
-38
-40
-40
-33
-26
-23
-24
-23
-17
-11
-10
-9
-14
-20
-29
-34
-30
-22
-14
-22
-34
-42
-43
-32
-27
-32
-39
-38
-34
-30
-20
-14
-10
-5
1
-1
-1
-5
-20
-20
-26
-33
-35
-38
-42
-32
-11
-3
-5
-16
-10
2
16
21
15
7
-10
-5
8
17
20
0
-11
-1
6
3
-3
-6
0
4
3
0
-3
-1
-1
5
10
4
7
12
16
14
3
-8
-15
-14
-5
-5
-12
-13
-16
-5
9
8
9
11
22
32
37
29
15
11
12
19
25
33
34
26
18
10
13
12
13
25
38
49
48
44
32
20
26
31
36
44
37
29
32
36
39
37
31
30
36
45
44
38
27
5
-1
9
10
7
-4
1
21
30
21
14
8
2
7
3
6
11
4
-9
-26
-28
-23
-7
6
5
-5
-12
-4
-1
-7
-27
-43
-47
-35
-26
-29
-35
-44
-31
-24
-26
-27
-1
47
161
207
90
-237
-462
-110
529
893
558
-76
-497
-706
-868
-842
-340
475
776
-22
-1040
-1136
-419
280
268
10
33
337
522
219
-367
-846
-805
-405
157
59
-361
-471
-178
92
-216
-610
-423
223
637
645
612
667
578
83
-365
-313
344
860
916
692
422
57
-310
-67
462
900
730
581
663
844
664
199
-79
-45
290
328
256
133
12
-113
-287
-404
-522
-515
-440
-268
-2
70
-151
-362
-449
-454
-379
-394
-319
-120
24
-90
-324
-528
-530
-437
-397
-446
-410
-177
-114
-151
-285
-402
-400
-354
-392
-444
-262
-86
-53
-226
-376
-292
-202
-238
-275
-131
12
92
176
199
174
101
49
-6
-12
81
225
417
592
622
525
512
473
444
345
292
458
726
909
843
742
676
563
367
369
495
821
1198
1387
1391
1112
654
328
316
457
543
751
1027
1086
612
-128
-453
-276
-126
-397
-549
-338
-56
-332
-985
-1505
-1661
-1782
-2079
-2106
-1885
-1770
-1961
-2170
-2201
-2272
-2481
-2611
-2269
-1807
-1419
-1269
-1070
-896
-869
-797
-558
-115
246
419
555
816
1023
1137
1144
1200
1299
1364
1451
1597
1738
1858
1849
1637
1423
1321
1448
1534
1504
1321
1158
1040
818
584
379
520
790
1384
2081
2531
2438
1723
1094
736
743
1033
1775
2762
3118
2269
776
-165
-205
-74
-249
-374
-49
305
-83
-1166
-2052
-2506
-2762
-3304
-3753
-3897
-3815
-3583
-3442
-3237
-3645
-4372
-5122
-5177
-4760
-4059
-3142
-2175
-1518
-1437
-1574
-1472
-1021
-556
-18
649
1335
1779
2039
2369
2576
2587
2360
2183
2163
2215
2357
2699
2957
2903
2446
1901
1437
1011
828
858
1002
1017
823
634
351
168
-128
-279
-388
-340
-240
-135
71
309
728
1048
1615
2060
2475
2462
2257
2051
2074
2457
2962
3347
3504
3229
2530
1679
1075
844
896
859
625
368
31
-569
-1386
-2091
-2623
-3033
-3733
-4396
-4851
-4871
-4737
-4610
-4673
-5071
-5639
-6121
-6035
-5584
-4780
-3989
-3160
-2489
-2146
-1937
-1596
-1015
-384
226
726
1166
1623
2079
2577
2925
3051
2925
2720
2569
2520
2665
2942
3146
3029
2643
2109
1671
1356
1196
1080
978
699
354
-2
-198
-242
-228
41
552
1312
1878
2209
2278
2201
2077
1883
1962
2455
3123
3581
3404
2939
2351
1988
1710
1475
1266
1112
1011
764
189
-650
-1354
-1826
-2241
-3094
-3960
-4646
-4821
-4971
-5115
-5248
-5286
-5457
-5852
-6119
-6003
-5387
-4711
-4094
-3489
-2777
-1978
-1223
-597
-58
406
762
1044
1336
1759
2307
2847
3221
3275
3069
2819
2658
2601
2558
2518
2466
2345
2113
1799
1559
1395
1204
964
553
118
-224
-351
-280
-163
-95
73
390
942
1614
2193
2741
2957
2930
2709
2541
2812
3328
3848
3943
3565
3011
2473
2153
1845
1511
1054
636
253
-252
-933
-1643
-2176
-2486
-3107
-3950
-4893
-5469
-5691
-5773
-5802
-5883
-5932
-6085
-6129
-6098
-5806
-5242
-4504
-3683
-3041
-2481
-1736
-773
207
843
1240
1545
1832
2094
2398
2729
3051
3257
3287
3205
3082
2963
2853
2694
2370
2030
1683
1411
1128
908
770
684
500
156
-256
-594
-743
-922
-891
-508
342
1437
2215
2743
2955
3046
2976
2684
2726
3163
3877
4336
4119
3659
3220
3079
2797
2301
1664
1103
755
266
-386
-1124
-1667
-2029
-2711
-3655
-4667
-5323
-5481
-5654
-5850
-6213
-6424
-6543
-6519
-6392
-6086
-5458
-4760
-4154
-3677
-3105
-2136
-1049
-40
659
1173
1652
1999
2242
2499
2837
3166
3362
3319
3171
3107
3120
3098
2919
2513
2075
1682
1358
1063
849
730
658
460
97
-287
-588
-676
-763
-785
-578
88
1173
2146
2807
3075
3238
3338
3152
3066
3245
3871
4391
4182
3604
3083
3114
3067
2611
1813
1132
759
231
-515
-1323
-1804
-2069
-2748
-3770
-4806
-5428
-5493
-5557
-5671
-6001
-6265
-6440
-6508
-6435
-6102
-5395
-4560
-3927
-3505
-3025
-2112
-1057
-168
436
906
1442
1818
2034
2230
2523
2830
2927
2750
2511
2420
2539
2624
2477
2035
1573
1195
887
634
497
525
566
394
13
-398
-581
-520
-457
-409
-238
336
1326
2294
3102
3619
4011
4243
4125
3982
4090
4503
4825
4638
4129
3597
3334
3189
2941
2452
1733
1114
411
-395
-1344
-2145
-2578
-3142
-4035
-5108
-5881
-6059
-6072
-6172
-6452
-6744
-6978
-7148
-7091
-6746
-6008
-5155
-4377
-3788
-3275
-2470
-1373
-280
537
1057
1553
1985
2260
2458
2745
3144
3358
3251
2962
2805
2837
2928
2821
2474
1995
1540
1123
765
510
445
462
327
0
-365
-508
-447
-369
-340
-180
286
1116
1962
2781
3488
4049
4427
4452
4369
4444
4673
4842
4604
4059
3537
3266
3169
2933
2484
1844
1273
558
-313
-1338
-2185
-2721
-3272
-4177
-5159
-5881
-6080
-6090
-6229
-6449
-6653
-6796
-6938
-6983
-6735
-6066
-5241
-4525
-3943
-3320
-2405
-1216
-153
675
1210
1688
2101
2280
2331
2450
2714
2878
2746
2499
2415
2555
2633
2516
2191
1759
1328
803
369
90
37
57
-94
-337
-499
-398
-255
-233
-194
31
646
1381
2091
2859
3603
4244
4577
4691
4864
5148
5321
5232
4844
4299
3763
3312
2997
2755
2344
1746
1146
511
-221
-1135
-1990
-2648
-3445
-4485
-5514
-6179
-6374
-6451
-6572
-6624
-6595
-6601
-6637
-6531
-6189
-5632
-5076
-4499
-3869
-3134
-2143
-968
116
928
1482
2022
2463
2661
2732
2845
2950
2793
2416
2101
2060
2144
2137
2013
1798
1489
1130
700
321
30
-192
-431
-776
-1100
-1164
-936
-599
-339
-32
420
1037
1731
2449
3248
3880
4355
4690
4915
5235
5524
5759
5783
5369
4723
4079
3762
3481
2994
2300
1676
1126
317
-657
-1618
-2245
-2856
-3839
-4964
-5877
-6394
-6644
-6854
-6948
-6995
-7002
-7050
-6935
-6663
-6185
-5571
-4930
-4269
-3681
-2966
-1981
-808
275
1095
1794
2434
2902
3136
3249
3375
3326
3004
2517
2131
1928
1858
1785
1681
1453
1126
782
450
125
-149
-418
-715
-1045
-1357
-1437
-1299
-998
-629
-111
580
1497
2410
3328
4070
4559
4910
5038
5227
5434
5651
5804
5631
5259
4776
4434
4120
3686
3108
2385
1724
866
-179
-1301
-2231
-2897
-3687
-4702
-5727
-6496
-6824
-7068
-7257
-7405
-7400
-7302
-7212
-7090
-6753
-6116
-5332
-4662
-4001
-3265
-2237
-1086
-34
878
1613
2328
2821
3067
3209
3366
3515
3412
3056
2671
2411
2295
2093
1859
1568
1277
959
560
170
-165
-418
-681
-1025
-1344
-1537
-1522
-1349
-1131
-768
-187
643
1586
2528
3403
4117
4676
5030
5232
5476
5676
5835
5803
5465
5015
4594
4405
4175
3711
3051
2432
1826
988
-101
-1187
-2017
-2831
-3874
-5025
-5933
-6428
-6691
-6957
-7185
-7321
-7339
-7277
-7142
-6885
-6429
-5847
-5212
-4666
-4050
-3194
-2066
-958
-66
681
1435
2185
2657
2897
3094
3295
3329
3065
2643
2349
2193
2068
1825
1533
1252
1015
729
396
82
-134
-331
-607
-1024
-1310
-1368
-1277
-1192
-1042
-604
190
1229
2206
3135
3977
4669
5168
5359
5536
5721
5910
5857
5361
4788
4347
4234
4074
3710
3142
2632
2216
1550
574
-512
-1462
-2329
-3549
-4926
-6038
-6503
-6594
-6716
-6967
-7065
-6902
-6724
-6570
-6411
-5940
-5338
-4960
-4792
-4506
-3667
-2464
-1375
-569
199
1192
2115
2733
2986
3261
3489
3391
2891
2214
1790
1642
1475
1174
840
657
590
478
238
69
17
-85
-398
-892
-1215
-1260
-1207
-1201
-1115
-710
199
1290
2299
3249
4069
4900
5464
5621
5733
5845
6027
5752
5053
4332
4021
4021
3784
3335
2851
2647
2420
1779
883
-96
-937
-1957
-3380
-4790
-5901
-6389
-6683
-6991
-7248
-7274
-6927
-6505
-6116
-5750
-5282
-4683
-4290
-4012
-3669
-2953
-1962
-1099
-398
252
1121
2016
2686
3098
3335
3488
3347
2888
2359
1909
1638
1314
893
457
156
9
-121
-345
-565
-713
-795
-1039
-1389
-1650
-1722
-1683
-1748
-1720
-1374
-623
335
1260
2266
3302
4221
4952
5404
5813
6166
6368
6276
5854
5286
4760
4424
4174
3773
3263
2756
2463
2133
1558
772
-74
-858
-1925
-3255
-4537
-5482
-6103
-6728
-7308
-7625
-7547
-7198
-6815
-6364
-5841
-5204
-4639
-4150
-3672
-3068
-2303
-1502
-866
-328
292
1107
1893
2442
2819
3150
3392
3355
3110
2830
2600
2299
1818
1265
795
449
205
-76
-341
-546
-683
-809
-1000
-1179
-1245
-1284
-1364
-1494
-1400
-971
-301
480
1262
2210
3121
3966
4686
5253
5818
6127
6210
6048
5594
5066
4512
4112
3686
3140
2526
1975
1726
1392
863
125
-595
-1262
-2209
-3315
-4365
-5226
-5934
-6735
-7360
-7680
-7675
-7413
-7040
-6520
-5931
-5222
-4453
-3693
-2962
-2295
-1504
-816
-313
132
666
1355
1876
2213
2514
2834
3051
3062
2963
2833
2611
2279
1832
1355
903
494
163
-240
-653
-959
-1124
-1203
-1333
-1396
-1325
-1199
-1176
-1180
-944
-478
81
678
1422
2346
3172
3903
4583
5317
5948
6204
6208
6073
5746
5279
4701
4208
3709
3113
2460
1894
1514
1089
557
-131
-777
-1506
-2439
-3452
-4384
-5127
-5745
-6351
-6758
-7062
-7146
-7059
-6786
-6332
-5828
-5131
-4352
-3625
-3047
-2490
-1674
-894
-336
9
487
1202
1746
2071
2270
2548
2707
2645
2487
2285
2077
1813
1478
1100
649
305
49
-230
-550
-770
-761
-738
-855
-984
-932
-700
-578
-501
-266
243
929
1518
2131
2761
3446
4200
4777
5312
5714
6034
6212
5947
5439
4857
4484
4040
3291
2408
1751
1437
1069
480
-204
-801
-1301
-2061
-2993
-3894
-4597
-5156
-5860
-6557
-7084
-7284
-7201
-7029
-6776
-6372
-5735
-4956
-4174
-3393
-2611
-1694
-843
-181
313
767
1276
1692
1937
2087
2264
2437
2451
2334
2209
2123
2023
1788
1493
1175
911
612
210
-258
-691
-954
-1116
-1346
-1535
-1603
-1446
-1261
-1161
-961
-543
119
742
1346
2017
2854
3637
4174
4636
5138
5721
6065
6050
5917
5700
5424
4932
4344
3772
3171
2502
1818
1251
695
79
-607
-1274
-1984
-2844
-3706
-4409
-5043
-5724
-6413
-6806
-6958
-7073
-7117
-6900
-6402
-5874
-5389
-4723
-3834
-2908
-2172
-1425
-606
151
750
1218
1678
2056
2320
2464
2545
2522
2425
2374
2337
2181
1920
1675
1506
1227
804
410
95
-247
-653
-1025
-1228
-1383
-1540
-1645
-1576
-1388
-1178
-896
-441
177
866
1637
2445
3203
3829
4392
4937
5455
5866
6066
6063
5911
5607
5189
4653
4106
3550
2950
2239
1540
951
417
-204
-941
-1662
-2358
-3152
-4018
-4776
-5427
-6016
-6593
-7034
-7288
-7402
-7393
-7178
-6758
-6215
-5602
-4798
-3853
-2963
-2178
-1337
-427
365
920
1387
1884
2268
2417
2460
2527
2557
2493
2358
2321
2277
2154
1999
1823
1590
1249
875
512
132
-273
-609
-845
-1112
-1340
-1435
-1320
-1143
-986
-664
-128
552
1194
1820
2595
3349
3911
4349
4802
5292
5656
5740
5652
5490
5200
4759
4235
3707
3132
2483
1786
1181
605
36
-624
-1330
-2031
-2829
-3597
-4295
-4888
-5454
-6065
-6531
-6833
-7013
-7144
-7110
-6816
-6371
-5883
-5344
-4584
-3631
-2720
-1907
-1102
-244
523
1091
1543
1928
2263
2447
2488
2459
2374
2300
2249
2178
2064
1917
1811
1696
1482
1175
881
632
321
-52
-400
-644
-836
-1016
-1098
-1012
-795
-549
-311
13
505
1099
1742
2416
3125
3796
4344
4796
5174
5521
5774
5804
5670
5385
4978
4482
3886
3250
2547
1773
1000
312
-279
-867
-1519
-2175
-2776
-3407
-4079
-4684
-5192
-5674
-6202
-6690
-6974
-7144
-7215
-7182
-6912
-6453
-5949
-5322
-4511
-3535
-2609
-1760
-861
62
854
1414
1838
2195
2414
2491
2477
2462
2422
2345
2293
2231
2132
2018
1953
1905
1726
1461
1234
1023
722
344
23
-175
-348
-560
-667
-606
-474
-339
-150
166
602
1088
1691
2364
3004
3615
4112
4571
4933
5193
5450
5514
5359
5004
4559
4048
3385
2659
1937
1218
454
-277
-826
-1326
-1884
-2488
-3009
-3481
-4065
-4675
-5189
-5617
-6063
-6571
-6841
-6886
-6878
-6861
-6684
-6178
-5552
-4906
-4145
-3212
-2225
-1384
-712
-90
566
1222
1671
1879
1968
2154
2432
2585
2526
2389
2406
2464
2366
2176
2017
1968
1826
1511
1158
865
683
458
182
-43
-110
-17
88
167
266
460
782
1065
1319
1663
2137
2707
3197
3586
3968
4337
4659
4909
5129
5245
5168
4901
4454
3926
3280
2581
1835
1001
133
-685
-1328
-1860
-2469
-3090
-3589
-3960
-4378
-4874
-5288
-5604
-5896
-6324
-6707
-6935
-7040
-7028
-6917
-6567
-6062
-5488
-4780
-3945
-3010
-2116
-1237
-344
490
1198
1718
2141
2440
2599
2687
2712
2686
2557
2413
2332
2285
2231
2145
2092
2061
1964
1838
1714
1589
1394
1112
859
618
396
200
67
60
93
149
284
501
774
1077
1501
2037
2624
3179
3696
4181
4547
4801
4972
5115
5099
4783
4314
3796
3224
2488
1648
897
208
-495
-1192
-1727
-2074
-2441
-2899
-3364
-3763
-4181
-4720
-5227
-5683
-6135
-6646
-7022
-7169
-7244
-7200
-7003
-6520
-5869
-5231
-4484
-3586
-2568
-1653
-861
-39
764
1435
1912
2289
2607
2831
2982
3064
3113
3101
3063
3055
3016
2965
2878
2832
2772
2566
2304
2090
1919
1648
1259
889
618
417
199
23
-41
-23
25
103
273
489
767
1145
1585
2049
2512
3011
3492
3782
3968
4107
4236
4270
3985
3568
3162
2737
2171
1448
798
234
-315
-912
-1488
-1945
-2381
-2849
-3362
-3861
-4327
-4831
-5293
-5716
-6099
-6470
-6755
-6844
-6864
-6805
-6608
-6237
-5681
-5104
-4479
-3737
-2854
-1936
-1090
-279
502
1250
1888
2423
2861
3200
3481
3667
3757
3726
3621
3541
3447
3331
3159
3008
2901
2758
2541
2306
2149
1973
1699
1367
1075
851
596
320
108
-29
-112
-169
-126
24
213
412
674
1051
1475
1890
2285
2661
2923
3062
3186
3294
3394
3305
3046
2764
2426
1996
1403
794
260
-342
-983
-1595
-2121
-2582
-3075
-3577
-4010
-4372
-4761
-5166
-5471
-5687
-5886
-6122
-6256
-6250
-6195
-6086
-5856
-5453
-4909
-4296
-3598
-2789
-1897
-997
-123
754
1572
2296
2927
3461
3838
4066
4230
4327
4303
4156
3963
3797
3610
3363
3116
2944
2804
2618
2410
2230
2076
1841
1542
1257
954
646
336
71
-149
-365
-520
-576
-554
-518
-439
-292
-79
178
439
769
1173
1594
1943
2188
2436
2656
2816
2891
2795
2588
2307
1938
1447
807
198
-363
-926
-1532
-2111
-2524
-2856
-3218
-3638
-3978
-4218
-4480
-4760
-5025
-5235
-5411
-5592
-5684
-5691
-5618
-5367
-4930
-4381
-3815
-3170
-2327
-1386
-511
277
1092
1944
2604
2994
3275
3621
3942
4007
3900
3832
3842
3849
3747
3559
3381
3281
3182
3024
2799
2543
2312
2044
1688
1239
805
453
85
-373
-774
-986
-1047
-1108
-1194
-1184
-1047
-840
-638
-470
-244
50
355
683
994
1291
1562
1767
1948
2053
2136
2264
2298
2214
1996
1721
1416
1018
568
65
-454
-955
-1472
-1976
-2438
-2868
-3280
-3642
-3953
-4255
-4521
-4710
-4804
-4876
-4922
-4869
-4728
-4483
-4200
-3855
-3413
-2895
-2307
-1700
-1054
-416
251
973
1692
2340
2876
3394
3888
4260
4487
4607
4688
4686
4534
4278
4005
3738
3402
2997
2595
2221
1856
1491
1145
800
459
136
-202
-563
-904
-1192
-1431
-1655
-1889
-2091
-2185
-2181
-2159
-2095
-1966
-1744
-1477
-1211
-930
-628
-261
122
519
930
1325
1712
2046
2357
2593
2773
2927
2926
2807
2621
2367
1982
1456
928
418
-133
-752
-1344
-1796
-2181
-2575
-2978
-3250
-3385
-3537
-3697
-3787
-3795
-3818
-3877
-3824
-3709
-3595
-3476
-3253
-2886
-2502
-2052
-1459
-736
-48
551
1240
2011
2719
3247
3645
4036
4317
4425
4380
4271
4089
3755
3353
2921
2466
1987
1519
1146
783
386
38
-233
-475
-773
-1054
-1286
-1503
-1770
-2071
-2264
-2383
-2494
-2604
-2629
-2533
-2366
-2143
-1850
-1475
-1055
-621
-181
246
643
1045
1472
1876
2228
2560
2908
3210
3391
3507
3638
3744
3677
3452
3238
2991
2584
1995
1413
948
414
-267
-967
-1495
-1889
-2331
-2788
-3120
-3308
-3469
-3627
-3676
-3638
-3609
-3591
-3500
-3350
-3244
-3128
-2880
-2544
-2247
-1978
-1549
-956
-407
27
498
1099
1679
2100
2441
2791
3071
3183
3150
3059
2889
2596
2230
1883
1497
1031
600
263
-31
-376
-708
-921
-1087
-1311
-1543
-1671
-1703
-1779
-1919
-2014
-2004
-1947
-1914
-1855
-1683
-1427
-1135
-787
-384
48
487
938
1380
1737
2043
2330
2588
2794
2928
3018
3125
3258
3367
3413
3433
3482
3534
3530
3422
3189
2953
2699
2285
1687
1079
589
28
-681
-1419
-1983
-2366
-2758
-3187
-3513
-3652
-3703
-3778
-3799
-3757
-3702
-3652
-3586
-3518
-3549
-3586
-3514
-3385
-3301
-3261
-3057
-2630
-2176
-1764
-1274
-591
137
718
1249
1793
2278
2606
2737
2726
2603
2422
2175
1827
1407
1008
736
572
383
130
-14
51
144
123
82
130
217
217
138
37
-54
-129
-254
-389
-450
-420
-313
-141
83
343
698
1136
1542
1846
2111
2414
2669
2796
2803
2793
2805
2763
2689
2630
2645
2659
2607
2614
2645
2650
2588
2444
2299
2043
1611
1054
517
13
-669
-1486
-2248
-2820
-3304
-3860
-4372
-4725
-4926
-5072
-5198
-5199
-5128
-5043
-4965
-4856
-4720
-4659
-4591
-4438
-4253
-4104
-3923
-3549
-3043
-2532
-1994
-1247
-288
653
1479
2275
3152
3927
4465
4877
5154
5315
5254
4968
4604
4187
3754
3242
2709
2219
1755
1409
1148
880
592
371
257
117
-100
-358
-570
-759
-1023
-1329
-1613
-1779
-1890
-2007
-2003
-1822
-1469
-1048
-600
-75
499
1121
1722
2242
2662
2977
3214
3333
3325
3179
2931
2675
2369
2051
1758
1533
1350
1117
945
814
702
565
318
92
-184
-608
-1157
-1709
-2177
-2752
-3435
-4022
-4403
-4666
-4936
-5123
-5133
-4970
-4753
-4538
-4196
-3773
-3365
-3003
-2635
-2259
-2006
-1770
-1459
-1133
-885
-671
-302
177
613
986
1465
2102
2713
3208
3666
4167
4611
4876
5030
5112
5049
4823
4468
4041
3499
2842
2211
1625
991
298
-263
-635
-1003
-1413
-1699
-1748
-1715
-1774
-1868
-1838
-1683
-1609
-1659
-1669
-1591
-1551
-1590
-1591
-1522
-1402
-1227
-955
-621
-288
76
502
911
1230
1463
1686
1917
2018
1950
1852
1789
1641
1319
952
702
518
363
246
199
209
205
272
409
538
636
683
797
888
788
595
450
385
157
-279
-677
-904
-1052
-1316
-1653
-1866
-1943
-2017
-2129
-2189
-2202
-2242
-2278
-2257
-2216
-2263
-2306
-2256
-2172
-2126
-2069
-1838
-1469
-1140
-865
-485
58
591
1004
1391
1839
2253
2519
2717
2880
2944
2875
2707
2500
2228
1930
1690
1465
1180
813
504
296
92
-184
-502
-710
-906
-1224
-1560
-1788
-1952
-2207
-2482
-2622
-2602
-2482
-2346
-2148
-1839
-1463
-1062
-643
-157
291
685
1094
1487
1802
2036
2261
2438
2523
2550
2568
2638
2691
2690
2652
2643
2684
2649
2548
2438
2323
2151
1966
1824
1633
1357
1022
725
485
216
-68
-337
-503
-682
-996
-1287
-1448
-1514
-1707
-2035
-2281
-2362
-2390
-2531
-2743
-2868
-2920
-2986
-3083
-3149
-3180
-3211
-3175
-3087
-3016
-2988
-2903
-2696
-2488
-2335
-2146
-1798
-1361
-1017
-742
-385
120
597
971
1325
1691
2038
2281
2459
2595
2639
2622
2573
2496
2362
2190
2072
2011
1917
1733
1575
1557
1583
1560
1518
1523
1541
1495
1413
1325
1222
1063
847
640
425
158
-108
-293
-440
-641
-794
-814
-731
-644
-598
-505
-340
-150
-60
-46
-24
-36
-127
-285
-445
-631
-844
-1046
-1245
-1414
-1506
-1497
-1418
-1324
-1198
-1033
-784
-502
-309
-171
13
292
547
700
791
861
958
1034
1050
1064
1130
1231
1217
1075
948
929
943
787
511
276
145
26
-216
-536
-822
-1046
-1288
-1590
-1903
-2201
-2440
-2615
-2784
-2949
-3070
-3063
-2943
-2796
-2647
-2398
-1973
-1480
-1007
-556
-35
575
1156
1659
2083
2483
2881
3217
3458
3578
3620
3617
3547
3385
3131
2857
2602
2325
1971
1572
1206
893
586
248
-106
-412
-668
-907
-1178
-1427
-1625
-1828
-2043
-2255
-2431
-2568
-2671
-2739
-2797
-2817
-2780
-2686
-2531
-2310
-2036
-1731
-1344
-905
-459
7
476
921
1323
1663
1926
2109
2248
2305
2273
2223
2145
2031
1886
1745
1626
1526
1459
1404
1338
1277
1258
1257
1259
1248
1206
1183
1220
1230
1145
1030
989
948
820
663
552
523
442
207
-58
-181
-242
-476
-820
-1080
-1222
-1367
-1627
-1943
-2210
-2426
-2640
-2865
-3075
-3286
-3466
-3555
-3592
-3667
-3773
-3747
-3596
-3466
-3344
-3122
-2743
-2303
-1908
-1535
-1092
-553
-25
458
916
1346
1721
2068
2411
2662
2813
2937
3064
3142
3128
3076
3052
3031
2974
2857
2741
2691
2613
2460
2280
2115
1950
1740
1501
1248
980
710
448
194
-85
-395
-669
-880
-1070
-1278
-1482
-1606
-1663
-1744
-1824
-1808
-1690
-1554
-1444
-1283
-1051
-766
-501
-282
-80
110
262
370
446
462
426
373
314
200
45
-78
-150
-205
-290
-377
-393
-354
-309
-295
-270
-199
-123
-86
-84
-17
106
200
247
260
316
400
454
509
599
728
781
731
705
779
872
810
641
511
456
397
253
59
-139
-339
-544
-741
-921
-1107
-1277
-1368
-1420
-1484
-1531
-1477
-1350
-1237
-1151
-1020
-792
-564
-399
-258
-86
135
339
498
631
744
841
941
1020
1046
1009
940
857
733
564
369
196
46
-144
-376
-579
-697
-781
-893
-1008
-1092
-1114
-1107
-1096
-1066
-1030
-993
-945
-875
-795
-723
-634
-500
-367
-275
-178
-22
162
315
444
586
769
968
1144
1290
1441
1589
1702
1794
1856
1885
1877
1834
1756
1632
1481
1322
1142
954
758
553
386
266
161
58
-14
-32
-13
14
48
82
140
215
269
311
343
372
405
477
595
703
770
827
914
1011
1093
1143
1173
1186
1100
851
531
257
-25
-462
-1030
-1583
-2050
-2484
-2968
-3472
-3893
-4204
-4454
-4664
-4799
-4859
-4849
-4740
-4569
-4384
-4192
-3905
-3511
-3122
-2769
-2381
-1897
-1352
-833
-334
212
848
1499
2094
2654
3196
3710
4177
4574
4862
5021
5089
5078
4973
4760
4455
4121
3767
3342
2852
2375
1983
1638
1280
932
630
397
189
-8
-173
-331
-468
-585
-701
-806
-898
-958
-970
-976
-1009
-1018
-959
-881
-820
-776
-717
-633
-569
-536
-529
-527
-543
-604
-682
-759
-840
-933
-1054
-1169
-1263
-1341
-1402
-1460
-1515
-1562
-1581
-1565
-1516
-1447
-1366
-1255
-1112
-938
-750
-564
-356
-119
97
290
495
728
944
1126
1301
1459
1599
1712
1821
1927
2033
2103
2125
2153
2193
2201
2157
2089
2021
1939
1804
1590
1347
1129
901
576
187
-183
-499
-804
-1146
-1499
-1802
-2024
-2209
-2390
-2542
-2628
-2651
-2620
-2564
-2525
-2474
-2386
-2270
-2148
-2038
-1907
-1740
-1529
-1323
-1138
-915
-620
-294
-15
235
499
780
1051
1279
1479
1636
1742
1823
1858
1827
1739
1646
1545
1410
1224
1036
900
772
636
496
393
330
282
244
208
196
213
231
247
261
272
265
228
182
130
79
37
-17
-68
-112
-150
-162
-144
-121
-99
-72
-10
78
162
249
328
400
452
488
523
546
551
540
531
538
541
540
533
510
463
410
361
311
256
176
90
-11
-117
-232
-347
-457
-597
-744
-902
-1038
-1163
-1317
-1452
-1561
-1658
-1716
-1709
-1628
-1518
-1409
-1275
-1067
-802
-563
-348
-98
165
361
478
579
689
738
672
532
421
353
269
134
-32
-183
-304
-394
-449
-495
-541
-555
-535
-505
-503
-492
-423
-340
-284
-257
-199
-86
36
121
196
326
490
666
838
990
1131
1274
1424
1563
1662
1713
1732
1730
1686
1580
1421
1240
1033
768
481
200
-75
-337
-593
-833
-1032
-1178
-1274
-1335
-1379
-1403
-1397
-1352
-1306
-1270
-1221
-1161
-1086
-1052
-1055
-1050
-1006
-945
-911
-880
-819
-696
-539
-378
-200
23
306
601
885
1162
1433
1699
1941
2138
2284
2380
2430
2433
2389
2313
2217
2104
1956
1775
1591
1416
1269
1129
984
836
699
582
460
322
170
14
-152
-345
-556
-779
-990
-1192
-1402
-1612
-1815
-1999
-2139
-2232
-2276
-2260
-2207
-2138
-2059
-1938
-1761
-1581
-1426
-1282
-1119
-956
-862
-851
-851
-827
-832
-926
-1062
-1147
-1179
-1202
-1245
-1273
-1241
-1165
-1057
-903
-727
-543
-330
-87
136
311
465
625
787
907
991
1076
1146
1196
1221
1249
1295
1363
1448
1531
1599
1662
1754
1873
1969
1994
1971
1956
1932
1875
1756
1604
1448
1272
1065
841
633
451
300
166
41
-43
-63
-24
31
80
136
219
315
377
373
354
336
277
144
-37
-213
-384
-559
-762
-954
-1098
-1201
-1286
-1368
-1415
-1413
-1370
-1317
-1278
-1229
-1151
-1067
-991
-953
-937
-911
-871
-839
-840
-849
-833
-798
-760
-727
-681
-593
-491
-392
-283
-174
-54
64
182
302
392
459
541
617
671
712
751
790
804
791
770
753
750
730
695
672
674
683
703
721
719
726
746
765
768
752
720
673
621
552
434
292
149
-4
-178
-348
-477
-596
-716
-826
-912
-947
-955
-959
-954
-928
-878
-833
-788
-745
-711
-694
-694
-708
-734
-768
-808
-842
-858
-856
-839
-791
-722
-639
-551
-432
-276
-107
56
204
345
483
597
675
737
797
842
856
855
845
841
834
827
819
800
791
787
790
781
769
776
791
803
784
747
710
668
603
542
464
369
265
163
75
20
-22
-72
-85
-63
-28
13
70
135
212
289
361
413
442
449
431
389
313
215
107
-22
-173
-340
-504
-648
-791
-921
-1027
-1124
-1182
-1213
-1239
-1258
-1250
-1203
-1146
-1091
-1026
-955
-870
-787
-706
-620
-518
-399
-302
-220
-124
-13
98
209
306
402
497
583
654
702
721
715
696
673
633
547
435
323
232
161
87
-2
-81
-123
-125
-113
-103
-100
-102
-96
-82
-75
-83
-98
-106
-109
-122
-159
-197
-214
-221
-251
-287
-311
-311
-301
-286
-251
-221
-180
-115
-49
-2
34
62
81
97
112
120
126
123
111
91
71
70
72
61
49
67
113
170
225
268
331
419
495
551
583
607
647
689
718
722
716
722
733
735
731
722
712
712
691
643
593
554
511
457
384
294
194
86
-23
-133
-246
-364
-494
-618
-722
-805
-877
-937
-982
-1004
-1008
-993
-967
-919
-847
-764
-677
-579
-486
-394
-305
-225
-137
-58
-1
51
102
150
187
214
242
248
252
256
258
262
252
235
208
179
134
75
11
-50
-112
-184
-265
-346
-419
-487
-557
-616
-662
-703
-743
-767
-782
-798
-805
-787
-740
-683
-610
-526
-437
-339
-235
-139
-41
65
178
298
422
530
620
703
777
857
920
979
1036
1069
1089
1097
1092
1071
1030
966
904
836
749
651
545
432
310
181
69
-33
-134
-229
-302
-346
-383
-418
-444
-452
-439
-406
-361
-320
-278
-227
-159
-81
-34
-1
32
62
102
130
151
161
177
181
177
178
165
143
116
101
82
46
2
-30
-59
-99
-148
-195
-245
-279
-290
-276
-246
-213
-169
-119
-60
4
65
125
178
229
276
312
339
340
334
339
317
272
210
146
78
6
-81
-174
-277
-373
-452
-529
-598
-670
-752
-826
-873
-901
-926
-944
-960
-967
-958
-946
-919
-881
-826
-753
-679
-594
-511
-424
-325
-223
-116
-20
74
178
282
371
450
511
551
586
622
655
671
659
651
651
651
631
595
572
544
514
492
468
441
420
393
381
378
366
360
352
345
351
376
397
423
434
448
468
483
508
525
548
575
598
612
614
620
625
621
605
579
555
517
464
404
338
261
174
77
-38
-170
-306
-428
-533
-638
-748
-843
-937
-1013
-1069
-1115
-1147
-1178
-1199
-1214
-1217
-1202
-1180
-1142
-1095
-1043
-977
-902
-816
-732
-653
-566
-478
-404
-328
-246
-148
-50
29
93
150
207
258
299
323
333
333
328
321
305
278
249
229
224
229
236
247
274
297
322
355
381
404
417
437
462
484
503
515
503
480
460
435
406
366
317
267
214
171
128
91
67
51
38
27
28
28
36
46
57
65
64
59
58
67
68
67
59
42
38
49
62
75
86
94
98
110
98
83
66
45
28
0
-34
-73
-117
-163
-208
-260
-316
-357
-398
-437
-455
-451
-445
-430
-397
-349
-287
-216
-150
-88
-13
55
107
147
175
190
209
222
222
213
198
186
177
163
140
133
135
126
129
138
133
121
100
75
56
26
-12
-54
-94
-133
-178
-216
-260
-307
-339
-360
-369
-382
-391
-379
-349
-314
-287
-269
-261
-252
-232
-220
-204
-183
-165
-151
-140
-138
-149
-147
-128
-107
-76
-47
-23
3
25
51
75
100
122
138
161
193
215
217
217
222
232
241
244
259
266
273
275
269
271
276
291
316
342
352
359
364
373
380
393
405
404
394
377
352
328
301
257
215
169
112
45
-34
-112
-177
-233
-299
-360
-408
-432
-440
-454
-474
-485
-476
-443
-405
-366
-316
-273
-232
-183
-137
-100
-53
-16
24
64
104
141
166
188
213
242
258
267
271
270
272
273
261
229
179
129
78
24
-34
-99
-145
-186
-234
-277
-322
-354
-364
-355
-342
-325
-299
-265
-220
-170
-125
-101
-83
-49
-15
14
37
68
92
111
138
151
152
159
165
180
180
157
138
132
129
117
99
73
47
29
20
7
-23
-44
-51
-59
-77
-98
-119
-140
-152
-155
-153
-158
-161
-174
-184
-190
-196
-192
-200
-212
-217
-214
-212
-208
-213
-217
-206
-201
-192
-170
-149
-127
-100
-68
-37
-7
21
48
83
114
149
172
191
214
248
287
312
331
337
352
377
382
378
376
383
399
412
422
432
438
455
470
483
490
477
464
456
448
433
391
340
286
227
168
97
32
-25
-84
-144
-206
-259
-303
-345
-378
-402
-418
-437
-458
-462
-453
-446
-446
-444
-429
-406
-376
-347
-327
-307
-278
-242
-202
-163
-132
-108
-71
-30
-8
5
13
24
30
24
2
-23
-43
-62
-83
-117
-142
-162
-178
-182
-182
-189
-202
-206
-196
-182
-173
-163
-154
-141
-120
-86
-65
-50
-25
8
38
66
79
81
86
88
108
137
150
140
116
104
98
97
93
86
85
89
100
109
112
112
117
128
150
171
187
205
230
251
260
260
269
287
295
312
320
325
322
323
335
333
316
291
275
257
233
210
173
139
107
70
44
24
-10
-47
-81
-119
-143
-165
-193
-233
-271
-290
-300
-310
-323
-339
-359
-373
-388
-397
-395
-394
-393
-392
-382
-352
-330
-305
-276
-250
-225
-183
-126
-70
-31
1
48
90
121
137
151
181
216
256
290
317
334
337
350
372
380
389
396
392
376
349
318
276
228
190
151
109
70
22
-21
-57
-77
-102
-141
-184
-217
-248
-274
-294
-319
-354
-381
-395
-409
-424
-441
-459
-470
-461
-444
-416
-392
-375
-350
-301
-244
-195
-151
-98
-35
34
100
152
207
251
287
321
341
357
361
368
374
372
374
359
342
322
304
278
244
216
187
159
132
101
64
33
6
-12
-34
-68
-94
-99
-95
-82
-70
-68
-55
-35
-13
18
36
55
71
83
105
126
155
172
194
223
238
234
226
209
195
194
194
183
157
124
97
66
26
-19
-71
-115
-155
-201
-239
-270
-296
-323
-340
-361
-383
-396
-399
-390
-367
-337
-300
-261
-219
-172
-151
-137
-118
-89
-59
-27
-3
17
27
37
50
57
54
37
22
17
-1
-24
-50
-75
-84
-94
-111
-137
-162
-184
-192
-196
-200
-209
-207
-202
-205
-202
-190
-164
-136
-99
-55
3
60
112
165
225
288
348
406
454
500
541
583
615
634
650
657
671
676
661
623
576
519
459
403
339
275
209
150
83
16
-45
-99
-145
-182
-216
-265
-310
-344
-370
-388
-403
-417
-435
-460
-472
-464
-453
-437
-419
-392
-349
-294
-243
-214
-183
-144
-98
-66
-46
-24
-2
24
41
50
41
19
10
1
-8
-13
-17
-27
-42
-56
-68
-63
-57
-52
-32
-17
-13
-17
-10
12
23
29
32
36
52
71
79
77
85
88
101
116
122
133
143
157
162
149
134
124
108
82
50
22
-11
-50
-91
-126
-160
-190
-217
-241
-259
-273
-276
-268
-267
-264
-245
-229
-213
-193
-173
-144
-107
-80
-47
-11
30
68
107
161
213
264
307
346
391
424
460
486
510
540
566
581
566
546
513
474
444
402
344
281
218
163
96
31
-34
-101
-149
-188
-230
-277
-312
-342
-370
-390
-408
-417
-412
-401
-387
-375
-360
-337
-310
-269
-235
-211
-186
-155
-112
-72
-40
-10
11
32
58
79
92
101
100
114
121
122
120
118
121
109
95
87
84
84
76
70
64
51
50
53
50
31
-3
-28
-41
-64
-96
-112
-119
-128
-152
-183
-198
-210
-233
-261
-289
-305
-310
-295
-285
-288
-281
-277
-254
-220
-187
-140
-95
-45
-7
32
69
101
135
161
198
226
239
258
286
314
332
343
341
345
348
344
348
347
335
316
295
268
253
239
221
198
163
123
83
48
11
-15
-35
-58
-73
-95
-122
-141
-160
-176
-192
-196
-192
-182
-181
-188
-193
-180
-162
-151
-156
-166
-167
-164
-156
-160
-160
-152
-133
-117
-101
-84
-68
-43
-15
11
35
67
93
121
150
174
198
219
236
255
271
287
294
293
289
282
283
283
280
264
238
217
198
173
144
107
81
43
3
-30
-67
-103
-153
-197
-234
-294
-341
-372
-401
-424
-451
-479
-503
-510
-508
-507
-506
-504
-492
-462
-435
-412
-394
-362
-313
-262
-211
-165
-124
-68
-12
53
115
172
232
278
318
353
381
409
431
445
460
481
487
481
465
442
428
411
382
361
343
318
298
271
239
211
188
166
144
118
85
57
36
21
9
-10
-27
-38
-53
-76
-98
-112
-129
-145
-171
-203
-224
-236
-232
-228
-230
-236
-239
-243
-251
-258
-263
-264
-269
-270
-267
-254
-235
-211
-199
-185
-165
-145
-117
-93
-76
-46
-11
6
15
25
45
51
61
91
103
103
100
110
134
136
125
125
121
123
127
137
144
148
164
160
147
128
111
112
106
96
83
77
73
70
64
66
70
74
78
78
74
76
76
67
57
57
58
48
32
13
0
-6
-5
-18
-38
-44
-48
-55
-60
-69
-65
-51
-37
-24
-24
-27
-22
-19
-19
-19
-13
-9
-7
-24
-43
-50
-71
-90
-104
-116
-129
-146
-152
-151
-147
-144
-147
-158
-172
-180
-173
-170
-177
-189
-194
-183
-166
-149
-139
-143
-138
-126
-116
-102
-81
-47
-18
5
17
35
49
53
73
97
127
153
182
206
234
262
294
317
329
345
350
354
355
352
363
371
381
382
378
367
348
324
288
252
216
178
138
89
42
0
-38
-86
-137
-168
-211
-250
-288
-317
-338
-363
-387
-413
-425
-429
-425
-429
-430
-423
-407
-385
-368
-351
-329
-300
-259
-221
-189
-157
-125
-95
-71
-38
0
34
61
91
126
144
151
166
183
197
200
207
218
220
220
232
238
234
234
236
247
260
260
248
241
234
225
213
196
173
149
127
101
66
24
-15
-54
-84
-107
-126
-141
-150
-165
-172
-169
-166
-158
-162
-175
-182
-181
-172
-167
-166
-158
-150
-137
-126
-128
-121
-102
-68
-27
9
43
75
105
135
161
170
181
196
214
228
229
236
228
222
211
190
175
153
138
126
107
98
79
52
30
10
-11
-34
-59
-92
-124
-162
-201
-227
-241
-260
-277
-282
-279
-279
-277
-269
-250
-218
-191
-165
-141
-111
-70
-31
-5
9
35
63
75
94
108
118
128
123
128
130
122
118
117
124
138
151
162
166
155
148
140
134
118
93
64
32
-1
-22
-35
-50
-72
-94
-110
-128
-141
-150
-161
-179
-193
-198
-191
-185
-183
-191
-194
-195
-201
-198
-196
-197
-204
-198
-181
-161
-140
-116
-81
-50
-26
-4
32
79
123
168
210
261
298
327
357
376
388
404
413
418
423
417
403
384
354
335
314
285
259
231
210
189
157
119
80
50
22
-7
-38
-69
-92
-117
-138
-163
-189
-214
-235
-245
-257
-270
-271
-264
-259
-246
-236
-228
-217
-212
-208
-198
-191
-182
-170
-152
-147
-154
-156
-156
-145
-134
-114
-95
-82
-78
-76
-64
-51
-33
-19
-5
-2
13
46
66
70
67
62
76
90
93
83
66
57
62
61
53
45
36
38
49
53
53
57
63
60
46
33
8
-14
-21
-23
-28
-45
-66
-85
-94
-91
-96
-93
-88
-84
-74
-65
-66
-73
-69
-52
-25
-9
0
5
17
38
65
95
112
135
157
184
216
229
229
220
220
233
248
252
263
276
278
269
253
225
206
188
161
125
98
87
78
69
50
20
-19
-55
-85
-103
-112
-131
-158
-181
-192
-193
-201
-215
-231
-243
-237
-218
-196
-184
-176
-172
-169
-154
-142
-130
-116
-110
-99
-88
-86
-84
-75
-60
-53
-51
-57
-59
-45
-41
-40
-39
-35
-29
-23
-13
-8
-10
-12
-5
9
22
29
30
36
32
27
31
41
53
60
70
91
105
107
107
108
108
100
82
68
59
64
72
75
72
66
65
67
70
71
61
50
37
19
4
-15
-29
-35
-32
-29
-33
-39
-44
-38
-25
-20
-19
-14
-18
-14
-2
6
19
20
22
35
51
55
54
53
58
61
58
57
45
36
28
17
9
-5
-25
-39
-38
-37
-45
-51
-65
-70
-72
-74
-74
-79
-82
-84
-77
-63
-57
-55
-48
-39
-22
-14
-13
-19
-25
-18
-16
-12
-22
-29
-26
-12
-3
-7
-10
-11
-6
-2
1
4
7
15
27
30
30
25
16
11
13
27
37
44
54
64
78
79
82
87
89
101
112
112
104
101
95
92
79
66
50
35
24
5
-9
-24
-44
-62
-92
-120
-140
-151
-154
-156
-159
-164
-167
-170
-172
-161
-152
-141
-126
-111
-91
-79
-61
-43
-32
-8
22
44
64
81
84
98
115
122
130
133
136
150
157
157
158
162
163
174
179
178
174
159
145
131
119
104
86
68
51
33
16
-4
-20
-20
-21
-23
-44
-72
-91
-96
-92
-97
-102
-114
-118
-122
-132
-139
-140
-131
-130
-133
-129
-130
-131
-136
-139
-153
-161
-157
-152
-145
-142
-130
-117
-105
-108
-110
-104
-97
-80
-64
-52
-38
-19
-3
7
22
47
83
121
141
153
161
169
186
206
218
218
210
210
204
196
186
170
158
153
143
119
97
77
56
33
24
13
-5
-18
-36
-47
-59
-66
-71
-70
-72
-71
-55
-43
-34
-36
-36
-21
-4
10
22
26
28
41
50
54
51
42
32
25
20
5
-14
-26
-29
-40
-50
-63
-83
-94
-101
-106
-107
-101
-90
-89
-93
-85
-70
-55
-54
-56
-52
-47
-46
-41
-37
-42
-29
-14
-2
13
25
32
38
37
28
18
25
24
13
15
14
-3
-19
-17
-9
-4
-7
-6
-8
-13
-5
2
10
13
20
31
41
49
60
67
81
97
114
125
130
135
126
121
109
100
93
80
68
59
55
47
34
14
2
-4
-19
-44
-69
-84
-91
-87
-85
-96
-103
-119
-137
-144
-158
-177
-182
-178
-168
-166
-156
-138
-137
-142
-146
-132
-117
-100
-74
-41
-22
-9
-3
4
22
44
55
52
58
69
80
98
106
112
124
128
134
141
147
150
144
148
158
168
169
160
151
142
128
120
112
108
99
86
75
61
52
43
42
39
30
21
14
9
5
2
-7
-11
-11
-26
-50
-77
-100
-121
-128
-118
-122
-132
-137
-140
-146
-158
-171
-173
-167
-160
-148
-136
-122
-116
-119
-107
-88
-66
-46
-33
-23
-4
16
31
40
42
52
71
83
91
90
97
108
113
121
116
103
79
59
49
43
41
34
26
20
17
18
19
15
8
1
11
9
0
-9
-19
-10
-6
-2
3
10
21
24
26
19
14
9
8
8
1
-11
-26
-26
-9
6
-5
-26
-45
-50
-42
-39
-44
-53
-53
-45
-39
-50
-61
-65
-55
-47
-49
-43
-39
-32
-22
-15
-25
-45
-61
-70
-60
-41
-20
-2
3
9
10
25
39
41
48
47
49
51
51
43
49
56
60
61
60
67
72
72
60
52
45
32
32
43
35
26
22
25
38
41
33
19
17
24
31
34
32
33
42
44
43
48
40
25
17
9
8
-3
-11
-10
-13
-9
-12
-20
-29
-48
-49
-44
-46
-55
-64
-58
-44
-42
-47
-46
-35
-20
-18
-21
-25
-28
-23
-13
-8
-3
5
8
8
4
-7
-15
-11
-11
-10
-19
-29
-39
-42
-37
-38
-42
-51
-65
-70
-72
-72
-68
-64
-57
-49
-45
-36
-33
-33
-29
-14
-6
-2
9
15
27
46
62
79
88
92
91
87
76
65
60
58
66
61
39
26
8
-7
-19
-35
-43
-47
-45
-42
-37
-36
-39
-41
-34
-28
-25
-20
-22
-19
-19
-18
-19
-14
-2
10
19
14
13
11
17
26
35
51
53
51
51
65
84
86
72
52
47
58
63
63
59
53
52
48
51
55
58
54
42
33
26
16
3
4
13
23
19
12
12
20
21
16
6
-14
-24
-21
-14
-23
-36
-50
-54
-57
-59
-68
-80
-87
-86
-80
-79
-78
-83
-87
-84
-82
-82
-92
-99
-84
-65
-57
-50
-51
-48
-42
-27
-18
-17
-16
-13
-7
-2
10
13
18
18
15
15
16
23
32
30
24
17
8
13
12
5
-4
4
21
21
32
35
35
32
21
15
16
7
1
3
11
11
18
22
20
34
47
54
64
69
63
61
64
68
66
55
49
50
53
50
37
28
21
21
21
13
0
-11
-13
-16
-18
-15
-14
-16
-21
-24
-16
-14
-18
-27
-34
-33
-34
-38
-42
-44
-51
-43
-32
-37
-40
-38
-28
-24
-22
-18
-10
2
10
15
7
6
3
1
5
8
3
-5
-13
-15
-13
-20
-19
-11
-3
7
16
10
2
5
17
24
12
-6
-10
-9
-2
5
-2
-1
-3
1
5
0
-4
1
10
7
-6
-18
-24
-21
-24
-39
-42
-34
-31
-36
-38
-33
-25
-25
-15
-9
-25
-34
-27
-10
2
3
0
3
22
33
42
45
45
51
46
43
49
63
71
77
82
83
91
98
98
90
83
83
86
90
96
94
92
89
77
59
37
15
-10
-17
-24
-41
-60
-74
-88
-97
-96
-104
-111
-113
-110
-108
-105
-106
-109
-97
-92
-97
-102
-99
-90
-81
-68
-59
-58
-51
-42
-38
-32
-37
-43
-35
-20
3
25
32
25
19
10
5
4
4
-3
2
14
22
26
17
1
-12
-7
7
13
2
1
8
18
22
16
14
13
16
12
15
10
8
16
33
53
64
71
73
71
72
77
76
79
96
107
102
91
80
76
87
98
101
94
86
92
93
94
93
86
71
62
57
49
36
26
24
18
19
14
-3
-19
-37
-52
-56
-59
-68
-80
-93
-96
-102
-108
-111
-113
-111
-111
-116
-130
-139
-141
-137
-132
-135
-136
-143
-149
-155
-143
-131
-125
-119
-103
-85
-68
-59
-50
-35
-20
-3
4
18
26
35
53
70
78
93
107
113
113
117
122
131
142
130
116
108
104
101
92
88
82
79
71
56
43
35
27
19
4
-6
-11
-14
-17
-23
-30
-29
-18
-10
-22
-40
-46
-42
-41
-37
-37
-33
-12
7
8
-4
-12
-15
-13
-21
-27
-28
-27
-24
-24
-22
-24
-27
-30
-31
-22
-20
-11
6
0
0
12
19
14
8
11
25
26
12
12
21
26
32
32
42
38
27
26
30
37
40
47
45
29
14
9
5
5
10
17
13
-5
-12
-11
-2
1
3
9
14
18
19
18
16
10
9
9
8
6
2
-2
-4
-7
-16
-22
-31
-32
-35
-31
-33
-39
-48
-61
-61
-60
-53
-63
-69
-77
-68
-60
-67
-63
-49
-38
-31
-21
-19
-4
4
10
30
45
44
33
36
41
47
53
60
58
52
47
39
34
31
23
23
25
25
28
27
20
7
4
-1
-12
-25
-32
-32
-31
-29
-44
-61
-81
-89
-79
-72
-64
-59
-52
-52
-54
-50
-40
-30
-24
-16
-8
4
17
35
50
68
84
89
99
105
97
87
83
78
85
91
84
64
49
44
36
35
24
16
17
10
4
-7
-9
-19
-30
-27
-20
-10
-23
-48
-62
-59
-49
-42
-46
-56
-54
-50
-49
-53
-52
-48
-52
-47
-39
-24
-14
-9
3
25
39
27
16
15
22
25
30
44
47
49
52
47
45
43
44
53
60
65
56
47
44
31
25
7
2
5
11
13
-2
-8
-16
-14
-16
-22
-29
-38
-43
-45
-44
-53
-59
-66
-69
-69
-74
-72
-69
-56
-41
-45
-51
-55
-59
-54
-43
-36
-36
-31
-16
-2
11
14
13
12
22
40
48
51
47
42
47
54
54
48
42
48
51
58
58
55
48
35
32
20
13
16
4
-10
-6
3
10
13
1
-7
-7
-10
-12
-14
-20
-27
-34
-42
-47
-40
-30
-25
-19
-17
-18
-15
-21
-26
-21
-25
-27
-22
-12
-2
5
5
0
0
3
1
-6
-16
-10
10
18
8
-5
-3
8
15
21
24
26
34
41
40
38
40
36
23
6
-3
0
6
15
13
6
-3
-2
1
-3
-4
-8
-10
-17
-23
-14
-1
10
-1
-16
-30
-43
-48
-46
-44
-46
-31
-18
-8
0
-2
-9
-4
8
24
33
24
18
20
36
50
55
55
51
56
59
58
53
51
57
69
71
63
41
21
20
18
26
21
8
0
-2
-6
-22
-40
-50
-41
-35
-42
-52
-70
-68
-60
-54
-48
-45
-41
-42
-34
-28
-28
-22
-20
-10
-3
-7
-14
-25
-21
-14
-11
-3
-6
-9
-13
-12
-8
-16
-29
-41
-40
-26
-17
-18
-20
-16
-5
-3
-6
-3
1
2
4
10
18
21
26
32
40
39
36
41
56
62
47
31
25
27
29
25
8
-10
-22
-29
-36
-46
-54
-56
-52
-50
-53
-61
-78
-85
-78
-70
-61
-43
-31
-32
-32
-18
-7
-1
-1
0
12
29
46
53
48
51
62
73
78
64
62
71
77
81
90
95
81
59
38
31
28
24
33
53
70
77
62
50
44
30
26
33
34
29
29
30
26
14
-5
-10
-9
-14
-22
-22
-21
-13
-7
-11
-18
-27
-38
-36
-33
-39
-47
-62
-64
-52
-41
-44
-52
-61
-59
-48
-47
-53
-53
-37
-14
3
-4
-9
-17
-16
4
10
15
11
14
30
35
23
2
-14
-13
-7
-4
0
-4
-3
5
4
-1
-7
-13
-16
-15
-20
-24
-26
-30
-35
-41
-43
-44
-47
-56
-65
-64
-54
-38
-27
-15
-14
-30
-41
-36
-33
-25
-7
1
2
1
1
8
7
-2
-11
-6
7
17
21
21
32
38
43
51
62
59
45
37
42
50
61
65
53
42
37
39
44
37
25
13
19
34
26
10
-4
-6
-3
-1
0
-1
-8
0
3
-2
-1
-6
-15
-13
-7
1
11
20
17
8
9
11
13
16
15
-1
-16
-18
-23
-11
9
14
14
15
33
53
60
46
34
30
31
33
21
16
15
19
26
40
40
34
24
13
12
14
10
19
30
31
26
16
12
11
12
6
-3
-11
-13
-21
-24
-29
-40
-52
-69
-87
-91
-85
-76
-80
-82
-83
-88
-95
-101
-106
-104
-92
-85
-83
-83
-77
-62
-48
-48
-43
-37
-28
-15
-7
7
13
11
13
25
42
51
47
47
57
61
72
83
82
72
59
45
31
25
44
55
48
39
27
23
19
14
4
-6
-10
-12
-17
-18
-17
-23
-35
-44
-40
-33
-26
-33
-43
-58
-65
-64
-59
-60
-66
-57
-46
-34
-36
-42
-44
-43
-31
-15
4
17
15
20
31
38
48
57
71
76
81
85
90
89
95
96
89
90
80
80
86
82
80
80
77
77
77
81
87
81
67
58
62
67
48
25
1
0
3
-4
-15
-27
-37
-39
-41
-51
-60
-71
-70
-62
-48
-45
-56
-65
-67
-71
-61
-52
-44
-38
-36
-45
-55
-44
-29
-18
0
14
17
17
21
28
34
30
19
6
3
8
12
22
18
3
-6
5
2
-11
-31
-44
-49
-52
-56
-64
-70
-75
-71
-67
-73
-76
-69
-65
-54
-43
-36
-37
-49
-58
-59
-48
-53
-54
-47
-37
-35
-36
-40
-42
-35
-23
-6
-2
-3
-4
-5
0
6
7
9
25
46
60
67
65
70
86
90
90
93
88
85
91
106
111
112
113
110
111
104
89
69
52
55
53
25
9
5
-1
-1
-5
-8
-19
-31
-38
-45
-49
-62
-65
-61
-58
-62
-76
-86
-82
-71
-56
-43
-41
-34
-23
-4
8
14
19
9
-2
-1
1
3
11
29
48
55
63
70
56
34
29
37
48
46
38
31
25
40
43
36
25
24
26
30
34
25
27
45
50
37
25
14
7
12
11
9
2
-6
-11
-24
-34
-43
-51
-58
-62
-61
-65
-69
-76
-86
-99
-113
-119
-118
-107
-104
-100
-99
-87
-66
-52
-44
-43
-42
-32
-14
0
8
17
24
27
23
29
42
48
57
61
66
66
62
55
49
51
48
44
38
31
25
23
16
12
7
8
8
1
-1
-17
-29
-39
-38
-27
-23
-21
-21
-30
-34
-37
-41
-46
-53
-45
-29
-22
-11
5
11
17
27
27
19
10
3
16
29
25
23
24
36
41
45
41
42
41
43
49
42
32
20
18
21
18
13
13
19
26
25
24
24
18
14
13
20
27
23
17
14
0
-12
-18
-20
-7
0
-1
-1
0
-6
-10
-11
-13
-23
-34
-41
-45
-37
-33
-37
-47
-52
-46
-46
-47
-47
-43
-44
-43
-32
-29
-31
-27
-14
1
17
25
19
17
22
34
38
37
33
35
34
29
36
51
65
73
77
78
71
53
30
26
28
34
44
34
16
10
4
-5
-14
-23
-21
-5
13
16
5
1
9
13
11
-2
-14
-24
-21
-10
-24
-37
-45
-46
-36
-34
-40
-49
-46
-41
-40
-35
-42
-57
-54
-50
-59
-62
-67
-66
-61
-59
-63
-52
-38
-28
-19
-22
-25
-21
-13
-4
5
19
35
40
35
16
5
5
6
7
10
14
14
13
10
9
0
-4
-8
-15
-13
-19
-23
-19
-21
-24
-35
-34
-42
-55
-63
-59
-41
-26
-14
-7
-4
3
12
24
38
47
53
61
68
80
92
92
92
90
91
102
112
114
109
102
95
88
75
59
40
35
47
58
60
57
55
47
40
30
23
22
21
17
15
15
12
-1
-17
-27
-30
-35
-38
-32
-29
-24
-10
1
-6
-20
-31
-32
-32
-37
-34
-25
-8
0
-5
-7
-9
-15
-26
-31
-32
-33
-36
-37
-33
-35
-37
-41
-37
-33
-34
-42
-52
-45
-39
-38
-48
-57
-55
-51
-50
-56
-62
-59
-48
-44
-48
-51
-58
-65
-63
-61
-55
-53
-52
-44
-37
-36
-41
-38
-36
-27
-18
-24
-23
-19
-23
-17
-5
4
21
29
22
18
20
25
34
45
46
52
52
45
43
37
31
33
45
55
52
40
37
40
35
30
29
38
47
52
63
63
54
56
56
55
56
43
30
25
24
21
27
27
24
22
23
32
36
40
38
38
35
21
12
5
4
8
10
6
5
7
16
23
23
18
11
8
13
18
16
15
2
-4
-5
-11
-19
-22
-12
-4
-1
-6
-13
-17
-18
-18
-20
-23
-22
-23
-31
-33
-31
-22
-16
-11
-15
-23
-27
-30
-24
-21
-16
-18
-17
-19
-32
-33
-34
-48
-65
-72
-74
-75
-69
-61
-60
-50
-37
-30
-30
-39
-40
-25
-16
-16
-16
-12
1
13
18
20
17
21
24
30
29
19
12
14
18
22
26
31
19
6
5
2
5
6
3
-2
-5
-3
-9
-9
-6
-5
-7
-14
-23
-18
-5
6
17
18
26
32
26
27
23
15
17
16
20
26
20
9
1
-4
-1
4
5
-3
-10
-11
-18
-22
-28
-33
-32
-24
-12
-19
-24
-21
-7
4
-3
0
8
18
29
32
32
33
31
30
36
40
39
42
46
55
52
47
36
31
22
17
19
11
6
1
11
19
23
16
6
1
2
8
7
5
-1
5
12
18
14
16
21
25
24
33
40
26
13
7
14
23
31
29
30
29
22
13
7
-2
-6
-5
-16
-26
-44
-55
-56
-45
-45
-58
-66
-70
-70
-73
-66
-58
-53
-49
-48
-43
-41
-39
-34
-26
-17
-23
-35
-40
-31
-7
7
0
-10
-18
-13
0
9
15
3
-17
-30
-39
-42
-38
-32
-25
-9
-4
-15
-30
-48
-50
-38
-20
-12
-12
-7
-6
2
4
6
15
33
50
56
55
47
40
46
46
37
26
16
20
28
31
26
24
28
28
23
23
11
0
-1
-1
-1
-6
-16
-16
-18
-25
-28
-17
-1
1
9
20
18
9
6
17
35
34
34
33
30
35
38
39
32
27
24
14
6
5
-5
-8
-10
-3
15
25
25
18
21
36
50
52
45
26
18
21
27
26
20
23
40
38
22
11
3
8
6
-10
-21
-26
-30
-22
-15
-24
-35
-37
-28
-11
-5
-13
-14
-12
-8
-11
-23
-29
-23
-29
-26
-31
-51
-47
-36
-29
-27
-39
-38
-34
-33
-26
-19
-14
-13
-18
-11
4
6
-2
-9
-5
-2
6
11
0
-8
-9
-3
-7
-14
-9
-9
-9
-8
-6
2
5
7
3
-3
-9
-17
-21
-27
-36
-46
-41
-40
-28
-8
6
10
-1
-16
-27
-24
-12
-7
-20
-21
-11
4
11
1
-4
3
19
23
24
19
21
32
36
31
19
8
5
14
33
33
25
21
19
22
22
24
22
7
-1
-13
-23
-21
-9
0
-5
-19
-32
-31
-21
-17
-11
-8
-7
2
6
8
9
16
24
34
48
50
44
47
52
59
66
61
58
58
52
47
43
38
40
41
50
47
44
40
30
23
11
-6
-20
-29
-34
-30
-24
-19
-13
-12
-17
-21
-24
-19
-5
8
8
7
13
9
2
0
-10
-14
-13
-11
-11
-17
-18
-19
-20
-23
-29
-33
-42
-35
-21
-12
-8
-15
-17
-12
-8
-14
-22
-22
-18
-11
-6
-8
-16
-29
-31
-24
-19
-21
-39
-47
-45
-36
-32
-39
-41
-52
-47
-35
-35
-43
-50
-54
-47
-42
-40
-36
-38
-32
-22
-19
-19
-14
-14
-3
3
4
1
3
22
30
33
37
36
37
44
49
53
47
32
29
32
35
39
33
20
4
7
21
18
14
6
6
5
-3
0
1
1
1
-2
-7
-3
-7
-11
-1
-2
-5
2
13
27
38
45
45
45
54
65
69
66
64
61
68
72
74
66
56
35
29
33
35
27
6
-5
-5
5
7
7
-3
-4
-1
-3
-8
-20
-31
-37
-30
-29
-34
-43
-48
-41
-42
-41
-35
-21
-5
3
1
-6
-10
-13
-4
8
10
8
12
13
11
5
0
2
9
17
16
10
0
-6
-2
-3
-9
-14
-21
-19
-20
-23
-27
-33
-35
-38
-40
-40
-47
-52
-54
-53
-51
-44
-34
-30
-39
-36
-25
-15
-17
-28
-28
-27
-22
-24
-28
-22
-2
8
-1
-12
-9
-13
-9
-12
-15
-10
-11
-4
-12
-10
-13
-14
-12
-10
-7
-20
-30
-30
-25
-14
2
7
6
12
19
26
25
20
15
21
27
32
27
11
11
23
33
34
22
22
35
35
30
28
28
30
36
43
49
49
46
49
63
76
78
64
56
52
55
58
46
30
19
26
29
26
20
15
20
25
32
30
27
17
12
23
35
22
-3
-8
-6
-8
-8
-17
-22
-17
-7
-2
-7
-12
-18
-28
-38
-41
-42
-47
-43
-35
-34
-34
-44
-46
-38
-32
-30
-32
-33
-30
-18
-13
-22
-26
-19
-11
-6
-9
-19
-16
-14
-21
-17
-15
-20
-31
-44
-54
-51
-44
-37
-24
-15
-8
-11
-16
-16
-13
1
7
5
4
2
-3
-4
-2
9
18
16
14
14
16
15
8
1
-4
-5
-6
-12
-10
1
13
21
20
10
-2
9
12
7
6
-1
-2
-2
-11
-20
-20
-19
-13
5
12
20
15
9
7
-1
0
-6
-19
-24
-21
-13
-8
-7
-8
-10
-8
-7
-6
-7
-8
-7
-6
-4
1
17
25
26
28
33
40
44
46
51
53
41
27
19
20
15
10
11
15
18
22
28
35
34
35
35
34
31
11
1
5
16
18
8
9
16
16
11
12
24
37
33
25
18
18
16
4
-4
6
19
21
20
4
-2
4
13
23
13
-5
-24
-25
-22
-18
-14
-12
-8
-8
-8
-25
-38
-45
-39
-37
-46
-50
-56
-55
-62
-68
-66
-61
-56
-40
-26
-23
-28
-29
-18
-10
-12
-12
-10
-13
-14
-15
-6
2
5
8
12
15
9
8
10
15
23
30
16
0
-1
7
8
3
-1
-8
-13
-15
-19
-33
-36
-28
-14
-6
-3
-18
-29
-21
-10
-4
-5
2
2
-7
-7
-10
-10
-10
-9
-1
10
17
8
-5
-14
-17
-13
-3
-2
-6
-5
-1
-4
-7
-6
-7
-8
-9
-2
4
12
12
16
14
13
15
14
16
20
31
40
46
36
34
46
44
39
38
52
69
77
73
66
56
58
63
52
43
34
27
28
38
43
32
23
25
32
27
19
5
-2
-1
2
-1
-7
-1
2
-1
-7
-14
-17
-13
-6
-3
-9
-9
-14
-25
-33
-40
-48
-55
-64
-63
-56
-45
-36
-44
-47
-45
-35
-28
-32
-34
-34
-18
-5
4
-1
-9
-10
-14
-25
-32
-27
-31
-21
4
6
3
1
11
16
11
12
19
21
29
34
32
24
9
5
6
5
1
-4
-4
-2
-12
-14
-21
-39
-53
-53
-48
-52
-49
-45
-34
-31
-26
-24
-26
-28
-34
-47
-59
-60
-49
-40
-33
-22
-26
-26
-30
-32
-27
-14
5
8
10
13
12
19
28
42
51
54
47
45
48
49
45
53
64
54
51
56
47
41
39
36
40
37
30
32
37
29
18
22
32
42
43
34
27
21
29
34
28
27
24
22
18
13
0
-12
-16
-12
1
4
-13
-27
-23
-29
-26
-21
-22
-12
-2
5
3
2
-2
-9
-10
-15
-3
12
23
32
37
43
39
32
21
14
-1
-16
-12
-9
-14
-21
-15
1
2
-1
-7
-1
6
-5
-6
-6
-4
-5
4
6
-15
-20
-16
-1
14
17
12
13
16
9
0
-10
-16
-23
-23
-30
-37
-54
-69
-66
-71
-68
-81
-90
-94
-91
-82
-84
-83
-82
-75
-63
-61
-61
-59
-54
-44
-32
-23
-17
-12
-6
12
23
25
28
34
42
40
37
33
33
42
48
47
44
42
42
35
28
21
13
9
5
7
3
-7
-12
-11
8
20
21
15
18
27
39
52
55
46
43
43
30
33
37
44
56
59
48
37
31
27
34
38
39
35
47
61
62
56
58
51
42
35
23
21
14
3
0
-10
-16
-20
-28
-46
-70
-68
-52
-30
-25
-42
-49
-43
-38
-45
-59
-67
-59
-42
-25
-34
-38
-37
-28
-18
-8
-3
0
14
16
15
8
1
9
22
28
26
9
4
14
12
12
11
6
8
6
1
-1
-13
-24
-31
-34
-28
-18
-7
-7
-3
-4
-6
-6
2
15
25
34
39
40
30
28
27
20
16
16
20
26
31
38
34
23
13
6
-7
-17
-22
-21
-16
-19
-31
-49
-61
-71
-71
-70
-83
-95
-92
-73
-62
-51
-46
-40
-35
-32
-30
-26
-19
-23
-18
-6
2
-2
-8
-15
-20
-13
0
19
16
10
18
27
27
20
14
13
21
28
40
45
39
32
30
33
34
32
37
46
55
62
63
66
64
52
37
30
30
32
31
35
44
51
45
34
10
-8
-12
-14
-19
-27
-26
-20
-15
-23
-37
-49
-50
-51
-54
-48
-39
-26
-15
-10
-10
-8
-2
19
29
26
21
18
16
13
11
14
21
22
14
16
22
19
9
8
8
10
12
7
9
9
2
5
14
16
26
27
23
19
16
28
42
40
20
-1
-6
-3
3
3
-1
0
-7
-10
-14
-14
-13
-15
-13
-14
-18
-20
-22
-25
-19
-13
-12
-15
-23
-18
-10
-15
-28
-37
-40
-38
-31
-28
-18
-21
-30
-30
-39
-43
-48
-57
-53
-48
-38
-32
-30
-30
-27
-19
-17
-16
-21
-27
-24
-17
-11
-10
-16
-24
-28
-27
-25
-20
-19
-23
-21
-14
-14
-28
-42
-44
-44
-43
-38
-24
-10
-8
-8
0
16
19
19
22
29
40
53
59
64
64
68
67
58
61
73
86
79
73
82
96
106
102
93
91
85
79
85
91
90
79
64
53
52
48
39
33
22
22
17
8
-9
-24
-24
-25
-34
-36
-36
-20
-4
1
-15
-30
-27
-24
-32
-44
-52
-57
-49
-41
-51
-59
-59
-54
-54
-54
-52
-52
-50
-38
-17
5
6
1
2
-1
2
7
4
-7
-13
-14
-9
4
3
4
9
2
1
-4
-16
-29
-31
-17
-2
1
-3
-14
-25
-37
-56
-54
-43
-35
-27
-22
-28
-41
-49
-47
-24
-9
-6
-18
-36
-35
-24
-6
2
-1
-3
1
2
-6
-21
-20
2
18
36
34
19
11
13
15
21
20
10
10
10
13
14
13
6
2
-6
-13
-12
-9
-3
-1
8
8
4
3
10
14
21
18
20
26
33
42
48
54
52
52
59
69
71
47
37
35
36
45
39
28
16
13
17
17
16
12
8
5
4
6
5
2
6
23
29
25
5
-12
-14
-13
-10
-5
-2
-5
-5
-3
-14
-24
-21
-12
-9
-25
-40
-32
-24
-25
-31
-34
-34
-27
-31
-47
-57
-68
-69
-64
-56
-53
-58
-53
-44
-28
-22
-30
-27
-25
-20
1
14
18
20
27
49
61
59
57
54
44
33
35
34
34
41
39
33
29
21
15
11
15
16
13
10
9
-4
-4
19
23
7
-6
-1
14
17
9
2
1
11
8
5
1
-6
-7
-7
0
-1
-15
-20
-14
-8
-6
-11
-19
-29