9
6
5
5
10
9
20
22
18
16
14
21
29
29
34
33
29
31
22
15
8
7
10
19
23
15
12
7
4
2
8
12
15
14
16
18
13
14
19
28
32
34
28
20
13
11
14
15
12
6
5
7
4
1
-5
-8
-10
-6
-5
-9
-9
-10
-16
-19
-17
-13
-10
-6
-8
-12
-15
-16
-12
-5
-1
-1
-7
-13
-11
-11
-17
-17
-13
-13
-15
-15
-11
-5
-2
5
6
7
5
3
5
3
1
1
-5
-12
-23
-26
-19
-14
-13
-7
0
1
-4
-11
-17
-18
-13
-18
-16
-6
-3
-2
0
0
1
-1
-4
-5
-6
-16
-22
-26
-30
-21
-14
-10
-4
2
8
10
2
3
3
2
-3
-12
-5
10
14
10
9
6
6
17
28
32
32
25
18
20
29
27
19
22
29
30
33
22
13
10
-2
-5
2
9
16
18
6
0
-4
-6
-8
-6
-9
-15
-12
-10
-10
-11
-8
-10
-15
-14
-8
-7
-3
-3
-10
-8
-12
-8
-8
-17
-13
-4
-4
-3
-3
-8
-4
-4
-3
-2
-3
3
3
6
4
0
-4
-4
-4
-3
-3
-4
2
1
-3
-3
1
5
7
9
7
5
3
3
5
5
12
13
14
13
13
15
17
26
19
9
1
-2
-5
-5
-1
-4
2
-1
-1
4
9
10
5
-5
-8
-2
0
4
7
9
14
11
9
10
8
0
-5
-14
-15
-12
-9
-4
8
19
18
13
9
4
0
1
-1
2
4
3
6
12
14
9
4
-2
-9
-21
-21
-16
-17
-21
-29
-38
-34
-27
-29
-25
-27
-27
-22
-21
-21
-20
-18
-21
-25
-23
-23
-23
-14
-19
-20
-19
-18
-15
-14
-13
-14
-10
-7
-8
-10
-10
-13
-14
-13
-12
-8
-3
1
5
2
2
7
10
12
16
21
23
31
35
31
31
24
15
19
22
23
24
27
33
37
34
28
30
28
28
28
33
35
33
36
38
45
47
41
34
25
23
23
21
24
27
20
14
8
5
5
5
-1
-6
-14
-19
-13
-10
-5
-5
-13
-21
-27
-22
-14
-3
0
1
-3
-13
-14
-11
-5
-8
-17
-24
-25
-26
-27
-29
-29
-38
-36
-25
-29
-27
-23
-28
-33
-32
-28
-22
-22
-25
-19
-13
-15
-17
-15
-9
-8
-18
-23
-21
-18
-15
-8
-8
-12
-14
-12
-11
-11
-10
-10
-9
-9
-7
0
-1
-5
-1
0
4
5
8
14
19
19
18
16
12
10
15
16
13
15
13
16
18
18
17
11
5
5
9
17
16
17
17
16
20
16
26
40
34
30
29
22
26
21
17
15
11
3
6
15
14
11
8
0
4
2
-5
-3
-4
2
5
5
0
-1
-4
-8
-8
-4
-10
-15
-10
-3
4
1
-6
-9
-11
-15
-18
-10
-2
6
7
6
6
9
15
11
3
-2
-8
-11
-9
-2
5
8
0
-5
-8
-12
-12
-16
-15
-16
-11
-5
-5
-4
-11
-15
-19
-16
-13
-16
-11
-12
-11
-8
-15
-14
-9
-11
-13
-18
-19
-17
-12
-13
-18
-17
-13
-14
-12
-12
-7
-2
-2
-5
-5
-5
1
11
17
17
11
5
4
2
0
3
-2
-8
-3
3
10
16
15
16
18
17
13
16
22
20
13
14
20
22
30
39
38
33
30
21
16
11
4
-9
-10
-8
-8
-8
-3
2
-4
-10
-15
-20
-22
-21
-20
-20
-23
-17
-8
-7
-1
4
6
-1
-6
-5
0
7
4
2
6
1
3
13
17
13
0
11
16
-5
1
-4
-17
-17
-16
-4
-9
-14
3
10
8
6
1
3
3
7
8
12
20
25
25
22
27
21
5
5
-5
-15
-9
-8
-6
-8
-9
-10
-10
-4
-8
-11
-16
-21
-27
-29
-24
-22
-32
-35
-31
-24
-20
-15
-7
-7
-7
-11
-9
-4
0
7
16
12
14
12
-1
0
5
10
13
16
19
15
10
14
10
13
19
17
14
18
26
26
22
20
21
18
13
18
25
22
24
12
14
13
9
11
1
-5
-8
-12
-14
-8
-9
-12
-17
-23
-30
-25
-23
-22
-16
-13
-13
-8
-3
-8
-6
-19
-25
-25
-22
-12
-7
-7
-3
-4
-4
-5
-1
-1
-10
-16
-21
-15
-13
-12
-9
-4
-6
-5
0
-1
-2
4
7
8
7
2
-4
-5
4
12
19
18
16
12
8
13
12
14
22
18
9
6
6
9
9
5
4
10
12
3
-1
-3
-15
-18
-10
-7
-2
-9
-10
-6
-4
7
13
15
17
18
20
18
12
12
11
16
23
26
25
19
9
6
9
8
8
4
-1
2
-4
-7
-5
-9
-8
-7
4
18
17
10
3
6
10
7
12
9
11
8
2
3
8
2
-8
-11
-13
-18
-22
-24
-26
-29
-23
-19
-23
-20
-19
-26
-33
-35
-35
-27
-16
-15
-14
-18
-16
-7
-3
0
1
-1
3
0
-14
-23
-22
-21
-18
-24
-26
-18
-11
-2
4
0
-6
-8
-10
-8
-10
-7
-5
4
8
9
15
14
17
18
10
1
-2
-1
4
8
12
17
24
18
11
9
7
6
7
11
17
21
22
23
27
27
29
28
33
36
28
27
26
33
36
26
27
26
20
17
6
4
10
9
6
6
-1
-9
-12
-9
-14
-13
-9
-7
-10
-8
-6
-13
-12
-13
-5
1
4
8
7
4
-2
-9
-13
-15
-10
1
-1
1
-4
-8
-6
-4
-7
-13
-22
-29
-32
-35
-26
-19
-17
-19
-24
-22
-20
-22
-20
-13
-6
2
9
11
12
12
11
7
1
-3
3
9
7
4
0
-6
-14
-13
-12
-5
1
-2
-7
-12
-13
-10
-11
-7
-9
-18
-18
-16
-18
-11
0
2
0
-7
-11
-5
-9
-14
-14
-14
-4
-7
-8
2
0
-3
-1
3
0
0
6
6
11
6
11
15
21
23
19
17
12
9
4
10
9
10
15
19
23
26
28
28
19
13
7
5
9
12
15
17
23
23
22
21
20
25
21
28
28
25
27
23
24
18
11
7
4
9
16
17
14
7
0
-4
-8
-6
-5
-10
-18
-26
-23
-18
-22
-24
-26
-30
-35
-33
-24
-17
-15
-13
-17
-17
-23
-31
-31
-29
-22
-17
-19
-19
-16
-12
-8
-9
-17
-22
-24
-11
1
2
5
2
-1
4
4
5
11
14
9
6
2
3
7
9
6
2
1
2
4
9
9
10
3
5
6
-5
-8
-8
-6
0
4
3
-3
-8
-12
-20
-19
-19
-13
-2
11
16
16
14
12
8
5
1
-5
-9
-14
-27
-30
-19
-7
3
-1
-1
0
-4
1
3
8
10
7
8
5
6
7
12
10
9
11
13
12
9
8
4
5
3
1
4
6
6
4
7
3
-6
-6
-3
-5
-6
1
11
18
16
15
11
4
-2
-1
10
17
22
16
15
17
16
14
22
25
11
12
20
10
3
4
8
8
3
4
9
7
4
6
18
19
18
18
12
0
-4
5
8
8
7
2
0
-7
-11
-16
-16
-15
-22
-30
-42
-46
-44
-42
-37
-34
-27
-26
-26
-28
-26
-21
-13
-5
-2
-6
-8
-7
4
7
6
5
-2
-8
-5
-5
2
12
8
-1
-10
-8
-9
-10
-10
-1
-7
-21
-12
-4
-3
-5
0
5
4
-5
-13
-11
-15
-18
-14
-12
-11
-11
-15
-19
-17
-5
5
7
9
13
9
7
9
7
8
5
5
9
18
23
22
16
20
17
11
5
-4
-2
6
15
15
16
14
6
3
0
-1
-8
-12
-3
3
4
9
18
30
32
38
34
28
30
30
27
24
26
25
23
20
17
9
5
1
6
6
10
4
-6
-8
-5
2
1
2
-1
3
9
9
8
6
2
5
4
7
6
-9
-24
-22
-16
-15
-14
-14
-16
-24
-22
-18
-20
-17
-20
-19
-38
-49
-34
-3
22
11
4
-16
-41
-39
-19
9
7
0
-2
-13
-7
-16
-19
-13
7
31
22
15
1
-17
-42
-47
-19
3
6
12
14
11
1
-15
-22
-12
-3
-7
-11
-11
-11
-9
7
19
15
4
-7
-16
-27
-25
-8
-3
-11
-5
7
6
-2
6
22
23
17
20
26
21
16
13
12
5
2
2
1
12
18
18
18
14
12
15
10
1
-1
5
8
4
-6
-10
-17
-24
-27
-27
-27
-21
-13
-12
-14
-18
-17
-12
-6
-3
-4
-13
-13
0
12
16
17
26
35
26
20
27
31
33
32
36
26
7
10
10
8
10
3
-1
2
9
13
21
15
3
6
13
17
14
14
17
14
8
16
23
13
2
-3
3
1
-4
-1
-2
0
1
-2
-1
-8
-18
-16
-5
-1
-9
-13
-9
-16
-18
-5
4
-10
-21
-7
-8
-19
-15
-1
3
-4
-5
-10
-14
-15
-13
-25
-23
-19
-30
-26
-15
-6
-11
-16
-16
-15
-7
-9
-14
-15
-7
-7
-14
-13
-7
-5
-4
1
1
-12
-18
-14
-6
-12
-25
-19
-13
-13
-22
-11
2
2
-5
-6
0
-2
-17
-21
4
13
2
-3
6
13
11
14
14
7
-1
-2
-3
-3
5
12
14
12
13
12
-5
-9
4
6
-2
0
11
11
9
11
12
10
17
24
20
13
16
24
26
43
56
52
45
47
45
29
23
24
20
24
34
30
20
20
18
5
1
10
6
-11
-2
14
3
-13
-19
-14
-10
-11
-10
-7
-4
2
-1
-6
-6
-22
-38
-24
-7
-10
-1
11
4
-11
-17
-8
-16
-30
-26
-17
-17
-28
-25
-10
-6
-10
-21
-25
-18
-24
-26
-11
4
9
10
4
0
-1
-6
-15
-13
0
8
7
6
13
8
5
5
8
2
-11
-13
-22
-25
-15
-6
-8
-6
2
-3
-26
-29
-15
-12
-11
-2
14
7
-7
-9
-1
14
8
1
5
-6
-17
-2
8
4
-6
5
13
-5
-18
-9
-5
-15
-3
15
3
-28
-21
2
-7
-15
-9
-2
-10
-20
-14
1
-1
-10
1
22
11
-14
-11
13
14
5
26
42
22
2
15
31
13
8
28
36
25
13
20
18
13
21
23
24
13
10
15
11
13
19
21
14
6
6
10
4
5
19
28
17
2
11
16
13
8
2
8
8
10
11
3
-11
-23
-24
-12
3
5
-6
-20
-23
-16
3
7
-7
-16
-14
-12
-10
5
16
8
-3
13
16
-4
-14
-8
0
4
6
-3
-21
-25
-5
6
-3
-10
-8
-9
-13
-11
-8
-11
-18
-20
-9
5
-7
-23
-18
-3
5
-3
-6
-20
-28
-26
-22
-16
-20
-28
-35
-34
-28
-7
-3
-10
-7
-8
-21
-27
-25
-17
-11
-4
18
16
4
2
11
14
6
8
15
15
13
9
7
2
-5
-6
-6
3
4
-5
-9
-10
-16
-21
-16
-9
-2
6
9
2
-3
-5
-8
1
15
23
16
21
34
33
22
12
12
21
24
25
21
18
29
38
33
22
17
7
2
10
17
18
17
19
20
18
14
11
16
16
17
16
13
10
7
-4
-3
13
19
15
9
1
-12
-20
-13
-1
3
-9
-25
-21
-15
-11
-7
-10
-17
-31
-28
-16
-9
-3
7
10
-3
-18
-30
-29
-25
-7
8
5
-3
-16
-24
-13
7
14
9
8
10
-1
-16
-6
0
-3
-9
-17
-15
-13
-13
-13
-16
-17
-9
-3
-15
-17
-14
-7
8
11
12
0
-6
-4
-8
-3
-2
9
14
5
-8
-13
-12
-6
1
4
-5
-6
-6
-1
5
2
9
9
0
-5
-8
-4
-8
-11
4
15
25
18
-1
-2
9
22
27
16
6
4
-4
-5
0
11
11
2
-2
2
2
-7
-10
-5
-4
-7
-4
-5
-3
-8
-13
-12
-9
-9
-6
0
1
6
8
-3
-9
-5
9
13
3
-7
-9
-7
-2
4
9
7
1
3
15
19
12
7
5
4
-4
-9
-2
11
16
23
23
9
-6
-11
0
7
5
13
6
-10
-9
-11
-4
6
3
0
1
-1
1
4
5
4
-6
-5
2
11
9
2
-6
-14
-19
-12
2
5
1
3
10
15
24
32
26
8
-5
2
14
12
3
-3
2
5
7
6
9
13
4
-3
1
10
3
-3
-6
-12
-25
-30
-10
8
14
11
4
-9
-9
-6
1
6
-8
-4
-3
3
2
-9
-4
1
3
-8
-13
-9
-26
-30
-14
-10
-12
-15
-14
-23
-24
-21
-19
-21
-10
2
-10
-16
-11
-4
-14
-10
2
-6
-17
-5
15
6
-5
2
14
8
9
13
1
-17
-18
-12
-5
0
0
-16
-24
-12
-8
-11
-12
5
18
16
9
4
2
-2
-4
2
11
11
-9
-18
-2
7
12
21
16
-13
-25
-13
-17
-15
9
18
-14
-26
-3
18
13
26
51
49
35
35
37
33
40
37
18
16
28
6
-23
-8
19
12
13
46
55
20
-2
-7
-15
-9
5
15
17
20
11
-8
0
31
42
31
11
2
-9
-24
-17
-3
6
12
14
14
0
-19
-25
-12
4
10
-1
-16
-31
-49
-32
2
1
-26
-21
8
5
-18
-6
11
3
-18
-12
-5
-29
-46
-16
16
12
-17
-27
-22
-7
13
27
20
-11
-26
-29
-34
-17
30
28
-33
-60
-30
-25
-54
-31
15
3
-52
-57
-30
-35
-47
-17
23
23
7
-10
-25
-22
2
13
3
-6
-8
-15
-17
-4
15
27
16
-5
-10
13
5
-16
2
33
14
-30
-19
9
4
-9
14
33
14
17
28
29
30
34
33
29
19
3
-11
6
39
29
21
21
10
-12
-17
4
8
4
8
8
-9
-18
-7
22
49
52
27
-9
-12
-1
4
13
31
37
14
10
20
34
36
46
61
48
15
-11
-7
3
15
30
24
-3
-24
-18
15
35
28
29
26
-1
-23
5
48
35
-16
-54
-85
-97
-53
14
17
-44
-70
-55
-43
-21
29
51
13
-9
26
38
-8
-46
-23
15
24
2
-45
-98
-118
-101
-59
-22
-19
-48
-85
-102
-81
-45
-18
-5
11
30
4
-40
-37
23
69
72
57
35
4
-13
-5
14
45
53
21
-36
-50
-41
-40
-23
23
50
-7
-80
-91
-43
-8
5
5
18
23
6
4
43
82
96
103
120
94
17
-30
-4
56
86
84
31
-35
-61
-31
22
50
53
22
-16
-46
-73
-95
-78
-39
-7
11
16
-23
-71
-41
49
116
118
96
72
14
-36
-10
50
54
28
-3
-42
-78
-57
7
22
-27
-77
-62
-23
1
7
0
-21
-31
0
31
42
31
10
-13
3
53
79
53
10
-4
-2
9
24
26
-10
-69
-85
-55
-25
-7
-7
-31
-57
-46
-14
13
23
32
37
1
-26
-16
10
19
14
24
23
-13
-44
-31
18
60
49
1
-38
-56
-34
-16
-7
-7
-12
-20
-34
-47
-49
-49
-63
-55
4
70
63
-4
-35
4
55
98
112
100
37
-31
-31
31
70
52
-7
-42
-28
0
11
-18
-69
-63
-3
41
14
-24
-49
-70
-71
-9
62
18
-113
-158
-70
11
3
-20
-13
-6
-18
-5
49
84
77
45
34
57
64
28
4
37
72
32
-22
-15
-5
-16
-9
27
31
-7
-36
-16
5
6
-7
-20
-13
1
-8
-42
-39
-20
-34
-44
-9
29
21
0
5
16
15
14
26
39
48
48
41
32
12
1
-2
5
-2
-31
-27
-15
-43
-79
-60
-28
-37
-34
14
29
-22
-47
-15
30
59
76
55
7
18
61
64
32
33
41
2
-17
24
27
-30
-44
8
31
17
-3
-27
-39
-23
18
31
-6
-31
-26
4
32
21
-10
-16
14
31
28
27
12
-41
-63
-11
41
24
-32
-48
-7
26
3
-37
-28
5
-8
-46
-36
-18
-58
-98
-42
38
32
-26
-40
-28
-41
-36
7
39
16
-36
-66
-53
-30
-20
-24
-25
-18
-8
7
-4
-35
-41
-20
11
45
45
21
-24
-57
-19
60
106
87
39
14
14
20
36
62
70
47
24
24
14
-1
6
16
15
22
25
-10
-50
-47
-7
16
13
15
16
8
4
19
53
76
56
18
11
30
26
11
7
-11
-40
-42
-8
13
-7
-19
-37
-62
-42
15
39
-10
-50
-34
-30
-31
-5
25
21
-4
-7
-2
-19
-17
-2
15
14
-1
-1
-6
-34
-38
1
31
16
-16
-10
1
-10
-17
1
21
13
-16
-42
-52
-37
-6
12
8
-5
-6
-5
-5
1
19
18
-7
-24
-16
1
2
21
49
30
-20
-40
-22
10
26
43
38
2
-28
-22
6
12
12
17
15
-2
-23
-26
-22
-10
-3
4
-5
-33
-56
-42
0
16
19
16
3
-16
-27
-3
41
47
30
26
24
6
-12
7
21
0
-20
-1
21
17
3
-7
-8
-11
-5
22
37
20
-22
-31
-16
-10
2
22
20
-11
-21
-5
7
3
24
64
58
20
12
27
13
1
42
62
13
-41
-43
-28
-35
-33
-3
-2
-54
-79
-28
29
16
-31
-39
-28
-11
25
48
11
-54
-72
-35
38
88
60
-28
-94
-63
29
101
93
14
-66
-83
-40
7
37
30
-8
-37
-18
15
-1
-42
-54
-30
23
66
16
-98
-134
-49
46
76
60
2
-76
-99
-61
-2
17
-34
-101
-89
-4
68
104
109
90
97
156
238
285
266
214
173
135
120
136
124
56
3
11
6
-46
-102
-134
-146
-146
-134
-127
-139
-188
-228
-216
-188
-159
-130
-113
-128
-123
-85
-56
-50
-39
-6
12
-7
-35
-39
-42
-60
-47
-17
-44
-123
-166
-161
-169
-186
-175
-144
-150
-196
-190
-122
-70
-41
2
58
82
103
170
247
312
353
357
356
365
365
358
385
413
355
287
271
234
144
84
62
19
-38
-76
-90
-123
-153
-135
-22
174
372
474
466
548
834
1132
1058
652
388
479
601
465
235
-40
-532
-1082
-1112
-616
-429
-925
-1466
-1468
-1256
-1291
-1381
-1214
-970
-997
-1077
-851
-489
-372
-465
-325
129
536
646
553
499
576
751
918
990
949
810
621
405
239
193
181
22
-270
-519
-656
-769
-900
-957
-858
-708
-645
-627
-530
-349
-164
33
274
514
654
672
698
834
995
1057
1051
1044
987
845
724
685
649
547
397
238
96
17
-30
-106
-217
-282
-310
-351
-364
-327
-319
-385
-388
-253
-68
50
86
108
169
282
456
703
945
1020
886
778
1005
1369
1301
705
194
158
278
199
-19
-352
-964
-1644
-1717
-1122
-766
-1218
-1881
-1961
-1668
-1589
-1647
-1461
-1167
-1168
-1264
-988
-484
-295
-428
-337
152
662
856
801
724
752
913
1138
1268
1200
969
654
354
205
225
202
-64
-488
-834
-999
-1048
-1066
-1063
-1024
-956
-870
-737
-562
-376
-183
60
388
717
873
879
942
1152
1366
1467
1505
1477
1337
1141
1037
1036
996
824
544
280
90
-50
-224
-413
-537
-585
-609
-659
-697
-659
-565
-489
-417
-208
72
271
341
404
542
683
841
1032
1254
1386
1400
1442
1543
1434
912
412
383
597
455
-134
-780
-1355
-1866
-2012
-1603
-1221
-1525
-2212
-2493
-2231
-1992
-1942
-1786
-1414
-1161
-1167
-1065
-699
-343
-228
-59
410
922
1095
943
800
864
1069
1285
1378
1255
1011
819
686
462
149
-88
-215
-365
-620
-926
-1252
-1554
-1705
-1556
-1205
-955
-923
-948
-806
-476
-60
303
586
803
938
1076
1287
1511
1598
1534
1487
1542
1575
1458
1218
1022
922
775
553
348
175
-56
-348
-532
-563
-514
-539
-696
-770
-639
-417
-306
-261
-209
-122
84
375
589
627
664
810
938
950
968
1133
1263
1376
1631
1853
1491
475
-274
-50
653
753
76
-820
-1661
-2384
-2535
-1811
-1056
-1308
-2262
-2783
-2528
-2220
-2181
-2053
-1630
-1283
-1244
-1195
-938
-683
-622
-431
182
928
1227
921
524
531
933
1408
1674
1645
1377
1048
820
719
721
690
427
-57
-473
-667
-816
-1113
-1444
-1562
-1420
-1211
-1109
-1105
-1060
-865
-506
-108
234
481
639
796
1031
1364
1682
1856
1847
1744
1730
1819
1862
1735
1522
1341
1149
900
636
376
109
-118
-301
-500
-690
-781
-851
-981
-1005
-826
-706
-748
-705
-498
-323
-152
128
359
411
456
672
900
1069
1243
1396
1322
1141
1214
1578
1920
1657
685
-205
-299
172
326
-24
-806
-1910
-2873
-2895
-1932
-1318
-1884
-2945
-3270
-2824
-2507
-2480
-2322
-1900
-1681
-1688
-1416
-820
-450
-537
-434
285
1111
1407
1214
1045
1120
1390
1770
2098
2129
1749
1312
1200
1304
1224
927
527
-38
-561
-685
-577
-846
-1537
-1972
-1864
-1545
-1341
-1235
-1153
-1039
-785
-320
192
509
649
840
1263
1800
2131
2170
2073
2030
2113
2294
2399
2212
1810
1397
1066
885
764
472
-41
-513
-712
-802
-961
-1175
-1375
-1481
-1488
-1362
-1145
-942
-843
-852
-781
-435
49
371
462
583
886
1120
1146
1132
1244
1470
1601
1613
1481
1399
1568
1722
1251
194
-408
-96
276
-4
-664
-1460
-2553
-3411
-2953
-1602
-1262
-2426
-3526
-3319
-2628
-2493
-2491
-1992
-1435
-1524
-1725
-1214
-421
-212
-430
-127
799
1540
1559
1204
1096
1310
1658
2029
2295
2178
1618
969
696
1027
1584
1618
770
-432
-1180
-1182
-791
-561
-850
-1588
-2301
-2471
-1995
-1313
-926
-808
-719
-459
-59
325
592
850
1230
1718
2154
2274
2052
1812
1837
2072
2264
2275
2027
1501
926
595
597
625
422
-19
-556
-947
-1131
-1121
-1026
-951
-994
-1153
-1194
-1146
-1023
-775
-433
-85
89
178
242
337
581
1011
1448
1475
1164
881
878
1130
1460
1574
1442
1432
1495
960
-148
-706
-152
546
343
-441
-1277
-2342
-3383
-3140
-1563
-698
-1783
-3325
-3498
-2766
-2550
-2650
-2081
-1247
-1338
-2023
-1926
-1021
-466
-516
-242
617
1260
1146
718
708
1201
1851
2335
2482
2292
1930
1582
1352
1361
1528
1456
876
78
-460
-735
-1006
-1384
-1671
-1705
-1661
-1756
-1926
-1907
-1646
-1292
-962
-597
-214
48
207
541
1179
1810
2068
1984
1945
2165
2445
2491
2387
2399
2367
1960
1360
1053
1017
866
429
-65
-438
-711
-984
-1207
-1245
-1210
-1257
-1371
-1412
-1276
-1054
-794
-535
-285
8
275
473
605
774
1106
1397
1412
1307
1347
1587
1690
1492
1307
1664
2307
1968
386
-817
-419
605
678
-91
-989
-2245
-3747
-3931
-2189
-764
-1768
-3740
-4167
-3190
-2749
-2974
-2605
-1720
-1645
-2257
-2061
-934
-371
-783
-743
371
1420
1411
839
694
1111
1691
2170
2408
2304
1826
1372
1391
1730
1801
1339
566
-237
-670
-455
-202
-865
-2220
-2877
-2276
-1467
-1443
-1817
-1845
-1533
-1201
-785
-181
330
480
470
888
1816
2443
2253
1779
1907
2625
3148
2958
2364
2051
2062
1882
1569
1507
1460
869
-17
-412
-254
-202
-591
-995
-1061
-1017
-1134
-1239
-1136
-975
-821
-709
-556
-163
282
438
305
441
983
1353
1244
1087
1353
1784
1813
1635
1858
2335
2116
819
-317
-37
992
1121
177
-911
-2041
-3386
-3663
-2202
-901
-1852
-3960
-4620
-3684
-3143
-3450
-3323
-2462
-2218
-2844
-2926
-2018
-1268
-1276
-1081
-115
759
852
559
567
972
1616
2404
2898
2694
2105
1939
2329
2497
2072
1614
1347
760
22
-124
-11
-840
-2318
-2838
-2078
-1424
-1793
-2436
-2517
-2161
-1707
-1238
-724
-327
-141
0
502
1424
2115
2188
2069
2298
2901
3408
3385
2988
2770
2839
2791
2519
2234
1870
1264
661
312
238
-1
-525
-1001
-1232
-1302
-1448
-1519
-1496
-1479
-1419
-1287
-998
-656
-332
-99
161
512
817
997
1136
1406
1738
1976
2151
2633
3153
2746
1281
198
686
1816
1852
768
-515
-1787
-3212
-3575
-2149
-863
-1963
-4307
-5157
-4294
-3777
-4079
-3941
-3273
-3292
-3928
-3656
-2411
-1798
-2133
-1933
-590
618
775
541
766
1401
2079
2733
3260
3382
3117
2912
3102
3326
3108
2462
1738
1115
731
576
173
-930
-2280
-2846
-2450
-1992
-2172
-2684
-2961
-2958
-2616
-1891
-1110
-750
-782
-588
260
1395
2018
2043
2140
2675
3308
3644
3715
3688
3563
3289
2991
2976
3051
2554
1449
615
560
636
43
-885
-1410
-1482
-1655
-2037
-2208
-2116
-2011
-2117
-2165
-1787
-1160
-827
-890
-619
311
1116
1143
939
1299
1975
2248
2450
3353
4145
3214
1057
208
1500
2741
2309
1038
-319
-2158
-3737
-3042
-814
-575
-3200
-5429
-5047
-4015
-4334
-4751
-3995
-3387
-4161
-4794
-3776
-2384
-2282
-2604
-1763
-259
501
487
618
1146
1863
2783
3596
3807
3475
3354
3824
4185
3896
3305
2814
2148
1377
1172
1289
457
-1422
-2710
-2408
-1626
-1804
-2716
-3259
-3237
-3012
-2696
-2133
-1565
-1394
-1422
-960
261
1344
1536
1394
1797
2714
3427
3661
3622
3613
3606
3461
3390
3517
3358
2498
1472
1032
1017
717
-151
-965
-1382
-1637
-2026
-2384
-2491
-2537
-2631
-2682
-2464
-1947
-1529
-1397
-1243
-755
-48
465
890
1340
1736
1865
2140
3219
4449
4169
2271
1037
1813
3185
3261
2339
1093
-835
-2916
-3002
-835
218
-2018
-4930
-5426
-4373
-4328
-4894
-4526
-4001
-4730
-5651
-4877
-3268
-2797
-3216
-2749
-1360
-357
-4
314
844
1453
2401
3533
4047
3869
3646
3923
4553
4911
4622
3750
2784
2151
2075
2154
1564
-36
-1763
-2446
-2064
-1660
-2051
-2880
-3523
-3822
-3618
-2926
-2164
-1993
-2291
-2166
-1131
156
694
678
1089
2051
2800
3070
3313
3662
3812
3663
3607
3911
4053
3408
2204
1511
1663
1782
1044
-292
-1192
-1376
-1489
-1920
-2375
-2615
-2833
-3148
-3140
-2631
-2067
-2017
-2167
-1731
-691
79
261
425
995
1740
2202
2859
3961
4506
3448
1839
1848
3428
4321
3526
2049
555
-1099
-1954
-839
634
-378
-3337
-4997
-4410
-3783
-4350
-4712
-4360
-4609
-5598
-5621
-4274
-3401
-3660
-3605
-2481
-1407
-1025
-632
194
992
1653
2523
3288
3488
3484
3812
4426
4968
5152
4655
3496
2470
2340
2774
2679
1556
-130
-1541
-2167
-2032
-1670
-1794
-2599
-3588
-4036
-3671
-2942
-2502
-2539
-2555
-2063
-1265
-700
-418
48
861
1636
2124
2557
2981
3086
2951
3101
3720
4204
3891
2997
2238
2047
2127
1965
1345
446
-283
-803
-1244
-1615
-1804
-1989
-2432
-2860
-2855
-2465
-2168
-2113
-2033
-1591
-941
-442
-19
446
900
1194
1800
3031
3982
3550
2224
1812
2794
3816
3900
3253
1828
-259
-1382
-226
1477
773
-2022
-3800
-3577
-3262
-3863
-4038
-3536
-3993
-5485
-5908
-4597
-3505
-3752
-4053
-3270
-2285
-1895
-1574
-798
145
891
1583
2181
2549
2880
3266
3633
4195
4906
4956
3886
2673
2569
3232
3281
2348
1070
-89
-956
-1318
-1132
-991
-1570
-2712
-3549
-3411
-2715
-2323
-2544
-2859
-2616
-1918
-1364
-1111
-754
-124
488
867
1288
1940
2411
2461
2481
2873
3383
3452
3000
2520
2371
2447
2303
1778
1077
504
134
-147
-437
-854
-1313
-1816
-2124
-2143
-2029
-1936
-1959
-1925
-1799
-1439
-939
-461
-48
426
799
1031
1746
2887
3369
2477
1584
2118
3297
3560
3041
2437
1222
-556
-833
946
1859
-227
-2963
-3401
-2458
-2691
-3647
-3567
-3299
-4360
-5606
-5009
-3523
-3336
-4082
-3981
-2974
-2349
-2159
-1684
-844
-61
631
1208
1498
1817
2473
3063
3317
3782
4461
4298
3119
2390
2939
3576
3085
2002
1156
374
-525
-868
-414
-221
-1146
-2518
-3018
-2473
-1907
-1990
-2363
-2416
-2097
-1781
-1577
-1182
-533
-63
89
346
973
1571
1683
1625
1984
2680
2964
2572
2120
2058
2251
2273
1946
1482
1040
630
321
138
-29
-394
-907
-1334
-1436
-1316
-1234
-1306
-1466
-1416
-1145
-842
-671
-431
-27
369
538
797
1672
2623
2508
1391
979
2035
3203
3048
2187
1580
704
-583
-605
1056
1732
-407
-3065
-3308
-2087
-2055
-3027
-3267
-3184
-4087
-5096
-4523
-3160
-2958
-3767
-3924
-3127
-2444
-2137
-1727
-1093
-479
131
659
906
1192
1871
2568
2830
3068
3641
3824
3171
2614
2949
3419
3036
2185
1692
1334
594
-59
-31
170
-385
-1485
-2024
-1686
-1347
-1611
-2015
-1975
-1704
-1637
-1627
-1263
-630
-307
-358
-223
364
898
960
943
1351
1952
2073
1749
1645
1898
2021
1801
1475
1286
1125
954
800
555
154
-330
-616
-638
-602
-709
-895
-1156
-1300
-1168
-900
-653
-584
-538
-368
-119
128
364
637
1146
1945
2369
1757
776
937
2124
2705
2197
1630
1040
-267
-1355
-321
1554
956
-1931
-3500
-2443
-1479
-2288
-3022
-2635
-2808
-4128
-4581
-3239
-2199
-2911
-3777
-3241
-2187
-1845
-1926
-1635
-923
-203
321
488
586
1182
2023
2247
2082
2539
3398
3397
2633
2489
3111
3146
2266
1670
1871
1872
1077
269
75
76
-285
-817
-1076
-1066
-1098
-1313
-1555
-1575
-1404
-1268
-1216
-1012
-677
-516
-596
-471
32
479
573
620
919
1169
1151
1160
1459
1703
1479
1035
949
1218
1268
885
452
332
288
53
-207
-281
-301
-498
-711
-712
-582
-632
-703
-504
-213
-119
-295
-371
12
530
834
773
828
1454
2008
1601
619
544
1575
2216
1600
938
596
-305
-1434
-959
852
933
-1539
-3427
-2698
-1381
-1698
-2553
-2366
-2289
-3397
-4090
-2998
-1642
-1861
-2935
-3029
-2181
-1625
-1459
-1233
-743
-222
163
288
281
722
1574
1889
1607
1782
2465
2527
1873
1861
2755
3000
1966
1055
1267
1751
1483
910
644
384
-165
-569
-396
35
-39
-712
-1200
-972
-419
-261
-639
-952
-735
-386
-412
-543
-288
80
13
-253
-151
297
524
352
290
561
763
591
350
437
746
855
616
359
386
524
422
291
352
476
377
138
115
312
418
249
57
103
333
515
464
207
114
264
411
431
617
1099
1198
368
-570
-315
829
1221
383
-226
-257
-834
-1758
-1179
662
826
-1478
-3110
-1979
-348
-695
-1769
-1583
-1133
-1928
-2739
-1946
-703
-882
-2027
-2327
-1593
-1070
-1107
-1167
-928
-575
-369
-482
-634
-221
600
834
385
358
999
1286
858
891
1795
2196
1424
727
1126
1822
1778
1373
1297
1169
689
393
774
1260
1035
271
-233
-173
98
116
-90
-282
-497
-876
-1200
-1065
-614
-561
-1106
-1462
-1158
-736
-716
-848
-669
-349
-263
-274
-34
338
525
581
829
1166
1247
1120
1121
1472
1901
1919
1545
1263
1360
1560
1516
1346
1212
1077
743
373
325
443
276
-176
-594
-693
-649
-716
-932
-992
-484
-27
-522
-1547
-1592
-332
639
265
-318
-387
-737
-1303
-435
1640
2016
-236
-1999
-928
921
860
-200
-293
-185
-1188
-2027
-1214
-125
-667
-2137
-2635
-2127
-1930
-2181
-2231
-1975
-1810
-1939
-2272
-2401
-1814
-800
-435
-801
-767
-78
330
255
692
1875
2418
1726
1166
1800
2794
2919
2504
2421
2478
2068
1478
1491
2033
2036
1090
83
-100
223
172
-430
-924
-1037
-1260
-1807
-2123
-1812
-1370
-1482
-1990
-2149
-1779
-1250
-875
-589
-235
31
142
377
997
1752
2130
2090
2091
2389
2757
2908
2847
2845
2804
2563
2252
2058
1921
1615
1086
567
313
82
-340
-841
-1137
-1403
-1741
-2023
-2037
-1867
-1877
-2145
-2244
-1989
-1562
-887
-223
-254
-912
-967
158
1456
1713
1350
1140
824
336
900
2675
3252
1348
-612
-199
1229
1104
-248
-801
-723
-1550
-2748
-2666
-1886
-2272
-3657
-4262
-3736
-3320
-3579
-3930
-3690
-3047
-2601
-2536
-2552
-2119
-1140
-347
-127
188
904
1357
1343
1729
2776
3395
3013
2515
2743
3262
3275
2933
2783
2609
2063
1487
1262
1249
997
339
-348
-625
-618
-758
-1192
-1571
-1636
-1568
-1674
-1789
-1496
-1024
-972
-1155
-939
-258
381
638
753
1042
1436
1761
2053
2381
2625
2668
2593
2562
2640
2667
2453
2092
1802
1538
1142
700
363
134
-163
-611
-1012
-1225
-1375
-1636
-1893
-1915
-1757
-1708
-1779
-1790
-1599
-1302
-1092
-840
-452
-144
-34
60
384
918
1573
2027
1829
1118
804
1429
2244
2198
1503
914
277
-558
-616
413
771
-785
-2654
-2671
-1595
-1602
-2611
-2965
-2716
-3146
-3875
-3520
-2549
-2551
-3334
-3418
-2625
-2074
-2108
-2019
-1505
-1006
-741
-549
-342
-13
503
851
861
952
1326
1500
1278
1282
1710
1856
1393
1065
1339
1591
1261
869
984
1157
852
476
592
963
956
586
478
819
1097
997
871
1126
1506
1460
1039
906
1389
1851
1667
1152
962
1085
1075
920
901
911
596
49
-205
13
279
135
-303
-626
-657
-587
-596
-563
-399
-347
-593
-852
-700
-222
101
91
-34
-27
109
302
558
846
944
725
484
509
736
857
702
439
324
189
-43
-221
-269
-332
-625
-953
-1058
-877
-617
-690
-1234
-1675
-1469
-832
-595
-906
-1050
-1030
-1387
-1660
-861
312
75
-1414
-1908
-762
81
-557
-1273
-948
-701
-1416
-1902
-1325
-876
-1499
-2269
-2150
-1698
-1807
-2167
-2146
-1903
-1760
-1735
-1739
-1632
-1259
-744
-553
-567
-149
541
794
764
1245
2122
2439
2177
2337
3065
3516
3394
3322
3631
3814
3509
3170
3235
3481
3308
2598
1949
1831
1963
1715
1058
553
379
82
-427
-678
-563
-672
-1286
-1731
-1497
-1134
-1235
-1506
-1421
-1094
-962
-1000
-806
-343
11
74
98
370
758
970
966
1024
1269
1412
1269
1152
1274
1376
1147
744
582
587
395
40
-122
-96
-308
-774
-1058
-1006
-883
-1018
-1308
-1468
-1464
-1430
-1406
-1337
-1228
-1192
-1307
-1402
-1234
-904
-741
-838
-821
-449
-164
-442
-945
-872
-192
203
-87
-545
-876
-1209
-1302
-692
40
-360
-1698
-2291
-1568
-828
-1074
-1580
-1543
-1520
-1917
-1977
-1282
-736
-1054
-1569
-1340
-651
-304
-321
-235
122
513
703
723
858
1279
1724
1742
1595
1831
2198
2100
1740
1895
2469
2532
1944
1625
1902
2138
1890
1612
1705
1787
1492
1142
1191
1518
1566
1181
817
797
986
1051
930
835
808
658
388
286
473
607
302
-161
-284
-103
-49
-292
-513
-541
-589
-776
-898
-814
-656
-666
-788
-817
-749
-677
-608
-474
-321
-299
-369
-323
-116
70
72
-20
-52
-39
-52
-71
-73
-86
-184
-397
-612
-696
-686
-694
-850
-1171
-1450
-1516
-1418
-1395
-1540
-1762
-1872
-1835
-1786
-1749
-1635
-1467
-1403
-1397
-1257
-810
-324
-241
-519
-555
-13
678
923
812
756
705
556
682
1369
1843
1321
388
277
894
1085
515
56
101
9
-478
-723
-491
-442
-894
-1299
-1168
-904
-982
-1186
-1076
-665
-364
-355
-393
-186
278
708
884
1034
1360
1618
1634
1721
2134
2542
2489
2189
2182
2441
2516
2341
2237
2209
1978
1599
1416
1487
1448
1063
570
340
358
322
70
-210
-301
-339
-553
-803
-807
-670
-723
-930
-945
-799
-832
-1063
-1085
-795
-631
-830
-1058
-973
-762
-738
-839
-817
-694
-716
-884
-955
-791
-592
-619
-811
-884
-776
-674
-675
-680
-596
-507
-528
-552
-431
-254
-146
-103
-41
17
28
81
247
424
453
368
336
395
448
460
432
394
310
177
42
-68
-122
-151
-211
-303
-399
-398
-378
-540
-831
-883
-586
-304
-408
-666
-718
-687
-718
-503
121
481
23
-612
-366
512
937
638
355
472
555
454
580
933
975
566
224
328
584
570
317
121
132
207
93
-155
-215
-11
93
-137
-288
-48
167
-16
-213
58
514
535
246
261
639
880
779
704
882
1044
945
798
889
1102
1067
734
499
574
669
479
151
53
74
-159
-571
-741
-612
-626
-970
-1270
-1227
-1114
-1213
-1359
-1281
-1060
-1005
-1104
-1057
-750
-430
-321
-266
-36
264
387
423
631
981
1149
1022
969
1199
1416
1362
1141
1033
1046
945
735
615
571
411
72
-244
-357
-411
-618
-952
-1166
-1182
-1231
-1440
-1643
-1654
-1506
-1419
-1484
-1521
-1419
-1216
-996
-791
-588
-435
-370
-288
-68
325
670
800
802
815
859
925
1117
1378
1458
1237
954
826
797
784
854
911
657
156
-139
-58
52
-103
-361
-517
-700
-949
-1022
-874
-805
-984
-1195
-1200
-1091
-1008
-962
-904
-855
-824
-766
-690
-573
-401
-248
-220
-236
-118
111
220
164
151
311
511
581
547
527
585
699
803
865
906
913
875
839
891
1036
1120
1027
914
957
1081
1084
960
903
952
964
896
831
783
677
546
500
542
527
381
186
51
20
37
28
-69
-245
-406
-495
-499
-457
-448
-538
-701
-811
-793
-700
-654
-682
-730
-746
-721
-694
-654
-590
-518
-474
-486
-489
-441
-379
-339
-277
-205
-141
-115
-116
-132
-109
-38
16
54
81
109
78
-21
-47
69
177
123
-29
-107
-86
-51
-46
-73
-106
-142
-192
-224
-216
-191
-220
-325
-389
-349
-301
-376
-500
-495
-402
-390
-462
-510
-520
-542
-544
-427
-298
-294
-381
-407
-336
-261
-216
-160
-121
-108
-94
-46
18
48
78
129
201
286
358
384
411
444
475
522
608
708
714
634
589
657
745
759
733
731
729
666
598
589
638
673
642
577
498
450
468
513
531
499
447
405
390
403
428
429
391
333
283
273
301
347
331
226
129
129
202
207
128
66
42
-2
-90
-134
-74
-62
-208
-388
-415
-336
-326
-439
-527
-534
-540
-586
-592
-525
-488
-564
-655
-620
-503
-437
-470
-503
-476
-414
-369
-376
-388
-339
-283
-307
-387
-417
-372
-354
-403
-453
-452
-451
-506
-555
-552
-536
-548
-576
-586
-592
-613
-605
-550
-504
-512
-527
-485
-404
-320
-265
-238
-213
-148
-47
63
132
170
215
284
390
498
561
594
631
694
768
818
820
796
767
740
745
772
766
695
607
548
511
460
418
383
300
169
57
41
72
54
-26
-87
-86
-81
-113
-126
-63
12
18
-17
25
143
232
253
271
325
364
369
376
423
486
504
458
409
410
423
407
342
293
269
223
141
83
83
51
-64
-200
-237
-217
-261
-394
-471
-440
-424
-501
-582
-546
-450
-440
-506
-499
-396
-306
-277
-239
-150
-84
-71
-42
48
142
156
127
142
217
280
261
175
119
143
173
103
-18
-73
-80
-133
-242
-285
-268
-318
-443
-513
-479
-477
-569
-631
-583
-509
-517
-582
-594
-517
-411
-353
-347
-350
-307
-227
-154
-90
-22
36
66
73
109
194
263
253
205
203
242
292
314
293
253
208
177
197
227
229
190
145
119
97
84
97
126
143
99
30
6
31
63
86
96
61
-26
-106
-82
24
81
30
-67
-97
-46
17
36
20
29
52
66
75
106
159
210
215
192
213
265
293
277
276
337
408
426
378
317
304
351
387
356
268
185
165
172
164
125
72
34
-19
-81
-109
-81
-49
-88
-171
-209
-162
-104
-106
-111
-75
-52
-71
-83
-27
44
49
9
-1
22
48
47
37
16
-9
-12
-19
-47
-84
-104
-116
-142
-195
-242
-262
-264
-269
-275
-276
-289
-294
-287
-268
-230
-184
-135
-97
-88
-76
-20
82
169
184
167
174
212
246
251
242
222
184
153
140
113
45
-34
-92
-142
-211
-288
-350
-405
-441
-471
-507
-564
-635
-654
-631
-630
-656
-673
-659
-637
-620
-562
-470
-414
-413
-404
-323
-199
-90
-15
36
86
145
212
295
383
451
486
505
539
569
583
568
563
605
648
632
560
513
533
582
589
541
478
435
422
432
459
472
433
358
287
277
328
353
317
248
177
140
138
127
109
84
28
-60
-127
-127
-99
-117
-209
-292
-324
-330
-351
-373
-356
-333
-364
-419
-426
-360
-289
-251
-211
-151
-109
-100
-61
46
174
242
249
245
252
270
310
366
387
324
230
176
177
190
160
84
-17
-106
-171
-207
-240
-290
-365
-461
-529
-536
-507
-509
-551
-571
-553
-548
-554
-509
-409
-336
-330
-311
-225
-108
-20
48
117
176
214
232
268
335
380
376
312
237
222
258
262
186
85
33
-1
-83
-158
-160
-139
-186
-286
-320
-265
-223
-244
-262
-215
-143
-118
-109
-50
44
126
174
219
267
288
296
342
431
476
425
331
266
253
252
228
194
136
37
-62
-111
-111
-135
-225
-323
-366
-367
-377
-389
-373
-319
-261
-223
-197
-154
-67
51
179
284
346
388
443
531
631
703
743
753
747
733
717
691
661
605
519
416
322
252
172
60
-69
-188
-290
-379
-465
-546
-613
-671
-729
-779
-809
-832
-844
-837
-809
-774
-747
-718
-661
-574
-483
-415
-341
-259
-184
-117
-47
43
126
172
209
258
310
346
346
352
371
380
365
349
340
346
337
300
275
281
296
282
241
222
246
272
266
232
228
233
223
221
244
261
217
170
180
210
182
116
80
81
68
15
-38
-55
-74
-115
-143
-157
-174
-199
-241
-289
-301
-274
-231
-209
-224
-235
-228
-193
-135
-86
-52
-35
-23
9
30
38
50
69
84
70
44
34
35
26
10
7
19
-3
-49
-68
-51
-22
-30
-64
-93
-111
-114
-100
-75
-67
-104
-152
-183
-188
-162
-135
-151
-209
-261
-266
-241
-234
-246
-250
-249
-265
-296
-293
-254
-232
-250
-274
-281
-274
-273
-257
-212
-190
-222
-259
-216
-112
-35
-25
-21
20
72
122
187
289
373
379
358
376
444
500
508
510
516
519
499
486
497
504
479
416
376
374
381
357
311
290
278
248
221
212
196
177
166
172
179
168
182
223
262
256
239
270
311
309
275
254
261
252
211
161
128
103
43
-35
-99
-136
-173
-231
-289
-336
-376
-429
-488
-507
-492
-484
-511
-533
-530
-515
-508
-502
-473
-423
-385
-365
-340
-288
-235
-203
-171
-112
-56
-51
-75
-68
-12
22
-3
-45
-54
-47
-81
-133
-143
-120
-130
-191
-241
-240
-215
-228
-258
-258
-245
-249
-259
-235
-180
-152
-173
-189
-159
-112
-83
-73
-47
-12
1
-3
-7
34
84
98
83
81
95
85
49
41
78
87
29
-12
32
94
101
80
97
143
173
183
232
322
380
413
453
501
557
601
639
678
712
722
721
719
717
695
643
605
595
559
467
366
314
280
203
99
16
-34
-102
-193
-268
-320
-352
-377
-419
-459
-481
-491
-506
-501
-444
-381
-363
-391
-394
-314
-204
-151
-157
-163
-137
-107
-91
-56
-13
-15
-67
-114
-97
-62
-70
-126
-171
-160
-143
-173
-213
-203
-172
-178
-210
-200
-152
-135
-148
-130
-64
-14
-12
7
97
181
184
163
191
256
305
316
314
298
255
223
219
221
189
103
24
-39
-88
-120
-164
-229
-308
-364
-388
-391
-403
-424
-438
-424
-403
-367
-307
-243
-181
-132
-76
-2
80
170
261
330
380
423
468
513
552
586
613
596
547
500
486
468
407
334
269
185
87
-3
-51
-84
-160
-271
-368
-412
-423
-440
-485
-534
-556
-552
-548
-531
-475
-397
-357
-353
-331
-258
-171
-115
-79
-34
12
41
76
139
204
231
212
186
185
207
225
216
192
164
136
100
66
56
63
53
23
15
20
14
13
29
65
93
77
58
78
127
169
183
194
220
236
222
213
238
255
232
193
181
194
186
144
103
88
80
55
12
-39
-80
-97
-98
-115
-160
-193
-189
-171
-162
-161
-152
-134
-115
-93
-58
-5
31
46
66
116
168
187
172
161
187
224
235
235
226
227
215
184
166
171
173
148
114
77
58
50
33
2
-42
-87
-113
-124
-155
-196
-231
-241
-253
-278
-299
-319
-329
-359
-394
-399
-384
-391
-426
-449
-447
-448
-459
-462
-449
-442
-449
-440
-403
-374
-360
-347
-322
-277
-237
-198
-157
-118
-74
-30
1
15
30
65
111
147
171
202
222
232
255
294
332
338
313
289
298
328
358
370
359
335
310
286
278
295
295
268
234
224
229
228
242
266
277
256
210
200
232
268
282
265
230
193
160
146
150
147
127
87
44
9
-6
1
-3
-16
-43
-83
-108
-114
-104
-82
-66
-78
-103
-115
-99
-55
-21
-10
-28
-38
-25
0
39
84
113
104
70
57
76
109
113
87
66
49
38
19
7
1
-20
-66
-118
-146
-145
-153
-189
-216
-232
-255
-290
-317
-317
-309
-320
-343
-350
-333
-318
-324
-339
-339
-324
-317
-324
-324
-296
-271
-272
-296
-304
-274
-244
-229
-226
-225
-217
-212
-201
-162
-126
-117
-121
-106
-64
-12
34
66
104
156
205
248
300
358
407
439
470
522
558
573
574
584
609
628
625
615
592
559
519
483
450
388
307
246
198
140
55
-23
-75
-130
-197
-256
-296
-329
-377
-422
-437
-439
-435
-436
-428
-396
-347
-306
-289
-264
-207
-137
-92
-75
-42
18
66
86
108
155
192
185
163
176
204
201
166
132
138
145
115
80
75
82
59
3
-25
-4
7
-26
-66
-71
-61
-65
-72
-52
-23
-21
-58
-83
-62
-31
-18
-39
-59
-66
-70
-92
-118
-119
-111
-126
-151
-166
-180
-191
-208
-216
-210
-209
-220
-226
-211
-176
-143
-111
-88
-82
-54
2
62
96
124
162
208
246
283
340
392
410
413
442
474
471
445
441
449
424
367
332
319
281
220
163
129
93
32
-29
-70
-103
-144
-185
-214
-237
-253
-276
-293
-296
-292
-290
-293
-288
-278
-270
-271
-267
-240
-214
-207
-202
-188
-173
-170
-168
-162
-158
-164
-170
-165
-150
-134
-140
-144
-133
-133
-145
-138
-111
-74
-54
-54
-41
-25
-1
19
40
68
78
73
75
93
111
117
106
106
119
130
113
90
89
91
83
58
44
32
19
0
-15
-14
-15
-26
-38
-42
-23
6
14
10
18
47
84
113
136
167
201
226
251
282
320
352
359
352
361
393
413
405
385
375
364
334
298
285
280
243
176
131
114
81
29
-25
-48
-69
-118
-153
-166
-173
-190
-216
-231
-233
-230
-216
-209
-224
-240
-249
-242
-230
-228
-236
-246
-251
-255
-252
-244
-245
-245
-260
-264
-253
-236
-223
-217
-207
-202
-199
-191
-161
-127
-97
-76
-56
-30
-9
15
45
85
108
112
104
104
124
150
155
138
123
109
98
82
54
36
15
-28
-75
-117
-145
-162
-189
-231
-258
-260
-262
-274
-280
-254
-216
-210
-224
-204
-150
-93
-62
-23
41
82
98
127
195
271
310
313
326
372
409
430
450
470
476
456
416
400
399
385
347
307
287
262
217
164
148
159
144
98
57
51
56
47
29
23
44
48
21
2
14
36
37
20
11
15
12
-3
-15
-11
-19
-58
-114
-146
-160
-187
-226
-255
-278
-309
-336
-357
-357
-363
-393
-405
-392
-361
-326
-302
-276
-252
-224
-186
-131
-81
-41
-2
43
81
104
131
165
188
196
201
194
185
180
176
156
121
93
68
38
0
-43
-87
-140
-188
-223
-234
-253
-282
-294
-296
-296
-302
-303
-282
-242
-209
-190
-163
-120
-74
-39
-5
42
92
117
130
165
214
247
249
256
268
263
252
249
262
274
256
220
194
187
185
182
166
153
148
139
130
130
137
140
136
143
153
158
169
190
209
218
221
226
227
216
208
205
194
165
126
91
61
37
11
-24
-71
-115
-133
-134
-172
-227
-248
-254
-271
-308
-324
-306
-289
-300
-322
-313
-295
-283
-266
-245
-233
-231
-227
-197
-151
-119
-105
-98
-74
-55
-52
-51
-49
-37
-40
-57
-71
-70
-58
-63
-77
-90
-90
-82
-79
-65
-43
-20
-17
-20
1
47
85
92
89
110
142
166
175
191
214
217
214
209
225
240
223
194
182
178
156
130
112
111
91
52
15
-11
-25
-41
-56
-72
-87
-107
-111
-97
-80
-56
-47
-45
-38
-16
17
42
73
93
107
114
114
134
149
158
152
146
142
122
110
108
102
91
68
50
39
25
22
16
-4
-30
-50
-64
-73
-90
-94
-93
-98
-110
-119
-106
-91
-94
-100
-95
-77
-61
-65
-76
-78
-69
-56
-57
-73
-96
-113
-115
-122
-136
-153
-181
-191
-192
-186
-183
-190
-198
-211
-213
-211
-205
-192
-175
-150
-132
-125
-109
-86
-51
-16
14
37
59
77
102
138
164
193
198
193
196
204
210
212
214
210
194
179
166
159
158
156
148
146
152
160
164
163
156
144
142
139
139
135
138
133
129
131
131
127
112
100
86
79
72
67
59
42
26
15
3
-11
-26
-39
-45
-55
-65
-90
-111
-111
-111
-112
-115
-118
-114
-105
-102
-92
-77
-69
-66
-68
-59
-52
-54
-50
-52
-59
-71
-82
-93
-112
-131
-149
-168
-185
-202
-212
-220
-230
-250
-265
-277
-286
-294
-304
-303
-298
-285
-268
-244
-217
-189
-157
-128
-88
-47
-19
13
57
99
134
171
212
241
253
264
285
304
311
307
298
289
268
253
258
254
233
211
193
181
167
148
131
111
95
92
82
69
59
51
45
30
19
16
20
16
6
6
13
11
7
9
11
6
-6
-10
-8
-8
-15
-33
-57
-67
-62
-56
-61
-71
-76
-69
-51
-38
-19
0
6
10
24
48
78
101
113
122
128
128
124
131
142
145
139
125
111
97
81
63
47
23
-6
-38
-69
-85
-104
-131
-166
-202
-234
-255
-272
-290
-300
-310
-326
-335
-330
-322
-308
-298
-279
-250
-229
-213
-184
-151
-122
-98
-73
-45
-23
-9
14
37
59
62
57
59
66
73
68
65
68
71
68
70
61
57
51
36
19
7
14
21
21
25
35
63
87
90
98
119
142
156
165
175
190
201
200
193
197
203
206
202
196
181
162
158
156
152
132
102
76
62
56
39
19
1
-18
-33
-40
-50
-52
-54
-64
-65
-61
-55
-53
-46
-42
-33
-18
-9
-7
-5
0
6
3
-5
0
0
-8
-16
-19
-14
-15
-25
-33
-33
-32
-49
-69
-78
-90
-99
-111
-119
-116
-113
-124
-130
-133
-122
-121
-135
-137
-135
-128
-122
-118
-105
-91
-84
-79
-71
-66
-53
-37
-18
-9
-15
-23
-15
-2
7
9
16
34
48
56
71
93
102
107
104
103
107
111
116
123
131
126
105
92
96
97
86
73
58
47
43
32
41
42
23
4
-12
-3
1
4
4
3
2
-2
-5
-4
-8
-14
-12
-15
-17
-14
-6
-3
8
9
6
-6
-17
-8
4
9
-8
-19
-16
-11
-18
-33
-37
-43
-58
-79
-82
-82
-84
-101
-99
-106
-106
-114
-106
-100
-72
-66
-57
-34
-23
198
264
62
-66
96
197
25
-110
-10
-106
-217
-145
63
157
-132
-158
165
317
227
22
-1
-120
-217
-106
-196
-181
-261
-376
-201
-214
-197
-158
-72
27
-122
8
-90
-227
-73
62
232
263
176
262
285
305
421
463
541
434
413
545
288
241
325
396
518
369
416
335
106
23
88
235
130
-46
-96
-227
-344
-384
-420
-245
-270
-254
-305
-249
-166
-259
-245
-130
47
235
131
-55
148
183
165
61
210
324
57
-78
2
143
-15
-254
-239
68
-100
-261
-375
-319
-180
-568
-448
-287
-356
-643
-703
-287
-165
-469
-356
-287
-369
-374
-458
-200
-260
-116
-118
-159
11
-60
69
-68
56
374
207
53
172
200
270
113
233
282
177
173
0
177
158
-82
-162
9
42
-54
-203
-114
-49
-93
-7
-4
139
157
235
167
142
497
538
165
245
638
726
264
214
560
556
332
255
633
615
257
-22
208
340
212
25
94
433
243
44
-32
138
171
-91
52
171
-27
-103
-208
-177
-143
1
121
10
17
-72
-7
-24
-66
-116
-122
-69
-242
-175
-160
-304
-413
-381
-195
-129
-232
-379
-451
-463
-406
-329
-230
-177
-318
-338
-351
-364
-324
-353
-264
-223
-57
-77
-188
-221
-170
-127
-105
-73
116
264
-9
-102
-26
-52
-114
45
246
46
-150
-92
-9
-44
-117
26
152
-14
-31
13
88
-125
-198
7
114
255
48
-31
21
-112
-175
-12
236
161
-72
-3
112
-113
-187
-11
289
231
115
346
228
-29
-158
40
292
361
394
402
284
33
-90
-18
289
464
510
400
249
124
-2
10
138
422
586
438
224
47
21
-38
-58
240
462
504
109
-101
-84
-205
-190
19
220
278
134
-66
-175
-175
-129
-47
29
100
123
-165
-358
-392
-362
-543
-465
-184
-65
-117
-342
-499
-517
-356
-220
-19
92
166
-28
-198
-216
-160
-11
-85
129
384
384
52
-179
-173
-139
-37
114
134
27
-71
-236
-338
-273
-164
-81
-60
-4
119
-55
-314
-331
-187
-111
-155
17
192
39
-146
-172
-77
-44
-39
154
277
121
-41
-76
5
97
101
122
154
184
44
-41
-26
-60
-51
-41
-31
12
45
25
-116
-141
42
155
184
99
166
297
66
-31
166
298
240
169
254
219
140
60
165
307
217
133
192
219
53
2
2
9
21
51
38
-3
-44
-184
-141
13
5
7
-55
-167
-257
-253
-170
-179
-127
-86
-142
-160
-199
-83
4
-115
-116
-41
-82
-95
-88
-26
-44
-36
88
111
85
55
-65
-72
9
121
201
125
62
-53
-95
18
188
244
187
110
101
51
-29
-107
-50
-11
-12
67
71
-9
-185
-280
-205
-80
50
66
6
-108
-204
-217
-177
-119
-1
77
62
15
12
2
-37
-38
66
183
221
140
35
19
-19
-36
62
201
215
81
-16
45
78
38
60
46
-36
-35
19
37
-6
-65
-7
57
36
63
117
117
26
56
210
135
34
1
12
57
5
31
93
7
-83
-120
-127
-179
-205
-80
-60
-77
-73
-133
-208
-281
-263
-196
-138
-56
-13
-54
-132
-233
-243
-214
-88
42
116
143
13
-22
-64
-47
-1
118
132
43
-1
-30
-66
-164
-137
-48
20
17
62
58
-1
-105
-159
-51
122
155
21
-31
-29
-8
9
100
116
133
159
129
102
21
14
8
39
57
98
114
22
-55
-83
-58
23
52
70
69
89
0
-61
-44
10
105
180
132
14
-6
28
20
-11
117
212
163
91
111
170
65
-37
95
206
244
206
118
150
101
65
54
79
131
93
135
136
46
-53
4
55
-4
20
88
114
21
-45
13
2
-70
-87
-91
-154
-257
-282
-286
-312
-248
-222
-283
-332
-305
-225
-140
-168
-154
-105
-71
-51
-93
-90
-77
-97
-78
39
111
15
-55
-87
-122
-184
-48
129
85
-29
-41
-10
-51
-170
-159
-70
-82
-53
-78
-22
-16
-140
-145
-88
16
70
73
88
92
103
123
90
109
184
205
212
197
246
249
142
32
41
69
64
39
-1
22
3
-57
-106
-84
-65
-97
-82
-28
-3
-63
-101
-55
-23
-34
22
105
117
72
134
160
70
32
85
139
142
175
147
71
16
-7
44
76
40
7
18
10
-29
-31
-51
-60
-62
-81
-50
25
50
64
84
95
115
137
186
176
170
164
107
84
131
137
68
-19
-62
-56
-70
-93
-117
-76
-64
-110
-142
-192
-218
-219
-179
-109
-62
-45
-55
-130
-176
-195
-147
-68
-27
3
-25
-45
-86
-116
-79
14
108
140
94
82
26
-58
-24
24
73
96
75
29
-48
-121
-116
-91
-51
14
24
23
-27
-74
-119
-107
-54
-31
52
108
59
-39
-80
-52
-43
-13
39
38
65
5
-48
-39
-45
-3
2
26
77
77
1
-26
17
25
-29
-18
38
42
61
52
74
27
-48
-36
37
74
83
112
117
56
-23
-34
-49
-7
58
118
102
-2
-91
-117
-110
-85
20
100
118
65
33
16
-68
-144
-104
39
111
81
74
70
-20
-94
-56
53
85
59
71
44
3
-56
-83
-56
-29
1
38
35
-23
-73
-115
-140
-109
-74
-30
-8
-37
-3
12
11
3
70
165
171
114
117
140
67
38
56
169
185
125
102
109
73
12
5
29
43
13
-29
-97
-143
-200
-185
-149
-101
-59
-118
-194
-238
-187
-140
-118
-90
-40
2
29
38
45
42
-14
-10
58
156
183
118
24
-22
31
89
92
89
106
65
13
-39
-40
-34
-77
-80
-41
-11
3
-8
-37
-48
-70
-54
7
77
104
65
61
71
42
52
59
76
78
79
61
14
2
-55
-68
-80
-110
-103
-102
-133
-168
-170
-169
-165
-194
-179
-160
-127
-100
-89
-55
-54
-68
-59
-34
-16
47
99
147
118
88
78
70
42
45
124
138
81
39
52
32
7
-25
-5
49
37
-14
-45
-31
-47
-58
-29
0
20
18
2
34
65
76
115
141
153
154
159
142
84
46
42
34
38
39
20
20
-15
-24
-11
-9
-13
-53
-66
-42
-24
-11
25
33
9
-3
-9
4
25
77
125
136
126
62
14
3
15
64
86
108
97
61
28
-15
-33
-25
-16
-20
-20
12
-9
-102
-151
-150
-131
-104
-63
-33
-73
-111
-141
-146
-143
-134
-97
-65
-61
-57
-77
-125
-141
-125
-106
-93
-55
-9
4
-5
-36
-74
-71
-70
-45
25
75
67
28
-4
-34
-58
-30
69
116
85
49
37
4
-78
-122
-60
-12
13
76
84
83
46
16
45
85
159
180
193
184
137
118
64
7
-16
14
47
59
88
104
71
-25
-101
-73
-10
40
70
43
-18
-57
-57
-83
-93
-92
-70
-14
7
9
20
-25
-129
-148
-56
43
81
53
37
48
28
3
-1
15
-20
-9
31
12
-22
-77
-103
-107
-43
47
80
69
-2
-45
-33
2
43
74
106
133
141
106
39
21
55
98
123
160
177
129
11
-82
-106
-99
-112
-90
-35
-12
-57
-144
-210
-223
-187
-132
-65
-10
-13
-79
-127
-153
-129
-54
11
57
90
124
101
38
-27
-52
-20
24
90
131
96
14
-66
-93
-91
-51
2
19
23
27
28
9
-19
-40
3
62
122
165
155
104
36
-16
-11
29
71
89
77
66
16
-40
-65
-76
-52
-20
21
51
31
-18
-64
-106
-131
-122
-69
-28
-9
-30
-78
-94
-94
-94
-90
-45
-7
4
0
-2
22
14
-10
3
24
40
47
41
44
27
4
3
23
51
65
89
105
85
58
44
33
21
34
49
48
35
14
1
-14
-23
-25
-2
2
10
23
15
-20
-53
-41
-41
-26
-9
10
20
6
-20
-34
-21
-5
16
11
-1
-3
-8
-19
-38
-55
-39
-23
-29
-25
-16
-25
-73
-101
-77
-53
-52
-52
-35
-12
5
28
34
45
65
72
88
122
127
107
91
83
82
89
93
81
63
51
42
35
22
19
4
-13
-17
-19
-32
-82
-111
-107
-89
-90
-88
-67
-80
-108
-110
-68
-16
11
6
2
5
-11
-21
-29
-24
-9
10
38
52
42
0
-33
-19
-2
9
25
24
15
4
-19
-44
-54
-48
-27
-10
-10
0
13
3
-9
9
6
7
13
13
31
34
18
2
5
30
58
71
74
66
47
34
17
6
18
24
22
26
12
-23
-48
-46
-42
-42
-30
-33
-49
-85
-113
-116
-109
-95
-76
-44
-37
-53
-64
-71
-56
-36
-7
24
50
75
81
81
70
72
96
126
142
149
156
151
106
64
62
56
55
57
68
64
41
26
6
-12
-8
-4
-4
11
15
6
-19
-42
-52
-61
-66
-57
-39
-38
-45
-50
-47
-48
-35
-15
3
17
34
36
18
2
-23
-39
-45
-52
-33
-11
4
6
-23
-28
-30
-35
-23
2
27
21
5
-8
-35
-52
-48
-25
12
21
15
-5
-23
-30
-45
-56
-58
-54
-51
-46
-34
-44
-70
-92
-104
-89
-57
-34
-26
-21
-22
-31
-38
-44
-48
-33
-12
5
23
27
21
12
-1
-7
-2
5
10
27
47
51
37
32
21
18
41
60
90
108
110
94
64
53
43
42
58
68
77
85
86
76
51
35
33
33
50
76
92
90
63
37
21
24
37
60
89
100
77
38
21
20
20
15
11
26
32
7
-29
-43
-50
-59
-55
-53
-43
-45
-57
-68
-102
-135
-144
-138
-119
-92
-83
-80
-63
-60
-43
-19
-13
-6
5
4
-10
-12
-7
-9
-9
-6
-4
-6
-2
12
38
50
44
29
2
-7
-15
-23
-21
-21
-32
-50
-67
-88
-97
-101
-89
-77
-57
-43
-37
-36
-39
-35
-17
-10
-11
14
27
28
9
0
-14
-38
-37
-27
-13
-11
-8
6
14
-8
-20
-19
-18
4
26
50
59
52
26
15
20
26
41
67
86
90
89
64
34
17
22
54
83
95
106
107
87
64
41
36
35
46
58
70
72
61
48
27
27
28
43
61
60
45
29
13
2
11
15
14
6
7
8
0
-13
-23
-25
-31
-27
-13
-2
-6
-20
-31
-19
-6
-5
-10
-9
-12
-27
-42
-56
-62
-61
-59
-66
-65
-55
-51
-51
-44
-32
-18
-23
-33
-35
-39
-41
-45
-31
-26
-37
-55
-70
-71
-70
-64
-67
-50
-32
-29
-34
-38
-40
-39
-30
-20
-11
-2
6
-9
-33
-56
-70
-75
-69
-42
-31
-40
-42
-38
-27
-15
-8
4
20
29
29
17
16
6
-4
-1
14
28
28
51
73
87
92
98
104
105
120
136
147
139
127
114
91
64
46
40
31
31
41
50
58
64
53
47
57
53
57
70
68
49
23
2
-10
-14
-16
-11
2
11
-4
-28
-48
-71
-79
-71
-71
-62
-52
-45
-42
-51
-56
-54
-54
-52
-46
-41
-40
-36
-35
-38
-27
-17
-23
-12
6
8
13
3
-7
-3
9
12
14
11
3
6
0
-5
-15
-23
-32
-36
-34
-23
-7
-8
-19
-29
-28
-41
-63
-62
-63
-74
-76
-75
-76
-75
-80
-80
-62
-61
-57
-50
-41
-38
-24
-14
-11
0
1
8
18
46
60
71
92
102
109
110
99
88
87
86
88
90
93
80
63
60
59
57
64
74
87
92
86
74
59
46
33
41
49
44
44
43
29
14
5
6
10
13
23
32
20
1
-16
-33
-35
-22
-19
-31
-49
-72
-89
-99
-106
-110
-108
-104
-107
-110
-102
-96
-93
-88
-85
-74
-66
-67
-55
-42
-37
-39
-35
-31
-33
-33
-29
-22
-12
-2
10
24
28
25
13
14
20
13
16
25
32
35
22
-1
-10
-17
-22
-23
-27
-28
-24
-18
-9
0
7
6
10
23
37
55
58
53
46
45
36
25
27
36
42
40
31
25
40
44
41
50
57
58
48
40
39
39
42
44
49
57
63
57
52
44
36
38
41
48
54
61
56
44
29
21
24
29
36
38
24
6
-4
-12
-26
-46
-49
-37
-38
-47
-57
-62
-67
-76
-69
-62
-70
-75
-76
-73
-73
-92
-92
-81
-68
-56
-55
-60
-67
-70
-65
-52
-38
-31
-31
-25
-13
-7
-8
-6
-1
3
5
4
1
-4
-5
-5
2
0
-2
-2
-8
-6
-3
8
19
23
26
29
31
32
22
18
18
18
25
24
14
5
-3
-16
-16
-13
-13
-8
-14
-9
-3
-5
-12
-22
-18
-17
-20
-17
-18
-9
3
11
20
30
36
43
44
61
73
77
86
72
61
56
55
57
49
49
57
64
57
46
39
41
24
20
24
27
17
10
16
8
1
3
3
8
14
11
17
2
0
2
6
8
12
23
24
23
13
7
-3
-12
-27
-35
-38
-32
-21
-23
-35
-57
-61
-62
-59
-49
-40
-30
-29
-39
-49
-63
-68
-61
-53
-44
-42
-29
-15
-6
-7
-15
-18
-14
-17
-6
-7
-14
-20
-35
-42
-52
-60
-57
-45
-38
-37
-38
-44
-47
-39
-31
-35
-37
-31
-27
-19
-13
-3
8
12
13
13
23
28
21
21
17
12
17
24
38
48
52
53
63
73
76
73
65
57
59
62
48
46
46
51
45
32
27
25
23
27
34
32
32
35
37
39
33
34
35
36
44
49
53
55
50
35
23
13
3
1
8
16
19
16
-2
-22
-29
-27
-19
-19
-22
-32
-42
-45
-57
-67
-63
-66
-62
-50
-58
-72
-84
-87
-83
-79
-65
-53
-49
-53
-56
-55
-50
-39
-33
-22
-13
-12
-12
-15
-8
-1
0
3
-2
2
-1
-5
-3
-3
-3
-1
9
18
23
24
19
20
18
9
18
24
28
27
25
19
15
21
23
18
16
4
-7
-5
2
8
12
16
30
33
23
20
16
14
13
17
26
30
28
22
17
17
22
26
41
59
67
64
55
48
37
37
37
46
53
55
47
30
19
13
13
11
9
11
15
16
8
-3
-14
-23
-26
-29
-25
-23
-33
-44
-57
-57
-68
-82
-82
-77
-76
-73
-71
-73
-62
-61
-58
-53
-45
-44
-51
-64
-71
-63
-59
-51
-43
-39
-36
-40
-46
-47
-41
-26
-15
-8
1
4
9
11
12
13
15
23
28
36
43
43
46
51
59
59
55
58
56
50
51
52
53
53
47
50
54
60
60
51
44
35
30
36
33
31
32
25
11
2
3
9
13
14
17
10
5
1
5
9
22
24
17
12
1
-1
-3
0
-1
3
3
1
0
-6
-8
-8
-8
-12
-10
-7
-6
-1
-6
-16
-20
-24
-22
-15
-13
-10
-11
-12
-8
-9
-16
-14
-14
-28
-31
-26
-21
-18
-27
-29
-33
-43
-45
-38
-32
-31
-41
-54
-60
-63
-61
-65
-68
-66
-67
-71
-72
-69
-59
-51
-46
-44
-31
-18
-16
-9
3
17
27
33
35
42
47
50
50
49
55
60
57
52
52
48
43
38
41
54
65
64
56
53
52
55
49
41
39
32
26
27
25
20
19
20
14
1
-9
2
16
13
12
20
29
25
16
7
2
-2
-13
-16
-13
-4
-4
-7
-10
-16
-20
-29
-32
-20
-20
-18
-10
1
5
6
12
12
14
13
5
3
2
-1
-6
-10
-14
-16
-20
-18
-12
-8
-7
-15
-18
-23
-21
-17
-7
-13
-20
-20
-19
-16
-18
-20
-26
-35
-40
-39
-35
-46
-46
-41
-62
-65
-47
-40
-34
-26
-24
-18
-19
-25
-24
-22
-19
-13
-2
3
2
6
9
8
8
11
13
18
19
18
24
29
25
27
31
37
41
39
37
32
27
25
31
40
45
46
45
49
47
47
48
46
50
52
46
42
42
36
28
21
16
19
32
38
37
36
24
13
11
10
4
-3
-14
-8
-12
-35
-50
-46
-46
-50
-56
-55
-51
-62
-64
-64
-56
-42
-31
-21
-10
2
5
-8
-6
-4
-3
7
9
12
3
-2
-6
-7
-4
-8
-12
-18
-27
-36
-34
-36
-41
-41
-36
-29
-29
-27
-21
-15
-17
-16
-15
-8
-1
3
0
-2
1
4
7
8
19
21
13
6
-2
-6
-2
-4
-8
-6
-5
-2
-1
-3
2
13
15
8
6
8
9
22
31
45
51
42
34
34
28
26
31
33
37
36
34
28
29
31
32
31
29
28
30
29
23
21
22
20
10
7
11
14
14
4
5
1
-9
-17
-15
-8
-12
-19
-20
-5
-2
-5
-4
-4
-3
-2
-5
-13
-16
-28
-34
-33
-30
-23
-25
-23
-23
-21
-18
-20
-16
-15
-15
-9
-13
-22
-19
-14
-15
-15
-17
-24
-26
-27
-29
-30
-27
-13
-13
-17
-14
-15
-15
-16
-17
-14
-12
-12
-11
-15
-24
-29
-36
-37
-31
-23
-18
-14
-8
-2
-3
-4
10
16
27
33
31
42
42
38
38
40
40
40
46
56
57
50
43
32
30
29
30
26
25
14
5
1
-4
-3
3
6
9
12
12
8
-1
0
10
12
12
19
21
23
22
25
22
15
17
15
6
8
9
3
-8
-25
-29
-30
-40
-44
-44
-45
-50
-51
-52
-49
-42
-40
-29
-25
-18
-15
-14
-7
-5
-6
-6
-12
-10
-5
0
12
13
8
10
9
5
1
5
6
8
6
7
6
0
2
0
-7
-9
-6
-2
2
-5
-6
-12
-11
-2
1
1
-6
-12
-11
-13
-12
-7
-1
5
13
22
33
25
19
24
26
34
40
46
46
42
37
31
25
22
23
20
11
5
1
-3
-2
9
12
11
8
-3
-4
-7
-3
-1
-8
-6
-2
0
-7
-19
-21
-24
-25
-24
-34
-39
-38
-38
-41
-44
-38
-33
-32
-24
-16
-14
-9
-15
-20
-13
-12
-10
0
-1
-1
-5
-4
-1
1
11
6
2
7
6
14
19
12
5
0
-2
3
5
5
3
5
13
18
20
16
12
6
2
-4
-4
-5
-6
2
10
13
8
4
-8
-4
2
4
7
2
0
0
5
5
-1
-3
-6
-7
-6
-2
0
-2
-1
-5
-8
-7
-5
3
-1
1
-3
-1
10
18
20
20
17
15
12
15
25
30
27
20
15
18
19
23
24
21
14
10
16
16
15
15
7
1
-2
-3
0
10
13
12
9
5
-4
-6
-4
2
4
-1
-11
-19
-23
-20
-17
-20
-13
-13
-15
-19
-17
-12
-11
-13
-14
-11
-12
-6
5
8
10
5
-2
-2
-5
-8
-17
-29
-31
-30
-29
-30
-23
-15
-20
-26
-22
-15
-14
-14
-9
-3
0
-2
-8
-9
-10
-8
-10
-11
-6
-2
-7
-10
-12
-15
-15
-13
-12
-8
-4
-11
-18
-19
-14
-15
-14
-7
6
7
2
-8
-8
-7
-10
-7
-7
-1
3
5
8
9
12
10
15
20
24
25
26
24
26
33
42
50
57
61
56
49
51
52
45
45
37
33
28
23
28
31
33
30
26
23
21
19
23
18
20
13
-3
-7
-6
-1
3
5
1
0
-8
-24
-29
-29
-30
-33
-30
-31
-33
-27
-26
-24
-25
-24
-21
-14
-10
-10
-7
-13
-18
-21
-25
-22
-16
-22
-23
-19
-15
-14
-14
-14
-12
-17
-14
-11
-11
-13
-5
-2
-5
-5
-2
11
19
24
21
8
0
-6
-2
-2
-10
-20
-25
-27
-27
-29
-24
-26
-34
-36
-32
-24
-13
-12
-13
-6
-7
-3
-1
4
11
13
16
17
20
20
16
12
15
15
7
4
-2
0
9
11
15
18
11
-1
-1
10
13
17
14
14
17
15
15
10
10
12
14
16
17
20
14
0
-9
-12
-13
-10
-2
3
4
5
3
0
2
8
7
9
11
12
12
11
11
16
13
5
-2
-9
-10
-6
-8
-10
-2
3
2
13
20
17
9
2
0
3
2
-4
-2
1
3
1
5
12
7
8
-4
-7
-5
-7
3
6
10
12
10
6
1
1
4
9
7
8
7
6
7
6
5
6
5
8
8
6
-2
-4
-4
-13
-17
-18
-12
-8
-12
-11
-9
-15
-19
-10
-12
-18
-26
-23
-15
-8
-2
-7
-9
-13
-14
-18
-21
-22
-27
-34
-29
-23
-23
-9
4
-1
-7
-16
-11
-10
-15
-11
-7
-6
-8
-7
-1
7
3
0
-7
-14
-17
-17
-21
-19
-13
-2
11
15
15
15
10
11
14
14
16
27
30
23
14
6
1
-6
-14
-20
-22
-21
-20
-19
-22
-30
-26
-19
-12
-6
-2
3
10
12
17
26
28
30
34
41
47
50
57
53
50
59
49
40
40
30
21
17
6
5
12
11
9
6
4
1
4
9
9
-3
-11
-6
3
7
13
15
14
15
16
15
6
3
-5
-8
-7
-7
1
3
4
7
5
4
2
7
15
16
9
4
-8
-17
-21
-26
-24
-32
-33
-27
-21
-24
-26
-20
-22
-25
-30
-30
-20
-9
-5
-8
-14
-13
-10
-9
-15
-18
-20
-31
-30
-33
-35
-32
-35
-37
-37
-30
-30
-26
-21
-18
-13
-12
-14
-10
-2
2
3
9
12
14
14
22
22
13
12
6
0
-5
-8
-10
-10
-7
-7
-9
-14
-11
-11
-8
-12
-11
-3
1
5
10
13
13
10
6
9
7
15
18
13
17
9
7
2
6
15
20
25
16
15
21
21
25
28
25
25
32
33
38
40
34
32
30
29
32
37
38
32
20
13
8
9
17
16
11
5
3
2
10
11
14
20
12
10
7
5
1
-1
-2
-10
-11
-13
-13
-11
-11
-9
-12
-20
-25
-20
-14
-11
-7
-7
-8
-5
-8
-2
2
-8
-16
-19
-22
-20
-22
-26
-20
-14
-11
-13
-17
-19
-17
-26
-35
-31
-26
-26
-28
-26
-23
-20
-12
-17
-18
-14
-18
-22
-24
-18
-12
-9
-6
-4
1
-1
-10
-10
-6
-3
-3
-2
-1
-2
14
19
20
23
21
9
-2
0
7
13
12
10
2
4
8
-1
-7
-9
-7
-8
-7
-1
-1
1
0
2
6
3
0
7
14
16
14
10
16
14
3
6
8
7
0
-3
-1
1
4
6
7
8
7
10
20
32
34
36
36
34
38
37
37
37
39
40
41
37
29
29
17
5
-5
-10
-7
-14
-19
-23
-25
-28
-29
-28
-27
-24
-30
-36
-35
-31
-22
-24
-26
-29
-29
-24
-19
-16
-15
-20
-18
-14
-12
-8
-11
-6
0
6
13
18
17
12
11
12
13
15
19
24
19
21
28
27
26
20
19
20
15
15
12
10
14
16
19
16
11
9
20
20
13
12
19
19
5
-1
-7
-17
-29
-28
-21
-16
-12
-12
-16
-24
-28
-33
-34
-37
-36
-27
-21
-17
-17
-19
-17
-18
-16
-14
-10
-7
-7
-8
-16
-16
-13
-20
-21
-20
-19
-15
-19
-18
-14
-7
-3
-3
-5
0
8
8
5
0
4
4
1
-3
-4
-2
-8
-9
-3
1
0
-7
-3
1
-7
-10
-3
1
7
12
17
26
28
34
33
34
33
24
21
24
25
29
26
21
20
19
20
22
29
27
27
23
13
4
3
12
17
15
12
18
12
3
4
4
3
-5
-10
-12
-12
-11
-9
-8
-5
-6
-3
2
2
5
0
-3
-2
1
2
7
12
10
-1
-7
-7
-10
-4
0
-2
-5
-6
-6
-4
-5
-11
-16
-19
-17
-10
-3
2
4
3
-6
-14
-13
-10
3
6
1
-6
-11
-10
-10
-11
-12
-15
-20
-23
-12
-4
4
3
-3
-6
-5
7
9
10
7
-1
-1
-3
-6
-1
0
-3
-9
-16
-20
-20
-21
-22
-22
-18
-22
-26
-25
-20
-18
-13
-7
-11
-14
-13
-8
-8
-12
-14
-15
-13
-12
-5
1
-2
-11
-17
-14
-6
-4
-5
-4
-1
2
5
16
25
28
33
29
31
34
38
40
43
45
41
37
31
28
27
29
29
30
34
32
21
15
6
0
-6
-13
-8
5
6
13
12
7
1
-6
-5
-2
1
2
5
6
6
1
0
-3
-8
-8
-8
3
7
3
-5
-8
-9
-17
-18
-6
4
0
-3
-3
-7
-14
-21
-22
-25
-17
-13
-12
-3
-4
-9
-16
-17
-12
-3
5
5
6
2
1
4
6
16
20
21
14
4
9
2
-9
-12
-17
-16
-23
-35
-29
-23
-21
-24
-25
-27
-24
-23
-18
-13
-11
-6
-4
0
2
-1
-2
6
16
13
7
10
7
11
15
11
14
15
16
17
15
14
13
11
12
9
1
-3
-7
-4
-6
-4
-1
4
13
9
-1
-7
-5
-9
-7
-5
-6
-11
-14
-12
-9
-11
-13
-14
-10
-3
-1
5
5
3
5
6
5
6
6
0
-1
-4
-5
-14
-19
-15
-15
-12
-11
-8
-11
-15
-7
5
21
29
33
36
36
35
36
40
37
30
24
20
25
25
26
31
27
21
20
14
7
-1
-8
-6
-10
-7
5
-5
-14
-9
0
-1
-2
-4
-5
-8
-12
-12
-8
-6
-11
-5
-3
-10
-17
-20
-18
-17
-18
-17
-17
-15
-15
-18
-20
-20
-16
-13
-12
-20
-18
-12
-7
-10
-15
-14
-13
-10
-4
9
11
8
13
13
11
9
7
10
14
13
16
14
13
9
-1
-4
-7
-6
-5
-8
-10
-11
-16
-21
-21
-23
-20
-7
-10
-15
-7
-3
1
-2
2
11
17
12
11
11
10
11
8
7
-1
-9
-13
-10
-7
-4
1
-1
0
7
9
12
9
9
10
3
4
11
19
23
23
23
23
21
20
25
24
15
15
13
16
18
12
10
10
6
8
9
6
5
9
10
8
0
-4
-4
-12
-14
-18
-26
-25
-22
-20
-7
-7
-10
-14
-15
-12
-15
-10
-4
-4
-11
-14
-19
-24
-26
-30
-19
-6
3
7
9
9
-3
-10
-13
-11
-8
-4
-7
0
7
6
9
10
13
16
12
7
4
8
11
16
15
15
14
5
6
9
3
-3
-9
-14
-18
-19
-21
-23
-21
-20
-20
-20
-17
-16
-20
-21
-21
-19
-14
-15
-12
-14
-4
4
10
14
9
12
14
12
14
18
19
15
13
14
9
8
11
13
19
25
34
29
14
10
7
13
15
15
12
15
17
10
12
10
13
15
13
17
26
25
18
9
4
2
-2
-6
-4
0
1
5
-1
-13
-22
-24
-17
-19
-20
-17
-6
-1
-1
-3
-7
-9
-12
-13
-19
-15
-8
-11
-9
-9
-13
-12
-8
-4
-1
2
-8
-17
-20
-10
-6
-11
-15
-19
-27
-32
-31
-24
-14
-11
-12
-16
-11
-4
-4
4
8
9
7
7
16
23
29
28
23
19
14
12
12
17
18
13
10
3
-3
2
10
9
8
4
3
3
5
9
2
-2
-4
-6
-7
-10
-14
-11
-6
-10
-4
-3
-1
-2
-15
-20
-27
-23
-22
-20
-10
-4
-5
-4
1
5
11
9
8
15
9
11
18
19
26
25
20
16
18
18
13
6
3
1
-2
2
4
8
16
12
6
3
-1
1
2
2
4
-1
0
8
7
7
11
4
7
10
6
11
16
13
9
6
6
4
-3
-2
0
-4
-10
-10
-6
-3
-4
-8
-11
-9
-10
-8
-5
-2
-3
-5
-7
-6
1
0
-1
-6
-11
-15
-13
-9
-5
0
-3
-5
-7
-10
-13
-12
-21
-28
-26
-22
-16
-16
-13
-11
-17
-21
-16
-18
-17
-19
-20
-13
-21
-31
-28
-29
-22
-22
-22
-19
-12
-6
0
6
11
18
18
19
21
26
30
28
22
17
14
15
14
8
7
9
8
8
7
13
21
18
16
11
6
4
5
10
16
17
16
21
32
38
36
35
26
20
26
29
31
36
37
36
34
32
22
24
20
11
6
2
-4
-4
-3
-11
-18
-25
-27
-27
-19
-16
-23
-21
-30
-27
-17
-17
-16
-26
-29
-32
-35
-32
-26
-23
-22
-19
-12
-6
-1
-6
-15
