0
-5
-10
-15
-24
-25
-28
-29
-36
-34
-33
-32
-29
-27
-25
-23
-16
-18
-15
-16
-13
-10
-14
-7
-5
-4
-3
-2
3
8
4
4
9
10
12
12
12
13
15
14
14
11
13
17
22
28
27
21
24
23
23
25
21
19
20
17
19
20
23
28
26
22
16
14
13
16
21
21
25
17
13
9
4
1
-2
-2
5
11
7
1
-1
-4
-8
-11
-14
-17
-18
-15
-7
3
3
1
0
1
7
9
11
8
9
6
6
6
0
1
-1
-4
0
-1
-4
-3
-2
-1
-3
-8
-11
-13
-13
-12
-14
-5
-5
-6
-2
-6
-8
-16
-13
-12
-11
-7
-7
-8
-2
7
7
7
10
14
15
7
5
2
-1
-7
-12
-13
-15
-22
-22
-23
-31
-32
-36
-44
-44
-50
-52
-52
-53
-54
-53
-50
-43
-40
-33
-31
-33
-29
-26
-25
-22
-16
-10
-4
0
5
11
17
15
14
15
16
18
19
26
33
36
38
40
38
38
29
28
27
24
22
18
17
13
19
18
22
32
37
36
37
39
42
43
44
50
50
51
47
44
38
39
44
41
39
38
30
20
15
8
2
0
-5
-2
-2
-5
-5
-10
-13
-20
-22
-18
-31
-36
-27
-28
-28
-26
-28
-25
-29
-35
-31
-26
-22
-23
-15
-8
-5
-1
-3
-4
-5
-5
-7
-7
-6
-1
3
7
4
-5
-1
-9
-5
-3
-8
-6
-10
-14
-13
-14
-16
-17
-18
-17
-22
-23
-21
-21
-25
-22
-21
-19
-14
-11
-6
-5
-5
-4
-3
-3
-1
-3
-1
3
5
11
13
11
0
3
6
-8
-10
-3
5
10
10
13
15
9
-2
-3
-2
-2
-6
-4
-3
-5
-9
-11
-2
5
11
10
11
12
12
11
6
5
5
4
4
1
2
4
2
-2
-1
-3
-2
3
5
4
0
1
4
6
5
1
4
6
7
4
5
3
0
2
-1
3
3
5
4
2
8
10
13
14
16
17
17
16
13
15
13
7
5
6
6
4
0
-4
-7
-5
-8
-6
-5
-10
-12
-11
-5
1
7
8
8
12
9
8
10
7
8
8
10
16
19
21
25
23
22
21
22
18
12
14
12
11
10
6
6
-3
-7
-6
-13
-18
-19
-16
-18
-18
-20
-16
-16
-14
-17
-17
-13
-15
-17
-19
-17
-15
-11
-13
-18
-21
-21
-23
-16
-12
-12
-10
-8
-9
-10
-9
-13
-10
-10
-13
-8
-9
-9
-12
-13
-14
-17
-12
-11
-11
-7
-1
0
2
4
4
2
-5
-6
-6
2
0
-8
-1
-3
2
-1
1
5
7
9
12
17
15
11
8
3
-6
-4
-9
-8
-7
-3
1
0
-2
-2
-3
-9
-11
-7
-2
3
7
14
15
19
22
23
25
21
22
20
18
10
2
0
1
1
-5
0
8
6
6
1
-6
-6
-8
-10
-17
-18
-14
-13
-8
1
8
16
18
21
27
28
29
33
38
41
37
41
42
41
40
34
31
30
32
29
28
26
29
25
20
16
13
11
3
-2
0
0
-4
-8
-11
-16
-26
-31
-33
-33
-32
-32
-22
-17
-18
-19
-24
-23
-21
-19
-20
-21
-20
-24
-24
-22
-21
-25
-24
-23
-18
-19
-20
-16
-21
-19
-20
-26
-30
-27
-29
-25
-25
-24
-20
-22
-18
-14
-13
-16
-14
-13
-11
-8
-7
-6
-5
0
-6
-7
-8
-13
-11
-8
-7
-1
0
1
0
-2
5
8
7
4
1
-1
-1
1
4
8
10
14
15
15
20
21
20
26
29
29
25
24
21
20
22
23
26
33
33
34
34
37
34
32
31
32
27
22
22
21
18
13
14
15
14
13
8
4
-4
-12
-13
-12
-12
-9
-8
-10
-13
-17
-15
-18
-19
-17
-20
-17
-15
-7
-10
-6
-2
-3
6
4
2
-2
-1
3
2
2
-1
2
-1
0
3
4
6
6
6
6
5
1
-1
0
-7
-9
-7
-5
1
-1
-5
-2
-3
-1
-4
-7
-8
-7
-8
-7
-3
-1
3
6
6
14
17
14
11
6
-1
-3
-3
-4
-7
-7
-11
-11
-9
-11
-13
-11
-11
-14
-10
-7
-4
-3
-8
-10
-14
-17
-22
-26
-21
-21
-20
-24
-20
-14
-13
-15
-15
-16
-16
-9
-9
-8
-6
-12
-17
-24
-30
-37
-40
-39
-34
-29
-23
-24
-16
-9
-4
5
9
12
16
24
27
25
19
13
14
16
20
26
34
38
41
43
45
44
46
43
34
33
25
29
31
24
22
23
21
13
11
6
3
1
4
10
10
13
10
12
19
20
21
19
15
8
-1
-2
-7
-10
-11
-14
-11
-6
0
-1
2
0
-3
-8
-14
-21
-22
-23
-26
-22
-20
-12
-12
-15
-15
-17
-16
-14
-11
-5
0
0
6
13
15
16
12
15
15
11
15
17
21
19
15
15
14
11
10
9
3
-2
-3
-5
-9
-13
-15
-21
-23
-23
-27
-27
-26
-21
-26
-27
-22
-20
-18
-20
-15
-16
-12
-12
-17
-18
-17
-21
-18
-17
-14
-8
-6
-11
-8
-7
-6
-3
0
6
1
2
7
5
6
6
8
10
4
3
-1
-5
-4
-2
-3
-4
0
3
6
14
9
5
7
-1
-4
-10
-14
-6
-6
-4
-1
2
3
-5
-5
-2
-1
5
6
7
12
17
15
18
23
16
10
8
10
8
13
13
17
25
24
25
22
22
21
24
27
28
23
18
12
-1
-4
-8
-8
-9
-8
-1
-2
0
-5
-7
-12
-13
-13
-11
-13
-12
-12
-13
-12
-17
-15
-12
-11
-10
-4
5
3
5
8
6
11
7
12
22
26
31
32
34
31
28
21
13
13
18
18
17
17
16
16
14
5
0
-7
-17
-20
-21
-22
-20
-20
-18
-13
-11
-16
-19
-17
-14
-11
-13
-16
-17
-22
-21
-21
-21
-19
-21
-18
-17
-17
-15
-16
-15
-13
-16
-20
-16
-13
-9
-11
0
-2
-13
-8
-5
-8
-12
-16
-14
-18
-23
-17
-6
-7
-5
-4
-6
-7
-6
-3
0
-3
-5
-5
-1
3
0
6
9
13
23
29
31
32
35
37
39
37
38
35
29
22
17
17
18
18
12
13
10
8
8
3
5
5
1
-2
-1
-2
-3
-4
-10
-15
-20
-18
-16
-17
-12
-10
-11
-15
-20
-14
-21
-28
-22
-19
-15
-19
-22
-12
-11
-17
-24
-22
-19
-20
-15
-14
-8
-2
3
0
5
5
8
13
19
31
31
34
32
39
39
33
34
33
38
41
37
35
28
24
23
23
23
26
28
30
30
27
28
24
19
17
13
11
13
11
3
4
-3
-6
-7
-9
-7
-7
-9
-9
-6
-3
3
3
0
-2
-8
-10
-12
-19
-20
-21
-22
-22
-27
-21
-17
-19
-17
-15
-21
-30
-39
-45
-46
-50
-52
-47
-43
-41
-47
-52
-52
-54
-54
-47
-42
-43
-42
-40
-42
-42
-35
-29
-26
-22
-16
-17
-14
-9
-8
-7
-4
-3
2
7
6
9
20
29
30
39
47
51
52
50
49
50
48
46
44
45
44
43
40
39
36
34
35
35
32
23
20
17
18
17
18
16
11
9
7
3
-1
3
4
4
7
9
10
8
1
2
6
4
6
5
7
7
1
-4
-7
-2
-3
3
13
16
18
15
15
13
7
5
6
2
1
3
-1
-3
-6
-7
-10
-8
-7
-13
-12
-17
-16
-19
-16
-19
-18
-15
-17
-10
-11
-12
-8
-8
-8
-10
-17
-17
-17
-23
-18
-13
-17
-18
-12
-11
-14
-12
-6
-7
-9
-13
-12
-14
-15
-19
-18
-18
-17
-10
-6
-1
-2
0
-5
-7
-11
-13
-11
-13
-12
-11
-14
-19
-18
-17
-11
-5
5
6
4
7
12
12
13
12
7
6
5
3
5
5
5
5
3
3
2
3
7
13
18
23
23
19
22
21
23
18
15
16
14
16
17
19
19
22
23
25
22
20
16
14
16
11
14
6
-5
-3
-6
-5
-9
-10
-8
-6
-6
-5
-7
-7
-12
-16
-15
-14
-21
-25
-24
-29
-28
-30
-27
-25
-28
-29
-28
-21
-14
-10
-4
-2
0
-3
-2
1
4
7
9
15
16
24
34
34
33
36
38
37
40
40
35
33
28
20
19
15
7
6
2
-5
-4
-1
-8
-8
-13
-19
-12
-8
-4
-3
-5
-5
-6
-7
-9
-5
-3
-5
-5
-5
-6
-14
-15
-10
-7
-1
5
10
7
6
-1
-4
-7
-4
-8
-11
-6
-5
-5
-1
3
7
12
4
0
-6
-14
-12
-14
-13
-12
-8
-13
-18
-10
-11
-14
-12
-8
-8
-2
4
4
5
-3
-9
-10
-12
-12
-19
-15
-12
-15
-15
-22
-18
-21
-24
-28
-25
-20
-19
-14
-11
-3
2
3
3
7
8
8
14
13
18
22
20
19
23
25
20
22
12
8
9
11
11
14
14
9
6
6
12
12
16
17
20
15
7
9
11
14
14
12
12
10
5
2
5
8
13
13
14
15
10
6
6
5
9
10
-1
-3
-9
-15
-18
-17
-16
-15
-14
-16
-16
-20
-15
-14
-15
-11
-10
-11
-10
-10
-9
-7
-5
-3
2
0
1
8
6
11
13
15
19
14
5
4
5
1
3
5
9
10
6
9
6
10
17
20
20
24
22
10
6
-3
-4
-7
-10
-5
-3
-2
-2
-7
-7
-5
2
0
4
5
4
0
-1
-3
-5
-9
-13
-10
-8
-7
-6
-4
-5
-9
-10
-9
-8
-11
-18
-22
-25
-21
-24
-30
-28
-28
-29
-29
-23
-21
-20
-21
-16
-16
-15
-4
-11
-10
-9
-10
-11
-10
-11
-12
-12
-9
-3
-2
-5
-8
-11
-5
0
2
7
7
8
2
-3
1
5
6
10
15
16
15
19
15
23
27
28
36
41
47
45
48
47
42
39
33
30
29
27
20
23
26
23
21
19
14
10
5
5
6
1
2
-2
-12
-9
-13
-20
-24
-24
-22
-20
-13
-12
-14
-13
-13
-13
-17
-12
-16
-12
-5
-7
-7
-10
-10
-7
-3
-3
3
11
18
17
11
10
6
3
3
1
0
-10
-21
-27
-25
-19
-10
-3
0
-1
-5
-8
-5
-1
4
8
4
2
1
1
1
3
1
-1
-3
-4
-5
-4
-7
2
11
16
21
20
23
17
14
11
8
13
12
4
-2
-3
-9
-17
-18
-13
-10
-15
-11
-17
-16
-16
-25
-25
-30
-31
-30
-35
-31
-34
-30
-20
-16
-6
6
11
14
17
22
21
19
26
23
22
13
6
5
-1
-4
-4
-3
1
0
-8
-6
-2
-3
0
-3
-8
-13
-25
-28
-31
-30
-28
-21
-18
-22
-21
-10
-6
-1
2
7
18
15
10
11
15
10
3
10
14
12
12
23
27
27
31
31
28
29
29
29
25
20
20
15
14
10
9
6
0
0
-3
4
6
13
11
15
9
12
9
16
13
15
8
8
6
1
25
1
26
4
27
13
16
13
19
18
22
21
14
24
2
11
2
8
-9
-18
-4
-11
2
-14
-4
-7
-9
-8
-11
17
3
11
2
-9
-12
-29
-31
-35
-27
-27
-31
-31
-33
-32
-41
-43
-41
-35
-37
-36
-36
-36
-31
-33
-38
-33
-41
-43
-48
-41
-33
-38
-31
-34
-28
-27
-26
-16
-9
-2
0
-2
-8
-9
-15
-11
-8
-4
1
8
14
19
21
20
25
26
31
37
33
34
35
32
28
25
29
29
32
32
31
30
32
32
30
33
33
31
29
26
22
22
21
17
14
2
-7
-10
-14
-12
-8
1
6
11
15
7
3
3
7
6
11
12
13
14
12
12
12
15
18
17
18
12
8
-1
-2
-1
-5
-2
-2
0
-5
-8
-12
-15
-12
-11
-8
-6
-8
-8
-10
-15
-19
-20
-19
-17
-17
-11
-8
-6
1
-4
1
-2
-3
1
2
5
10
17
16
13
10
9
9
11
10
5
1
-4
-12
-20
-22
-22
-13
-8
0
2
0
-5
-11
-4
-7
-9
-9
-6
-9
-15
-17
-17
-19
-22
-16
-17
-20
-21
-23
-27
-30
-34
-33
-30
-31
-32
-26
-27
-22
-20
-26
-27
-23
-16
-15
-11
-8
-6
1
0
0
6
6
7
7
10
9
10
12
17
26
35
34
32
33
38
40
41
39
40
38
38
36
32
27
20
16
9
9
5
5
0
4
2
0
-6
-6
-3
-9
-11
-17
-19
-13
-7
-4
-4
-6
-3
-4
-8
-7
-5
-5
2
17
20
27
27
27
25
20
17
20
21
20
15
14
16
19
24
18
10
3
1
4
2
4
6
0
-4
-5
-8
-7
1
0
6
0
-2
-3
-10
-12
-10
-1
-5
2
-4
-8
-19
-20
-23
-27
-21
-21
-18
-22
-19
-24
-18
-12
-11
-8
-2
-3
-9
-12
-14
-14
-22
-26
-26
-27
-28
-23
-18
-9
-9
-6
-8
-12
-9
-11
-8
-8
-3
3
5
9
5
-1
-6
-9
-9
0
3
5
3
3
11
12
11
17
22
20
16
17
19
8
5
3
8
7
5
4
7
5
5
8
5
4
-1
-4
-9
-13
-16
-15
-14
-8
-1
1
2
1
2
-2
-1
3
4
9
7
11
7
4
3
-1
-5
-8
-7
-7
-9
-7
-1
3
12
17
16
14
10
6
2
-1
4
9
9
7
2
-2
-9
-10
-16
-19
-9
-8
-8
-5
4
6
7
11
17
17
15
20
24
25
29
30
27
32
39
38
36
41
43
42
42
36
32
29
19
17
12
9
4
-1
-8
-6
-8
-7
-2
-5
-8
-15
-17
-17
-26
-30
-33
-38
-44
-53
-55
-50
-45
-39
-38
-31
-32
-31
-27
-26
-17
-23
-31
-33
-39
-40
-40
-36
-34
-28
-25
-27
-24
-20
-19
-17
-12
-5
0
8
16
17
17
27
27
29
36
34
36
38
32
29
25
22
23
27
28
29
30
26
27
19
18
17
14
18
13
9
4
1
-4
-4
-4
-1
1
-3
-8
-13
-15
-21
-25
-25
-28
-35
-31
-28
-23
-14
-6
1
2
7
7
2
-1
-2
-4
-4
0
0
7
7
2
4
-3
-6
-9
-10
-6
-2
6
11
14
14
12
9
6
7
10
7
5
5
4
4
10
18
18
17
19
16
13
14
14
16
16
16
14
7
13
13
9
6
8
17
17
20
20
22
24
26
25
23
20
16
8
3
-2
-1
1
-3
-9
-9
-10
-13
-7
-7
-9
-7
-7
-5
-7
-7
-5
-6
-7
-14
-21
-21
-18
-17
-19
-16
-15
-22
-26
-20
-22
-19
-24
-30
-33
-41
-43
-45
-47
-46
-45
-38
-37
-34
-26
-28
-24
-21
-18
-12
-16
-12
-4
-1
1
1
9
10
7
8
11
8
7
16
22
33
30
26
26
33
35
25
20
18
10
3
3
0
3
1
4
8
9
11
7
7
6
3
2
1
-1
-1
-1
-1
-2
-4
-4
-3
-2
9
11
18
25
22
25
21
26
24
21
13
11
14
13
19
16
27
29
26
20
5
6
10
12
14
21
22
22
14
8
10
11
8
5
4
2
-4
-7
-8
-11
-7
-3
-2
-1
-3
-1
1
-2
-8
-9
-9
-9
-5
-4
-7
-8
-7
-11
-16
-23
-22
-24
-29
-29
-31
-34
-34
-37
-39
-36
-26
-30
-21
-12
-25
-27
-13
-10
-5
-3
-1
8
-2
-4
4
9
6
4
6
11
7
6
9
12
16
16
13
5
3
0
-1
1
4
9
11
3
-4
-6
-11
-9
0
9
8
3
-2
-6
-12
-18
-20
-20
-17
-16
-19
-24
-24
-23
-17
-11
-4
4
8
10
8
4
-2
-6
-8
-8
1
4
5
2
-3
5
3
1
9
13
21
18
12
16
29
21
16
24
19
15
9
9
12
13
12
11
15
19
25
29
31
33
27
22
19
13
16
12
6
5
11
10
8
9
8
9
10
12
14
17
20
20
19
17
10
7
4
10
12
5
3
8
3
2
10
9
5
9
7
1
0
-7
-15
-21
-22
-18
-22
-28
-26
-26
-33
-39
-39
-38
-40
-38
-34
-32
-33
-36
-41
-43
-38
-39
-36
-33
-36
-35
-32
-33
-24
-14
-12
-3
-1
0
-5
-6
-7
-6
-3
-3
-1
-6
-6
-2
-3
-9
-6
3
2
10
17
19
18
19
17
19
15
12
20
28
31
33
29
21
17
15
11
9
16
22
17
16
12
4
-1
-3
2
6
3
-2
2
4
11
18
17
12
11
9
2
-2
1
-1
-11
-10
-14
-17
-15
-10
-5
0
7
7
8
11
10
3
-2
2
3
-1
1
10
11
13
8
8
6
6
6
12
15
16
17
14
23
25
25
23
22
14
13
13
11
7
8
9
7
0
-7
-9
-12
-11
-10
-6
-8
-15
-17
-20
-19
-15
-10
-9
-12
-16
-21
-23
-21
-14
-12
-9
-5
-8
-4
3
8
6
6
8
7
11
7
9
3
-5
-12
-19
-17
-13
-11
-7
-8
-10
-10
-12
-14
-17
-15
-22
-26
-30
-31
-35
-30
-25
-21
-14
-12
-2
-4
4
7
8
9
9
6
2
5
4
1
-5
-6
-9
-8
-7
-3
-1
2
4
0
9
13
17
21
21
15
12
7
-2
3
3
0
-4
-9
-13
-8
1
10
16
21
18
10
11
9
12
22
22
18
18
9
8
2
-7
-9
-4
2
7
13
16
15
11
8
1
-1
-1
-2
-3
-5
-5
-6
-8
-10
-8
-1
1
11
14
16
24
21
30
40
39
32
19
8
0
-3
-5
-5
2
5
3
8
9
12
13
12
8
7
5
7
1
-11
-16
-19
-17
-20
-18
-20
-25
-28
-25
-23
-24
-23
-23
-19
-18
-14
-11
-7
-8
-10
0
4
4
0
-5
-3
-2
3
4
5
9
6
3
2
12
8
6
6
-4
-9
-12
-12
-14
-13
-6
-5
1
9
8
8
4
-5
-12
-12
-17
-19
-13
-11
-12
-10
-2
-3
-2
-4
-2
-2
-4
-1
1
1
-2
-4
-3
3
1
-1
1
1
-6
-9
-13
-18
-10
-6
-8
-2
-1
-7
-4
-5
-3
-3
-6
-4
-6
-6
-6
-2
-4
-1
2
1
5
7
6
5
6
6
6
6
3
14
18
21
22
19
17
15
9
3
2
2
14
15
23
31
23
16
6
4
1
5
7
6
10
13
13
14
19
28
23
20
18
16
18
20
20
20
24
15
12
3
3
10
10
10
13
13
13
9
6
2
-7
-10
-10
-7
-10
-13
-14
-13
-16
-20
-15
-16
-16
-13
-15
-12
-11
-15
-8
-10
-5
-4
-6
-6
-10
-8
-11
-16
-14
-18
-24
-25
-31
-36
-33
-38
-38
-39
-38
-39
-36
-31
-31
-28
-29
-29
-21
-19
-15
-10
-3
1
-6
-5
1
6
5
6
6
12
9
10
15
17
28
27
23
20
18
17
11
14
18
23
19
14
14
6
4
-3
-7
-4
4
9
4
4
-5
-8
-12
-11
-9
-2
-1
0
0
0
-1
1
12
14
15
14
18
18
12
17
20
25
27
29
32
34
32
27
30
26
29
26
19
17
9
5
-1
-5
-9
-14
-17
-14
-8
-9
-12
-12
-11
-10
-8
-6
0
-1
-3
0
3
1
-4
-3
-8
-10
-10
-14
-7
-6
1
5
-2
-8
-10
-9
-5
-6
-4
-1
0
-1
-11
-13
-23
-23
-14
0
14
21
25
23
13
2
-6
-3
7
11
11
8
7
-2
-6
-12
-15
-15
-9
-3
-1
2
1
-1
-6
-8
-9
-11
-12
-12
-9
-8
-8
-7
-7
-6
-3
-6
-8
-2
-1
-6
-10
-11
-17
-16
-8
-2
-4
-13
-17
-24
-26
-26
-26
-19
-6
-4
-5
-4
-8
-11
-13
-12
-12
-6
-5
-4
-3
-2
-3
-5
-4
0
2
6
17
17
21
19
12
18
20
20
20
18
12
5
-1
-6
-6
1
10
19
21
23
21
15
16
14
15
16
15
15
11
9
9
13
7
0
5
10
6
8
7
15
16
8
0
-1
0
2
14
26
30
24
21
20
13
15
13
11
10
5
-1
-11
-16
-13
-6
-6
-5
-3
3
6
8
6
4
8
1
2
7
7
8
3
-2
-8
-11
-25
-32
-33
-37
-36
-32
-27
-25
-21
-24
-26
-25
-25
-22
-19
-16
-16
-9
-3
-9
-7
-4
-14
-8
-2
5
5
1
6
8
8
3
2
2
-1
-3
0
3
0
-4
-1
-1
-2
1
-3
-1
0
9
14
12
11
13
15
15
13
6
-1
-9
-7
-6
0
-2
-11
-13
-18
-22
-26
-27
-28
-21
-15
-10
-7
-3
0
-1
-3
-9
-4
2
8
13
15
12
5
2
-4
-2
-4
-5
-4
-3
-2
0
6
10
20
22
21
22
17
8
3
4
5
11
5
5
-1
-10
-9
-8
-1
9
16
15
16
13
11
14
18
28
30
30
30
22
21
23
27
28
27
22
12
11
6
2
0
4
-2
-1
7
13
20
19
16
7
4
9
11
21
23
27
18
11
11
10
11
6
1
-2
-3
-10
-17
-21
-18
-17
-15
-17
-19
-23
-32
-32
-38
-41
-37
-38
-34
-31
-33
-33
-39
-42
-40
-38
-35
-31
-25
-34
-34
-32
-35
-30
-30
-29
-28
-25
-23
-22
-28
-29
-26
-26
-26
-21
-10
-7
-9
-7
1
5
5
11
12
11
16
18
20
22
19
12
13
13
15
28
34
40
46
43
40
37
46
51
54
57
57
54
44
33
25
24
27
34
38
33
30
25
10
1
2
0
0
5
11
9
1
-6
-6
-7
-3
5
8
9
1
-10
-14
-18
-18
-11
-9
-6
-10
-16
-21
-21
-25
-24
-27
-31
-33
-38
-36
-35
-28
-28
-29
-25
-20
-13
-9
-6
-4
-3
-8
-16
-17
-14
-11
0
5
7
12
10
8
6
-3
-9
-11
-13
-12
-15
-15
-11
-4
8
9
14
16
23
24
28
36
36
38
31
31
36
37
32
27
29
21
20
12
3
4
2
2
8
11
9
9
3
-2
-5
-15
-18
-20
-22
-21
-21
-17
-14
-15
-22
-18
-11
-5
-5
-4
1
-5
-12
-12
-7
-3
-3
-5
-5
-4
-6
-5
-5
-9
-6
-8
-19
-21
-15
-10
-9
-3
2
-1
-1
-4
-4
-5
-10
-7
-10
-14
-17
-18
-17
-18
-20
-14
-11
-12
-10
-10
-14
-12
-4
4
3
11
15
18
17
16
22
18
14
14
21
23
26
27
25
22
19
14
10
7
9
9
1
1
-1
-8
-16
-19
-26
-31
-30
-27
-21
-11
-3
-1
5
4
-1
3
0
6
12
21
26
20
12
11
4
2
7
20
28
25
29
26
17
9
2
-1
-8
-6
0
2
6
4
1
4
7
14
18
25
32
35
29
28
25
13
10
12
10
15
13
9
8
9
6
2
-5
-8
-7
-6
-3
-3
-5
-5
-10
-19
-19
-22
-28
-30
-28
-26
-25
-23
-19
-16
-12
-13
-14
-14
-20
-27
-28
-23
-21
-25
-23
-24
-28
-28
-25
-18
-8
3
12
17
15
8
7
1
-3
-4
-8
-13
-14
-14
-14
-17
-25
-30
-24
-20
-17
-11
-10
-13
-18
-21
-28
-23
-19
-10
-7
-12
-14
-18
-14
-9
-1
2
2
7
10
13
17
21
29
31
29
35
29
25
23
18
16
11
7
7
14
19
27
33
33
28
24
25
21
21
15
10
7
5
10
12
15
29
32
40
42
37
34
29
27
23
25
24
18
19
20
17
15
17
19
25
24
25
26
20
22
15
13
7
-1
-8
-20
-24
-27
-32
-34
-37
-39
-38
-35
-34
-31
-26
-31
-37
-38
-41
-38
-34
-33
-28
-24
-26
-34
-31
-23
-18
-15
-11
-6
-7
-3
-4
-2
-3
-7
-8
-11
-6
-7
-10
-3
3
1
-1
-2
1
1
0
-3
-2
-4
-6
-10
-13
-12
-15
-14
-14
-15
-10
-2
2
4
10
12
12
12
8
3
0
3
-2
-1
-12
-15
1
-11
-13
6
6
12
6
8
29
7
13
7
9
0
-5
0
-8
4
7
17
16
11
17
20
21
17
20
22
14
10
2
10
16
8
10
6
0
-7
-8
-12
-11
-10
0
5
5
14
15
5
5
8
6
10
9
13
11
2
0
7
6
10
14
17
24
12
8
10
2
4
7
3
8
8
7
14
14
13
14
10
11
14
17
17
16
14
13
11
5
3
0
-1
-1
7
7
9
11
-1
-6
-16
-16
-20
-19
-16
-21
-26
-30
-32
-32
-31
-31
-32
-31
-26
-25
-29
-35
-38
-37
-34
-29
-27
-23
-25
-23
-20
-18
-19
-21
-7
-9
1
15
4
-2
4
7
5
3
-6
-5
-5
-11
-5
2
8
3
1
1
-10
-8
-4
-2
-2
-1
-6
-13
-12
-6
3
6
12
7
5
0
2
7
13
25
33
39
41
34
33
24
13
17
17
13
14
15
19
16
15
19
14
21
25
25
24
19
15
7
5
2
7
9
6
5
-3
-4
-4
3
13
11
10
13
11
9
3
3
14
14
7
1
0
-4
-17
-18
-18
-16
-20
-23
-20
-15
-13
-13
-15
-10
-7
-15
-21
-27
-33
-34
-28
-20
-14
-6
-4
-10
-7
-8
-8
-1
8
19
20
15
7
-5
-10
-14
-6
-1
5
14
15
9
4
2
5
13
20
18
16
12
5
0
0
1
5
4
6
2
-1
3
2
8
9
14
15
10
6
-1
-11
-14
-13
-16
-14
-12
-11
-17
-16
-17
-19
-22
-22
-23
-25
-29
-26
-29
-52
-55
-38
-14
-8
-14
-8
6
9
9
16
36
43
29
12
3
17
31
17
-3
5
25
41
25
5
7
12
10
-9
-11
0
5
11
7
7
5
4
-3
-14
-14
3
18
19
20
23
22
24
20
12
3
-5
-9
-1
4
5
4
-4
-15
-18
-16
-16
-12
-7
-1
7
12
5
1
-4
-4
-3
-4
-2
-2
2
-4
1
6
10
13
11
14
18
10
1
-7
-9
-9
-17
-20
-20
-20
-18
-16
-14
-12
-8
-3
2
6
4
-4
-11
-18
-27
-26
-26
-19
-14
-11
-3
2
1
3
10
14
20
22
25
23
22
21
16
16
12
11
11
7
5
2
5
14
20
25
34
33
31
32
29
22
16
7
0
-7
-12
-11
-11
-15
-18
-23
-28
-23
-19
-20
-14
-8
-5
-6
-7
-11
-15
-14
-9
-10
-11
-15
-15
-13
-17
-10
-7
-8
-8
-8
-12
-11
-10
-8
-3
-10
-17
-21
-24
-28
-32
-21
-14
-10
-10
-13
-7
-1
4
11
15
20
23
23
23
21
19
19
26
26
29
28
17
11
9
7
3
5
4
3
0
-5
-11
-17
-18
-16
-16
-11
-14
-17
-17
-20
-21
-19
-14
-11
-8
-1
-2
3
10
11
9
12
22
25
25
27
31
34
33
29
22
16
8
-2
-7
-8
-10
-12
-7
-4
-4
-5
-5
-8
-16
-15
-9
-6
0
7
5
2
5
2
2
12
20
26
34
33
38
39
41
36
29
34
37
32
32
33
26
24
15
9
4
-7
-12
-14
-13
-7
-13
-18
-23
-24
-28
-29
-28
-25
-24
-25
-22
-26
-21
-26
-18
-16
-22
-22
-27
-24
-27
-27
-29
-28
-28
-26
-23
-23
-26
-29
-29
-30
-27
-27
-21
-24
-25
-27
-26
-30
-27
-19
-17
-6
-8
-13
-15
-17
-15
-5
6
9
9
8
13
14
13
15
21
28
27
34
34
30
34
41
44
42
43
43
40
37
35
26
23
26
27
26
22
15
10
9
7
5
4
0
-1
2
1
-2
-5
-8
-13
-11
-2
-2
-6
-8
-6
-3
0
9
10
13
18
10
10
3
3
3
2
2
0
-6
-9
-12
-8
-3
2
9
5
8
7
8
3
2
6
0
-7
-7
-8
-8
-4
-6
-1
-7
-8
-7
-1
8
8
9
12
9
4
1
-3
-3
-8
-14
-11
-19
-20
-17
-23
-16
-9
-10
-6
-1
-2
-3
-3
-7
-9
-6
-5
-9
-11
-9
-7
-8
-11
-10
-7
-11
-10
-10
-6
-10
-16
-15
-11
-6
-13
-19
-17
-21
-28
-28
-28
-27
-18
-19
-17
-12
-15
-18
-18
-12
-8
-11
-3
2
3
2
2
3
10
12
12
19
21
26
20
22
23
26
29
25
22
24
28
26
31
32
37
35
27
29
28
28
27
24
16
11
5
3
1
1
-1
4
11
15
20
17
21
24
20
20
27
29
30
20
10
3
-2
-10
-13
-18
-28
-32
-39
-36
-39
-34
-29
-25
-24
-24
-26
-29
-33
-38
-39
-39
-33
-23
-21
-19
-19
-21
-16
-13
-14
-10
-2
2
8
17
20
24
24
25
28
26
27
25
23
16
11
8
5
7
4
5
6
8
9
11
15
10
8
0
-3
-7
-9
-4
-3
1
-3
-2
2
7
2
-1
-9
-12
-6
-6
-10
-16
-17
-16
-8
-7
-10
-13
-13
-9
-13
-11
-12
-8
-2
-6
-9
-11
-10
-12
-7
-5
-9
-7
-5
-1
-3
0
0
0
3
0
5
4
7
11
9
12
19
26
26
25
21
16
8
2
-3
0
3
3
5
-2
-3
-7
-13
-12
-7
2
6
1
0
-9
-11
-8
-6
-4
-4
-2
5
12
11
15
16
15
10
7
10
15
18
14
19
20
10
10
16
10
7
-1
-2
-2
-12
-19
-19
-19
-16
-12
-9
-10
-12
-13
-11
-11
-10
-10
-9
-8
-9
-11
-14
-9
-11
-12
-9
-8
-1
6
0
-7
-12
-16
-8
-9
-5
6
8
13
13
9
10
6
11
20
21
22
20
22
21
14
12
12
6
13
16
15
20
22
25
22
20
16
17
24
16
5
5
4
-1
-10
-15
-16
-17
-22
-29
-27
-27
-29
-32
-26
-24
-22
-18
-17
-9
-15
-18
-16
-17
-16
-20
-17
-13
-11
-6
-8
-8
-8
-12
-16
-14
-15
-20
-18
-19
-17
-4
4
13
16
12
10
7
4
3
11
13
15
16
17
24
26
21
17
17
16
20
24
28
37
35
31
27
30
29
27
31
31
30
22
15
10
3
-3
-7
-11
-11
-20
-21
-23
-22
-22
-27
-17
-16
-16
-23
-32
-37
-44
-46
-43
-46
-39
-41
-44
-41
-30
-17
-10
-16
-14
-6
-9
-9
-14
-15
-8
-4
-1
4
2
0
4
9
16
15
10
21
27
23
22
21
22
23
23
21
28
35
43
49
46
44
41
34
31
29
29
32
28
28
32
27
23
25
29
25
25
23
16
12
8
11
12
9
8
2
-4
-7
-16
-21
-23
-25
-22
-18
-22
-17
-21
-24
-23
-26
-23
-20
-28
-30
-31
-37
-35
-40
-35
-33
-33
-34
-36
-35
-31
-19
-12
-9
-12
-11
-9
-11
-16
-15
-12
-15
-16
-20
-15
-18
-18
-14
-15
-14
-11
-4
-3
-7
-9
-3
-1
1
5
5
12
12
8
6
12
14
12
8
2
2
-2
0
2
6
6
6
9
8
6
2
5
14
18
24
20
20
18
13
7
11
8
9
15
8
15
16
16
18
26
24
27
24
23
27
28
22
18
22
24
21
20
25
17
13
3
-3
2
7
13
16
20
18
7
-1
1
-2
4
7
11
15
12
6
-6
-10
-12
-11
-10
-14
-14
-14
-12
-15
-14
-8
-7
-5
0
2
-8
-10
-12
-11
-3
3
5
7
-3
-12
-15
-20
-16
-8
-10
-14
-16
-15
-28
-38
-36
-34
-32
-22
-8
-3
3
-9
-11
-22
-26
-27
-36
-30
-32
-29
-22
-21
-26
-29
-28
-24
-19
-14
-2
4
5
5
8
4
2
-6
-1
3
1
6
5
7
6
5
9
8
16
22
20
16
12
16
11
13
25
24
27
26
19
15
14
20
16
24
28
29
32
20
9
0
-6
-10
-8
4
5
7
4
3
3
4
3
9
20
16
17
13
7
-2
3
-5
-9
-5
3
6
5
12
11
10
4
3
2
2
5
-4
3
-2
-4
-3
-3
-9
-12
3
5
9
11
13
7
9
5
4
4
12
12
6
0
5
6
12
6
10
-1
-4
-3
-14
-11
-17
-8
-12
-8
-7
-6
-3
-1
-6
-6
-4
0
-12
-9
-3
-13
-12
-12
-6
-11
-14
-22
-18
-16
-10
-18
-15
-13
-18
-6
-3
11
3
3
0
-11
-17
-25
-22
-21
-16
-17
-17
-25
-16
-11
-11
-9
-6
0
-2
2
2
0
-13
-15
-10
-8
-8
-11
-5
-4
3
3
7
13
7
8
3
10
-1
-5
-12
-1
6
11
6
10
12
0
2
-7
-2
-1
11
9
25
19
24
6
11
8
13
11
15
16
20
21
6
25
32
37
25
34
36
47
34
32
32
29
22
5
6
0
3
-6
-2
1
7
0
7
14
25
12
3
8
6
-7
-21
-27
-24
-27
-31
-33
-31
-20
-33
-25
-22
-20
-20
-15
-9
-2
-4
-1
-16
1
5
3
-13
-2
-3
-10
-15
-23
-20
-7
-12
-17
-8
-15
-13
-8
5
2
-9
-3
-6
3
10
4
13
37
34
27
17
19
24
19
15
14
19
14
16
14
17
13
2
1
-5
-7
-4
2
-4
-1
-7
-15
-14
-24
-20
-25
-16
-21
-26
-9
-9
-19
-31
-26
-18
-22
-17
-15
-20
-12
-11
-18
-21
-21
-6
-3
-6
-11
-17
-5
-10
-18
-25
-8
1
8
13
24
16
17
8
7
4
-4
12
21
24
-10
-3
9
13
9
-6
-2
9
-4
3
5
8
7
20
8
12
5
0
-6
8
20
13
20
16
15
11
22
15
26
28
24
27
26
21
16
20
17
26
25
17
19
-1
6
16
15
4
-6
2
4
0
-13
-7
-9
-8
-7
-15
-4
-14
-11
-11
-14
6
5
-2
8
23
17
16
1
5
-3
20
14
2
-3
-10
1
0
-4
-12
-1
-28
-28
-16
-10
-3
-11
-39
-14
-13
-15
-15
-19
-14
-32
-27
-47
-21
-12
-30
-39
-12
-21
-18
-35
-36
-14
-1
-9
-27
22
4
-7
-28
-16
-1
1
-13
-25
-14
-13
-13
-5
4
-2
9
-18
-5
13
30
29
13
37
47
34
8
-3
6
11
-8
-11
-2
12
-16
-4
7
9
26
13
12
13
28
26
29
38
31
13
14
4
10
15
14
5
17
20
4
5
-12
0
0
-10
-22
-2
1
-23
-21
-22
13
12
15
20
22
6
11
7
5
10
-8
-20
-27
1
-7
0
-2
5
12
14
13
26
22
14
5
10
12
-17
1
-11
-21
7
-9
9
-15
-11
-15
7
7
12
-3
1
15
3
-9
-8
-16
1
-7
-12
5
8
29
3
8
1
28
12
33
0
13
-5
-10
-1
27
13
15
6
14
19
4
5
-13
2
2
-4
-32
-39
-39
-33
-36
-38
-20
-12
-19
-8
-28
-3
-3
-7
-29
-32
-39
-7
-34
-28
-31
-24
-39
-29
-25
-43
-35
-47
-39
-26
-23
-34
-25
-44
-33
-51
-46
-44
-28
-13
-16
-16
-2
5
3
-5
1
7
-8
33
26
40
38
25
33
48
42
56
44
61
51
55
58
46
48
54
57
71
56
65
56
63
69
59
50
48
40
9
16
11
20
17
31
13
48
41
45
63
61
45
50
39
39
32
49
3
12
18
-21
-10
-26
-47
-41
-36
-62
-48
-57
-45
-76
-73
-70
-76
-73
-65
-67
-55
-84
-73
-89
-59
-54
-60
-52
-64
-45
-64
-53
-56
-26
-29
-53
-65
-32
-12
-35
5
4
19
15
11
15
46
32
41
36
35
47
40
51
39
38
35
40
16
22
14
13
-17
-6
-20
-14
-22
-30
-29
-12
5
-15
13
12
24
11
5
4
26
8
14
10
28
16
22
25
18
49
17
30
22
25
35
9
3
-8
0
-10
-9
-8
-15
-27
-21
-23
-19
7
-22
11
-1
10
18
35
29
11
20
20
17
5
13
12
24
-19
-9
11
2
-18
2
3
0
-1
17
23
13
1
-14
5
-6
6
-11
-9
-31
-12
-9
-26
-29
-12
-8
2
-19
-3
9
3
29
12
-1
-1
-9
4
28
28
27
31
35
35
33
53
34
45
41
19
16
-13
0
-27
-14
-43
-2
0
-17
-3
-10
-9
-9
-16
-28
-8
-6
-26
-27
-48
-40
-49
-39
-62
-37
-37
-42
-27
-33
-34
-15
-22
10
-1
11
-24
-10
-21
-16
-14
-19
-23
-27
-34
-43
-33
-23
-19
-29
-18
-10
-14
-28
-11
-4
19
-10
2
-15
15
-7
8
-2
6
28
56
54
63
79
71
96
42
61
31
54
20
17
11
28
20
31
8
-4
-19
-12
-21
3
-29
-18
-13
-28
-33
-30
-37
-6
7
-26
20
1
51
48
52
37
53
73
80
70
81
28
62
10
15
-3
-1
-33
-33
-34
-34
-36
-37
-31
-30
-10
-17
14
19
15
9
0
7
5
12
-6
13
17
18
1
18
-22
3
2
-16
-17
-27
-5
3
-9
-60
-51
-68
-59
-46
-46
-45
-25
-39
-26
-18
-9
-5
19
5
9
25
8
0
-14
-8
-43
-26
-47
-47
-13
-1
-18
5
-10
-10
-2
27
19
39
18
15
19
6
-7
-6
2
-9
18
-19
8
-1
38
31
47
42
54
26
12
-7
22
-5
-10
18
-21
-2
7
4
5
-4
-10
4
16
11
2
11
22
32
13
20
9
20
-23
-19
-19
-18
-19
-2
-1
11
-22
-18
-53
-43
-14
-6
23
14
24
-20
-28
-66
-34
-19
-2
-3
15
0
7
-3
6
-6
-37
16
9
46
-27
-14
-3
-31
-43
-26
0
6
13
30
2
4
-20
-22
5
-36
-21
-26
-7
22
34
7
-6
-1
20
93
148
13
6
23
7
-27
-34
28
94
24
-39
-40
5
59
33
96
54
82
113
78
70
43
26
7
42
35
40
12
-2
17
17
-39
-9
-35
-26
5
-21
-42
21
-20
-89
-83
-115
-111
-101
-40
-61
-28
-47
-21
-26
-39
-48
-27
-17
-55
3
-10
13
-5
-8
-23
-33
-44
-14
44
9
-1
-15
-13
-31
-14
-27
-17
26
22
38
30
28
-2
-27
-40
-21
39
1
12
3
26
-6
27
26
42
30
51
41
26
9
-1
9
-38
-48
-19
28
8
22
11
5
-25
-19
-3
22
1
14
-9
-18
-35
-64
-41
-28
-26
-17
3
27
63
8
-23
-30
-8
35
23
28
7
26
-8
-65
-40
-21
7
-16
4
37
73
74
38
11
-5
10
6
-4
36
48
31
24
6
-1
-2
14
-4
34
85
55
32
-2
19
13
-23
-11
5
-1
-15
-18
23
3
-5
6
-56
-11
18
53
37
40
12
-12
-40
-32
-27
-41
-31
6
15
-26
-18
-58
-10
-18
-6
13
19
-9
-29
-28
7
-5
6
25
-9
-35
-30
11
13
0
-1
22
-10
29
28
66
35
-22
-37
-46
-30
-62
-9
16
29
-8
-19
-29
11
37
-1
14
18
-24
-94
-137
-94
-26
-38
-73
-78
-82
-92
-62
-21
24
54
43
14
-5
-24
-38
-47
1
64
111
115
66
42
49
32
36
98
137
127
66
62
67
24
-66
-59
-64
-15
-9
-20
1
-17
-25
-66
-48
-18
31
49
31
17
16
-10
-58
-51
-6
-8
-37
43
69
44
9
7
-5
-8
-19
-67
-36
12
-6
-11
-15
9
13
-18
-51
-5
35
74
41
3
26
26
23
65
166
277
217
69
-64
-212
-291
-328
-207
-92
-62
-145
-145
-130
-91
-28
26
104
176
172
90
54
-25
-47
-95
-70
44
143
195
189
177
149
79
34
24
22
43
64
49
38
-3
-82
-136
-180
-211
-238
-220
-123
-45
10
-4
-10
-37
-21
26
44
91
110
126
103
72
71
35
1
8
-17
13
27
39
31
-2
-23
-22
-28
-32
7
-18
-10
14
-9
-43
-64
-77
-70
-51
-37
-12
17
34
35
40
59
79
74
50
21
28
45
25
-35
-60
-39
-47
-43
-22
-12
-11
-44
-52
-23
30
32
9
-18
-27
-15
-17
-13
-7
-27
-66
-81
-69
-24
-9
10
46
90
90
78
69
38
22
2
-25
-36
-56
-64
-57
-44
-23
-20
2
28
30
35
21
14
14
-12
-36
-54
-43
-45
-38
-1
25
48
58
53
36
61
58
39
36
48
45
-2
-10
17
8
-29
-28
-1
-5
-34
-45
-36
-25
-26
-15
-8
-26
-51
-53
-25
-10
13
52
73
91
123
154
172
187
190
158
87
19
3
-16
-39
-70
-85
-33
56
158
304
506
721
905
1020
1034
977
853
636
313
-19
-316
-680
-1085
-1406
-1608
-1700
-1722
-1715
-1636
-1472
-1294
-1155
-974
-767
-613
-516
-356
-181
-20
132
230
304
412
513
531
537
571
572
550
568
636
680
665
635
628
613
565
448
308
188
71
-41
-79
-62
-15
51
161
351
558
704
788
891
937
839
731
684
583
417
301
278
287
256
222
240
311
359
376
376
291
96
-138
-259
-189
207
857
1414
1738
1972
2176
2071
1578
980
373
-442
-1618
-2838
-3625
-3953
-4205
-4463
-4319
-3711
-2962
-2306
-1799
-1463
-1270
-1237
-1345
-1372
-1153
-715
-166
509
1359
2330
3155
3513
3329
2845
2215
1343
325
-560
-1253
-1901
-2357
-2450
-2241
-1884
-1520
-1158
-762
-374
-109
54
150
220
281
394
670
1039
1434
1754
1957
2097
2168
2067
1847
1626
1443
1341
1265
1240
1289
1291
1110
816
510
112
-381
-854
-1147
-1273
-1284
-1137
-762
-236
278
722
1121
1433
1550
1480
1310
1038
704
412
85
-202
-297
-250
-181
-68
147
410
546
464
385
737
1613
2428
2635
2449
2250
1905
1135
45
-930
-1719
-2788
-4330
-5509
-5579
-5024
-4787
-4900
-4626
-3561
-2175
-1289
-1140
-1163
-969
-776
-707
-516
-33
649
1276
1713
2185
2864
3354
3034
1963
934
360
-232
-1058
-1787
-2109
-2177
-2197
-1987
-1366
-734
-592
-658
-471
-105
28
-118
-194
-32
263
576
964
1478
1909
2064
2073
2202
2359
2255
1909
1660
1657
1625
1408
1183
1074
888
504
71
-201
-365
-631
-913
-899
-618
-358
-144
235
731
1102
1306
1471
1579
1434
1054
694
366
10
-302
-520
-642
-697
-668
-541
-294
-46
66
193
510
925
1447
2313
3289
3671
3275
2676
2237
1613
411
-1034
-2169
-3106
-4333
-5580
-5948
-5393
-4896
-4763
-4333
-3213
-1749
-695
-492
-673
-553
-237
-84
14
325
841
1416
1875
2118
2256
2268
1762
646
-487
-1170
-1562
-1868
-2050
-2033
-1723
-1232
-823
-486
-215
-171
-412
-711
-914
-1072
-1177
-1157
-944
-480
211
936
1604
2265
2759
2885
2784
2626
2424
2150
1857
1635
1478
1313
1124
970
726
263
-312
-782
-1021
-1084
-1001
-716
-236
343
952
1500
1907
2073
1968
1737
1428
1009
582
161
-264
-586
-721
-634
-440
-269
-72
177
317
249
100
-43
-131
23
769
2129
3445
3875
3476
3009
2623
1716
152
-1404
-2669
-4064
-5682
-6777
-6616
-5716
-5122
-4790
-3849
-2056
-277
538
371
-27
-156
-142
-271
-444
-192
548
1182
1517
1779
1995
1832
902
-551
-1673
-2022
-2047
-2123
-1977
-1359
-532
75
492
896
1054
646
-143
-820
-1146
-1326
-1535
-1482
-911
-76
768
1634
2457
3013
3134
2896
2568
2264
1870
1395
1078
1017
995
904
885
863
585
83
-364
-574
-573
-479
-295
126
700
1209
1599
1900
1943
1580
1031
564
126
-339
-690
-887
-929
-813
-558
-160
244
381
304
228
146
41
-116
-277
-303
-32
658
1880
3461
4563
4520
3763
2962
1913
250
-1648
-3183
-4424
-5841
-7213
-7541
-6445
-5043
-4330
-3772
-2426
-551
760
996
510
-1
-118
-81
-144
76
741
1382
1640
1650
1625
1492
850
-512
-1945
-2536
-2304
-1867
-1306
-447
508
1241
1689
1856
1713
1204
277
-775
-1502
-1813
-1899
-1773
-1307
-555
345
1308
2178
2790
3065
2965
2622
2278
1927
1453
995
692
434
136
-128
-309
-510
-813
-1091
-1143
-885
-415
112
694
1352
1819
1964
1928
1659
1020
209
-467
-1010
-1468
-1632
-1459
-1131
-709
-194
298
675
873
911
862
664
356
47
-227
-396
-356
-169
53
378
1032
2308
3937
4910
4669
3826
3033
2105
534
-1380
-2837
-3839
-5127
-6614
-7032
-5877
-4325
-3586
-3253
-2070
51
1673
1747
925
394
408
357
-28
-253
91
627
822
630
446
466
133
-1011
-2221
-2502
-2013
-1366
-640
367
1405
1945
2001
1928
1652
822
-368
-1336
-1851
-2122
-2257
-2028
-1376
-623
46
889
1878
2591
2809
2630
2257
1866
1409
804
255
-52
-269
-507
-585
-429
-307
-384
-406
-214
125
527
983
1531
2089
2285
1967
1564
1248
614
-386
-1262
-1760
-2017
-1995
-1601
-1001
-442
51
583
1067
1287
1181
886
515
124
-246
-617
-947
-1079
-892
-421
324
1309
2650
4396
5734
5696
4642
3633
2595
805
-1470
-3123
-3920
-4866
-6360
-7105
-5954
-4008
-3027
-2810
-1926
-50
1619
1925
1086
315
267
353
-33
-476
-283
253
355
-71
-484
-529
-629
-1398
-2336
-2351
-1497
-637
113
1003
1884
2386
2343
1942
1462
829
-231
-1480
-2277
-2500
-2571
-2511
-2033
-1187
-270
652
1576
2393
2945
3092
2931
2648
2226
1537
760
135
-335
-723
-1014
-1132
-1058
-825
-527
-165
329
863
1299
1690
2029
2126
1863
1387
902
384
-235
-903
-1425
-1635
-1531
-1237
-820
-304
207
713
1194
1433
1307
942
523
126
-171
-332
-454
-527
-408
-82
362
1006
1850
3004
4649
5876
5556
4271
3147
1988
78
-2278
-3907
-4524
-5241
-6567
-7210
-5977
-3954
-3032
-3006
-2222
-348
1252
1476
606
-133
-40
150
-267
-691
-374
299
490
120
-169
-54
-32
-805
-1854
-1949
-1126
-314
349
1110
1798
2083
1813
1162
461
-430
-1754
-2971
-3369
-3141
-2944
-2668
-1829
-620
449
1412
2470
3362
3725
3604
3318
2960
2265
1181
150
-470
-822
-1200
-1516
-1483
-1082
-609
-222
188
766
1437
2018
2512
2846
2788
2314
1660
1023
361
-469
-1308
-1763
-1748
-1526
-1132
-423
382
956
1383
1782
1933
1727
1305
778
294
-90
-425
-610
-561
-377
-154
108
460
1003
1803
3101
4722
5545
4774
3293
2214
1158
-740
-2910
-4068
-4436
-5327
-6702
-6912
-5407
-3863
-3494
-3419
-2299
-228
1359
1399
546
145
457
742
449
11
161
610
473
-151
-505
-437
-730
-1805
-2697
-2453
-1546
-732
-107
361
764
1098
1026
520
-66
-647
-1390
-2061
-2190
-1770
-1157
-569
44
769
1647
2524
3007
3035
2808
2444
1957
1418
749
-21
-575
-818
-960
-1074
-1014
-764
-403
0
385
826
1413
2049
2510
2670
2482
2053
1582
1075
437
-299
-950
-1325
-1355
-1246
-1049
-585
82
582
884
1369
1940
2053
1668
1224
868
391
-290
-880
-1109
-1027
-843
-621
-222
501
1425
2529
4091
5624
5804
4400
2639
1257
-291
-2415
-4250
-5025
-5462
-6499
-7368
-6627
-4762
-3636
-3586
-3210
-1558
625
1811
1548
930
1040
1624
1769
1273
815
754
570
-205
-1171
-1641
-1724
-2245
-3174
-3335
-2330
-1018
118
1118
1803
2058
1992
1620
1019
356
-344
-982
-1291
-1128
-651
-147
230
509
890
1435
1903
2160
2302
2271
1995
1689
1436
1010
430
6
-205
-427
-610
-637
-598
-498
-219
135
468
938
1553
2022
2079
1726
1301
1002
625
30
-611
-985
-1087
-1120
-979
-489
98
420
577
859
1259
1464
1168
543
-20
-465
-933
-1423
-1738
-1668
-1215
-608
-34
735
1775
2687
3695
5040
5591
4431
2451
883
-359
-1969
-3644
-4537
-4827
-5506
-6552
-6641
-5208
-3714
-3387
-3278
-2063
16
1732
2199
1716
1457
1813
2043
1583
829
393
181
-381
-1276
-1936
-2007
-1947
-2326
-2605
-1953
-661
624
1706
2308
2357
2195
1875
1290
678
194
-309
-871
-1177
-1014
-630
-351
-200
-12
386
994
1635
2180
2535
2592
2453
2237
1817
1222
721
371
-43
-475
-713
-766
-741
-678
-575
-408
-108
383
958
1375
1496
1395
1274
1172
894
387
-151
-584
-884
-1036
-1029
-932
-737
-430
-57
408
868
1004
631
31
-463
-835
-1157
-1311
-1166
-712
-61
608
1357
2201
2952
3819
4915
5219
3866
1828
443
-589
-2083
-3580
-4243
-4349
-4899
-5942
-6116
-4805
-3455
-3198
-3122
-2024
-52
1577
1901
1352
1175
1708
2105
1671
888
540
408
-127
-990
-1653
-1783
-1718
-1976
-2155
-1530
-340
845
1803
2276
2200
1894
1465
807
81
-403
-695
-983
-1139
-1012
-759
-548
-393
-255
40
658
1448
2159
2666
2919
2984
2847
2370
1641
895
170
-616
-1264
-1568
-1639
-1671
-1593
-1282
-855
-434
63
722
1374
1796
1936
1937
1877
1612
1031
243
-592
-1287
-1683
-1751
-1559
-1256
-934
-561
-124
262
452
353
88
-91
-155
-239
-178
166
623
1069
1594
2198
2777
3652
4775
5076
3824
1886
536
-251
-1421
-2841
-3409
-3292
-3875
-5269
-5858
-4879
-3706
-3560
-3680
-2781
-757
1171
1691
1024
688
1230
1826
1757
1346
1307
1522
1185
237
-466
-591
-846
-1674
-2220
-1707
-665
119
606
881
905
688
259
-156
-340
-431
-536
-486
-247
-53
-85
-264
-391
-449
-409
-45
700
1564
2217
2527
2650
2607
2119
1180
240
-347
-689
-1004
-1194
-1076
-847
-862
-1049
-1099
-931
-720
-488
-5
780
1547
2009
2174
2131
1862
1224
261
-652
-1255
-1666
-1859
-1667
-1252
-851
-435
-5
270
444
480
357
353
599
880
1071
1307
1521
1778
2102
2458
3220
4333
4486
3000
1219
321
-263
-1352
-2372
-2727
-3031
-4018
-5152
-5271
-4350
-3685
-3767
-3507
-2122
-305
767
676
-9
-189
517
1369
1665
1863
2481
2994
2638
1664
772
74
-890
-2139
-2675
-2023
-1092
-621
-425
-363
-415
-525
-781
-1043
-903
-428
86
602
1091
1198
673
-101
-602
-713
-637
-360
310
1252
1951
2226
2213
1822
1014
149
-356
-417
-171
245
607
651
359
-229
-1029
-1816
-2284
-2198
-1419
-205
886
1679
2241
2388
2052
1412
644
9
-410
-607
-570
-411
-382
-651
-960
-997
-829
-570
-131
385
851
1153
1288
1416
1462
1286
1096
1356
2010
2729
3672
4700
4650
3106
1293
259
-400
-1393
-2244
-2348
-2452
-3574
-4936
-5005
-4135
-3881
-4273
-3941
-2438
-702
147
-126
-764
-826
-149
737
1495
2194
2849
3213
2948
2174
1312
419
-824
-2071
-2345
-1660
-1058
-1056
-1335
-1657
-2012
-2214
-1970
-1366
-691
-14
693
1323
1700
1603
908
-25
-470
-194
361
835
1206
1456
1476
1236
816
380
29
-217
-194
332
1139
1662
1600
1073
254
-617
-1278
-1731
-2026
-1878
-1133
-166
580
914
926
823
768
790
918
1059
1051
1025
1118
953
232
-598
-1100
-1346
-1434
-1076
-318
350
748
893
850
790
831
903
1099
1455
2018
2651
2939
3192
3742
3794
2441
610
-160
-36
-471
-1473
-1850
-1827
-2802
-4800
-5894
-5121
-3994
-3901
-3863
-2735
-1128
-355
-790
-1617
-1794
-1041
241
1489
2541
3512
3904
3201
1873
863
379
-64
-863
-1402
-984
-273
-308
-1137
-2329
-3387
-3642
-2808
-1396
-220
541
1102
1425
1354
1071
769
417
204
468
1292
2266
2748
2398
1411
368
-183
-144
101
241
429
907
1428
1504
1056
350
-470
-1277
-1768
-1756
-1389
-959
-682
-519
-383
-267
-106
156
483
857
1192
1391
1549
1617
1418
867
181
-355
-723
-1018
-1219
-1252
-1222
-1152
-875
-406
-63
131
529
1091
1543
1785
1885
2090
2417
2856
3708
4639
4357
2683
1136
479
-148
-1236
-1677
-1210
-1422
-3150
-4885
-5013
-4198
-4124
-4704
-4374
-2941
-1642
-1386
-1824
-2051
-1536
-495
625
1543
2293
2924
3089
2654
2052
1649
1330
897
423
315
479
187
-778
-1848
-2614
-2953
-2751
-2187
-1588
-956
-305
-6
-208
-438
-406
-272
49
788
1769
2522
2741
2369
1717
1224
1009
973
1114
1430
1789
1989
1839
1245
409
-452
-1223
-1771
-1894
-1652
-1395
-1289
-1209
-1110
-1109
-1179
-1057
-464
404
1123
1620
1970
2058
1840
1421
980
662
399
34
-347
-567
-731
-1025
-1300
-1293
-1126
-989
-764
-366
82
548
1028
1417
1631
1789
2271
2899
3387
4002
4486
3772
1905
518
431
629
82
-514
-592
-1164
-3020
-4906
-5115
-4145
-3757
-4143
-3912
-2850
-2074
-2217
-2905
-3298
-2733
-1366
31
984
1634
2203
2477
2341
2165
2218
2300
2062
1677
1646
1662
1044
121
-470
-1011
-1762
-2224
-2070
-1819
-1954
-2170
-2103
-2008
-2028
-1762
-1106
-368
233
780
1258
1469
1467
1566
1892
2240
2486
2720
2914
2853
2457
1868
1143
320
-360
-687
-842
-1160
-1596
-1835
-1844
-1869
-1995
-2042
-1706
-936
-141
386
750
988
1049
970
855
796
812
805
791
929
1057
836
322
-89
-229
-274
-265
-120
129
313
447
560
649
771
868
858
887
1203
1513
1727
2282
2930
2460
1036
388
1044
1477
858
338
460
-121
-2111
-3745
-3362
-1981
-1783
-2825
-3424
-2982
-2735
-3422
-4212
-4198
-3366
-2176
-1076
-389
8
216
327
629
1357
2264
2813
2786
2570
2679
2850
2580
1956
1317
635
-44
-524
-837
-1165
-1517
-1750
-2000
-2364
-2644
-2716
-2771
-2692
-2171
-1343
-614
-181
55
254
609
1125
1660
2098
2444
2623
2588
2414
2090
1680
1328
1013
658
325
-22
-416
-731
-833
-839
-920
-1078
-1170
-1165
-1195
-1247
-1194
-908
-528
-240
-52
172
404
600
705
749
899
1128
1362
1656
2039
2295
2329
2220
1996
1614
1201
1057
1029
822
439
197
151
-33
-173
335
1166
954
-109
-416
570
1211
642
250
691
466
-1115
-2160
-1459
-304
-529
-1876
-2743
-2724
-2719
-3272
-3887
-3922
-3259
-2417
-1916
-1857
-1847
-1622
-1325
-933
-191
791
1440
1535
1448
1705
2165
2402
2338
2098
1650
1115
814
784
807
601
196
-369
-1005
-1510
-1708
-1755
-1817
-1820
-1802
-1808
-1936
-2089
-1989
-1491
-855
-383
-21
423
825
921
913
1155
1620
2012
2218
2344
2461
2517
2484
2392
2203
1814
1295
791
382
38
-359
-697
-910
-1107
-1366
-1592
-1733
-1680
-1464
-1166
-826
-515
-189
271
932
1563
1986
2133
2227
2289
2253
2220
2236
2118
1780
1408
1194
1197
1241
1392
1704
1561
484
-486
-194
756
859
149
-285
-705
-1980
-3398
-3323
-2043
-1417
-2297
-3415
-3574
-3187
-3182
-3608
-3686
-3026
-2070
-1441
-1292
-1393
-1316
-930
-373
271
806
917
641
399
591
1252
1803
1909
1758
1409
916
760
1116
1407
1222
857
734
543
-117
-742
-766
-659
-978
-1444
-1626
-1731
-2141
-2544
-2364
-1705
-1145
-924
-940
-972
-754
-174
609
1249
1633
1984
2413
2763
2966
3044
2996
2852
2564
2105
1608
1246
1102
1074
848
286
-388
-909
-1239
-1455
-1518
-1343
-1116
-1028
-940
-708
-407
-224
-44
237
543
698
743
868
1129
1499
1812
1936
1770
1464
1365
1645
2043
2458
2910
3000
2161
1077
952
1720
1880
772
-370
-864
-1549
-2899
-3558
-2784
-1865
-2384
-3912
-4735
-4482
-4058
-3950
-3713
-3078
-2363
-1984
-2054
-2299
-2273
-1810
-1165
-513
72
410
396
363
759
1560
2143
2106
1843
1713
1646
1679
2037
2573
2733
2210
1457
961
498
-127
-554
-659
-815
-1290
-1905
-2283
-2439
-2515
-2428
-2149
-1925
-1909
-1984
-1865
-1320
-544
133
648
1068
1422
1786
2101
2327
2581
2838
2895
2688
2437
2359
2376
2295
2065
1730
1277
719
238
66
108
30
-228
-511
-786
-1052
-1209
-1235
-1176
-1066
-891
-764
-722
-681
-553
-347
-145
103
388
618
769
1031
1629
2366
2942
3434
3815
3449
2297
1756
2536
3397
2889
1636
854
99
-1499
-2945
-2653
-1527
-1687
-3402
-4811
-4840
-4323
-4160
-4235
-4220
-4158
-4051
-3869
-3677
-3442
-2909
-2059
-1283
-785
-433
-201
-98
209
1034
2129
2808
2817
2575
2479
2636
3078
3590
3679
3160
2389
1723
1240
893
681
485
45
-632
-1318
-1854
-2268
-2592
-2785
-2827
-2801
-2821
-2819
-2647
-2192
-1528
-920
-520
-254
-2
372
961
1634
2134
2374
2456
2502
2556
2600
2629
2664
2688
2628
2407
2106
1889
1754
1563
1271
926
552
201
-96
-360
-518
-716
-1076
-1551
-1958
-2202
-2301
-2253
-2072
-1813
-1585
-1312
-940
-526
-87
384
889
1511
2335
3400
4266
4245
3319
2795
3345
4036
3686
2666
1958
1097
-428
-1612
-1183
-148
-458
-2251
-3745
-3903
-3551
-3616
-4061
-4460
-4628
-4483
-4194
-4143
-4325
-4249
-3714
-3163
-2815
-2407
-1898
-1452
-906
42
1212
1998
2238
2319
2485
2804
3358
3951
4110
3795
3395
3093
2682
2228
2014
1746
1025
125
-392
-660
-1116
-1694
-1982
-2040
-2292
-2745
-2977
-2730
-2304
-2083
-2072
-1999
-1763
-1429
-1041
-610
-199
123
372
676
1074
1502
1914
2329
2729
3002
3057
3021
3150
3434
3617
3504
3207
2851
2406
1865
1313
810
252
-360
-954
-1492
-1939
-2183
-2246
-2273
-2343
-2444
-2411
-2226
-1960
-1556
-781
73
492
565
924
1677
2335
2781
3106
3066
2328
1823
2439
3475
3489
2608
1881
1370
538
-76
528
1387
803
-1067
-2414
-2565
-2455
-2849
-3442
-3875
-4265
-4645
-4911
-5112
-5232
-5019
-4464
-3922
-3615
-3388
-3117
-2721
-1944
-714
395
753
639
703
1108
1542
1982
2538
2859
2617
2182
2141
2431
2761
2900
2815
2399
1784
1248
953
862
818
666
131
-694
-1434
-1680
-1628
-1658
-1843
-2084
-2365
-2600
-2479
-2018
-1578
-1381
-1212
-902
-449
71
668
1352
1985
2368
2530
2766
3185
3581
3769
3787
3674
3404
3028
2694
2437
2119
1717
1246
721
222
-249
-664
-1005
-1255
-1437
-1564
-1716
-1788
-1689
-1497
-1415
-1427
-1380
-1240
-1059
-847
-596
-285
291
965
1636
2166
2278
1748
1342
2036
3386
3839
3016
2203
1857
1277
347
202
908
897
-614
-2269
-2677
-2361
-2451
-3004
-3430
-3690
-3941
-4135
-4187
-4135
-4001
-3819
-3714
-3692
-3565
-3304
-3096
-2887
-2450
-1817
-1430
-1300
-938
-276
271
627
1111
1675
1930
1901
2062
2516
2963
3215
3311
3237
3008
2704
2397
2071
1768
1457
1080
628
227
-17
-243
-560
-858
-1008
-1229
-1575
-1746
-1493
-1081
-884
-849
-714
-367
77
508
829
1040
1203
1443
1783
2097
2299
2407
2475
2506
2481
2388
2242
2026
1804
1578
1250
835
473
215
-20
-320
-688
-1036
-1301
-1463
-1528
-1555
-1524
-1493
-1447
-1411
-1240
-883
-459
-131
55
272
503
840
1138
1412
1515
1605
1822
1976
1496
542
361
1221
1909
1271
318
89
64
-607
-1121
-445
489
66
-1442
-2253
-1913
-1446
-1669
-2283
-2869
-3268
-3448
-3521
-3690
-3901
-3865
-3738
-3838
-4040
-3915
-3506
-3098
-2665
-2040
-1406
-1116
-906
-372
361
911
1273
1626
1909
2068
2305
2696
3034
3158
3124
2965
2759
2612
2528
2378
2156
1976
1752
1463
1199
1054
853
546
235
50
37
98
120
96
119
183
245
220
131
185
518
911
991
819
701
744
850
937
895
663
372
218
228
242
141
-59
-230
-344
-411
-481
-554
-587
-497
-299
-138
-81
-51
44
142
220
327
515
689
711
582
503
459
279
57
33
101
-63
-345
-495
-454
-412
-318
-282
-211
66
420
253
-436
-530
382
1069
447
-283
-84
153
-706
-1460
-734
273
-345
-1985
-2576
-1937
-1543
-2014
-2553
-2753
-2821
-2839
-2718
-2665
-2758
-2729
-2597
-2619
-2680
-2433
-2010
-1693
-1398
-996
-757
-787
-633
-87
477
730
904
1192
1369
1400
1584
1966
2201
2203
2241
2377
2444
2448
2588
2786
2874
2778
2584
2371
2346
2590
2815
2720
2378
2063
1794
1608
1482
1365
1136
794
423
105
-178
-422
-633
-922
-1271
-1539
-1621
-1645
-1718
-1753
-1671
-1600
-1597
-1503
-1177
-699
-288
-58
71
307
660
970
1155
1253
1307
1320
1329
1346
1350
1297
1215
1070
858
604
394
333
317
149
-90
-258
-410
-580
-688
-726
-889
-1148
-1327
-1300
-1251
-1287
-1420
-1463
-1404
-1279
-1034
-808
-982
-1417
-1264
-315
325
-94
-593
-345
-17
-441
-846
-297
454
108
-917
-1231
-669
-291
-651
-1287
-1713
-1795
-1636
-1570
-1788
-2047
-2064
-2058
-2319
-2537
-2293
-1880
-1801
-1887
-1686
-1354
-1267
-1145
-650
-53
278
520
961
1471
1846
2191
2564
2921
3253
3531
3691
3739
3908
4251
4412
4143
3731
3518
3372
3098
2816
2671
2392
1837
1285
1007
779
380
-41
-319
-518
-735
-919
-1037
-1121
-1243
-1357
-1472
-1573
-1530
-1327
-1189
-1250
-1366
-1339
-1145
-861
-554
-314
-214
-156
23
332
623
753
785
848
926
955
934
961
1000
918
705
500
306
39
-234
-423
-544
-699
-884
-1100
-1256
-1420
-1660
-1890
-1891
-1803
-1915
-2145
-2213
-1989
-1770
-1700
-1665
-1353
-1020
-918
-642
145
614
59
-448
396
1796
1930
1073
836
1311
1076
236
337
1371
1434
-41
-1220
-935
-210
-384
-1248
-1924
-2099
-1995
-1991
-2240
-2465
-2290
-1976
-2022
-2296
-2164
-1611
-1238
-1106
-734
-199
-51
-94
285
990
1363
1389
1596
2023
2308
2390
2524
2773
2985
3066
3082
3092
3129
3159
3149
3210
3283
3109
2631
2274
2269
2276
1977
1494
1037
651
370
201
56
-175
-535
-908
-1162
-1335
-1513
-1691
-1780
-1785
-1764
-1759
-1766
-1702
-1500
-1297
-1280
-1385
-1359
-1105
-721
-370
-163
-101
-92
-19
180
392
438
332
237
162
34
-42
22
94
-55
-340
-534
-549
-517
-515
-562
-588
-604
-664
-664
-528
-353
-304
-324
-391
-428
-395
-274
-164
-173
-248
-305
-344
-347
-260
-159
-121
14
418
636
67
-688
-398
679
1010
277
-222
68
89
-542
-615
351
947
122
-1048
-1150
-388
44
-260
-849
-1192
-1108
-879
-954
-1250
-1136
-675
-643
-1132
-1288
-783
-281
-206
-133
193
364
213
180
546
989
1208
1270
1311
1367
1479
1638
1761
1842
1906
1815
1504
1304
1530
1942
2025
1750
1558
1515
1338
1046
964
1090
1061
796
567
438
277
95
-4
-4
-135
-510
-917
-1090
-1074
-1071
-1221
-1497
-1770
-1911
-1885
-1817
-1763
-1758
-1812
-1818
-1611
-1255
-985
-848
-691
-423
-155
44
298
685
979
1000
953
1080
1296
1407
1418
1418
1386
1232
1044
1019
1128
1080
746
381
260
274
122
-195
-383
-480
-743
-1118
-1225
-1083
-1078
-1392
-1655
-1652
-1573
-1576
-1506
-1249
-1038
-1105
-1260
-1023
-311
311
130
-508
-510
453
1197
983
653
989
1242
741
442
1211
2057
1584
393
78
801
1327
998
282
-212
-295
-223
-445
-1048
-1412
-1192
-1022
-1430
-1897
-1763
-1438
-1563
-1806
-1602
-1294
-1372
-1513
-1220
-661
-273
-115
-29
59
264
648
1004
1173
1331
1571
1672
1592
1650
1933
2083
1913
1761
1859
1850
1530
1341
1521
1611
1273
832
700
698
562
360
239
176
9
-305
-566
-632
-604
-645
-828
-1070
-1225
-1211
-1059
-909
-850
-826
-831
-826
-687
-400
-126
-19
11
139
371
550
618
708
886
987
932
863
900
1005
1058
994
845
662
486
319
143
9
-95
-325
-620
-763
-800
-948
-1220
-1381
-1435
-1557
-1739
-1765
-1634
-1572
-1619
-1581
-1339
-1047
-875
-813
-718
-534
-260
-10
347
942
1418
1168
549
737
1865
2556
2109
1532
1522
1440
894
815
1644
2167
1281
-87
-456
101
355
-181
-953
-1392
-1496
-1563
-1862
-2287
-2438
-2310
-2386
-2807
-3031
-2790
-2572
-2653
-2571
-2020
-1538
-1599
-1740
-1325
-556
-80
64
246
606
954
1221
1514
1902
2272
2463
2419
2321
2430
2759
2994
2934
2728
2557
2454
2429
2408
2237
1927
1624
1372
1113
894
764
562
209
-167
-404
-460
-505
-710
-948
-1020
-986
-988
-1074
-1127
-1012
-754
-617
-721
-807
-587
-203
18
60
98
229
326
337
425
637
725
554
390
456
565
469
256
174
212
109
-218
-506
-569
-548
-615
-732
-839
-1012
-1206
-1263
-1134
-1018
-1105
-1280
-1301
-1130
-936
-842
-729
-559
-484
-544
-498
-214
86
149
61
98
286
409
353
279
339
452
543
757
947
706
111
-92
464
1089
981
403
-6
-264
-544
-480
146
575
-34
-1201
-1686
-1168
-510
-549
-1208
-1824
-1897
-1573
-1398
-1604
-1741
-1470
-1173
-1301
-1528
-1320
-862
-711
-723
-383
156
260
-70
-83
519
1209
1430
1255
1128
1272
1560
1807
1988
2203
2400
2352
2095
2021
2335
2669
2591
2286
2145
2111
1950
1811
1904
1944
1583
1098
916
926
770
498
327
167
-194
-628
-834
-803
-798
-945
-1136
-1330
-1574
-1749
-1712
-1559
-1482
-1558
-1632
-1543
-1368
-1227
-1122
-983
-783
-591
-463
-398
-311
-126
124
301
376
366
288
236
315
514
646
527
249
51
22
108
165
95
-110
-334
-432
-426
-475
-598
-692
-738
-827
-978
-1081
-1034
-943
-968
-1056
-1026
-918
-871
-845
-730
-541
-423
-424
-426
-271
6
218
259
270
480
910
1243
1181
821
630
895
1306
1396
1238
1095
856
338
-56
295
1090
1232
337
-665
-761
-150
228
-18
-529
-876
-962
-924
-913
-964
-1009
-1074
-1300
-1512
-1362
-904
-730
-1028
-1192
-748
-125
-20
-352
-473
-128
397
807
1039
1104
1030
959
1095
1488
1930
2101
1877
1570
1637
2073
2344
2134
1745
1592
1663
1605
1376
1190
1072
875
612
406
221
-57
-403
-655
-771
-827
-903
-1052
-1257
-1445
-1505
-1415
-1329
-1364
-1471
-1526
-1437
-1225
-983
-865
-899
-894
-707
-419
-203
-78
50
193
287
343
480
677
758
700
699
828
931
894
803
773
779
695
525
394
279
98
-120
-288
-407
-530
-703
-912
-1101
-1212
-1269
-1355
-1469
-1556
-1554
-1450
-1295
-1195
-1108
-968
-782
-609
-435
-196
78
305
436
539
718
951
1159
1333
1455
1477
1434
1517
1798
2074
2017
1567
1126
1107
1372
1445
1189
798
309
-361
-918
-865
-316
-76
-679
-1703
-2307
-2206
-1858
-1805
-2111
-2422
-2516
-2574
-2748
-2798
-2486
-2114
-2108
-2322
-2171
-1553
-1011
-891
-886
-521
173
767
1028
1118
1315
1654
2005
2359
2773
3094
3078
2792
2648
2882
3223
3222
2827
2407
2219
2155
1974
1659
1358
1086
780
435
119
-109
-286
-462
-616
-738
-849
-988
-1173
-1297
-1247
-1070
-958
-1000
-1027
-922
-800
-764
-689
-467
-277
-267
-314
-226
-36
126
232
312
379
411
417
414
400
437
518
589
566
438
312
244
216
191
169
81
-97
-298
-432
-459
-431
-473
-620
-779
-844
-838
-904
-1031
-1076
-1009
-955
-1020
-1104
-1050
-914
-863
-869
-777
-587
-467
-435
-389
-265
-115
-6
60
96
149
221
267
266
268
259
208
153
182
274
265
98
-47
-16
103
157
130
96
14
-162
-292
-238
-75
-17
-135
-287
-381
-412
-371
-298
-268
-302
-333
-330
-360
-454
-512
-458
-360
-276
-173
-26
60
21
-23
114
419
695
848
951
1065
1138
1121
1106
1232
1442
1522
1401
1228
1160
1194
1214
1163
1067
942
786
624
499
419
367
285
136
-1
-46
-47
-125
-276
-381
-430
-477
-500
-436
-306
-240
-294
-338
-268
-149
-44
26
54
52
71
112
114
90
94
91
38
12
85
152
90
-57
-150
-124
-54
-15
-55
-178
-309
-373
-395
-471
-579
-648
-681
-747
-806
-807
-793
-827
-921
-930
-804
-682
-658
-669
-620
-523
-448
-419
-359
-229
-126
-116
-125
-69
29
42
-2
34
156
222
139
20
-13
24
32
-27
-93
-111
-124
-203
-298
-328
-276
-212
-168
-136
-111
-96
-84
-67
-21
87
231
324
355
415
568
736
789
754
737
802
906
983
978
889
785
745
757
704
554
397
278
150
-16
-190
-356
-505
-640
-719
-729
-710
-718
-788
-875
-903
-843
-733
-607
-481
-345
-204
-87
-34
-5
118
343
546
641
685
780
882
925
949
996
1003
935
851
809
821
829
743
546
314
142
43
-50
-119
-144
-187
-328
-508
-562
-554
-606
-676
-659
-598
-582
-599
-608
-614
-635
-617
-527
-402
-298
-195
-123
-101
-64
44
195
302
328
331
355
387
441
471
428
331
258
260
291
291
275
223
104
-32
-93
-70
-97
-183
-257
-279
-303
-327
-303
-285
-283
-295
-256
-198
-164
-119
-51
20
66
75
53
5
-4
49
63
-13
-122
-164
-178
-219
-259
-268
-292
-347
-365
-349
-332
-332
-312
-298
-285
-229
-148
-106
-116
-95
-3
116
174
192
274
425
551
587
577
567
552
509
448
417
425
389
248
69
-45
-88
-138
-241
-346
-400
-459
-562
-661
-708
-733
-764
-802
-818
-790
-724
-641
-593
-576
-543
-465
-353
-234
-117
7
136
247
329
411
511
615
685
716
752
806
847
819
744
685
649
584
468
374
358
358
286
152
44
-27
-110
-194
-208
-139
-86
-107
-136
-103
-46
-13
34
169
376
525
581
623
696
799
916
1049
1123
1096
1046
1049
1093
1072
989
889
792
652
497
378
307
222
75
-120
-321
-467
-568
-696
-855
-999
-1088
-1128
-1166
-1210
-1262
-1321
-1377
-1353
-1261
-1200
-1188
-1188
-1138
-1025
-935
-880
-837
-771
-690
-607
-551
-496
-402
-296
-219
-227
-173
-55
44
92
147
220
249
227
231
300
357
334
269
230
210
189
176
183
185
138
97
126
202
260
294
332
365
355
302
270
282
304
313
313
280
230
193
184
180
138
52
-46
-123
-175
-194
-232
-314
-412
-473
-492
-494
-477
-421
-348
-337
-345
-279
-126
3
60
117
243
391
514
613
716
809
850
866
902
968
1007
1003
989
964
909
832
767
707
590
428
305
226
145
67
13
-58
-176
-273
-279
-229
-199
-205
-183
-164
-153
-135
-95
-36
-21
-22
15
82
133
156
155
172
190
195
174
140
148
170
137
71
31
-1
-98
-240
-342
-368
-405
-513
-628
-711
-794
-884
-967
-1006
-1035
-1059
-1055
-1060
-1047
-1014
-958
-888
-838
-743
-635
-530
-428
-318
-203
-94
54
214
326
342
364
464
568
646
682
700
676
623
575
571
554
475
350
206
107
22
-74
-176
-252
-300
-354
-448
-502
-486
-458
-443
-388
-264
-171
-169
-207
-168
-24
121
205
251
305
378
437
487
549
602
612
572
544
559
580
576
520
444
370
293
206
147
140
148
83
-56
-164
-177
-150
-177
-260
-343
-383
-368
-323
-297
-316
-350
-343
-312
-272
-210
-118
-36
-15
13
85
168
193
195
259
349
378
350
337
347
343
312
295
304
316
285
231
194
180
204
212
198
160
102
32
-22
-23
7
17
-19
-85
-72
-21
7
-8
-1
63
107
116
122
149
166
130
115
156
181
155
81
47
15
-43
-97
-126
-121
-171
-221
-262
-287
-304
-303
-303
-335
-361
-386
-377
-384
-377
-350
-341
-345
-347
-300
-263
-253
-253
-240
-217
-184
-144
-109
-102
-114
-116
-116
-113
-100
-99
-118
-140
-143
-133
-111
-102
-119
-145
-165
-158
-140
-112
-63
0
49
78
109
140
163
163
161
175
209
239
248
217
182
170
165
141
81
28
4
-18
-71
-172
-278
-338
-370
-418
-460
-458
-429
-444
-525
-592
-569
-502
-487
-513
-484
-385
-313
-294
-276
-187
-47
57
132
205
325
463
579
669
768
865
926
955
985
1023
1064
1088
1070
1053
1061
1061
1012
940
871
835
823
778
724
653
545
440
347
304
240
146
65
-4
-70
-115
-117
-107
-142
-194
-230
-212
-166
-160
-147
-133
-114
-103
-117
-117
-94
-72
-102
-173
-176
-130
-115
-170
-216
-234
-281
-372
-434
-440
-466
-522
-608
-635
-640
-663
-682
-701
-727
-738
-720
-699
-672
-636
-593
-580
-585
-532
-450
-369
-339
-320
-268
-221
-174
-148
-106
-64
-29
-28
-28
-8
4
-4
-30
-47
-67
-107
-163
-203
-233
-278
-306
-298
-258
-271
-351
-414
-421
-401
-393
-394
-396
-387
-379
-342
-273
-213
-177
-168
-142
-66
12
66
96
153
247
345
410
480
597
716
773
785
821
894
973
1008
1044
1082
1114
1129
1149
1179
1171
1140
1110
1082
1052
998
946
896
841
760
659
594
527
455
357
259
164
82
8
-69
-121
-169
-237
-339
-396
-439
-452
-470
-506
-512
-528
-544
-573
-559
-487
-418
-396
-407
-388
-316
-259
-217
-174
-137
-99
-97
-72
-15
22
16
-36
-44
2
23
18
-40
-65
-61
-59
-85
-136
-197
-250
-318
-390
-405
-425
-481
-561
-610
-625
-655
-687
-682
-683
-703
-707
-688
-645
-611
-575
-529
-480
-429
-366
-282
-226
-177
-116
-51
-18
22
75
125
140
128
129
145
168
189
214
220
187
165
179
201
198
200
214
185
121
80
90
103
88
62
67
84
81
58
58
90
114
123
121
129
152
177
200
227
258
293
312
322
337
359
385
387
371
373
385
425
433
418
411
400
402
385
373
358
335
303
278
246
215
168
121
75
18
-21
-57
-83
-103
-98
-93
-111
-132
-142
-122
-114
-104
-89
-92
-84
-62
-26
-44
-58
-59
-49
-54
-101
-99
-59
-28
-48
-50
-57
-48
-55
-59
-23
-1
-22
-45
-29
8
20
-15
-46
-61
-62
-76
-74
-88
-92
-103
-124
-139
-130
-114
-121
-140
-124
-85
-65
-84
-133
-116
-84
-79
-83
-80
-90
-102
-99
-69
-24
-15
-30
-39
-39
-37
-19
2
30
31
35
54
75
69
26
-21
-57
-77
-98
-95
-111
-157
-216
-244
-250
-282
-334
-356
-366
-384
-400
-415
-412
-426
-422
-418
-408
-411
-393
-354
-322
-296
-287
-271
-271
-231
-162
-69
-18
-5
44
137
246
329
370
412
460
504
547
570
609
608
584
543
504
503
495
474
428
408
389
350
288
217
181
153
134
86
30
-1
-36
-58
-80
-109
-103
-121
-157
-148
-134
-84
-52
-42
-11
16
53
108
164
216
230
253
270
280
281
305
335
335
329
313
329
319
316
307
298
267
220
175
133
122
121
118
82
52
8
6
-6
-13
-16
-31
-48
-80
-115
-146
-143
-144
-147
-163
-163
-191
-213
-220
-191
-168
-180
-212
-241
-248
-261
-275
-315
-344
-374
-384
-410
-449
-466
-469
-486
-522
-551
-553
-549
-554
-556
-539
-510
-484
-458
-442
-428
-417
-388
-359
-342
-330
-307
-276
-229
-186
-146
-108
-65
-17
25
72
116
156
172
170
189
236
276
288
280
287
305
310
314
301
322
338
328
329
336
361
349
321
321
343
356
317
283
287
301
299
271
241
238
248
266
278
273
254
227
211
207
186
184
173
173
177
178
184
164
176
150
152
171
187
208
203
202
188
197
193
181
182
179
193
205
199
196
182
209
196
163
145
123
121
101
73
43
8
-27
-74
-128
-163
-217
-260
-303
-334
-373
-412
-438
-459
-479
-502
-510
-525
-519
-531
-546
-561
-564
-547
-518
-499
-500
-485
-453
-405
-378
-345
-309
-275
-245
-220
-187
-170
-164
-166
-144
-102
-86
-79
-72
-68
-48
-37
-16
-9
-20
-19
-17
-10
-2
20
54
60
65
87
128
161
170
190
205
231
240
261
278
301
324
345
362
351
360
370
361
334
332
353
357
330
309
298
291
287
259
217
189
171
186
181
137
100
74
91
49
34
23
33
20
-12
14
28
42
40
54
82
80
64
73
74
97
108
108
71
61
85
100
110
73
57
41
26
13
6
6
-36
-78
-104
-137
-155
-220
-259
-276
-318
-327
-349
-363
-395
-429
-426
-419
-415
-428
-409
-387
-378
-359
-325
-303
-265
-243
-216
-193
-158
-126
-110
-76
-65
-33
-24
-21
-13
3
28
43
50
48
63
79
83
88
93
94
74
58
85
123
148
134
136
132
124
106
122
151
164
144
121
127
145
184
189
198
194
206
208
210
194
192
188
162
143
147
165
142
106
95
115
145
126
108
106
97
98
80
76
70
72
50
36
39
49
63
32
8
3
13
15
13
12
19
3
5
18
27
63
47
37
23
-12
-18
-23
-25
-41
-51
-66
-82
-105
-149
-156
-175
-167
-191
-190
-211
-237
-242
-279
-261
-262
-249
-243
-240
-251
-246
-223
-208
-202
-203
-210
-224
-195
-189
-160
-131
-142
-120
-104
-95
-97
-77
-35
-13
4
11
30
51
65
47
62
75
82
94
74
95
105
128
118
125
132
140
137
120
139
140
129
103
85
76
84
80
72
95
110
112
96
78
73
64
55
45
51
41
14
4
10
27
46
53
68
75
71
56
52
51
42
42
30
35
72
69
88
89
124
165
173
183
179
192
185
201
206
206
203
199
190
154
138
119
102
66
27
32
-8
-8
-45
-58
-55
-104
-114
-144
-130
-135
-141
-143
-139
-142
-142
-144
-152
-148
-166
-159
-155
-150
-132
-147
-154
-141
-156
-138
-143
-144
-122
-136
-124
-133
-117
-122
-133
-125
-133
-137
-146
-123
-110
-89
-86
-88
-68
-59
-49
-42
-24
3
4
6
9
22
21
11
24
21
49
73
53
58
44
36
74
62
91
88
85
68
69
85
81
88
72
68
48
51
30
28
12
1
-2
-24
-27
-41
-67
-84
-70
-44
-46
-67
-63
-81
-102
-124
-130
-122
-149
-180
-190
-164
-135
-109
-115
-119
-104
-54
-24
-32
-36
-23
1
-4
22
87
173
214
223
264
324
377
401
407
423
430
451
454
437
438
424
400
356
328
302
274
225
153
106
85
65
12
-31
-42
-78
-114
-151
-178
-195
-236
-231
-229
-203
-204
-195
-188
-179
-123
-107
-102
-86
-51
-42
-10
10
49
74
52
62
70
93
69
90
87
51
59
47
36
8
-28
-41
-64
-106
-135
-143
-168
-218
-214
-238
-272
-273
-264
-264
-268
-274
-263
-253
-260
-267
-248
-224
-191
-163
-157
-126
-114
-85
-52
-9
8
13
23
18
35
42
34
51
42
19
8
-11
-37
-66
-80
-111
-112
-125
-125
-138
-166
-172
-198
-207
-210
-183
-174
-171
-137
-97
-47
-21
-7
8
27
42
44
67
74
91
99
124
158
196
221
236
253
264
290
310
302
285
278
273
286
294
309
314
303
293
291
325
333
302
266
245
256
249
249
237
230
216
217
208
183
173
153
121
96
81
91
96
77
70
61
78
69
67
69
69
67
66
52
51
61
67
73
65
62
66
52
46
20
20
20
1
-12
-68
-85
-138
-143
-188
-235
-249
-292
-307
-366
-398
-411
-438
-476
-489
-493
-507
-537
-575
-584
-587
-588
-580
-561
-529
-537
-493
-457
-428
-364
-314
-267
-228
-192
-130
-77
-57
-27
13
47
52
97
142
171
193
178
185
186
188
191
199
191
188
193
196
198
181
155
108
83
60
42
24
9
-15
-39
-40
-42
-46
-53
-31
4
27
50
60
102
127
126
155
190
226
241
255
273
309
340
347
355
372
378
379
372
372
382
369
346
306
288
266
235
212
171
175
165
135
128
107
116
93
62
59
38
39
10
4
12
11
3
-33
-16
-17
0
-11
-4
2
-4
-1
-20
-6
-32
-31
-41
-51
-73
-109
-121
-128
-137
-143
-142
-147
-155
-150
-144
-150
-149
-144
-144
-153
-158
-168
-170
-195
-210
-206
-219
-217
-223
-211
-210
-196
-190
-186
-190
-209
-191
-188
-187
-200
-212
-197
-206
-211
-226
-196
-195
-205
-196
-202
-158
-163
-131
-125
-110
-104
-118
-94
-87
-51
-47
-24
-22
-9
-5
14
32
49
63
42
55
63
93
96
94
97
101
89
72
94
99
93
79
72
86
88
104
107
133
148
154
165
163
198
198
198
182
201
226
224
234
234
258
272
275
269
281
267
254
241
211
195
162
150
135
120
106
70
46
21
11
-4
-30
-56
-78
-69
-100
-104
-99
-90
-101
-133
-133
-127
-113
-103
-99
-78
-73
-45
-19
-6
12
25
51
55
70
88
110
113
114
119
120
126
107
104
102
93
75
74
59
28
25
34
34
-9
-21
-48
-54
-82
-111
-112
-125
-130
-167
-170
-184
-182
-206
-207
-187
-189
-191
-197
-198
-202
-184
-172
-176
-163
-178
-149
-152
-147
-111
-116
-103
-112
-104
-100
-105
-97
-92
-99
-98
-102
-86
-93
-75
-68
-48
-41
-27
5
-10
-2
2
16
0
-8
5
2
1
-11
-11
3
10
24
34
45
72
68
64
68
81
96
90
97
92
106
89
72
79
73
62
52
66
63
55
40
38
49
62
62
59
68
69
73
67
67
64
65
76
74
79
98
87
87
86
90
70
68
72
63
69
61
60
70
73
70
45
47
60
75
78
69
102
99
119
93
94
96
89
111
86
88
95
94
91
81
82
70
34
38
47
51
25
10
23
-3
-43
-55
-44
-32
-70
-85
-92
-109
-102
-111
-93
-103
-85
-67
-96
-104
-84
-72
-73
-85
-68
-39
-29
-39
-35
-4
1
-1
-11
-12
-4
-15
-10
-14
-6
-16
-25
-9
-26
-36
-59
-78
-94
-99
-112
-153
-181
-196
-227
-243
-248
-261
-293
-297
-305
-282
-275
-285
-251
-249
-214
-197
-186
-163
-152
-126
-115
-78
-47
-7
22
27
58
90
108
112
111
108
121
149
160
176
182
180
178
180
200
198
209
187
177
185
179
179
170
150
133
130
126
119
126
109
101
90
86
96
85
75
58
63
44
42
45
50
51
35
43
58
69
55
43
37
32
29
27
30
21
14
-9
-23
-1
-17
-11
-11
-11
3
1
3
11
24
35
39
37
40
48
54
40
59
62
71
70
77
68
98
122
114
80
58
82
67
64
36
38
25
-5
-30
-39
-30
-52
-64
-90
-89
-79
-79
-82
-102
-119
-133
-129
-156
-154
-156
-162
-183
-210
-196
-182
-187
-205
-199
-182
-188
-227
-198
-178
-159
-153
-164
-143
-138
-118
-98
-67
-37
-47
-39
-50
-27
0
-7
15
14
27
24
34
52
60
64
65
128
179
177
162
119
114
79
24
-7
-13
13
-25
-39
-7
21
62
83
78
99
97
85
75
63
39
-12
-55
-95
-83
-83
-94
-91
-89
-60
-61
-39
18
47
49
57
50
21
19
18
-3
-12
-17
20
9
14
65
108
135
110
139
162
160
142
132
138
102
85
73
76
72
63
93
91
89
108
97
74
80
109
115
91
58
66
42
22
30
40
51
35
37
32
62
54
59
61
19
15
14
6
-28
-28
-41
-48
-88
-102
-73
-88
-86
-91
-81
-80
-88
-91
-98
-112
-101
-89
-103
-121
-110
-102
-107
-114
-102
-71
-79
-72
-58
-49
-36
-34
-28
-29
-13
-18
-33
-25
-22
-7
-19
-24
-27
-10
-22
-30
-28
-34
-14
-45
-39
-44
-38
-42
-63
-38
-55
-43
-31
-40
-26
-22
-11
-20
-27
-13
-6
-3
-6
-8
9
-3
0
3
-20
7
21
0
-10
-15
-5
-22
-31
-2
-7
-9
-2
23
26
-4
3
2
0
0
-6
1
-11
-11
-33
-36
-34
-31
-5
-10
6
23
40
67
93
106
107
107
107
130
133
138
137
123
103
101
98
87
108
110
144
126
106
103
120
140
127
131
109
93
46
-8
-21
-32
-68
-84
-101
-84
-115
-123
-133
-112
-71
-53
-27
-29
-32
-26
-43
-63
-73
-68
-65
-78
-55
-32
-29
-43
-20
12
42
37
51
76
68
52
26
22
-1
-11
-19
-6
12
15
24
40
50
70
86
78
79
91
100
85
52
45
55
57
39
33
36
38
59
66
46
33
23
3
-12
-32
-43
-73
-86
-95
-101
-114
-126
-125
-124
-120
-123
-117
-133
-141
-148
-155
-158
-166
-147
-159
-171
-142
-130
-129
-137
-109
-83
-89
-115
-127
-91
-88
-105
-84
-61
-48
-45
-50
-45
-29
-9
1
-1
10
18
14
3
-4
24
45
59
72
70
67
82
89
84
92
120
136
131
138
144
138
119
104
101
99
92
91
91
84
76
89
83
68
77
96
106
102
84
68
43
22
19
4
5
15
26
26
14
7
3
8
3
-4
9
29
32
12
16
15
11
-1
-3
19
24
26
24
61
67
52
54
62
70
73
96
96
94
83
76
89
93
90
85
89
102
99
89
87
81
72
47
42
46
36
-14
-47
-53
-67
-77
-101
-103
-115
-142
-154
-156
-154
-161
-172
-178
-179
-179
-194
-212
-217
-208
-195
-192
-184
-160
-157
-154
-128
-111
-107
-98
-85
-72
-70
-77
-70
-66
-66
-65
-56
-58
-51
-46
-36
-23
-19
-2
-1
-8
-29
-32
-18
-19
-27
-34
-39
-28
-19
-17
-15
-4
8
11
11
28
60
73
74
66
76
89
73
67
75
92
96
83
78
86
100
89
91
95
111
111
81
84
85
87
77
65
70
73
56
44
45
38
42
51
40
37
53
67
68
69
73
76
87
84
96
109
109
114
115
127
131
136
136
138
138
142
155
150
137
140
131
113
100
76
57
37
9
-1
-13
-39
-69
-93
-106
-122
-135
-150
-158
-150
-151
-159
-173
-176
-166
-165
-168
-159
-150
-141
-142
-140
-126
-114
-110
-98
-81
-68
-60
-58
-39
-24
-24
-24
-31
-28
-21
-23
-17
-30
-28
-27
-23
-17
-10
-5
-17
-18
-28
-22
-38
-30
-28
-39
-27
-32
-20
-37
-45
-44
-47
-43
-43
-28
-30
-26
-36
-40
-31
-37
-44
-51
-48
-42
-37
-30
-37
-33
-32
-37
-29
-24
-2
18
28
32
31
36
39
33
26
31
44
51
52
64
68
68
71
76
88
83
82
83
94
105
113
119
121
118
113
108
111
108
104
97
101
107
91
76
64
50
41
30
28
25
23
20
3
2
-8
-16
-17
-14
-2
-5
-3
-3
-11
-15
-17
-13
-19
-13
-14
-7
7
2
5
2
-8
-12
-19
-28
-29
-26
-29
-29
-21
-23
-25
-16
-16
-12
-1
1
0
0
3
12
16
16
15
17
16
6
4
17
22
18
18
20
15
18
17
19
17
12
12
0
-11
-15
-24
-37
-46
-46
-46
-46
-45
-42
-41
-48
-54
-52
-58
-63
-67
-78
-85
-95
-95
-93
-92
-86
-86
-79
-69
-60
-54
-52
-56
-60
-63
-69
-59
-57
-67
-74
-73
-74
-86
-82
-69
-65
-61
-61
-60
-50
-48
-50
-56
-57
-48
-46
-41
-40
-30
-20
-21
-21
-8
12
22
28
38
46
58
74
79
88
90
92
92
92
98
105
107
102
107
115
120
118
124
130
127
127
129
133
129
119
111
110
109
109
114
112
100
92
86
90
93
93
93
88
83
79
76
69
67
62
57
51
46
41
42
40
36
32
32
29
24
17
7
8
-1
-25
-36
-39
-47
-58
-71
-76
-80
-82
-89
-102
-103
-96
-82
-81
-90
-97
-103
-109
-108
-105
-101
-99
-102
-100
-96
-82
-74
-75
-66
-56
-49
-56
-59
-56
-50
-51
-62
-63
-61
-56
-57
-67
-61
-56
-52
-56
-56
-63
-68
-71
-80
-81
-77
-75
-80
-76
-71
-75
-78
-89
-91
-96
-106
-104
-94
-87
-88
-88
-80
-66
-56
-51
-46
-36
-22
-6
10
22
41
58
69
82
100
118
130
139
146
156
164
176
180
179
184
185
189
197
205
202
201
192
183
177
174
166
152
138
120
113
108
98
93
89
75
69
59
47
37
25
17
3
-7
-9
-14
-18
-25
-37
-45
-51
-67
-73
-74
-78
-75
-72
-70
-63
-59
-60
-55
-47
-46
-48
-50
-48
-46
-46
-55
-59
-58
-61
-57
-57
-51
-48
-41
-41
-44
-42
-46
-45
-42
-35
-33
-35
-35
-32
-24
-25
-22
-18
-16
-18
-17
-18
-21
-21
-21
-26
-28
-26
-27
-33
-37
-41
-48
-51
-48
-55
-50
-48
-47
-47
-43
-39
-43
-38
-39
-30
-29
-20
-18
-20
-22
-22
-20
-19
-12
-14
-7
7
14
12
9
9
7
1
11
22
29
33
43
48
51
55
57
65
72
82
85
84
86
82
82
85
90
96
96
98
95
87
79
69
58
51
43
39
33
12
5
-3
-9
-15
-28
-37
-44
-42
-44
-51
-54
-57
-59
-60
-62
-58
-53
-51
-48
-47
-46
-43
-49
-45
-40
-32
-21
-24
-17
-8
-9
-13
-12
-15
-17
-18
-22
-19
-14
-10
-6
1
8
13
18
20
23
26
25
22
15
12
16
13
13
9
6
6
7
5
7
14
22
25
29
37
37
45
47
52
57
60
64
67
72
68
74
79
76
71
64
67
68
68
68
65
64
59
54
47
41
33
30
24
12
2
-11
-22
-32
-41
-50
-56
-58
-62
-66
-73
-85
-95
-114
-124
-127
-125
-118
-118
-114
-108
-108
-106
-107
-108
-99
-85
-82
-75
-69
-59
-49
-48
-45
-41
-38
-34
-27
-22
-28
-32
-14
-14
-14
-18
-23
-15
-13
-16
-12
-3
1
-2
-1
4
1
1
5
5
1
2
1
-3
1
9
10
10
11
17
21
24
28
31
44
51
56
60
70
74
73
70
67
61
55
60
54
48
53
53
48
45
50
54
64
68
72
72
72
79
76
68
59
61
63
66
75
81
84
87
87
77
76
87
91
95
92
90
93
93
85
84
78
65
42
26
13
9
10
0
-5
-17
-21
-30
-41
-48
-59
-63
-68
-78
-78
-83
-89
-96
-107
-115
-124
-134
-141
-143
-145
-143
-145
-143
-143
-142
-133
-131
-123
-123
-125
-113
-100
-97
-99
-96
-91
-86
-75
-62
-53
-44
-38
-42
-36
-33
-28
-13
-7
-2
-1
3
4
10
15
13
16
27
32
31
36
35
37
38
28
28
33
26
24
23
29
32
36
41
39
38
42
44
44
46
43
51
59
64
67
72
79
80
76
74
69
71
70
68
63
66
70
67
67
66
68
71
68
60
63
69
67
61
57
51
43
34
34
35
37
33
28
22
20
24
23
24
23
18
14
9
2
-5
-11
-13
-20
-24
-31
-37
-43
-45
-45
-54
-59
-68
-70
-72
-76
-81
-78
-76
-78
-74
-77
-78
-78
-74
-74
-72
-72
-73
-71
-65
-61
-60
-51
-46
-44
-45
-44
-33
-23
-16
-17
-8
-5
-1
6
8
17
23
31
37
45
51
51
54
48
38
39
34
28
28
30
38
42
39
39
32
24
13
12
8
3
0
3
6
-3
0
-6
-9
-12
-14
-12
-12
-12
-14
-14
-13
-11
-4
-3
0
1
1
-4
-12
-13
-11
-13
-10
-15
-21
-21
-19
-11
-8
0
7
8
6
10
16
18
17
20
20
15
8
5
2
4
6
8
7
6
3
-3
2
-1
-2
-1
0
2
-1
-6
-6
-4
-8
-7
-1
2
0
-4
-5
-5
-8
-18
-22
-20
-18
-18
-18
-15
-17
-18
-17
-17
-10
-6
-10
-7
-5
3
9
15
16
16
27
28
38
45
45
51
56
52
51
51
48
54
51
53
52
51
57
54
50
51
49
44
39
33
31
19
6
-1
-2
-1
0
3
8
11
12
11
9
10
-3
-10
-19
-28
-31
-31
-35
-37
-39
-40
-34
-34
-32
-30
-38
-40
-43
-44
-35
-31
-26
-25
-22
-20
-24
-18
-26
-34
-39
-46
-43
-49
-47
-46
-46
-35
-29
-28
-26
-24
-24
-25
-34
-39
-43
-47
-49
-51
-48
-47
-53
-55
-59
-65
-67
-62
-54
-55
-49
-45
-40
-31
-29
-23
-25
-25
-10
-3
2
9
12
18
19
25
35
45
45
51
56
59
62
65
74
85
89
91
91
95
98
99
101
97
89
88
84
80
81
77
74
71
67
66
65
64
66
61
57
55
49
53
52
50
48
41
25
12
6
-1
-3
-12
-19
-19
-22
-23
-28
-31
-32
-34
-38
-35
-31
-38
-38
-42
-49
-51
-54
-57
-53
-52
-51
-46
-41
-44
-51
-50
-53
-49
-47
-48
-40
-28
-25
-25
-19
-18
-16
-14
-13
-15
-17
-16
-21
-19
-17
-15
-15
-17
-14
-17
-14
-9
-15
-10
-6
-7
-13
-22
-21
-24
-30
-35
-40
-42
-45
-49
-55
-55
-62
-64
-57
-51
-52
-46
-41
-33
-28
-25
-23
-23
-11
-9
-8
-2
7
17
20
29
40
45
52
58
64
75
82
85
89
91
92
89
87
85
76
73
66
62
60
52
59
59
53
51
44
42
45
45
47
42
39
36
24
21
13
9
4
-6
-9
-7
-7
-12
-17
-25
-26
-30
-38
-37
-36
-37
-37
-38
-33
-35
-39
-43
-44
-43
-42
-36
-32
-30
-24
-27
-34
-32
-31
-30
-21
-15
-9
-9
-11
-11
-12
-9
-10
-7
-2
-3
-2
-5
0
7
5
3
5
6
4
1
3
2
1
1
-5
-14
-15
-21
-26
-16
-11
-6
1
6
5
7
4
1
5
8
12
8
9
10
9
13
10
11
9
4
7
8
8
8
10
17
18
13
15
16
19
20
21
26
29
26
28
26
24
28
27
31
35
37
36
33
32
26
23
22
11
5
0
-7
-10
-11
-9
-14
-21
-25
-29
-32
-36
-41
-43
-47
-50
-55
-62
-72
-76
-79
-75
-74
-72
-65
-66
-64
-63
-64
-64
-57
-50
-41
-32
-28
-24
-11
-6
-1
11
20
27
27
32
34
35
45
50
51
55
50
47
47
45
49
47
52
52
52
46
42
42
35
32
29
21
15
11
9
11
2
0
3
-6
-6
-6
-6
-2
1
2
4
0
1
0
2
2
3
2
5
11
14
22
20
16
19
27
27
24
27
40
42
42
41
40
36
28
25
24
31
25
17
16
14
15
11
12
9
3
0
-2
-5
-1
0
-1
2
1
0
3
2
-6
-13
-9
-13
-20
-20
-26
-26
-29
-34
-41
-52
-54
-55
-58
-57
-56
-55
-64
-73
-76
-75
-74
-67
-72
-74
-75
-78
-74
-73
-69
-71
-69
-63
-60
-64
-62
-47
-41
-41
-31
-19
-12
-12
-11
0
5
6
10
23
28
30
35
41
46
44
43
43
45
46
50
52
52
56
59
63
65
67
63
56
50
52
55
51
49
46
44
40
34
33
34
38
42
42
44
46
50
49
49
46
38
35
33
31
27
24
22
16
14
8
5
8
10
8
10
10
5
1
-1
-2
0
0
-6
-14
-17
-16
-19
-22
-23
-20
-23
-28
-34
-35
-40
-41
-40
-42
-44
-47
-44
-39
-32
-24
-23
-24
-28
-28
-26
-27
-20
-14
-12
-12
-12
-10
-10
-4
1
3
8
8
5
12
11
6
4
-2
-4
-5
-11
-17
-22
-29
-29
-36
-40
-45
-42
-39
-37
-35
-40
-46
-49
-43
-40
-38
-40
-32
-28
-21
-6
-6
1
1
-2
-4
-3
2
10
14
16
23
22
27
27
24
35
39
43
41
38
40
44
41
38
36
37
39
37
39
31
31
31
29
31
28
27
21
23
25
25
23
21
20
12
7
7
7
3
-1
-6
-6
-8
-9
-6
-6
-9
-9
-8
-14
-12
-13
-15
-13
-17
-12
-16
-19
-19
-17
-14
-14
-14
-14
-18
-21
-21
-23
-19
-10
-12
-8
-8
-8
-2
-4
2
-1
-4
-1
-5
-8
-9
-4
2
4
9
9
13
16
21
27
33
36
37
30
25
22
13
10
10
8
9
8
3
6
10
10
13
17
23
16
15
14
16
20
17
15
15
22
23
17
8
7
0
-7
-6
-5
-2
-6
-9
-8
-12
-17
-22
-28
-32
-39
-43
-42
-42
-39
-41
-38
-33
-40
-47
-48
-48
-46
-37
-31
-34
-32
-29
-29
-25
-22
-20
-11
-10
-7
-1
-1
-1
-3
-9
-9
-8
-9
-6
-5
-8
-7
-8
-8
-5
-5
-1
2
3
10
7
11
6
4
9
0
2
0
2
10
10
16
21
18
20
24
24
28
24
24
17
13
15
12
12
16
17
17
18
16
18
14
17
16
16
19
12
10
10
9
13
16
21
23
28
30
35
33
31
35
31
30
27
27
25
20
22
25
23
17
8
7
1
3
6
6
14
21
25
27
24
20
23
22
29
28
23
19
14
10
9
5
-8
-15
-15
-19
-14
-14
-11
-12
-12
-11
-15
-17
-26
-32
-37
-36
-42
-51
-55
-57
-55
-61
-64
-59
-57
-56
-58
-54
-49
-47
-47
-42
-44
-44
-41
-46
-44
-42
-39
-38
-40
-39
-38
-38
-38
-40
-38
-30
-23
-15
-9
0
6
9
10
9
10
11
16
18
21
22
22
27
26
22
20
23
26
27
30
29
28
31
32
30
34
31
35
35
32
34
29
23
23
21
16
10
5
8
10
12
21
23
23
20
20
20
26
28
31
37
40
45
40
36
40
40
37
36
34
36
43
36
36
39
33
28
24
27
22
15
13
7
4
-6
-19
-25
-22
-27
-27
-27
-28
-28
-36
-40
-42
-45
-47
-47
-42
-35
-31
-26
-28
-32
-26
-19
-16
-13
-12
-6
-2
3
12
15
12
8
4
7
-1
-4
4
5
4
0
-2
-4
-8
-12
-7
-8
-12
-19
-23
-25
-23
-24
-27
-27
-31
-30
-31
-26
-25
-23
-15
-17
-12
-11
-9
-4
-1
-2
-12
-13
-14
-14
-18
-21
-24
-21
-17
-16
-19
-17
-10
-3
4
4
0
0
0
-6
-12
-12
-9
-10
-8
-5
-9
-6
-4
5
9
8
14
22
27
23
23
21
20
13
9
11
16
21
22
25
26
36
43
47
48
49
51
47
43
39
37
36
38
37
38
35
36
36
33
33
31
30
25
19
11
5
-2
-9
-14
-14
-17
-16
-19
-25
-26
-26
-26
-36
-42
-41
-33
-27
-27
-30
-34
-32
-34
-33
-32
-28
-22
-16
-11
-3
-4
-2
1
2
11
15
19
26
30
24
19
18
15
19
18
18
20
20
29
28
25
25
24
16
6
3
4
-1
-2
-5
-10
-18
-26
-32
-36
-36
-38
-33
-24
-17
-15
-14
-6
-12
-16
-24
-25
-23
-25
-18
-22
-21
-23
-23
-20
-18
-15
-15
-10
-6
-1
-5
-9
-11
-13
-17
-20
-17
-13
-8
-4
-4
-11
-16
-18
-22
-16
-6
3
-1
3
7
6
5
2
0
0
3
8
8
11
14
12
21
22
12
20
21
18
21
14
20
22
15
15
20
20
17
19
19
20
20
23
29
27
23
21
17
18
18
21
26
27
24
20
16
10
7
5
1
-2
-3
0
1
1
2
-2
-10
-11
-10
-10
-9
-9
-10
-8
-8
-10
-11
-14
-19
-15
-14
-9
-3
-6
-5
-7
-11
-10
-11
-16
-9
-9
-7
6
3
-6
-5
-2
6
5
-1
4
9
7
5
11
15
14
13
10
9
10
7
9
12
13
10
9
13
15
16
16
13
13
20
14
5
7
8
2
-3
-4
-7
-12
-18
-25
-25
-25
-28
-28
-32
-34
-36
-41
-38
-35
-33
-35
-37
-32
-27
-22
-18
-16
-16
-15
-13
-11
-7
-5
-2
-1
4
0
-7
-3
2
4
6
4
-2
4
1
-5
-6
-8
-10
-7
-4
4
4
3
-1
-11
-11
-19
-22
-21
-15
-11
-9
-2
0
-5
0
5
10
12
16
21
28
33
41
40
38
33
28
29
28
24
27
32
32
29
29
28
21
19
21
28
32
32
34
32
30
25
27
25
17
20
12
6
5
1
1
-6
-8
-10
-11
-8
-8
-5
-1
-6
-5
-5
-7
-3
-10
-4
-2
-5
-6
-8
-10
-12
-11
-13
-3
6
2
6
4
3
2
-1
-3
-6
-10
-15
-16
-19
-18
-21
-23
-19
-19
-19
-26
-31
-34
-33
-33
-29
-24
-21
-19
-21
-20
-20
-21
-20
-15
-16
-12
-10
-10
-8
-5
-4
-2
2
-1
-1
0
-1
2
6
2
7
10
16
19
16
25
28
23
18
13
9
1
-6
-10
-8
-6
-6
-12
-13
-16
-21
-17
-16
-16
-19
-19
-20
-21
-17
-19
-13
-11
-8
-4
-3
1
5
11
13
18
20
19
17
15
15
19
28
32
30
29
31
33
26
29
34
33
27
29
25
21
22
19
23
21
15
15
13
13
9
3
4
8
2
-4
-1
2
5
3
7
8
5
4
-4
-8
-8
-3
1
4
3
0
-5
-13
-14
-18
-18
-13
-12
-8
-4
-6
-8
-11
-17
-21
-28
-31
-27
-26
-19
-19
-20
-17
-14
-9
-11
-8
-6
-3
2
6
7
2
-2
-2
-2
-6
-7
-9
-11
-14
-9
-4
-5
-3
-3
-2
-1
6
13
17
14
16
14
8
4
0
-4
-4
1
2
2
-2
-8
-6
-7
-8
-2
2
5
6
6
6
1
-8
-15
-20
-18
-18
