-34
-26
-24
-33
-44
-43
-49
-43
-38
-46
-42
-35
-32
-32
-37
-32
-23
-30
-24
-24
-37
-46
-39
-36
-40
-39
-33
-24
-18
-15
-10
-5
2
16
21
16
15
1
-2
6
14
14
3
-7
-5
-2
-14
-12
-18
-13
9
24
28
19
5
11
27
16
6
9
1
1
17
26
24
10
11
29
38
31
31
29
30
34
28
30
27
30
31
24
24
24
21
12
15
5
-10
-15
-8
-2
5
5
2
-3
-2
10
5
5
16
25
29
27
27
27
10
4
5
1
-12
-12
-13
-28
-24
-10
-4
-14
-25
-33
-19
-16
-11
1
4
17
18
18
13
9
12
15
9
3
3
-3
6
18
10
0
-7
-2
3
-8
-15
-27
-34
-21
0
1
1
-5
-23
-18
-8
-5
-6
-10
-10
-9
-10
-17
-19
-22
-18
-10
0
4
-3
-2
10
10
4
4
3
12
20
22
26
29
23
23
16
-5
-15
-29
-35
-15
-10
-23
-26
-12
0
-6
-25
-27
-11
-16
-7
-7
-22
-20
-11
-2
-2
-8
-4
11
3
0
0
1
4
-4
-12
-7
4
2
-6
-16
-15
-5
1
3
-2
-17
-28
-34
-43
-46
-43
-26
-4
-11
-39
-51
-49
-32
-11
-8
-17
-16
-2
14
19
22
28
18
15
26
37
31
21
16
19
19
23
25
18
4
6
17
22
36
44
45
47
42
38
26
18
29
26
22
27
24
28
32
39
46
35
34
49
59
56
47
36
28
23
24
24
13
6
4
4
0
-6
-10
-21
-18
-13
-14
-21
-31
-24
-17
-9
-5
-6
-8
-8
-6
-15
-19
-14
-17
-7
9
8
-4
-26
-29
-22
-24
-28
-18
-13
-13
-11
-14
-14
-11
-9
-2
-3
-20
-18
-13
-18
-15
1
7
4
-4
-5
-12
-28
-30
-31
-33
-24
-28
-43
-45
-39
-26
-22
-23
-25
-21
-21
-22
-14
-21
-31
-30
-37
-50
-54
-48
-39
-44
-43
-33
-29
-34
-34
-47
-49
-36
-28
-16
-17
-7
11
13
8
6
7
4
16
36
36
27
22
26
28
24
15
3
1
16
23
35
40
51
63
61
57
62
65
61
69
74
66
56
56
55
50
48
59
65
60
58
57
47
39
45
47
47
42
36
34
29
35
46
32
22
18
5
4
11
14
6
-7
-14
-6
-3
-4
-9
-25
-25
-13
-14
-20
-32
-37
-29
-31
-39
-41
-41
-38
-29
-36
-38
-33
-26
-26
-32
-36
-35
-40
-54
-51
-50
-67
-69
-61
-51
-42
-45
-45
-48
-58
-56
-57
-54
-39
-36
-35
-23
-17
-12
-2
2
19
30
20
10
7
-1
2
12
11
9
5
2
1
-2
-1
-1
-1
5
18
23
20
16
16
24
23
28
32
24
27
31
19
11
6
10
22
23
19
12
-2
-5
5
-2
-8
2
4
2
1
-5
-12
-20
-14
2
9
6
6
-7
-13
-4
8
12
1
0
9
12
3
-1
1
3
13
19
11
-4
-14
-2
12
13
6
0
-1
14
25
20
13
9
18
25
20
22
17
16
19
28
18
5
-4
-5
15
24
21
12
7
20
33
27
20
11
1
-2
-8
-5
-3
-1
0
10
-1
-28
-26
-26
-30
-19
-6
7
6
2
-3
-10
-21
-28
-35
-35
-20
-17
-13
-15
-19
-16
-10
-10
-6
-7
-11
-1
-4
-10
-11
-4
11
14
13
13
5
1
17
34
31
24
15
8
19
22
33
30
8
14
17
9
3
5
6
22
32
25
8
-12
-10
-12
-24
-29
-27
-32
-28
-14
-18
-20
-22
-17
-7
-21
-26
-24
-28
-23
-11
-19
-29
-38
-32
-27
-26
-18
-16
-24
-35
-39
-44
-39
-31
-40
-50
-50
-53
-54
-63
-52
-21
-12
-12
-4
-13
-26
-28
-24
-12
-5
2
15
19
19
27
25
30
49
44
30
19
20
30
30
25
31
32
24
32
40
33
26
19
20
35
47
62
60
35
31
47
43
33
26
23
32
25
30
51
55
57
49
35
36
39
39
41
38
36
46
45
46
48
42
35
26
16
7
11
14
21
13
-4
-5
-9
-14
-12
-25
-33
-22
-22
-21
-23
-22
-25
-24
-17
-15
-31
-49
-40
-34
-40
-34
-26
-13
-6
-5
-11
-26
-34
-30
-15
-15
-21
-38
-59
-64
-56
-40
-49
-64
-61
-57
-59
-50
-51
-57
-57
-48
-45
-47
-43
-36
-33
-31
-16
-8
-13
-15
-16
-20
-8
-2
-3
-7
-17
-24
-34
-41
-33
-30
-35
-27
-9
9
20
22
11
2
-2
1
18
24
28
31
32
42
53
65
62
40
34
39
47
50
54
50
44
37
26
20
18
21
31
36
28
37
35
16
14
28
38
34
30
32
27
17
21
28
33
39
36
35
38
30
29
29
20
17
10
3
2
-2
0
9
9
10
13
13
11
5
-4
7
14
2
7
1
-6
-4
-1
-5
-12
-19
-19
-20
-29
-26
-31
-45
-47
-42
-31
-31
-39
-41
-37
-42
-37
-19
-12
-16
-30
-33
-19
3
20
9
-6
-8
-2
0
2
7
0
-10
-5
10
17
16
17
14
10
3
9
7
-1
-2
-14
-25
-27
-24
-23
-34
-44
-38
-27
-21
-9
-11
-18
-14
-14
-17
-29
-33
-24
-12
-16
-12
-10
-6
9
13
13
2
-6
-6
-10
-8
-11
-23
-33
-21
-3
-9
-13
-18
-19
-9
-8
-3
0
-12
-14
-2
-7
-16
-7
9
11
10
11
18
19
9
18
18
28
34
30
30
31
47
53
43
35
33
30
36
46
36
18
16
19
14
11
11
11
3
2
12
2
0
9
11
15
17
12
2
5
15
28
6
-17
-11
-2
-1
-2
-4
-9
-2
0
8
-4
-25
-24
-12
-4
16
26
24
14
6
22
26
23
26
26
23
27
27
22
23
17
10
8
5
0
-7
-5
1
7
8
6
-1
-8
-2
-1
-3
-15
-21
-16
-3
-6
-8
-8
-17
-12
-3
3
0
-8
-12
-17
-30
-31
-19
-13
-5
-11
-25
-23
-14
-3
-5
-22
-30
-25
-28
-43
-52
-56
-48
-25
-11
-15
-35
-49
-44
-39
-45
-38
-49
-64
-62
-51
-42
-46
-52
-41
-40
-51
-53
-54
-38
-17
-12
-12
-3
5
13
12
-6
-9
-16
-18
-7
-4
-1
8
10
19
29
34
45
43
40
46
55
56
61
65
61
71
78
80
76
66
66
70
71
76
88
77
65
63
54
32
15
14
24
32
22
22
9
5
11
1
3
8
7
14
18
18
16
-9
-20
-7
7
11
11
9
11
3
7
19
8
-7
-5
-12
-26
-26
-34
-39
-32
-21
-19
-22
-23
-14
4
6
13
11
-8
-22
-23
-30
-31
-19
-6
2
1
-1
-16
-36
-44
-47
-48
-44
-43
-33
-21
-20
-17
-19
-25
-23
-18
-24
-19
-5
7
5
-9
-16
-3
-7
-29
-25
-27
-28
-14
-8
-16
-28
-28
-17
-21
-31
-29
-33
-38
-30
-23
-18
-7
0
0
-7
-16
-13
-4
-3
-1
-8
-11
6
16
15
6
0
5
3
-6
-7
-2
-7
-5
-2
-5
0
-5
-9
-9
-6
18
36
29
19
23
25
33
51
48
45
40
42
48
35
26
35
39
50
59
44
27
20
24
33
34
27
34
40
46
54
41
21
16
6
-4
-12
-12
1
11
7
3
-16
-23
-6
3
8
5
-7
-4
5
9
22
21
-1
-16
-17
-17
-11
-3
1
-7
-11
-16
-27
-37
-36
-35
-35
-30
-35
-39
-30
-9
12
14
6
12
12
-6
-11
-7
-15
-12
1
7
3
0
2
18
29
31
24
-3
-26
-18
-4
2
-11
-28
-22
-10
-7
-15
-28
-26
-4
3
-4
-8
-8
0
8
4
5
0
-14
-16
-15
-16
-21
-24
-35
-40
-45
-47
-54
-63
-50
-36
-35
-23
-21
-23
-6
0
3
-5
-15
0
15
15
25
28
20
17
18
15
7
1
-3
-7
-18
-18
-11
-11
-8
-5
-4
-7
-23
-32
-32
-23
-6
11
23
28
41
50
55
56
51
41
35
39
47
44
41
46
44
39
32
23
19
21
24
30
25
20
26
17
6
4
2
5
5
11
11
3
4
9
7
-2
-3
-11
-13
-17
-21
-9
0
9
8
3
8
20
19
11
7
-6
-10
0
9
6
-3
-8
4
20
2
-4
-2
-13
-6
6
7
2
-6
2
6
-12
-22
-25
-16
-2
0
-4
-2
-4
-4
-7
-15
-13
0
9
13
14
0
-9
-8
3
7
-7
-18
-24
-30
-31
-28
-35
-34
-33
-42
-44
-48
-46
-46
-56
-54
-35
-26
-26
-22
-32
-40
-37
-28
-19
-19
-15
-12
-15
-21
-25
-28
-19
-1
-4
-14
-15
-10
-2
-3
0
4
4
9
24
26
13
5
5
12
6
8
25
33
32
27
25
25
31
30
23
21
26
35
40
43
51
55
35
24
30
39
42
33
26
17
3
8
22
20
23
22
10
14
21
27
35
35
30
27
15
16
25
21
14
16
12
17
27
27
20
10
-2
5
9
-1
0
-17
-38
-31
-12
5
5
-12
-24
-21
-15
-10
-17
-28
-29
-34
-30
-32
-36
-31
-34
-34
-20
-19
-27
-20
-17
-20
-16
-18
-19
-12
-3
-6
-16
-33
-46
-35
-24
-17
-19
-29
-20
-7
-2
0
-7
-5
3
-3
-8
0
-3
3
12
13
13
-1
3
23
29
23
17
2
3
13
7
2
-10
-22
-31
-31
-16
6
-1
-15
-23
-32
-26
-13
-5
-14
-21
-21
-10
-3
-1
6
12
18
19
14
12
15
16
21
21
14
23
27
16
16
10
8
16
20
21
11
5
8
11
10
15
16
7
2
0
1
7
12
15
17
22
30
28
14
12
11
6
5
0
7
8
1
3
1
-23
-35
-23
-21
-17
-11
-11
-8
-2
8
14
7
1
0
1
15
19
-2
-9
-1
-1
-6
-13
-20
-20
-18
-17
-15
-18
-12
-4
-1
-3
-6
-8
1
5
-1
2
0
1
16
21
9
7
10
19
27
15
17
16
12
22
22
15
16
23
27
11
-2
-1
11
17
23
24
16
17
18
7
-8
-11
-5
-11
-27
-28
-18
-16
-12
-19
-36
-48
-47
-39
-43
-41
-30
-16
-5
-2
-3
0
8
12
1
-15
-30
-30
-12
-12
-10
-5
-14
-7
-2
-15
-19
-12
-4
-2
-2
3
1
-10
-21
-26
-33
-25
-17
-24
-25
-28
-22
-6
-1
-3
2
4
9
19
13
3
3
13
18
6
-13
-13
-20
-36
-18
-5
-9
-1
6
15
23
22
31
35
35
45
43
33
34
35
32
33
31
26
23
16
20
22
19
19
15
12
11
6
-1
3
11
19
24
20
27
38
33
34
31
15
15
32
51
53
28
12
11
9
1
1
0
4
15
16
-1
-21
-21
-27
-44
-49
-43
-39
-28
-25
-35
-24
-15
-23
-32
-43
-32
-6
-1
-2
-1
-18
-27
-22
-16
-5
-1
-3
-6
-7
-6
2
5
-2
-10
-24
-23
-19
-10
4
8
6
-4
-9
-6
11
15
1
-12
-20
-20
-15
-13
-4
-12
-21
-20
-22
-22
-18
-21
-22
-12
-18
-22
-24
-24
-17
-18
-22
-18
-18
-13
3
10
9
5
-5
-1
15
3
-3
8
5
12
16
15
6
1
5
13
6
0
2
-7
5
14
15
14
8
4
12
14
22
25
17
9
7
-3
-15
-3
12
24
25
27
22
12
8
20
28
33
45
42
46
57
56
43
20
-1
-6
-5
5
14
4
2
-1
-3
-2
-10
-14
-3
-3
-15
-17
-15
-7
8
3
-1
7
13
23
22
18
11
-1
-11
-16
-7
-2
-2
3
2
4
12
20
13
-3
-9
-7
-6
-4
-9
-11
-4
1
4
-5
-14
-7
-1
-7
-6
-1
-3
-8
-5
-4
-8
-2
13
25
20
9
1
-4
0
1
-17
-31
-36
-29
-18
-24
-27
-20
-15
-20
-15
-23
-35
-34
-32
-29
-22
-14
3
5
-16
-33
-36
-47
-51
-37
-27
-20
-30
-41
-39
-43
-38
-26
-19
-14
-14
-18
-11
-9
-15
-22
-23
-11
-3
-10
-14
-6
-2
2
0
-8
-5
-12
-7
-2
-4
2
1
-2
7
13
9
15
20
20
24
31
48
54
50
57
66
63
54
54
55
61
72
86
102
88
67
74
77
81
76
63
55
51
56
55
46
41
40
36
24
23
34
36
47
59
51
29
9
3
3
-2
-11
-31
-49
-37
-22
-20
-31
-53
-64
-66
-70
-61
-68
-83
-76
-55
-50
-50
-42
-40
-41
-36
-29
-23
-25
-23
-24
-40
-42
-34
-34
-29
-34
-42
-45
-43
-39
-38
-53
-59
-45
-46
-55
-52
-43
-39
-41
-44
-27
-26
-38
-31
-33
-37
-18
1
13
13
11
21
19
6
3
7
9
15
17
13
10
11
14
14
14
33
43
41
46
42
31
31
29
31
41
44
42
28
15
23
37
39
38
27
16
24
27
25
14
5
12
23
17
7
8
4
2
10
19
27
27
19
15
9
7
9
-6
-8
-8
-12
-12
-12
-7
-3
-9
-8
4
14
19
21
11
7
11
11
8
7
19
37
39
31
31
21
13
14
10
19
32
36
31
13
2
5
-1
-9
-4
-8
-12
-7
3
3
-10
-18
-9
-8
-26
-31
-37
-44
-38
-38
-37
-28
-30
-32
-33
-32
-24
-30
-36
-38
-40
-49
-54
-53
-50
-38
-29
-14
-6
-20
-15
-4
-11
-15
-16
-9
7
6
5
-4
-20
-22
-9
-7
-11
-16
-27
-19
-15
-11
-3
1
13
21
17
16
13
-3
-8
10
34
41
32
22
22
21
19
23
10
7
27
29
32
22
19
27
19
13
15
8
-1
5
4
0
4
3
8
7
7
2
-8
-16
-15
1
4
13
25
31
34
31
23
11
1
7
20
13
5
2
-15
-17
-5
-8
-20
-31
-20
9
16
-3
-17
-28
-26
-16
-16
-21
-23
-11
1
-3
-9
-14
-24
-12
3
-1
-4
-4
8
25
33
29
15
4
-1
11
19
18
25
17
10
17
15
12
2
-4
8
5
-2
2
-6
-13
-4
12
20
7
-8
4
20
5
2
7
-6
-7
14
28
26
14
6
9
1
-2
7
0
11
22
23
28
19
17
25
15
3
-7
-18
-13
4
5
3
-6
-9
-10
-17
-8
-8
-29
-45
-46
-43
-36
-37
-45
-46
-36
-31
-27
-40
-41
-28
-26
-26
-30
-41
-54
-50
-32
-27
-33
-33
-27
-26
-28
-27
-28
-21
-7
-5
-6
-5
-15
-11
-7
0
10
9
8
13
15
-3
-5
-4
3
7
3
8
0
-4
11
27
28
39
44
45
45
36
35
32
27
42
56
57
65
63
51
52
61
57
47
37
31
33
25
20
23
25
24
24
19
16
12
6
-6
-17
-16
-16
-25
-20
-11
-15
-25
-26
-18
-1
2
4
14
4
-19
-12
-5
-5
14
25
25
20
19
22
18
4
1
3
11
14
-1
-9
-8
-3
7
4
-7
-1
4
1
-8
-19
-34
-35
-22
-14
-26
-48
-52
-45
-36
-25
-26
-47
-39
-21
-8
-6
-20
-22
-20
-21
-12
-9
-29
-24
-6
-8
-12
-6
7
0
-14
-19
-13
-13
-25
-18
-13
-14
-12
-13
-16
-16
-16
-18
-33
-41
-23
-18
-12
-12
-25
-23
-16
-10
-7
-13
-12
-3
5
-1
3
13
25
40
33
21
19
19
34
46
44
40
26
15
25
29
22
19
28
40
39
30
28
15
4
5
7
10
10
0
-9
0
15
26
30
17
13
17
12
13
13
7
10
26
37
31
14
14
28
16
11
18
6
4
16
24
22
11
5
10
5
-5
-6
-11
-8
-8
-9
-11
-12
-12
-14
-23
-14
-15
-26
-24
-22
-33
-35
-38
-27
-17
-20
-14
-13
-20
-28
-21
-15
-7
-1
-1
3
4
8
13
12
11
24
15
0
3
3
12
21
17
10
-5
-3
3
-2
-8
-9
-9
-12
-11
-20
-17
-7
-4
-1
-10
-11
6
1
-6
7
16
17
2
-14
-25
-26
-18
-11
-15
-24
-12
4
16
20
8
-4
1
5
7
-2
-16
-11
-4
4
16
11
-5
-11
-5
-2
-13
-25
-30
-29
-31
-29
-29
-34
-20
-15
-13
-13
-15
-12
-10
-1
11
16
5
-3
-5
-9
-5
5
9
5
0
0
16
17
6
12
13
4
6
8
-1
-14
-16
-8
3
-3
2
6
9
14
9
13
13
28
42
21
0
9
20
15
30
33
17
22
45
62
38
7
1
4
6
12
18
12
19
27
23
24
21
21
25
24
28
17
-2
2
13
7
2
9
11
16
20
33
38
29
22
21
24
27
30
20
17
16
7
10
10
4
1
-13
-18
-1
-8
-26
-26
-15
-9
-14
-17
-13
-10
-7
-4
-22
-37
-34
-32
-37
-47
-51
-47
-45
-44
-37
-42
-58
-40
-29
-44
-54
-57
-52
-45
-47
-51
-63
-67
-61
-59
-57
-51
-48
-47
-36
-28
-19
-24
-27
-22
-18
-19
-12
-14
-23
-19
-6
11
20
18
9
16
10
6
17
18
22
37
48
58
49
33
35
35
31
37
43
46
45
47
56
49
40
23
16
21
31
32
31
43
45
42
37
34
34
36
35
30
23
11
15
22
32
47
31
15
9
18
20
13
13
13
19
12
13
10
-5
3
9
12
11
11
14
12
-1
-6
-4
-11
-8
-1
1
6
6
0
-13
-26
-27
-20
-20
-16
-16
-25
-23
-16
-9
-12
-21
-22
-22
-34
-37
-36
-37
-24
-24
-32
-20
-14
-5
-2
-16
-22
-17
-21
-29
-31
-37
-27
-14
-11
-11
-12
-10
-16
-19
-14
-6
-14
-20
-20
-12
-9
-8
-8
-2
1
-3
15
13
9
13
15
18
11
5
-4
-12
-11
14
15
4
9
1
-10
-13
-10
-10
-11
-10
0
3
-13
-12
-2
6
24
19
8
8
17
35
27
3
-10
-16
-18
-1
11
16
18
21
16
3
5
15
12
3
5
6
6
15
20
19
12
8
11
21
14
6
0
-19
-25
-18
-25
-25
-18
-5
5
-8
-7
5
4
-5
-5
-17
-21
-17
-20
-23
-20
-15
-10
-6
0
3
-6
-11
-2
-9
-16
-13
-13
-12
-7
2
10
17
23
32
30
27
16
1
-9
-2
12
24
27
26
31
22
11
11
19
32
45
53
45
31
25
33
41
39
30
24
25
40
32
22
29
41
54
50
36
39
42
38
44
39
37
33
34
32
24
0
-12
1
-15
-15
-4
-11
-16
-15
-15
-24
-43
-56
-64
-66
-65
-62
-74
-75
-75
-85
-77
-61
-54
-51
-59
-60
-59
-58
-61
-67
-72
-80
-65
-47
-38
-35
-39
-36
-37
-41
-39
-37
-31
-19
-18
-28
-39
-36
-14
-10
-19
-25
-25
-15
-9
-10
-24
-22
-10
-1
-7
-12
7
17
16
11
10
3
11
33
41
35
31
36
44
49
54
61
51
50
59
63
67
71
71
64
61
63
72
57
44
47
54
61
54
32
30
51
60
60
41
30
32
32
35
39
28
23
29
34
34
16
11
23
24
23
17
4
11
30
36
36
36
23
11
4
-5
-7
-13
-20
-20
-26
-35
-27
-25
-25
-26
-27
-23
-33
-61
-55
-39
-43
-35
-33
-35
-43
-51
-53
-42
-44
-54
-56
-54
-34
-24
-25
-24
-22
-13
-8
-8
-5
0
-6
-11
-9
-18
-27
-30
-21
-14
-13
-11
-8
-13
-17
-19
-31
-38
-38
-47
-46
-42
-39
-33
-36
-26
-11
-15
-17
-16
-12
-16
-19
-20
-17
-14
-11
-5
-8
-15
-7
1
3
8
4
3
4
3
6
2
5
18
13
3
19
20
4
10
16
29
40
37
39
29
25
30
40
45
43
46
54
70
84
84
71
57
49
52
51
49
45
33
33
29
22
15
12
17
16
10
1
-4
-4
5
10
0
-2
1
-3
-7
-18
-15
-7
-7
-6
-9
-14
-12
-16
-18
-16
-9
-2
13
3
-29
-23
-15
-10
6
5
-4
-11
-24
-27
-36
-39
-24
-18
-22
-29
-36
-29
-16
-14
-15
-24
-28
-23
-23
-21
-4
-2
-11
-9
-7
-11
-18
-19
-13
-11
-18
-17
-16
-13
6
13
2
1
5
11
19
19
19
21
31
47
54
44
38
44
54
53
29
20
20
15
24
40
33
32
36
31
31
25
21
17
10
14
16
7
-1
-2
-10
-12
-6
-13
-34
-56
-57
-48
-52
-56
-56
-57
-55
-44
-41
-51
-49
-52
-47
-42
-41
-38
-45
-51
-43
-48
-66
-69
-58
-38
-36
-36
-31
-27
-22
-18
-20
-23
-17
-13
-11
-5
-3
5
8
-6
-4
8
-1
-8
-10
-17
-7
12
15
3
-3
10
37
42
32
36
36
36
46
46
43
40
44
75
88
80
62
42
35
41
43
37
40
37
51
56
54
59
57
65
74
60
43
45
55
68
65
63
64
59
53
39
25
28
36
38
37
36
35
33
15
-7
-7
-5
-5
-11
-18
-27
-28
-21
-32
-51
-62
-51
-44
-57
-56
-57
-54
-40
-41
-56
-66
-61
-41
-20
-12
-4
-9
-26
-27
-29
-39
-47
-45
-41
-42
-38
-40
-38
-36
-29
-34
-55
-64
-63
-61
-52
-43
-36
-31
-31
-20
-16
-33
-40
-31
-33
-35
-37
-33
-32
-37
-41
-35
-30
-34
-33
-26
-11
8
18
15
11
2
6
14
20
31
24
23
40
40
32
31
34
30
26
25
35
47
32
26
30
18
10
11
21
36
34
31
24
12
2
-5
2
12
14
7
9
8
-4
-13
-14
-1
15
16
19
31
28
32
38
32
27
30
49
65
63
60
58
52
59
71
66
56
45
36
36
30
27
23
14
12
26
28
14
-1
-12
-11
-11
-13
-6
-9
-16
-9
-9
-11
-3
1
10
11
4
-2
-11
-5
0
-5
-12
1
-4
-21
-25
-30
-26
-28
-30
-23
-32
-40
-34
-27
-23
-20
-26
-26
-17
-33
-47
-45
-53
-63
-65
-69
-57
-45
-55
-54
-45
-30
-23
-36
-42
-35
-32
-15
-7
-6
1
-3
-8
-3
13
33
36
20
24
37
40
44
43
22
5
8
19
22
13
10
9
-4
-23
-18
-19
-27
-26
-31
-28
-31
-36
-16
-19
-32
-26
-29
-24
-9
1
-4
-4
5
9
5
-1
-4
-16
-25
-12
7
3
4
10
11
12
15
18
13
1
0
5
13
28
35
27
30
36
22
3
-16
-6
13
8
1
-9
-18
-17
-4
3
3
1
4
10
11
25
38
31
37
47
47
42
32
26
32
29
30
32
23
31
44
50
43
37
34
38
44
49
47
32
26
36
37
38
31
31
27
29
36
31
28
28
49
48
32
23
13
4
4
6
3
-1
2
2
2
2
-6
-12
-20
-21
-36
-53
-53
-50
-49
-45
-47
-48
-53
-65
-54
-52
-66
-68
-62
-42
-30
-38
-42
-47
-68
-62
-50
-55
-55
-42
-23
-15
-22
-25
-20
-28
-38
-40
-44
-32
-25
-38
-38
-33
-30
-27
-41
-50
-48
-52
-52
-49
-55
-66
-62
-51
-40
-44
-47
-36
-21
-5
2
-8
-7
0
0
3
9
17
27
28
29
33
23
18
28
20
5
13
27
39
39
39
42
43
51
58
60
62
64
59
59
57
60
65
59
57
74
79
69
64
58
67
74
76
71
69
62
63
62
52
47
58
73
75
64
47
38
32
40
41
35
23
5
-3
1
5
-3
-9
-7
0
6
-4
-14
-23
-32
-33
-21
-22
-20
-16
-15
-17
-23
-17
-10
-18
-18
-3
0
3
-3
-32
-50
-46
-40
-39
-41
-46
-37
-29
-52
-47
-40
-55
-54
-56
-60
-65
-69
-60
-52
-53
-53
-51
-50
-40
-39
-45
-39
-38
-35
-28
-34
-30
-22
-33
-28
-13
-23
-31
-33
-25
-12
-11
-19
-27
-35
-32
-17
-16
-14
-17
-26
-22
-19
-15
-8
-23
-25
-23
-27
-18
3
14
4
0
18
30
32
34
43
50
36
32
27
34
53
53
49
35
30
34
29
27
33
34
24
31
29
18
22
24
30
29
21
20
11
8
17
23
19
13
11
18
39
48
37
30
29
37
43
29
19
24
24
33
44
45
45
40
32
31
23
17
17
15
23
26
20
17
11
5
12
13
12
9
-7
-11
0
3
6
1
-14
-17
-18
-15
-5
-7
-21
-7
-3
-12
-7
-2
10
1
-19
-31
-32
-31
-24
-19
-24
-25
-24
-23
-20
-16
-12
-9
-12
-1
10
7
10
-3
-21
-20
-13
-8
-11
-16
-14
-9
-17
-25
-21
-23
-15
-24
-36
-47
-61
-67
-65
-64
-57
-46
-51
-52
-43
-49
-47
-28
-18
-14
-19
-20
-21
-26
-26
-24
-28
-25
-25
-25
-7
12
18
11
-12
-11
8
10
1
-1
-6
-17
-25
-26
-22
-22
-12
7
5
1
10
13
11
9
5
10
12
9
10
12
6
3
-9
-12
9
26
32
39
35
33
38
44
60
80
82
83
77
54
49
46
48
54
61
68
59
51
57
55
41
37
40
31
33
40
43
38
17
20
46
51
29
26
13
7
21
30
30
18
2
-3
-6
-16
-12
-12
-7
8
5
1
-5
-12
-15
-20
-17
-25
-32
-38
-41
-40
-37
-36
-38
-33
-33
-25
-20
-21
-28
-32
-34
-31
-18
-11
-20
-23
-26
-26
-22
-26
-15
9
5
-5
-13
-25
-23
-19
-16
-23
-35
-30
-16
-13
-6
-18
-36
-20
-15
-20
-29
-35
-30
-30
-31
-34
-37
-40
-41
-31
-32
-30
-26
-28
-32
-38
-33
-33
-40
-35
-24
-22
-19
-15
-20
-25
-23
-13
-9
-14
-11
4
9
8
12
8
-2
-1
10
18
14
12
20
21
18
24
20
10
14
19
28
43
43
35
34
38
42
36
22
30
49
50
48
43
32
33
31
41
61
40
34
47
35
29
42
53
57
54
43
37
32
33
35
33
33
25
17
26
38
41
37
24
24
35
34
34
33
15
9
16
18
19
8
-1
4
5
-10
-14
-18
-17
-12
-21
-41
-51
-50
-39
-38
-42
-37
-41
-52
-57
-58
-68
-67
-56
-50
-48
-49
-38
-37
-44
-32
-24
-24
-22
-32
-34
-16
0
7
-5
-25
-22
-18
-25
-11
-10
-22
-14
-12
-12
-12
-6
0
7
9
6
9
14
20
20
15
10
9
2
-2
-9
-13
-12
-14
-15
-18
-32
-40
-36
-27
-16
-11
-18
-29
-30
-27
-14
-11
-9
-4
-13
-7
0
-5
-7
-7
-3
7
13
21
31
21
8
9
16
24
24
26
33
29
1
-5
5
3
15
24
26
31
28
29
27
19
17
16
5
13
15
11
12
14
24
32
35
31
31
24
24
17
4
3
10
17
18
13
18
28
20
10
12
11
11
21
21
18
9
8
13
8
6
10
4
6
13
1
-5
0
10
9
0
5
11
15
6
-5
-8
-6
9
18
27
29
23
21
11
14
18
9
-3
4
8
0
3
1
4
0
-14
-18
-22
-31
-36
-37
-41
-43
-46
-46
-43
-47
-39
-44
-51
-40
-26
-24
-27
-32
-44
-48
-47
-40
-25
-19
-16
-12
-16
-13
-4
-17
-35
-38
-35
-26
-18
-15
-22
-26
-20
-10
-8
-13
-15
-21
-26
-31
-33
-24
-14
-4
10
-1
-26
-11
4
-2
-3
2
16
24
23
23
15
7
10
20
28
41
52
49
51
64
68
57
56
56
51
38
32
25
7
5
13
20
11
-10
-14
-6
-7
-4
3
-6
-8
-5
-10
-9
-1
20
38
35
33
28
14
10
18
26
28
33
25
6
4
17
18
4
-9
-6
-8
-4
1
-4
-5
-14
-19
-41
-61
-56
-37
-23
-24
-17
-12
-8
-1
5
12
14
15
29
30
26
36
33
23
24
28
41
63
73
73
66
63
59
41
29
38
44
32
26
31
29
24
23
18
13
-2
-20
-30
-40
-38
-39
-40
-45
-63
-78
-88
-88
-80
-68
-75
-71
-66
-79
-87
-85
-78
-75
-72
-69
-57
-55
-52
-46
-51
-61
-46
-30
-38
-47
-40
-26
-26
-28
-22
-18
-2
10
11
14
21
18
21
19
15
12
-7
-15
-5
3
10
14
6
10
15
27
33
22
16
18
17
19
35
39
47
58
68
70
57
46
50
46
44
52
52
45
46
45
36
25
12
24
31
35
39
42
45
44
39
29
25
22
23
21
28
37
35
21
9
1
-6
-3
-3
-6
-13
-16
-11
-4
-7
-17
-24
-35
-32
-35
-32
-26
-26
-25
-22
-17
-19
-16
-18
-21
-15
-17
-13
1
16
19
4
-3
12
16
17
20
10
4
16
17
6
-4
-8
-1
7
20
26
25
25
22
16
2
-8
-9
-16
-23
-18
-6
-10
-39
-37
-32
-34
-29
-33
-30
-39
-47
-29
-17
-27
-32
-26
-27
-24
-23
-25
-15
-13
-23
-33
-39
-42
-43
-50
-43
-45
-56
-54
-47
-42
-45
-46
-42
-31
-35
-38
-40
-43
-29
-12
-8
0
6
1
2
2
9
15
15
22
36
34
37
49
45
38
33
32
34
33
32
41
39
41
40
31
35
44
52
59
54
47
52
42
33
39
38
35
37
42
41
43
45
54
58
45
35
29
34
48
52
53
49
43
34
28
25
23
20
3
6
7
6
11
7
9
7
0
4
4
-7
-12
-12
-20
-28
-38
-63
-65
-62
-56
-50
-60
-56
-54
-53
-47
-46
-54
-61
-59
-57
-51
-50
-52
-35
-31
-40
-33
-41
-54
-44
-26
-20
-21
-23
-17
-21
-24
-17
-23
-12
-3
-6
-8
-12
-11
2
6
11
26
28
19
18
17
17
18
10
9
17
34
49
50
31
27
14
9
19
17
-6
-1
8
8
20
17
28
17
3
-2
8
2
1
14
10
16
-5
6
-8
-20
-2
-13
0
2
10
7
15
-1
-20
-18
-33
-24
-19
-9
2
1
-6
-12
-8
-4
-6
-22
-19
-13
-2
3
8
11
18
28
21
18
5
8
5
-3
2
-2
-7
3
14
8
4
7
15
12
3
6
14
17
27
34
31
26
20
19
23
26
31
19
-4
-4
8
4
11
23
27
18
10
9
9
19
17
33
45
27
16
12
5
10
21
14
9
-1
-3
-10
-24
-19
-20
-22
-17
-16
-21
-36
-41
-33
-27
-38
-36
-29
-37
-32
-39
-50
-52
-49
-41
-32
-29
-26
-21
-22
-15
-8
-12
-17
-18
-26
-28
-22
-13
-6
-12
-8
2
-3
-5
1
7
20
20
14
15
14
22
28
8
2
8
10
30
33
26
20
19
17
24
24
18
15
7
11
21
15
7
-5
-14
-8
3
9
11
5
-11
-12
-17
-19
-14
-14
-6
-1
0
-11
-23
-21
-9
-5
-9
-4
-9
-1
8
2
-4
-10
-2
8
2
-14
-13
-8
-4
16
17
8
13
15
5
-3
-4
-14
-19
-21
-15
-6
4
4
-7
-4
-7
4
20
23
9
7
15
15
26
36
39
42
31
23
22
15
15
10
9
26
38
40
45
47
43
31
19
16
14
15
18
22
21
18
27
31
14
5
15
25
11
-5
-4
-12
-20
-22
-24
-16
-10
-10
-14
-20
-19
-15
-16
-26
-29
-37
-40
-45
-44
-41
-43
-34
-27
-28
-33
-22
-20
-30
-28
-27
-23
-17
-19
-23
-36
-50
-49
-39
-30
-21
-26
-42
-35
-33
-29
-31
-26
-11
2
-7
-12
-9
-12
-6
-10
-25
-25
-11
1
-4
-23
-17
4
7
9
9
4
14
16
20
30
36
27
15
12
20
33
28
28
26
24
40
56
58
50
38
32
45
63
68
63
50
50
67
64
47
34
24
35
41
27
33
31
0
-5
7
16
17
2
-4
7
-5
-16
-25
-32
-11
-12
-13
-3
-9
-3
-7
-23
-27
-25
-36
-33
-19
-16
-16
-16
-8
-6
-15
-24
-37
-54
-59
-43
-39
-36
-31
-29
-13
-11
-20
-22
-24
-18
0
-5
-14
-18
-22
-21
-15
-11
-14
-17
-7
17
29
18
19
30
19
12
7
8
13
18
20
6
11
31
44
50
49
37
21
5
1
4
15
15
18
11
-3
4
9
2
-14
-23
-21
-17
-16
-14
-15
-13
3
8
1
0
-1
-8
-7
3
3
-6
-15
-8
-6
-24
-41
-45
-36
-26
-10
-15
-19
-24
-29
-29
-30
-19
-8
-11
-16
-12
-20
-21
-19
-11
-3
-3
2
5
2
-3
12
13
-3
-8
2
15
28
34
37
32
25
38
40
33
27
13
10
24
30
22
11
-1
1
1
-2
5
11
15
24
15
9
3
-9
-2
6
8
14
7
6
15
10
-2
-6
-5
-5
2
4
12
20
9
5
12
12
4
3
6
-4
-14
-9
-2
-4
-8
-11
-24
-28
-22
-23
-13
-6
-6
7
2
-2
2
0
-9
-14
-23
-24
-7
7
12
7
2
15
22
18
16
3
7
21
21
17
20
25
27
15
2
11
14
5
5
2
7
7
4
4
5
18
29
18
11
14
10
19
25
9
-11
-14
-19
-14
-13
-15
-4
-10
-27
-26
-23
-30
-30
-22
-23
-36
-52
-57
-41
-48
-54
-52
-63
-65
-53
-49
-53
-69
-69
-66
-68
-70
-70
-65
-52
-36
-33
-26
-26
-22
-5
0
6
14
5
-1
11
21
22
24
21
41
50
60
60
58
50
81
97
144
235
529
968
625
-49
-671
-876
-372
266
603
467
95
-83
-200
-646
-635
-289
373
768
138
-579
-920
-691
-259
-454
-805
-628
86
780
363
-740
-1257
-612
639
1462
1071
106
-227
107
478
442
149
205
883
1194
951
336
-213
-173
40
309
344
285
309
401
344
-10
-376
-504
-84
122
179
22
15
-8
-193
-570
-714
-276
315
567
33
-75
-108
-246
-313
-456
-184
273
271
174
-94
-376
-331
-393
-404
-414
-393
-140
39
-208
-517
-728
-615
-455
-262
-61
-231
-271
-274
-384
-358
-347
-201
-133
-23
11
68
17
-142
-21
11
28
120
241
324
350
181
177
126
109
248
313
343
231
131
148
124
164
269
108
208
392
512
552
198
144
40
-71
-52
190
183
86
111
226
231
308
159
1
-39
-28
100
111
132
185
195
-132
-137
-48
383
358
98
-174
-118
134
199
143
-80
-203
-114
-24
-176
-101
69
159
45
13
-25
-35
-106
-239
-234
-265
-102
-50
-124
-190
-73
-58
-206
-276
-280
-96
47
54
-10
-131
-196
-162
-76
-111
-139
36
123
256
109
-6
-165
-257
-182
-114
-16
-54
122
117
85
-137
-249
-305
-252
-113
-156
-189
-447
-552
-695
-678
-626
-409
-274
-165
-198
-377
-477
-625
-484
-342
-182
-145
-51
77
256
283
235
108
63
293
508
785
891
950
829
725
534
424
583
911
1010
796
696
639
710
505
292
150
288
413
480
484
315
262
124
18
-121
48
340
884
1048
995
676
265
103
106
275
459
777
950
899
158
-415
-773
-646
-390
-417
-506
-497
-311
-430
-925
-1701
-2157
-2321
-2235
-2046
-1880
-1787
-1842
-2083
-2419
-2781
-2949
-2665
-2177
-1696
-1394
-1104
-770
-526
-546
-633
-609
-195
427
848
1199
1388
1486
1486
1335
1300
1423
1621
1805
1936
2057
2107
2076
1940
1801
1592
1461
1435
1410
1556
1553
1378
1143
869
685
486
432
445
517
524
450
313
189
50
-53
-95
-125
-60
-134
-4
400
893
1183
1210
1112
1135
821
493
499
1066
1641
1500
1004
696
606
231
-338
-717
-487
-275
-288
-575
-849
-1153
-1670
-2251
-2750
-3090
-3368
-3406
-3323
-3281
-3534
-3826
-4003
-4109
-4359
-4595
-4432
-3883
-3198
-2781
-2388
-2022
-1630
-1333
-1053
-701
-253
334
930
1510
1921
2111
2185
2273
2383
2496
2525
2687
2965
3181
3189
3085
2995
2850
2621
2427
2280
2146
1967
1798
1680
1479
1224
1001
861
691
447
231
190
211
259
185
184
239
223
91
-79
-139
151
686
1359
1686
1752
1934
2041
1925
1342
1219
1620
2049
1765
1283
1196
1402
990
75
-575
-554
-331
-624
-1096
-1535
-1674
-1963
-2475
-3116
-3654
-3984
-4202
-4454
-4769
-4959
-4943
-4712
-4724
-4918
-5077
-4843
-4377
-4028
-3707
-3145
-2342
-1571
-1021
-607
-185
222
672
1090
1574
2010
2497
2936
3219
3352
3324
3325
3391
3443
3458
3457
3473
3500
3366
3028
2659
2371
2127
1844
1524
1308
1078
796
507
232
60
-105
-301
-390
-341
-273
-262
-334
-359
-336
-152
360
862
1522
1974
2271
2325
1967
1710
1643
1853
2065
2114
2124
2052
1532
903
278
69
-29
-318
-658
-1006
-1267
-1810
-2412
-2993
-3456
-3939
-4452
-4886
-5116
-5330
-5411
-5403
-5317
-5266
-5373
-5313
-5064
-4613
-4130
-3599
-2988
-2335
-1653
-1008
-397
212
741
1254
1706
2037
2400
2752
3140
3433
3552
3704
3770
3750
3688
3681
3745
3759
3715
3569
3347
3025
2677
2398
2082
1697
1271
930
663
366
42
-98
-83
-23
-211
-418
-481
-339
-176
-183
161
627
1255
1648
1940
2174
2136
2006
1880
1945
2087
2149
2142
2144
1779
1254
714
530
428
8
-415
-771
-910
-1402
-2225
-2953
-3451
-3903
-4497
-5124
-5466
-5681
-5808
-5905
-5908
-5860
-5858
-5727
-5501
-5154
-4741
-4192
-3478
-2772
-2106
-1418
-715
10
589
1096
1594
2012
2366
2622
2916
3260
3522
3732
3857
3952
3955
3851
3757
3632
3491
3300
3059
2830
2539
2221
1880
1579
1305
940
648
434
295
194
-2
-126
-192
-282
-322
-274
-108
102
379
837
1336
1851
2221
2533
2514
2357
2241
2330
2474
2372
2193
2046
1826
1378
858
518
436
98
-290
-755
-1133
-1678
-2356
-3002
-3513
-4037
-4575
-5065
-5399
-5709
-5959
-5987
-5890
-5759
-5799
-5713
-5428
-4980
-4536
-4004
-3355
-2626
-1928
-1254
-561
148
799
1368
1849
2176
2460
2758
3045
3285
3421
3572
3701
3766
3736
3620
3542
3455
3326
3093
2757
2419
2131
1837
1480
1187
922
616
342
72
-100
-189
-299
-337
-424
-394
-285
-165
-41
230
672
1234
1839
2310
2744
2802
2748
2654
2663
2703
2653
2554
2475
2142
1632
1184
898
831
365
-69
-443
-675
-1100
-1899
-2604
-3157
-3730
-4404
-5051
-5446
-5715
-5955
-5994
-5964
-5863
-5831
-5679
-5399
-5058
-4641
-4091
-3408
-2736
-2095
-1369
-614
155
810
1368
1930
2317
2581
2739
2933
3129
3238
3320
3433
3563
3613
3597
3528
3384
3158
2882
2552
2187
1788
1449
1142
847
579
322
98
-194
-371
-438
-457
-514
-558
-597
-541
-526
-416
-40
551
1217
1875
2374
2819
2961
2880
2915
2953
3062
2844
2586
2421
2168
1655
1179
905
916
623
159
-262
-572
-987
-1744
-2491
-3150
-3754
-4415
-5025
-5381
-5626
-5841
-5971
-5979
-5885
-5826
-5710
-5440
-5017
-4568
-4060
-3406
-2747
-2107
-1402
-627
220
901
1485
2058
2501
2779
2910
3021
3181
3285
3376
3471
3559
3615
3617
3610
3537
3370
3099
2751
2395
1963
1584
1223
947
666
357
97
-103
-257
-415
-502
-556
-538
-595
-594
-513
-199
263
798
1477
2100
2737
3029
3066
3098
3073
3014
2765
2487
2333
2013
1454
995
695
640
326
-103
-406
-631
-960
-1622
-2298
-2933
-3607
-4343
-5049
-5495
-5741
-5927
-5998
-5961
-5833
-5698
-5493
-5185
-4853
-4424
-3880
-3260
-2694
-2128
-1424
-644
128
783
1456
2142
2649
2961
3148
3306
3416
3364
3266
3211
3212
3224
3231
3264
3298
3252
3092
2856
2508
2147
1813
1485
1156
798
428
71
-288
-498
-659
-747
-852
-890
-826
-763
-652
-360
148
702
1375
1914
2581
2810
2902
2981
3071
3082
2828
2585
2361
1929
1348
958
813
793
376
-1
-211
-316
-737
-1481
-2170
-2788
-3506
-4359
-5123
-5583
-5874
-6137
-6288
-6307
-6204
-6002
-5684
-5350
-4984
-4474
-3793
-3134
-2613
-2074
-1370
-584
161
800
1494
2235
2789
3176
3436
3658
3783
3723
3612
3505
3477
3457
3435
3403
3378
3330
3197
2989
2660
2313
1944
1509
1059
661
317
23
-323
-492
-569
-548
-611
-699
-615
-526
-290
42
469
1115
1663
2210
2526
2601
2852
3025
3233
3135
2853
2598
2179
1608
1037
625
496
206
-178
-486
-677
-873
-1375
-2001
-2634
-3287
-4059
-4861
-5458
-5899
-6205
-6404
-6462
-6367
-6156
-5781
-5340
-4886
-4380
-3814
-3154
-2571
-2054
-1482
-864
-189
409
1064
1731
2298
2743
3040
3322
3533
3604
3581
3459
3320
3159
3027
2980
2944
2877
2779
2685
2560
2299
2003
1664
1346
996
582
222
-69
-295
-438
-457
-459
-351
-222
19
514
973
1685
2275
2768
3071
3056
3187
3210
3213
3048
2806
2595
2141
1479
999
657
512
86
-402
-701
-904
-1108
-1633
-2210
-2826
-3514
-4204
-5018
-5685
-6156
-6383
-6453
-6558
-6519
-6318
-5864
-5339
-4925
-4390
-3710
-2915
-2237
-1735
-1121
-474
206
756
1265
1828
2324
2756
3044
3232
3357
3379
3367
3193
2968
2831
2713
2629
2473
2321
2212
2053
1932
1733
1583
1358
1120
849
533
251
53
-61
-160
-246
-232
-99
18
216
604
1244
1813
2456
2947
3582
3844
3905
3963
4024
4006
3631
3186
2800
2241
1508
913
554
343
-205
-733
-1044
-1157
-1490
-2082
-2689
-3283
-3972
-4809
-5598
-6183
-6642
-6909
-7040
-7066
-6902
-6551
-5977
-5410
-4846
-4151
-3350
-2541
-1957
-1379
-720
-47
587
1067
1624
2204
2677
3068
3319
3545
3638
3605
3458
3194
2921
2669
2455
2227
1986
1794
1606
1441
1208
980
774
538
299
17
-264
-537
-713
-846
-906
-936
-852
-600
-281
328
1064
1853
2732
3385
4100
4428
4604
4852
4987
5011
4627
4127
3752
3121
2395
1743
1311
1091
555
56
-295
-521
-940
-1658
-2386
-3154
-3992
-4897
-5756
-6439
-7071
-7486
-7714
-7784
-7666
-7366
-6751
-6113
-5439
-4659
-3755
-2832
-2123
-1376
-613
133
794
1359
2026
2608
3069
3443
3742
4016
4170
4221
4131
3900
3578
3230
2950
2611
2268
1956
1676
1443
1127
876
649
358
36
-327
-625
-920
-1244
-1448
-1647
-1752
-1770
-1673
-1221
-570
255
1262
2177
3109
3782
4211
4732
4977
5131
4871
4393
3985
3387
2659
1995
1534
1309
929
532
320
239
31
-485
-1064
-1776
-2639
-3668
-4666
-5513
-6348
-7034
-7490
-7732
-7748
-7562
-7048
-6401
-5779
-5103
-4248
-3310
-2533
-1859
-1160
-423
228
785
1409
2048
2609
3099
3556
4007
4297
4443
4498
4410
4187
3898
3670
3393
3038
2636
2282
1950
1591
1269
996
744
375
-8
-441
-809
-1203
-1481
-1768
-2000
-2185
-2256
-1996
-1513
-852
-16
960
1920
2766
3217
3822
4292
4613
4537
4124
3777
3327
2640
1966
1471
1229
897
407
156
106
157
-151
-637
-1225
-1974
-2852
-3862
-4795
-5668
-6516
-7121
-7586
-7829
-7788
-7426
-6768
-6127
-5472
-4646
-3641
-2673
-1894
-1176
-468
192
742
1261
1817
2346
2871
3321
3751
4104
4427
4674
4762
4708
4518
4350
4141
3853
3476
3086
2691
2306
1895
1503
1146
827
464
62
-328
-673
-963
-1258
-1535
-1787
-1887
-1789
-1440
-1059
-361
456
1249
1912
2249
2874
3486
3902
3956
3665
3415
3044
2340
1743
1204
925
486
-27
-237
-318
-282
-419
-643
-1006
-1684
-2489
-3313
-4197
-5138
-6064
-6675
-7183
-7638
-7855
-7595
-7016
-6413
-5786
-4906
-3804
-2790
-1959
-1208
-551
17
473
929
1354
1695
2107
2536
2991
3300
3638
4065
4421
4562
4540
4580
4571
4360
3979
3620
3290
2857
2378
1976
1644
1343
960
600
238
-103
-372
-595
-912
-1180
-1294
-1126
-824
-435
167
717
1290
1644
2135
2703
3147
3353
3323
3158
2829
2199
1627
1192
814
356
-203
-467
-547
-559
-668
-839
-1033
-1404
-1936
-2571
-3290
-4067
-4893
-5630
-6349
-6999
-7397
-7488
-7287
-6968
-6508
-5762
-4787
-3756
-2806
-1885
-1033
-268
346
804
1205
1502
1814
2088
2318
2577
2838
3214
3586
3844
4028
4187
4344
4364
4230
4006
3717
3384
2944
2557
2243
1922
1577
1188
857
538
290
83
-147
-352
-587
-596
-441
-209
288
699
1233
1641
1942
2529
2926
3245
3269
3053
2827
2223
1513
987
571
250
-369
-849
-1023
-1099
-1150
-1341
-1394
-1543
-1905
-2356
-2906
-3470
-4157
-4818
-5363
-5971
-6499
-6840
-6796
-6585
-6314
-5882
-5192
-4234
-3325
-2426
-1540
-725
-3
533
1002
1378
1666
1912
2090
2250
2319
2454
2661
2870
3047
3172
3401
3619
3713
3705
3566
3403
3133
2815
2487
2133
1820
1487
1174
823
538
321
174
51
-81
-119
3
267
608
1082
1525
1975
2257
2492
2854
3137
3312
3245
3010
2670
2043
1357
838
367
-99
-724
-1119
-1303
-1466
-1622
-1861
-2017
-2218
-2570
-2970
-3432
-3955
-4508
-5082
-5550
-6041
-6441
-6628
-6572
-6355
-6025
-5531
-4805
-3944
-3104
-2249
-1405
-591
103
714
1282
1682
1947
2111
2265
2416
2479
2599
2732
2844
2946
3027
3208
3395
3487
3485
3410
3300
3055
2770
2415
2119
1808
1404
1035
704
459
251
70
-31
-47
24
281
601
1171
1702
2213
2607
2862
3275
3520
3658
3588
3348
3061
2467
1729
1195
710
264
-389
-946
-1188
-1367
-1500
-1716
-1894
-2072
-2452
-2897
-3398
-3920
-4499
-5107
-5581
-6082
-6511
-6718
-6682
-6464
-6174
-5747
-5073
-4272
-3432
-2588
-1716
-886
-201
395
937
1316
1570
1788
1973
2116
2194
2321
2480
2627
2740
2843
3050
3239
3346
3388
3336
3282
3092
2842
2558
2219
1869
1462
1088
723
464
247
87
-18
-109
-145
-21
316
676
1198
1631
2075
2460
2676
3020
3224
3417
3459
3214
2940
2452
1849
1378
862
398
-256
-810
-1099
-1333
-1508
-1836
-2061
-2236
-2517
-2886
-3333
-3768
-4266
-4834
-5299
-5764
-6123
-6347
-6385
-6299
-6100
-5685
-5063
-4239
-3433
-2601
-1727
-842
-28
602
1167
1600
1882
2045
2127
2231
2270
2354
2436
2537
2657
2765
2994
3220
3378
3440
3416
3415
3310
3164
2963
2653
2303
1860
1434
1013
686
437
225
17
-164
-273
-199
71
356
869
1352
1825
2228
2439
2793
2983
3071
3027
2717
2427
1864
1194
703
211
-191
-809
-1244
-1398
-1511
-1596
-1888
-2045
-2175
-2449
-2760
-3179
-3566
-4033
-4569
-5012
-5489
-5871
-6099
-6103
-5989
-5833
-5473
-4865
-4041
-3209
-2398
-1548
-670
107
742
1317
1708
1949
2048
2133
2236
2207
2236
2298
2395
2487
2592
2866
3162
3362
3477
3548
3626
3540
3415
3245
2968
2637
2179
1776
1407
1073
767
508
312
127
-46
-101
125
350
700
1161
1514
1957
2124
2379
2644
2706
2720
2439
2152
1781
1076
521
-2
-421
-985
-1638
-1908
-2082
-2119
-2317
-2520
-2536
-2666
-2922
-3227
-3557
-3957
-4509
-4966
-5313
-5645
-5934
-6076
-6031
-5874
-5589
-5106
-4331
-3473
-2620
-1746
-860
7
707
1374
1885
2177
2376
2457
2567
2558
2536
2553
2572
2656
2716
2893
3200
3447
3618
3711
3813
3810
3694
3566
3326
3031
2573
2142
1754
1397
1041
737
492
274
56
-31
29
251
501
827
1266
1577
1977
2144
2420
2638
2696
2668
2422
2103
1647
934
345
-203
-701
-1267
-1857
-2100
-2292
-2439
-2700
-2911
-2924
-3079
-3264
-3477
-3811
-4190
-4719
-5135
-5503
-5869
-6154
-6291
-6236
-6057
-5748
-5178
-4369
-3481
-2616
-1706
-722
203
1000
1641
2122
2443
2638
2733
2821
2763
2678
2632
2622
2667
2729
2904
3188
3399
3607
3756
3887
3983
3914
3848
3562
3244
2828
2361
1954
1447
1056
697
328
92
-148
-225
-151
45
331
672
1187
1590
1984
2177
2376
2591
2614
2596
2369
2046
1644
980
392
-136
-590
-1122
-1731
-2040
-2267
-2390
-2611
-2808
-2841
-2979
-3176
-3477
-3784
-4174
-4701
-5146
-5509
-5871
-6222
-6438
-6466
-6362
-6043
-5507
-4760
-3919
-3071
-2107
-1097
-90
723
1410
2017
2405
2657
2778
2892
2901
2818
2783
2772
2849
2926
3086
3357
3582
3755
3889
4059
4174
4145
4070
3868
3542
3101
2678
2181
1704
1252
833
523
171
-40
-193
-183
-126
37
352
817
1304
1645
2008
2242
2468
2601
2641
2611
2416
2023
1507
847
289
-317
-813
-1330
-1867
-2198
-2454
-2510
-2678
-2876
-2963
-3108
-3303
-3598
-3985
-4355
-4844
-5301
-5774
-6163
-6457
-6645
-6627
-6427
-6010
-5456
-4693
-3771
-2826
-1839
-847
122
957
1649
2171
2537
2834
2946
2999
2992
2938
2899
2863
2939
3053
3202
3422
3663
3862
4018
4145
4195
4202
4094
3816
3481
3035
2551
2038
1500
1027
564
172
-152
-331
-462
-434
-429
-226
69
360
925
1339
1813
2029
2160
2468
2547
2571
2383
2025
1759
1097
525
-2
-486
-920
-1613
-1915
-2089
-2212
-2401
-2698
-2771
-2908
-3108
-3388
-3741
-4105
-4633
-5078
-5503
-5920
-6290
-6538
-6548
-6490
-6232
-5741
-4976
-4093
-3229
-2259
-1279
-227
674
1450
2152
2600
2980
3200
3352
3389
3311
3286
3217
3198
3204
3279
3468
3615
3779
3901
4054
4154
4119
4039
3833
3506
3063
2584
2081
1526
960
463
62
-324
-661
-860
-908
-819
-792
-486
-109
451
1068
1450
1950
2176
2436
2628
2617
2675
2430
2095
1714
1056
530
-57
-467
-941
-1555
-1879
-2107
-2158
-2384
-2687
-2834
-3021
-3272
-3688
-4127
-4481
-4949
-5401
-5829
-6243
-6526
-6629
-6536
-6315
-5969
-5421
-4620
-3740
-2809
-1851
-817
259
1102
1849
2481
2994
3346
3505
3655
3677
3629
3556
3477
3472
3445
3476
3598
3731
3849
3912
4045
4092
3975
3751
3489
3151
2665
2099
1496
945
393
-119
-493
-808
-1046
-1201
-1245
-1087
-977
-743
-347
67
637
1046
1459
1840
2028
2307
2407
2483
2484
2251
2059
1680
1169
730
276
-112
-711
-1243
-1523
-1754
-1982
-2401
-2761
-3057
-3328
-3638
-4047
-4451
-4861
-5283
-5635
-5943
-6194
-6312
-6274
-6144
-5905
-5469
-4790
-3960
-3134
-2291
-1411
-378
628
1467
2248
2871
3396
3742
3959
4114
4116
4118
4049
3926
3803
3721
3769
3783
3741
3644
3542
3542
3469
3328
3124
2852
2492
1984
1449
912
388
-90
-547
-894
-1170
-1317
-1374
-1360
-1300
-1222
-1059
-666
-223
180
719
1144
1582
1845
2060
2364
2505
2590
2509
2296
2092
1668
1189
725
283
-206
-876
-1330
-1696
-2022
-2388
-2857
-3174
-3484
-3766
-4068
-4376
-4647
-4969
-5235
-5420
-5582
-5700
-5664
-5479
-5298
-4992
-4487
-3800
-3034
-2298
-1491
-616
331
1167
1904
2610
3203
3703
4034
4298
4419
4382
4331
4193
3993
3777
3596
3493
3323
3146
2966
2863
2809
2657
2486
2289
2103
1799
1398
991
559
144
-195
-565
-919
-1179
-1345
-1458
-1488
-1447
-1319
-1070
-819
-391
-10
467
1014
1369
1752
1965
2161
2408
2516
2582
2405
2146
1853
1356
879
361
-93
-619
-1281
-1784
-2216
-2510
-2849
-3273
-3534
-3783
-3966
-4143
-4305
-4452
-4644
-4745
-4791
-4809
-4792
-4704
-4468
-4220
-3916
-3502
-2918
-2211
-1543
-857
-75
819
1626
2334
2954
3469
3908
4177
4338
4353
4225
4058
3821
3589
3284
2994
2790
2582
2386
2175
2063
2029
1954
1866
1718
1565
1377
1094
754
388
35
-293
-568
-852
-1063
-1216
-1297
-1304
-1222
-1069
-834
-563
-289
-1
392
790
1221
1519
1751
1984
2049
2171
2174
2143
2013
1743
1456
1064
580
91
-383
-806
-1367
-1913
-2283
-2543
-2719
-3036
-3284
-3426
-3501
-3538
-3609
-3655
-3705
-3769
-3773
-3751
-3721
-3690
-3599
-3371
-3110
-2837
-2397
-1765
-1099
-545
5
715
1469
2097
2560
2912
3215
3413
3509
3518
3398
3215
2979
2755
2475
2177
1970
1828
1711
1540
1392
1355
1354
1316
1189
1043
919
742
552
328
92
-144
-375
-540
-710
-832
-862
-775
-663
-595
-454
-259
22
191
342
490
704
872
1010
1154
1219
1310
1296
1314
1350
1341
1273
1128
957
764
424
111
-168
-437
-810
-1242
-1502
-1705
-1895
-2171
-2402
-2485
-2549
-2595
-2646
-2621
-2580
-2636
-2625
-2588
-2515
-2505
-2491
-2339
-2179
-2020
-1855
-1582
-1167
-836
-543
-175
328
839
1264
1643
1921
2152
2346
2492
2493
2355
2174
2030
1858
1655
1443
1281
1196
1078
917
851
895
959
976
935
919
888
849
774
667
501
282
97
-71
-189
-293
-376
-395
-424
-485
-490
-416
-359
-308
-283
-249
-222
-177
-54
-1
173
373
559
777
914
1181
1444
1667
1792
1771
1798
1699
1438
1165
861
603
167
-273
-532
-721
-911
-1198
-1391
-1489
-1606
-1727
-1850
-1915
-2087
-2324
-2378
-2493
-2647
-2897
-3020
-3005
-3074
-3076
-2976
-2699
-2375
-2144
-1827
-1308
-748
-257
185
686
1120
1468
1804
2063
2195
2192
2163
2122
2009
1818
1691
1644
1571
1402
1260
1297
1334
1254
1181
1175
1172
1116
1018
893
721
498
266
37
-224
-508
-756
-904
-1012
-1160
-1259
-1186
-1069
-1012
-871
-619
-325
-58
150
401
658
961
1245
1469
1808
2112
2357
2509
2620
2777
2886
2973
2883
2687
2572
2326
1971
1576
1181
758
212
-234
-609
-997
-1430
-1908
-2268
-2574
-2895
-3235
-3512
-3722
-3983
-4251
-4424
-4534
-4658
-4709
-4682
-4569
-4362
-4074
-3655
-3151
-2602
-1990
-1343
-628
50
703
1386
1948
2388
2707
3028
3255
3285
3189
3033
2871
2650
2407
2138
1872
1620
1350
1119
947
782
636
507
382
224
63
-38
-135
-284
-474
-620
-708
-747
-788
-769
-644
-465
-258
-1
317
670
984
1341
1672
1944
2207
2399
2562
2606
2569
2527
2469
2414
2296
2177
2147
2057
1951
1751
1633
1586
1433
1207
898
660
360
-160
-679
-1128
-1535
-2055
-2618
-3004
-3297
-3566
-3865
-4078
-4186
-4277
-4331
-4285
-4185
-4155
-4127
-3974
-3749
-3592
-3502
-3304
-2996
-2698
-2442
-2111
-1599
-1106
-688
-247
281
797
1165
1526
1886
2182
2378
2506
2624
2619
2529
2406
2302
2155
1911
1691
1543
1456
1345
1201
1145
1155
1148
1156
1196
1259
1282
1268
1264
1271
1254
1195
1191
1223
1241
1254
1297
1394
1466
1507
1586
1655
1681
1654
1604
1496
1340
1129
906
678
398
95
-185
-432
-640
-826
-957
-1008
-1057
-973
-849
-696
-602
-490
-275
-103
-62
-127
-157
-169
-371
-682
-912
-1056
-1248
-1588
-1835
-1997
-2122
-2261
-2402
-2484
-2593
-2734
-2854
-2934
-3100
-3360
-3572
-3675
-3759
-3885
-3923
-3756
-3514
-3246
-2883
-2342
-1645
-968
-277
470
1235
1911
2528
3123
3572
3878
4114
4300
4345
4250
4108
3988
3826
3589
3350
3160
3027
2856
2628
2455
2319
2144
1923
1664
1393
1073
732
387
22
-380
-780
-1091
-1327
-1521
-1633
-1644
-1545
-1418
-1294
-1106
-891
-648
-429
-241
-68
66
141
145
107
38
-24
-88
-157
-198
-250
-247
-213
-183
-120
-36
76
213
396
525
618
644
614
625
604
467
216
-27
-225
-521
-904
-1222
-1415
-1612
-1878
-2080
-2139
-2110
-2112
-2124
-2049
-1935
-1835
-1742
-1605
-1516
-1510
-1476
-1381
-1288
-1260
-1204
-1028
-826
-642
-417
-52
397
774
1133
1587
2064
2447
2748
3021
3186
3194
3100
2976
2778
2434
2006
1578
1186
789
384
22
-257
-495
-690
-786
-812
-840
-868
-858
-831
-840
-870
-892
-911
-956
-1042
-1078
-1046
-984
-921
-790
-591
-359
-90
214
548
857
1115
1321
1487
1590
1615
1541
1388
1209
990
752
523
296
109
-59
-213
-329
-396
-412
-391
-323
-180
-20
131
330
524
759
936
1103
1317
1499
1638
1633
1643
1672
1510
1253
1004
827
582
198
-100
-349
-574
-859
-1170
-1395
-1629
-1872
-2111
-2309
-2527
-2825
-3051
-3205
-3390
-3577
-3715
-3732
-3696
-3645
-3496
-3223
-2859
-2502
-2117
-1642
-1111
-611
-108
409
881
1309
1643
1957
2170
2278
2322
2325
2301
2184
2063
1934
1732
1571
1446
1354
1238
1081
1017
994
1016
985
883
823
767
673
507
364
255
116
6
-50
-51
9
127
324
554
814
1113
1442
1754
1959
2061
2150
2227
2173
2033
1847
1617
1351
1057
772
489
222
-33
-270
-458
-598
-721
-837
-940
-1005
-1032
-1037
-946
-846
-763
-650
-557
-411
-275
-159
-105
-127
-99
-126
-291
-485
-655
-812
-1082
-1388
-1632
-1832
-2013
-2275
-2493
-2619
-2769
-2920
-3022
-3090
-3217
-3364
-3394
-3382
-3393
-3405
-3330
-3113
-2865
-2602
-2250
-1748
-1175
-638
-42
651
1344
1962
2536
3102
3565
3897
4186
4442
4573
4625
4616
4572
4485
4264
4030
3817
3579
3271
2961
2711
2368
1931
1568
1239
850
380
-40
-381
-699
-992
-1344
-1626
-1797
-1946
-2061
-2111
-2084
-2049
-1975
-1808
-1624
-1432
-1186
-909
-651
-434
-221
-25
125
198
199
213
251
219
123
16
-92
-219
-342
-454
-575
-678
-730
-816
-930
-1000
-1069
-1117
-1160
-1142
-1047
-915
-638
-370
-102
184
488
902
1270
1594
1841
2001
2178
2204
2095
1955
1760
1540
1182
860
629
389
149
-141
-353
-521
-689
-834
-949
-1064
-1263
-1467
-1596
-1736
-1938
-2160
-2324
-2427
-2516
-2561
-2495
-2321
-2103
-1847
-1527
-1090
-604
-128
372
855
1267
1582
1886
2164
2317
2388
2381
2342
2240
2113
2043
1911
1794
1621
1460
1345
1187
1028
847
658
394
32
-318
-673
-1065
-1497
-1916
-2264
-2582
-2780
-2949
-3088
-3087
-3002
-2820
-2553
-2216
-1860
-1490
-1073
-659
-250
182
610
988
1330
1669
1987
2256
2479
2658
2812
2956
3071
3136
3141
3082
2972
2837
2651
2439
2210
1990
1725
1401
1093
804
514
243
37
-144
-208
-197
-198
-170
-143
-69
-6
24
22
-79
-221
-411
-681
-955
-1246
-1530
-1902
-2236
-2423
-2547
-2615
-2722
-2755
-2708
-2639
-2559
-2499
-2432
-2407
-2422
-2428
-2432
-2486
-2582
-2615
-2597
-2566
-2494
-2337
-2069
-1735
-1353
-912
-394
167
686
1171
1616
1994
2272
2482
2639
2667
2612
2500
2362
2212
2044
1914
1845
1810
1801
1916
2087
2233
2344
2445
2536
2529
2415
2236
2004
1679
1214
710
256
-166
-615
-1061
-1357
-1505
-1555
-1525
-1452
-1289
-1052
-789
-500
-257
-64
90
202
271
237
152
101
57
-29
-98
-81
-31
32
111
219
364
543
698
785
812
762
665
496
281
3
-318
-611
-913
-1194
-1434
-1598
-1700
-1704
-1630
-1438
-1097
-725
-351
-13
368
753
1073
1305
1418
1456
1414
1246
1039
807
570
222
-153
-403
-593
-736
-925
-1071
-1145
-1218
-1277
-1347
-1410
-1516
-1670
-1814
-1979
-2177
-2401
-2583
-2670
-2750
-2777
-2696
-2503
-2207
-1860
-1442
-927
-357
221
789
1326
1805
2180
2476
2694
2789
2764
2678
2557
2372
2131
1903
1715
1556
1398
1268
1218
1201
1265
1313
1290
1238
1149
1056
897
651
340
4
-339
-747
-1138
-1415
-1608
-1750
-1856
-1855
-1726
-1453
-1095
-766
-420
-27
380
748
1056
1280
1411
1501
1535
1487
1380
1273
1179
1068
972
938
945
979
1017
1037
1067
1104
1113
1058
955
773
545
335
63
-247
-560
-871
-1159
-1424
-1600
-1687
-1727
-1706
-1606
-1456
-1207
-892
-602
-325
-72
179
369
495
529
484
399
246
-46
-367
-642
-896
-1204
-1515
-1728
-1875
-1970
-2094
-2183
-2217
-2234
-2234
-2219
-2183
-2207
-2275
-2293
-2280
-2290
-2304
-2260
-2146
-2013
-1817
-1541
-1169
-722
-269
209
749
1317
1861
2356
2795
3165
3438
3661
3830
3892
3849
3739
3602
3439
3225
3000
2804
2635
2449
2285
2165
2034
1909
1785
1687
1546
1330
1098
848
551
195
-195
-574
-929
-1292
-1697
-2021
-2210
-2353
-2478
-2552
-2504
-2373
-2181
-1947
-1757
-1591
-1393
-1196
-1058
-980
-951
-930
-897
-902
-933
-919
-850
-765
-659
-493
-261
14
290
531
722
922
1133
1288
1361
1357
1298
1212
1099
945
751
567
431
312
206
136
130
150
184
267
388
563
723
877
1029
1159
1227
1257
1291
1275
1187
1052
937
827
609
329
98
-66
-226
-501
-767
-920
-1016
-1152
-1346
-1512
-1679
-1858
-2024
-2178
-2354
-2573
-2741
-2811
-2868
-2933
-2960
-2892
-2722
-2552
-2345
-2021
-1623
-1213
-815
-412
37
477
870
1230
1525
1752
1910
2036
2112
2103
2032
1942
1857
1734
1576
1454
1359
1256
1138
1030
962
903
850
789
700
591
474
346
228
93
-82
-261
-406
-498
-554
-602
-604
-550
-472
-349
-187
-8
186
367
550
729
882
1013
1115
1172
1195
1206
1201
1181
1160
1129
1092
1078
1064
1063
1062
1043
1032
998
945
850
706
549
365
159
-46
-256
-466
-668
-856
-1028
-1150
-1245
-1303
-1318
-1304
-1272
-1234
-1188
-1140
-1119
-1100
-1042
-999
-994
-962
-915
-863
-776
-686
-619
-566
-511
-436
-376
-385
-437
-492
-558
-701
-901
-1069
-1226
-1423
-1662
-1864
-1982
-2040
-2075
-2085
-2034
-1928
-1773
-1571
-1334
-1091
-844
-580
-284
-13
197
412
635
862
1069
1264
1486
1710
1914
2099
2293
2479
2645
2799
2903
2959
2960
2903
2825
2693
2487
2233
1958
1685
1397
1102
831
594
358
146
-26
-147
-252
-362
-457
-552
-646
-719
-754
-801
-874
-942
-1000
-1027
-1043
-1068
-1081
-1062
-1014
-947
-868
-752
-603
-447
-285
-126
50
225
381
507
615
706
761
832
893
905
895
878
864
830
769
722
674
596
510
408
299
181
32
-131
-283
-441
-601
-766
-930
-1070
-1173
-1256
-1313
-1354
-1400
-1423
-1413
-1387
-1351
-1307
-1260
-1207
-1175
-1140
-1079
-1044
-998
-925
-837
-746
-649
-516
-346
-135
57
230
388
552
698
781
823
833
805
703
541
372
258
121
-72
-252
-387
-452
-459
-454
-450
-437
-389
-301
-207
-143
-108
-65
-1
50
55
42
45
62
94
146
234
367
526
692
873
1084
1301
1534
1753
1927
2030
2084
2103
2070
1967
1791
1574
1337
1090
825
545
301
103
-53
-173
-286
-347
-361
-372
-377
-373
-380
-381
-396
-436
-508
-593
-665
-739
-825
-893
-918
-917
-871
-797
-712
-599
-443
-278
-120
45
207
338
413
462
485
463
409
325
226
121
-8
-143
-267
-402
-529
-621
-668
-704
-749
-785
-787
-761
-750
-742
-714
-666
-622
-616
-611
-571
-536
-494
-447
-385
-322
-261
-185
-81
39
130
236
363
471
571
659
726
759
752
733
710
663
604
541
473
415
345
277
246
203
181
191
184
158
121
78
27
-49
-154
-262
-365
-490
-662
-837
-956
-1066
-1219
-1335
-1380
-1372
-1308
-1241
-1169
-1066
-938
-810
-698
-584
-459
-330
-217
-119
-30
58
180
317
451
580
719
901
1087
1237
1367
1501
1619
1699
1739
1729
1689
1608
1478
1316
1135
964
795
594
403
258
141
53
-6
-32
-26
9
70
133
197
272
361
448
524
588
641
688
728
741
746
744
735
731
704
667
644
602
523
413
279
126
-50
-249
-451
-655
-878
-1091
-1326
-1557
-1751
-1919
-2055
-2165
-2222
-2237
-2189
-2113
-2026
-1913
-1766
-1592
-1429
-1257
-1067
-877
-702
-554
-411
-258
-118
-10
99
204
289
353
424
486
530
557
573
594
592
576
572
565
559
549
528
528
529
521
499
478
474
475
479
466
456
433
402
379
346
306
238
175
107
27
-76
-173
-262
-347
-415
-483
-528
-534
-538
-542
-513
-464
-416
-376
-326
-255
-184
-128
-83
-33
28
82
125
169
206
231
277
334
365
397
435
473
511
545
567
582
584
582
584
581
584
584
567
563
576
592
604
599
598
600
588
568
558
550
530
493
438
391
343
291
227
149
71
0
-62
-114
-149
-189
-229
-251
-259
-273
-286
-275
-262
-255
-240
-200
-153
-113
-74
-56
-34
-19
-13
-13
-39
-73
-107
-136
-154
-167
-187
-206
-220
-223
-234
-266
-297
-324
-361
-431
-484
-551
-632
-688
-750
-824
-895
-953
-996
-1021
-1048
-1053
-1048
-1045
-1031
-1020
-1020
-1013
-1008
-996
-990
-983
-942
-899
-878
-841
-782
-711
-616
-504
-399
-294
-160
-33
117
265
380
495
606
732
845
926
990
1050
1110
1150
1182
1212
1237
1242
1238
1247
1238
1220
1212
1202
1175
1123
1068
1023
968
893
805
702
619
554
492
425
360
306
286
280
280
290
300
317
341
365
390
418
437
443
422
381
325
236
140
67
-19
-97
-170
-258
-335
-396
-442
-498
-548
-599
-621
-621
-641
-655
-669
-682
-696
-711
-714
-720
-716
-693
-661
-612
-559
-512
-461
-391
-319
-257
-195
-129
-83
-39
-9
16
33
9
-22
-54
-103
-149
-190
-227
-259
-288
-298
-286
-275
-260
-217
-186
-157
-121
-89
-62
-56
-54
-69
-101
-137
-157
-173
-190
-207
-231
-240
-228
-214
-194
-167
-135
-82
-57
-41
-5
5
13
23
14
10
-4
-21
-27
-41
-71
-100
-114
-123
-123
-120
-109
-85
-50
-19
11
33
57
92
109
150
193
226
260
290
320
359
398
437
473
498
541
597
646
695
732
762
794
817
828
819
793
776
746
706
677
639
575
508
445
386
329
261
207
160
99
36
-11
-61
-107
-148
-189
-227
-280
-330
-369
-394
-407
-423
-439
-445
-443
-441
-428
-394
-362
-337
-311
-271
-232
-209
-191
-170
-147
-126
-106
-90
-97
-99
-94
-100
-122
-148
-166
-185
-217
-244
-278
-329
-371
-414
-454
-508
-553
-567
-564
-563
-555
-525
-505
-485
-447
-409
-360
-311
-263
-202
-137
-85
-34
19
84
151
203
245
293
348
398
438
468
493
497
512
530
527
502
481
454
432
394
337
272
193
119
47
-12
-73
-117
-151
-184
-205
-229
-244
-268
-288
-281
-271
-259
-233
-218
-210
-186
-158
-136
-123
-119
-99
-67
-50
-34
-8
-7
5
27
40
56
73
107
138
155
162
162
161
164
169
172
188
197
199
210
227
255
275
280
292
302
314
347
379
408
441
475
510
536
546
554
555
549
569
588
578
543
498
459
413
352
290
224
159
105
51
-10
-61
-118
-183
-253
-322
-398
-463
-509
-547
-583
-620
-651
-666
-676
-698
-711
-708
-709
-718
-716
-687
-661
-657
-636
-611
-592
-569
-544
-522
-494
-465
-425
-371
-324
-282
-247
-227
-193
-156
-121
-81
-47
-15
4
16
33
49
49
57
75
74
72
81
102
125
129
130
137
136
117
97
74
68
79
65
61
72
89
110
133
187
245
289
334
396
457
515
561
598
630
648
667
688
708
708
718
723
719
717
691
656
636
612
583
547
495
451
408
351
288
212
134
67
5
-63
-143
-231
-304
-368
-423
-467
-522
-572
-594
-597
-587
-571
-558
-544
-527
-503
-470
-444
-440
-426
-407
-387
-354
-318
-286
-248
-205
-173
-142
-114
-83
-46
-24
14
36
46
63
65
45
14
-25
-55
-76
-103
-131
-155
-179
-202
-215
-228
-242
-260
-275
-257
-246
-243
-215
-205
-208
-186
-156
-128
-106
-84
-49
-29
-12
34
74
115
173
214
262
306
340
370
394
412
424
412
385
371
349
306
245
180
126
78
43
8
-27
-72
-107
-121
-126
-120
-113
-99
-71
-40
-12
10
23
62
103
124
164
204
228
263
304
349
389
413
449
479
477
459
428
391
354
304
248
192
138
79
9
-57
-118
-183
-248
-301
-330
-363
-379
-378
-383
-375
-369
-355
-334
-319
-299
-266
-228
-191
-160
-147
-130
-104
-78
-43
-14
12
49
82
118
150
155
151
160
172
175
173
161
141
112
78
56
18
-24
-57
-89
-121
-156
-194
-227
-256
-287
-309
-340
-379
-410
-431
-452
-468
-479
-477
-463
-450
-421
-389
-377
-349
-301
-273
-240
-190
-133
-71
-21
30
81
124
172
225
262
299
339
378
417
446
477
502
503
504
514
514
511
512
494
471
461
454
441
408
363
321
287
253
219
189
148
118
96
55
14
-32
-79
-114
-131
-138
-162
-184
-197
-206
-214
-211
-190
-173
-163
-150
-142
-132
-136
-127
-100
-77
-48
-27
-17
0
27
50
51
42
48
58
68
81
91
89
93
93
90
89
73
63
60
53
31
14
-12
-29
-36
-51
-67
-91
-105
-109
-124
-146
-149
-158
-170
-172
-178
-189
-200
-218
-236
-254
-273
-283
-284
-282
-278
-272
-272
-267
-274
-285
-291
-293
-283
-281
-285
-282
-280
-272
-253
-236
-231
-220
-187
-149
-104
-72
-28
27
67
97
125
144
176
218
249
270
284
316
362
396
412
436
455
472
481
483
494
511
525
525
516
506
492
463
429
402
355
310
261
212
171
136
96
63
35
-3
-20
-39
-47
-45
-46
-58
-74
-77
-79
-102
-137
-157
-175
-190
-197
-209
-217
-202
-179
-146
-134
-131
-101
-78
-63
-53
-60
-74
-84
-103
-129
-160
-196
-229
-248
-269
-283
-308
-351
-356
-349
-347
-344
-336
-303
-268
-229
-180
-149
-129
-109
-83
-65
-42
-26
-19
2
22
44
61
81
100
120
128
141
163
164
162
167
164
152
125
86
63
40
16
-3
-30
-54
-59
-61
-65
-72
-58
-32
-21
-18
6
37
70
114
150
191
221
235
248
265
285
306
319
310
319
337
326
324
325
316
307
289
272
248
203
159
115
69
24
-30
-98
-160
-204
-249
-302
-360
-412
-444
-474
-485
-483
-485
-454
-411
-378
-348
-319
-283
-236
-193
-152
-101
-57
-15
31
75
114
138
155
175
192
205
213
212
217
223
204
167
129
99
72
57
45
41
38
27
29
34
49
62
51
45
53
76
107
121
134
147
143
143
144
139
133
139
138
125
101
85
74
55
20
-9
-37
-77
-114
-163
-204
-243
-283
-323
-370
-405
-413
-418
-432
-438
-436
-440
-426
-396
-368
-341
-300
-256
-216
-176
-138
-91
-34
30
89
131
170
226
295
367
429
480
512
530
551
574
579
585
589
582
558
521
466
419
358
291
254
186
104
43
-5
-59
-118
-175
-218
-258
-296
-319
-350
-371
-372
-366
-350
-333
-324
-318
-307
-283
-239
-191
-155
-124
-97
-59
-17
2
8
17
44
80
107
104
105
114
112
107
79
48
34
37
30
-10
-41
-52
-50
-61
-65
-71
-81
-79
-70
-69
-86
-94
-81
-65
-66
-58
-50
-57
-52
-54
-59
-71
-77
-75
-75
-80
-99
-115
-136
-132
-137
-148
-138
-124
-118
-128
-133
-114
-90
-89
-89
-80
-62
-36
7
48
91
140
200
269
315
351
392
421
446
474
483
486
494
514
520
504
484
462
434
408
380
341
296
255
211
159
115
63
21
-27
-80
-106
-148
-197
-232
-270
-303
-333
-362
-394
-422
-434
-433
-430
-443
-444
-434
-435
-427
-422
-414
-408
-399
-366
-340
-327
-308
-292
-284
-260
-230
-213
-178
-134
-88
-36
5
41
82
117
167
213
245
272
287
298
307
319
332
343
349
340
330
309
308
312
295
279
264
252
236
200
176
160
124
92
69
36
-1
-34
-62
-90
-122
-146
-171
-193
-201
-209
-215
-224
-219
-215
-209
-208
-215
-202
-188
-182
-173
-160
-151
-128
-105
-94
-72
-40
-2
37
72
107
134
150
170
188
195
212
227
229
226
214
198
182
168
143
120
99
94
92
68
36
15
14
13
2
-4
-14
-28
-40
-56
-76
-86
-86
-102
-113
-124
-137
-139
-150
-152
-148
-155
-152
-131
-116
-110
-99
-76
-62
-64
-76
-74
-68
-71
-52
-49
-70
-68
-49
-31
-10
-1
9
35
57
94
117
127
140
149
160
172
180
185
194
196
204
211
199
199
191
175
164
153
147
143
131
131
137
121
92
64
38
23
2
-31
-56
-84
-106
-128
-150
-159
-178
-204
-220
-239
-265
-277
-274
-273
-279
-287
-280
-273
-273
-264
-246
-234
-215
-198
-188
-172
-153
-132
-113
-91
-53
-11
14
40
74
92
126
169
192
206
209
213
225
229
225
224
220
205
191
176
164
147
136
124
95
67
54
29
-2
-16
-40
-63
-71
-73
-65
-63
-64
-58
-73
-85
-78
-74
-69
-63
-65
-56
-33
-23
-19
-18
-10
14
29
35
45
52
62
76
91
98
99
101
112
135
121
108
123
127
148
174
184
187
180
195
214
209
199
194
187
184
176
144
107
78
53
24
-13
-44
-78
-122
-161
-185
-215
-248
-273
-286
-298
-313
-316
-311
-315
-320
-315
-319
-326
-313
-306
-286
-260
-242
-224
-210
-186
-150
-113
-85
-46
-3
32
66
104
139
161
181
211
222
221
231
226
230
237
218
185
160
143
140
132
116
115
115
100
92
89
76
63
56
46
11
-16
-36
-70
-109
-143
-157
-164
-167
-175
-188
-188
-182
-179
-176
-177
-169
-151
-149
-145
-140
-140
-121
-100
-89
-78
-80
-75
-52
-28
-9
16
35
69
114
149
180
204
234
270
297
316
337
350
364
387
392
383
375
358
343
329
314
301
274
235
222
207
165
126
96
73
46
9
-15
-54
-95
-124
-158
-196
-231
-269
-298
-305
-310
-309
-308
-325
-337
-335
-334
-323
-302
-284
-256
-215
-187
-181
-178
-167
-143
-121
-100
-80
-69
-39
-3
16
26
25
32
49
49
49
58
56
57
64
69
63
60
55
44
33
27
31
16
-5
-11
-19
-41
-57
-91
-113
-129
-145
-137
-130
-121
-110
-106
-104
-88
-76
-82
-63
-38
-28
-28
-23
3
20
39
56
74
106
150
185
203
213
219
229
236
245
260
263
259
274
287
278
267
261
261
252
234
224
212
179
158
162
150
130
107
76
62
52
29
-2
-30
-49
-60
-74
-82
-95
-120
-140
-154
-163
-182
-205
-229
-233
-234
-247
-243
-251
-265
-253
-240
-239
-241
-238
-223
-208
-205
-199
-177
-158
-143
-138
-132
-112
-89
-63
-31
4
36
57
71
99
125
143
154
162
176
187
196
198
184
176
180
188
180
166
142
109
98
93
91
80
64
57
43
20
2
-17
-39
-42
-38
-47
-63
-80
-75
-66
-82
-89
-98
-117
-128
-141
-149
-156
-166
-159
-159
-173
-190
-205
-203
-187
-170
-156
-136
-102
-74
-55
-41
-24
-4
13
35
58
77
104
144
171
197
225
251
275
283
283
291
286
283
293
284
267
255
246
222
185
162
150
127
97
69
26
-5
-15
-31
-48
-69
-92
-107
-116
-125
-124
-130
-139
-128
-116
-104
-98
-109
-111
-110
-106
-99
-91
-110
-105
-84
-84
-77
-64
-59
-55
-44
-38
-29
-40
-49
-45
-50
-49
-60
-82
-81
-80
-82
-99
-122
-120
-99
-87
-85
-84
-87
-75
-59
-48
-39
-21
2
23
42
44
49
58
78
102
103
93
90
105
117
111
105
125
136
130
133
127
109
94
78
62
43
19
-3
-21
-33
-41
-53
-54
-53
-73
-88
-93
-88
-72
-61
-50
-41
-37
-19
16
43
58
69
84
99
114
121
117
115
115
115
103
92
94
87
76
64
56
53
40
22
5
-21
-47
-59
-87
-108
-120
-130
-140
-165
-179
-181
-184
-192
-199
-195
-183
-167
-150
-135
-119
-92
-73
-62
-46
-24
4
14
32
42
36
43
68
88
92
95
104
123
131
139
156
156
156
167
171
172
169
175
185
177
161
145
126
107
105
92
68
51
44
36
27
24
22
17
-1
-16
-36
-55
-61
-74
-81
-92
-96
-103
-129
-165
-193
-207
-222
-220
-214
-205
-193
-180
-161
-161
-163
-144
-127
-123
-108
-92
-85
-78
-62
-37
-20
-17
-12
-4
7
31
54
71
94
114
120
127
131
132
133
120
118
120
106
101
97
88
80
68
62
45
30
33
44
43
41
45
47
58
52
32
23
26
43
51
47
51
47
32
18
3
-22
-43
-52
-49
-57
-67
-68
-68
-70
-73
-77
-92
-98
-91
-86
-77
-81
-93
-97
-97
-88
-75
-70
-67
-54
-44
-20
11
34
43
48
60
86
112
105
114
119
111
114
121
118
106
90
84
76
60
48
37
23
23
9
-2
4
6
15
7
-10
-24
-30
-34
-31
-19
-28
-32
-27
-26
-29
-32
-32
-27
-26
-20
-7
-4
-4
-3
3
7
-3
-3
9
18
20
20
6
-6
-4
-11
-17
-24
-30
-31
-32
-24
-17
-18
-25
-30
-27
-17
-17
-19
-25
-22
-14
-14
-33
-55
-69
-81
-85
-78
-81
-92
-95
-92
-88
-84
-86
-87
-74
-71
-63
-62
-65
-62
-49
-23
-7
0
13
18
22
33
39
46
59
71
79
88
94
107
121
136
153
157
137
122
113
104
111
105
83
69
60
57
53
41
35
34
29
34
60
60
55
48
37
35
22
25
40
49
28
11
-11
-34
-23
-15
-22
-32
-41
-38
-40
-54
-63
-69
-79
-83
-97
-108
-116
-127
-137
-155
-158
-149
-141
-137
-123
-102
-82
-54
-37
-31
-23
-11
16
43
44
48
59
69
89
103
98
85
80
79
68
67
70
74
76
81
79
56
49
64
87
98
95
81
68
54
40
24
-10
-29
-38
-36
-24
-24
-33
-53
-65
-64
-58
-57
-64
-66
-68
-60
-51
-55
-75
-95
-101
-99
-108
-123
-118
-115
-101
-77
-54
-36
-33
-21
-3
13
34
54
54
53
55
47
41
33
38
57
62
59
56
47
36
28
30
32
31
22
20
26
26
23
11
4
13
20
19
19
21
17
25
37
35
24
17
22
40
34
27
39
40
41
49
53
48
40
37
39
20
-5
-17
-31
-25
-28
-47
-63
-85
-92
-84
-79
-75
-78
-83
-83
-80
-87
-94
-96
-80
-60
-56
-51
-44
-37
-34
-18
-5
1
11
13
17
26
35
46
51
60
79
89
101
115
118
110
114
118
111
98
96
103
102
79
59
44
34
33
21
0
-15
-26
-30
-27
-40
-45
-42
-47
-42
-48
-61
-66
-64
-42
-24
-17
-6
3
7
15
14
12
25
33
41
49
46
46
48
44
38
36
24
5
-2
-14
-41
-52
-61
-71
-80
-87
-91
-106
-117
-118
-119
-125
-114
-101
-99
-102
-105
-96
-85
-67
-58
-59
-48
-31
-25
-23
-16
1
7
6
8
17
30
21
37
41
20
21
24
34
43
42
48
46
35
34
42
34
30
20
22
43
70
86
86
84
87
88
69
56
55
56
60
59
56
52
54
63
61
39
25
23
19
25
17
-10
-36
-48
-41
-28
-26
-35
-48
-62
-65
-54
-46
-46
-46
-42
-32
-25
-22
-12
-9
-5
3
0
-2
0
-4
1
10
15
16
15
17
30
49
52
53
41
33
43
57
66
62
64
83
86
64
59
58
59
65
61
47
40
35
37
38
30
13
-9
-24
-21
-8
-11
-16
-27
-28
-34
-52
-65
-67
-73
-77
-80
-92
-91
-93
-102
-103
-106
-109
-112
-118
-114
-103
-103
-99
-83
-88
-101
-111
-113
-116
-126
-116
-94
-86
-103
-98
-88
-89
-76
-66
-59
-46
-30
-7
15
15
19
28
35
52
59
64
84
104
123
133
136
138
131
120
122
129
117
106
110
117
115
110
111
109
100
81
78
67
58
55
51
54
48
45
56
58
54
58
60
62
66
65
67
81
85
85
79
71
75
69
59
48
26
14
10
-5
-31
-58
-68
-68
-78
-96
-112
-124
-136
-130
-131
-131
-134
-142
-136
-131
-122
-121
-132
-137
-129
-121
-120
-113
-107
-97
-82
-65
-51
-45
-42
-29
-14
-13
-2
10
11
29
62
93
103
105
97
80
66
62
57
56
53
54
54
50
53
52
45
31
34
40
37
39
35
20
0
-8
-3
-6
-10
-8
7
11
10
11
-3
-5
10
20
14
-7
-11
-7
-2
1
4
5
16
16
5
11
15
17
7
-10
-14
1
-7
-31
-49
-61
-52
-32
-17
-19
-23
-21
-14
-15
-26
-23
-22
-7
13
11
4
-9
-16
-8
-4
-10
-21
-45
-59
-45
-42
-52
-54
-44
-43
-58
-67
-64
-51
-34
-22
-21
-25
-18
-15
-22
-18
-15
-7
3
8
26
53
69
87
98
95
108
124
134
136
129
132
135
128
115
108
95
92
85
63
50
34
27
17
-8
-20
-29
-50
-57
-50
-52
-55
-58
-57
-47
-48
-55
-65
-81
-79
-68
-62
-55
-61
-75
-81
-77
-65
-48
-42
-27
1
18
24
33
34
38
50
52
49
42
42
51
50
27
28
12
-7
7
33
56
57
48
48
49
38
33
34
36
46
40
34
28
25
23
14
9
15
8
-17
-30
-38
-57
-81
-87
-85
-80
-80
-84
-91
-100
-103
-100
-105
-113
-114
-118
-109
-106
-105
-104
-111
-105
-100
-99
-82
-53
-35
-22
0
24
41
44
47
53
52
39
38
41
47
61
68
80
86
80
79
76
75
82
72
59
54
60
59
48
46
42
35
26
20
16
15
26
32
35
36
33
30
32
39
43
34
31
37
37
37
37
23
1
-7
-9
-2
-8
-9
-6
-13
-19
-24
-22
-22
-9
-5
-15
-21
-33
-33
-32
-32
-29
-35
-42
-29
-7
4
10
8
3
0
-13
-8
13
16
23
43
40
28
33
37
41
39
38
40
38
33
41
42
39
37
24
23
25
27
27
21
8
6
3
-10
-5
-25
-51
-59
-63
-73
-85
-88
-88
-89
-93
-91
-91
-93
-83
-75
-76
-75
-72
-61
-45
-30
-13
-15
-32
-29
-17
-9
-3
1
2
1
9
27
37
26
18
21
26
38
42
27
19
6
11
10
-12
-18
-14
-18
-21
-25
-43
-48
-36
-29
-33
-37
-28
-14
-11
-11
-16
-25
-9
5
8
16
20
24
41
53
60
60
33
17
21
8
-1
7
10
10
11
22
26
21
24
33
38
44
49
48
58
65
66
66
60
48
50
48
42
60
68
65
67
68
70
74
69
67
58
31
22
18
-2
-3
13
14
5
-13
-29
-48
-60
-56
-56
-61
-54
-58
-58
-52
-58
-60
-57
-49
-32
-21
-20
-16
-8
-4
-5
-5
-10
-12
-17
-9
9
15
20
23
14
11
20
20
29
25
18
8
-2
12
15
11
5
3
-3
-3
-5
-13
-25
-39
-35
-25
-28
-30
-25
-36
-45
-37
-31
-25
-22
-34
-47
-55
-52
-44
-45
-58
-56
-54
-62
-67
-67
-65
-68
-65
-62
-58
-59
-48
-44
-50
-51
-52
-36
-22
-16
-19
-25
-14
-3
15
22
32
36
30
27
38
57
48
46
45
38
31
31
31
27
41
51
51
51
57
56
54
41
34
31
14
5
3
-2
-7
-3
6
14
16
28
39
27
18
44
56
56
77
89
98
100
94
98
102
96
98
95
103
120
112
100
95
95
92
80
58
36
24
17
11
3
-3
-10
-13
-25
-42
-52
-51
-47
-50
-51
-73
-90
-89
-88
-95
-96
-88
-82
-70
-62
-47
-48
-65
-66
-62
-55
-54
-51
-62
-88
-107
-101
-87
-91
-92
-101
-107
-99
-87
-87
-80
-59
-42
-34
-39
-44
-48
-47
-25
-12
-12
1
18
31
30
24
28
38
44
46
48
39
41
51
58
66
54
50
52
54
68
81
83
73
64
48
33
33
24
9
-6
-5
1
-1
-4
-12
-17
-7
-3
-15
-26
-28
-24
-23
-27
-21
-10
-11
-22
-25
-40
-56
-41
-26
-12
-2
-6
3
16
9
14
25
22
35
53
62
56
42
48
57
48
40
40
37
51
66
62
59
52
61
66
56
52
32
14
23
41
45
36
27
11
-4
-21
-20
-13
-12
-17
-12
-19
-23
-15
-24
-29
-39
-45
-43
-47
-44
-47
-56
-55
-47
-43
-39
-33
-33
-44
-51
-46
-40
-28
-24
-18
-17
-9
-2
-6
-8
-6
3
12
22
25
31
37
36
44
33
28
43
54
59
57
59
58
47
35
26
28
27
21
5
-8
-15
-31
-38
-58
-74
-80
-88
-87
-82
-79
-81
-70
-49
-41
-43
-53
-56
-53
-48
-40
-38
-39
-34
-33
-36
-26
-17
-2
-1
2
22
23
17
16
14
18
21
21
25
25
18
22
36
27
16
21
13
15
36
50
54
57
61
58
45
45
54
51
52
56
50
39
35
37
40
29
12
1
-4
1
7
10
2
-7
3
8
6
-7
-22
-40
-59
-56
-49
-38
-31
-48
-63
-66
-69
-64
-60
-58
-50
-49
-47
-35
-28
-17
-4
7
13
11
17
36
43
38
45
46
45
51
46
38
39
34
38
40
38
45
44
42
46
41
31
34
40
41
32
19
15
11
-10
-26
-27
-34
-38
-30
-23
-16
-18
-23
-23
-25
-20
-14
-13
-1
5
0
-3
-2
9
4
4
9
12
19
17
19
18
26
37
30
18
7
18
38
38
40
38
32
41
45
32
18
3
-3
-6
-9
-9
9
20
5
-12
-39
-60
-64
-58
-50
-54
-66
-72
-77
-96
-108
-125
-129
-114
-115
-116
-100
-89
-82
-84
-94
-83
-80
-81
-75
-75
-81
-67
-43
-31
-34
-44
-38
-30
-36
-30
-13
-4
27
57
67
62
63
74
81
80
83
95
108
121
140
130
115
112
109
106
99
99
95
84
81
92
92
85
83
77
71
69
67
53
39
32
40
30
12
-3
-28
-47
-50
-47
-48
-52
-52
-37
-34
-33
-33
-32
-32
-32
-36
-47
-46
-43
-24
-9
5
14
2
-16
-15
-1
3
15
25
35
45
55
70
72
70
75
77
64
58
53
49
47
39
29
11
-6
-14
-13
-36
-49
-56
-66
-64
-59
-56
-60
-68
-63
-32
-23
-31
-27
-43
-68
-62
-53
-63
-80
-88
-80
-80
-93
-95
-83
-61
-44
-58
-67
-60
-58
-53
-49
-51
-53
-59
-62
-42
-21
-24
-26
-18
-7
-8
-16
-8
-6
-5
9
36
55
69
79
77
79
86
98
94
76
70
71
58
48
43
22
4
8
10
10
-3
-14
-8
-13
-25
-23
-26
-22
-11
-16
-10
-7
-8
-10
-16
-21
-15
-2
9
26
25
12
7
11
15
20
29
40
51
55
69
78
77
72
60
61
71
82
84
79
65
58
59
54
56
56
44
42
47
45
34
22
19
19
19
21
16
12
11
-5
-20
-26
-37
-44
-58
-72
-80
-80
-83
-78
-73
-85
-81
-81
-88
-91
-97
-92
-70
-64
-77
-63
-57
-62
-45
-32
-25
-10
7
23
31
38
47
40
46
60
58
64
74
72
65
50
50
61
66
62
55
31
22
25
19
8
-8
-18
-14
-16
-30
-38
-48
-60
-57
-50
-53
-59
-65
-67
-80
-105
-112
-108
-104
-78
-59
-59
-58
-59
-64
-73
-78
-67
-59
-61
-55
-44
-38
-28
-22
-22
-22
-16
-1
19
28
45
69
69
62
56
43
48
66
87
93
86
76
73
72
64
65
63
75
90
89
86
77
87
98
90
74
71
66
64
80
72
49
31
25
17
-4
-31
-39
-37
-43
-35
-36
-39
-34
-31
-33
-27
-32
-27
-28
-37
-30
-25
-24
-13
-10
-21
-23
-19
-10
-10
-13
-4
19
9
-10
-8
-9
-9
6
16
12
6
5
16
14
2
-2
-18
-22
-30
-38
-29
-20
-12
-6
-10
-17
-6
6
24
43
44
38
36
38
37
33
24
15
6
-4
0
4
-5
-6
-8
-20
-26
-35
-42
-46
-57
-41
-37
-46
-45
-54
-62
-57
-43
-32
-34
-39
-25
-13
-14
-19
-23
-27
-16
-1
9
22
28
39
49
44
29
15
9
14
12
2
-4
-5
-17
-25
-28
-33
-36
-43
-41
-26
-26
-27
-22
-20
-18
-11
-7
-3
-6
-17
-24
-26
-20
-9
-5
-11
-14
-8
-1
4
8
7
1
-3
1
6
15
23
19
24
39
57
64
55
48
45
35
35
46
38
28
26
30
35
43
49
57
63
43
47
60
52
40
34
39
47
38
23
14
11
20
35
31
34
28
18
16
3
-5
-13
-24
-19
-17
-29
-35
-42
-52
-52
-46
-42
-47
-65
-79
-68
-62
-56
-52
-46
-32
-13
-1
8
15
19
33
44
58
64
53
47
52
41
34
55
65
62
44
40
42
35
24
24
15
-1
-15
-36
-44
-48
-51
-53
-61
-64
-60
-62
-50
-39
-44
-53
-57
-38
-19
-13
-22
-12
-10
-20
-19
-27
-31
-37
-37
-37
-36
-28
-23
-19
-19
-18
-17
-27
-36
-48
-52
-41
-30
-15
-12
-23
-25
-25
-40
-48
-48
-43
-26
-22
-23
-20
-20
-21
-32
-40
-27
-21
-17
-5
7
8
14
30
35
30
12
9
25
32
38
55
49
42
64
82
76
57
35
28
32
41
55
61
58
50
36
35
37
38
41
45
48
53
45
31
38
47
50
54
60
71
90
103
109
103
83
80
81
81
87
86
71
55
50
56
61
44
31
25
6
-6
-13
-28
-30
-26
-25
-35
-54
-62
-60
-73
-83
-79
-78
-68
-63
-77
-91
-97
-97
-93
-92
-96
-92
-90
-100
-93
-96
-93
-81
-72
-65
-70
-63
-58
-62
-56
-28
-9
-1
5
-8
-11
-9
-15
-21
-35
-38
-17
2
4
3
-12
-33
-33
-21
-12
-13
-15
-17
-10
-17
-19
-20
-19
-11
-4
6
15
21
21
22
17
30
35
25
39
50
49
53
49
41
42
35
38
44
21
17
24
17
22
31
27
20
6
1
6
7
11
20
36
53
56
46
43
48
52
55
45
42
52
53
45
36
25
23
25
16
5
0
3
13
8
-7
-16
-32
-43
-37
-29
-23
-17
-8
4
1
-2
4
-6
-14
-6
-9
-20
-15
6
28
35
37
37
36
31
35
44
46
49
33
9
1
0
-1
-13
-20
-4
0
-23
-27
-17
-16
-4
0
-6
-12
-13
-11
-4
0
10
19
22
30
26
14
9
2
-2
-1
-7
-21
-40
-63
-75
-71
-74
-81
-79
-77
-86
-90
-84
-76
-82
-90
-84
-74
-66
-56
-54
-51
-35
-20
-14
-23
-13
5
16
13
13
-4
-9
11
28
35
27
28
42
58
44
34
32
10
10
19
18
13
9
18
37
31
23
21
13
18
16
1
-9
-5
9
17
9
7
5
1
-1
-9
-21
-28
-28
-21
-16
-13
-8
-7
-11
-13
0
9
23
28
13
6
10
22
25
13
1
5
9
16
26
25
27
35
35
33
30
28
40
39
30
25
18
22
46
62
69
68
67
66
67
71
73
68
60
69
70
70
71
70
62
51
56
64
53
28
18
14
10
9
-6
-17
-22
-27
-41
-57
-73
-64
-46
-43
-40
-57
-77
-67
-58
-68
-88
-106
-100
-84
-83
-83
-95
-113
-106
-91
-77
-73
-75
-71
-61
-58
-54
-61
-72
-74
-69
-65
-68
-67
-69
-68
-63
-43
-17
-21
-26
-14
-10
-5
8
17
24
30
34
51
59
45
34
25
28
33
23
18
41
70
87
85
76
70
57
54
59
53
48
62
79
95
87
67
49
27
18
25
28
28
32
20
-4
-13
-14
-9
-9
-12
-4
0
1
15
23
13
5
3
6
0
-5
-6
-3
-15
-28
-22
-16
-6
-10
-26
-23
-18
-11
-2
-10
-9
-3
-13
-17
-12
-6
13
32
35
27
12
-1
-12
-14
-8
5
5
4
1
-3
6
16
28
26
20
25
42
52
49
45
35
22
12
8
1
-10
-12
-13
-16
-15
-7
-1
6
6
-9
-19
-23
-19
-8
-8
-13
-17
-16
-22
-29
-39
-52
-52
-46
-29
-19
-10
7
11
2
8
5
-19
-28
-20
-7
-11
-20
-21
-20
-29
-33
-29
-31
-15
-14
-20
-23
-31
-36
-51
-59
-53
-41
-35
-28
-20
-9
8
15
9
3
-4
2
15
15
11
9
-1
3
17
12
7
19
25
40
38
30
28
35
56
75
65
44
46
48
42
27
27
22
8
5
9
4
2
7
-1
-1
1
-1
-8
-14
-9
-4
-15
-32
-36
-43
-48
-45
-52
-48
-46
-39
-27
-23
-30
-32
-35
-40
-41
-45
-40
-24
-5
5
4
-2
-2
-3
6
30
41
38
42
47
51
41
43
54
51
40
35
36
36
44
54
59
71
70
62
40
20
18
13
9
24
32
25
28
34
37
32
21
21
37
31
25
26
14
14
18
12
6
-3
1
11
2
-8
-3
-7
-10
-9
-11
-8
-17
-28
-39
-50
-56
-59
-65
-67
-65
-63
-48
-32
-26
-20
-18
-18
-22
-30
-28
-21
-23
-24
-14
-10
-9
-20
-31
-27
-26
-24
-23
-31
-44
-40
-38
-40
-36
-41
-49
-59
-54
-40
-31
-33
-23
-19
-27
-26
-23
-18
-17
-20
-16
-19
-22
-20
-9
-3
10
9
2
-2
5
10
-4
-9
-2
5
6
10
3
-2
-1
-3
-5
-10
-20
-25
-20
-6
17
36
38
41
54
65
70
74
76
69
65
68
73
69
53
43
48
69
89
87
75
61
55
50
49
51
53
49
42
42
25
18
11
1
-3
-15
-15
8
19
21
38
45
39
41
31
23
27
24
36
40
26
15
-4
-25
-28
-27
-26
-18
-3
-3
-18
-30
-39
-48
-56
-59
-67
-66
-63
-49
-42
-44
-38
-13
8
-4
-7
-12
-27
-23
-17
-18
-21
-29
-32
-24
-21
-18
-11
-26
-36
-46
-62
-64
-67
-73
-77
-79
-74
-70
-81
-80
-70
-71
-60
-41
-36
-32
-19
0
11
11
11
20
25
31
42
38
30
39
47
48
36
20
16
6
4
6
-4
-12
-2
-1
-10
-20
-22
-7
1
0
-1
-6
-8
10
13
-1
3
15
28
29
22
25
18
0
4
0
-2
9
12
15
22
32
31
27
23
28
22
6
2
-1
-1
13
15
17
19
12
21
44
44
41
49
40
36
53
62
71
70
65
60
50
42
35
35
41
33
19
22
23
23
29
27
24
12
-5
-5
9
5
7
6
1
4
0
2
1
-16
-25
-15
-14
-5
1
-14
-18
-12
-5
-8
-25
-36
-28
-20
-16
-6
-13
-17
-9