-7
-9
-8
-7
-7
-11
-15
-18
-7
-6
-9
-7
-4
0
-2
-6
-8
-9
-12
-17
-15
-9
-10
-13
-12
-15
-11
-13
-19
-15
-12
-6
-9
-9
-4
-6
-9
-6
-5
0
-1
5
3
5
7
8
11
8
8
13
17
18
17
15
11
8
10
13
17
13
13
19
14
17
17
16
17
16
17
13
13
11
9
12
11
8
10
3
4
7
2
5
6
9
7
6
8
7
5
1
2
2
3
6
6
3
6
4
3
-1
-7
-9
-5
-9
-7
-1
-5
-6
-4
-10
-14
-12
-11
-11
-8
-6
-4
-1
1
3
3
1
1
4
3
-2
-4
-5
-3
-5
-11
-8
-8
-9
-6
-3
-5
-5
-4
-6
-5
-6
-10
-9
-4
-5
-2
1
2
2
4
7
10
10
8
1
0
2
-2
1
5
7
7
0
1
2
-3
-4
-7
-4
-2
-8
-8
-9
-6
-5
-10
-8
-7
-5
-5
-4
-3
-1
-3
-4
-2
-2
-6
-9
-2
-4
1
7
6
8
5
3
7
7
6
9
9
7
8
6
1
1
-1
0
-4
-4
-7
-7
-8
-7
0
2
0
-5
-8
-14
-8
-11
-7
-3
0
6
4
4
1
3
-1
-8
-7
-6
-5
-8
-8
-4
0
-1
-5
-4
-6
-7
-8
-12
-5
-2
-3
-2
0
1
3
3
2
8
8
7
9
15
10
8
8
10
12
10
14
21
22
13
14
17
23
18
12
15
15
14
14
18
17
18
17
17
22
19
15
14
12
10
18
17
18
21
18
17
15
12
11
5
0
4
-3
-9
-11
-14
-12
-12
-15
-18
-17
-13
-18
-22
-20
-21
-23
-26
-26
-22
-25
-29
-30
-29
-28
-27
-27
-29
-28
-28
-32
-31
-28
-26
-20
-15
-7
-3
-5
-3
-2
0
-5
-9
-4
-3
0
5
0
1
3
7
4
3
2
-3
2
1
0
-4
-2
-1
-5
-2
-1
-4
-2
6
6
5
5
6
4
3
4
7
8
7
2
4
-1
0
10
6
3
6
4
0
-1
3
3
2
6
10
15
15
15
16
17
14
13
16
16
15
17
20
24
25
24
25
26
25
20
17
24
26
20
11
12
14
8
5
6
9
7
4
5
11
10
7
-1
7
8
0
0
0
0
0
-1
0
-1
-1
-2
-5
-3
-5
-8
-11
-9
-7
-6
-6
-6
-3
-6
-7
-11
-17
-25
-20
-20
-22
-18
-18
-20
-22
-26
-25
-21
-21
-20
-16
-17
-16
-21
-14
-11
-15
-14
-17
-16
-15
-22
-23
-23
-23
-23
-20
-17
-19
-16
-17
-15
-14
-13
-11
-8
-4
2
3
2
6
8
9
8
10
11
13
9
13
15
16
17
19
22
24
22
20
24
25
21
22
23
23
18
13
12
14
15
12
8
11
8
8
6
7
9
5
3
6
10
7
6
1
-2
-6
-7
-10
-11
-7
-11
-9
-6
-4
-6
-10
-7
-7
-6
-4
-3
-6
1
2
0
5
2
2
2
-2
-3
2
4
4
7
10
14
15
14
13
16
18
12
15
17
15
11
12
12
12
14
12
13
15
10
10
11
14
6
-1
-4
-2
-3
-6
-12
-13
-9
-13
-10
-13
-9
-7
-12
-12
-18
-18
-14
-12
-14
-11
-14
-13
-13
-11
-9
-13
-15
-17
-18
-21
-22
-20
-16
-18
-21
-14
-12
-10
-13
-16
-12
-14
-11
-13
-10
-4
-3
-6
-2
-1
-1
1
-2
-3
-4
-6
-11
-7
-3
0
1
0
5
7
6
7
8
5
6
9
10
12
10
13
15
20
26
23
26
27
20
18
16
16
12
11
6
1
-2
-4
-5
-3
0
-1
-1
1
5
5
1
3
2
1
3
2
3
2
4
5
6
5
9
10
4
2
4
1
1
1
-2
0
-6
-4
-11
-11
-15
-19
-18
-19
-17
-12
-9
-5
-3
-5
-5
-2
2
1
4
7
6
11
10
15
17
18
18
16
23
24
22
21
24
24
23
23
26
23
21
17
9
8
4
-2
-8
-4
-9
-6
-5
-8
-10
-14
-14
-14
-10
-14
-14
-16
-20
-19
-20
-23
-24
-19
-16
-19
-17
-15
-12
-15
-16
-14
-18
-15
-13
-4
-9
-21
-14
-11
-11
-11
-17
-14
-11
-17
-16
-8
-3
-9
-7
-3
-8
-9
-7
-5
-5
-5
-4
-5
-3
-2
-3
-6
-5
1
3
3
2
4
4
6
8
6
5
1
2
6
9
10
7
8
10
10
14
17
19
20
19
22
25
26
26
27
29
27
26
27
27
27
22
14
12
15
11
12
18
12
5
5
0
2
-3
-6
1
2
-5
-12
-6
-5
-14
-16
-21
-17
-21
-22
-15
-11
-1
-4
-5
-7
-5
-6
-8
-4
2
5
5
8
11
16
17
11
10
9
4
4
2
3
6
6
0
0
5
2
-3
-1
-2
-5
-2
-1
-2
-4
-6
-5
-11
-7
-5
-11
-14
-13
-15
-16
-18
-18
-12
-11
-16
-17
-13
-12
-18
-20
-21
-22
-23
-21
-21
-18
-18
-19
-15
-14
-9
-11
-8
-8
-8
-1
-12
-5
-3
-1
-2
-3
4
2
6
2
4
9
5
0
8
15
16
23
22
21
22
23
16
21
22
16
18
15
15
4
4
7
4
9
5
7
7
4
3
1
7
9
4
9
12
11
15
17
16
18
17
18
25
27
26
31
27
22
15
13
12
8
9
8
9
7
3
-2
0
-5
-11
-11
-12
-21
-26
-25
-24
-26
-26
-28
-29
-26
-35
-30
-26
-23
-24
-27
-20
-18
-16
-16
-15
-13
-19
-22
-17
-14
-8
-10
-10
-6
-2
-3
-8
-6
-4
-2
-3
-2
-2
-2
-4
0
8
5
10
12
12
19
21
24
27
27
26
22
26
24
22
17
15
14
14
12
8
12
9
9
8
8
8
8
9
5
5
3
5
3
5
4
4
6
3
2
-1
-3
-2
-7
-9
-11
-13
-10
-13
-13
-12
-16
-16
-21
-21
-19
-20
-14
-18
-18
-19
-15
-13
-14
-13
-16
-13
-12
-10
-4
5
4
3
7
4
7
8
9
12
15
14
10
12
11
7
3
1
4
4
7
9
7
2
-1
-3
2
2
0
2
-1
0
1
-2
-4
-3
-4
-4
-5
-4
-2
-2
4
5
7
12
7
6
6
7
4
8
11
8
8
1
-3
1
3
5
-1
-4
-4
-2
1
0
1
-3
-3
-4
1
-1
1
3
2
5
1
2
3
6
2
-3
1
7
3
3
1
-2
0
2
7
13
13
8
14
8
4
1
0
4
5
7
3
4
4
3
0
-1
-2
1
-2
-3
-3
-2
3
2
-1
-8
-11
-8
-12
-11
-14
-15
-11
-10
-9
-11
-14
-14
-15
-17
-11
-10
-14
-20
-23
-17
-14
-13
-14
-12
-9
-10
-10
-6
-9
-14
-11
-7
-8
-9
-12
-15
-13
-17
-17
-11
-5
-5
-3
1
6
10
3
9
13
10
11
17
18
17
20
16
15
15
17
15
15
12
18
23
22
24
18
22
21
20
20
21
23
21
22
21
17
17
19
17
15
12
9
9
6
1
3
3
4
6
0
-1
-2
-2
-3
-8
-7
-10
-9
-9
-9
-10
-11
-8
-9
-10
-10
-9
-9
-6
-6
-7
-8
-13
-12
-11
-10
-11
-7
-5
-7
-15
-15
-13
-18
-14
-12
-7
-10
-14
-10
-8
-8
-7
-9
-6
-5
-6
-4
-3
-2
3
-4
-4
3
0
-3
-1
4
7
0
1
3
-2
-4
-5
-5
-6
-10
-8
-7
-2
-6
-7
-8
-13
-10
-13
-11
-6
-7
-7
-3
-2
-2
-1
4
4
2
7
6
8
7
2
4
1
1
4
8
9
8
9
8
11
13
13
14
15
14
18
18
19
19
17
20
19
20
17
19
16
15
14
11
10
6
4
7
7
7
8
0
-1
-3
-4
-2
-2
-4
-4
-2
-1
-3
-1
-1
-4
0
1
-1
3
5
0
-2
-8
-9
-9
-13
-16
-21
-22
-20
-19
-20
-19
-19
-14
-20
-22
-19
-22
-19
-21
-16
-12
-15
-15
-17
-17
-19
-12
-4
-2
2
8
8
11
12
15
14
16
18
22
26
24
25
29
30
25
27
28
28
26
26
20
20
16
12
11
8
7
0
3
5
-2
-2
-3
-5
-7
-10
-8
-7
-8
-12
-19
-19
-16
-18
-18
-16
-11
-10
-14
-13
-14
-17
-17
-14
-13
-17
-18
-21
-21
-23
-26
-24
-22
-24
-25
-21
-22
-20
-16
-12
-11
-8
-3
0
1
1
7
5
7
8
10
13
6
10
12
13
14
16
18
16
19
22
19
21
26
20
20
24
19
18
17
15
17
11
9
7
8
8
7
11
6
6
7
8
4
9
4
0
4
1
6
5
4
3
9
12
10
10
8
7
3
1
-2
3
3
2
2
2
1
-6
4
-1
-13
-9
1
-1
-4
-9
-12
-10
-22
-27
-13
-12
-17
-14
-10
-8
-7
-7
-8
-10
-15
-19
-18
-16
-20
-15
-15
-12
-10
-7
-3
-5
-1
-5
1
2
-1
-2
-1
3
0
5
2
3
5
10
9
8
10
11
11
12
8
11
15
10
9
14
10
5
5
6
4
2
-5
-6
-6
-13
-10
2
-4
-17
-14
-11
-9
-13
-15
-13
-10
-15
-19
-11
-9
-12
-14
-12
-9
-9
-16
-14
-7
-4
-4
-2
-5
-1
7
6
10
11
11
9
9
9
12
15
13
16
15
16
20
18
18
16
18
18
14
16
17
16
15
15
13
11
16
11
9
10
8
8
9
9
0
-6
-5
-5
-5
-7
-6
-6
-9
-11
-9
-7
-9
-6
-5
-2
-4
-8
-6
0
2
1
-2
2
-1
-3
0
4
1
-4
1
6
4
3
5
6
3
-2
-1
-5
-3
-7
-10
-11
-8
-4
-7
-9
-13
-15
-12
-9
-10
-8
-14
-12
-14
-20
-21
-17
-16
-23
-17
-12
-11
-12
-9
-1
2
2
0
5
5
5
8
8
11
16
11
11
17
18
18
18
20
20
19
18
18
19
16
13
8
2
1
4
0
-4
-1
-4
-3
-4
-4
-10
-14
-14
-14
-13
-13
-16
-15
-12
-14
-12
-12
-8
-6
-9
-3
-1
-2
-5
-4
-7
-7
-2
-3
-3
1
3
3
4
2
2
4
5
5
5
10
9
12
15
11
12
10
7
3
5
1
2
4
2
0
-2
3
2
3
2
4
6
6
3
-2
0
-7
-5
-1
5
8
12
12
12
14
10
8
12
11
6
6
7
9
11
4
-1
-2
-2
-2
0
3
3
1
0
-2
-4
-11
-16
-17
-17
-13
-12
-13
-17
-16
-16
-17
-20
-18
-16
-16
-12
-5
-3
-5
-4
0
-4
-8
-6
-6
-2
2
0
0
1
3
-2
-2
7
7
5
6
11
10
5
1
2
5
4
7
7
3
5
5
8
9
11
12
9
7
5
5
2
5
3
2
1
-1
-1
5
7
4
4
0
5
5
0
4
9
5
2
1
0
2
-6
-3
1
4
1
0
1
2
-3
-8
-6
-13
-14
-18
-17
-14
-9
-6
-12
-12
-10
-12
-16
-13
-15
-11
-5
-1
1
0
0
1
-1
1
4
4
3
8
14
10
9
12
11
10
8
10
13
6
5
7
6
5
3
4
6
3
2
1
4
3
-1
1
-3
4
5
4
3
1
2
-4
-1
-5
-8
-9
-8
-10
-11
-11
-16
-20
-18
-19
-17
-19
-16
-11
-13
-10
-3
-2
-4
-6
-1
3
2
7
8
8
14
12
13
16
17
22
27
23
25
24
17
14
10
10
4
-2
4
1
5
7
23
40
37
32
18
8
-10
-14
-13
-15
-30
-34
-39
-44
-40
-25
-9
-7
-6
-3
17
14
8
0
-8
-13
-7
9
14
14
16
22
32
29
23
31
29
19
18
20
23
18
10
5
-5
-14
-18
-17
-27
-27
-27
-27
-20
-20
-19
-20
-23
-23
-19
-21
-18
-15
-12
-13
-15
-12
-15
-19
-23
-22
-24
-27
-26
-25
-26
-29
-27
-25
-20
-17
-17
-13
-9
-6
2
7
6
8
4
4
6
11
15
15
25
30
26
33
32
26
22
21
23
27
26
22
28
24
21
17
17
18
14
19
16
16
11
5
5
5
5
-2
-4
2
-1
-1
-4
-2
-2
-6
-2
-1
4
-2
-4
-1
9
5
-3
2
4
7
4
4
6
8
3
0
4
3
-1
-5
-2
-2
-3
-3
-3
-4
-10
-11
-10
-12
-12
-12
-10
-5
-2
-3
-2
-3
2
5
4
7
4
1
3
3
0
-2
5
3
-2
2
3
0
0
-1
-4
-4
-9
-5
-2
-2
-1
0
2
0
-4
-10
-8
-6
-10
-14
-15
-14
-14
-13
-9
-6
-10
-11
-16
-14
-16
-16
-16
-14
-6
-5
-8
-5
-2
-3
-7
-9
-3
-2
4
5
7
7
6
9
5
8
1
1
2
8
8
4
3
4
5
2
4
8
9
5
4
-1
-2
-7
-11
-8
-9
-4
-3
-5
3
4
6
1
2
3
5
8
9
9
8
11
12
10
12
16
14
7
11
18
13
7
7
10
2
4
6
4
4
-6
-5
1
5
-5
-7
-9
-12
-5
-9
-5
2
5
0
4
4
4
3
0
6
5
1
-2
0
2
-1
-9
-15
-12
-15
-14
-10
-6
-5
0
-2
1
5
4
1
-3
-1
0
3
8
14
15
18
14
18
17
17
15
16
15
16
18
15
14
11
8
3
5
3
-4
0
5
2
0
-5
-5
-8
-5
-5
-1
-3
-7
-7
-10
-9
-14
-8
-12
-16
-15
-18
-15
-15
-19
-19
-17
-17
-15
-8
-4
-4
-9
-8
-5
-6
-2
4
8
10
9
5
7
6
-6
-9
-6
-8
-12
-11
-12
-11
-13
-16
-20
-17
-19
-20
-19
-21
-16
-18
-13
-16
-11
-6
-7
-6
0
11
6
-2
-1
2
9
5
3
6
8
-1
-6
-3
-4
-9
-11
-8
-10
-7
-13
-5
0
2
8
0
4
3
11
14
13
17
24
21
18
25
24
27
19
20
19
18
21
15
17
19
18
13
15
18
21
21
21
27
22
21
23
23
24
21
21
24
28
27
25
20
20
19
14
16
12
16
13
5
7
9
6
-1
3
0
-3
-5
-2
-3
-4
-11
-14
-15
-18
-21
-23
-21
-22
-24
-24
-26
-24
-20
-22
-20
-24
-26
-24
-22
-24
-24
-22
-21
-22
-20
-19
-20
-18
-19
-13
-10
-12
-9
-9
-17
-17
-20
-25
-21
-25
-26
-23
-21
-20
-21
-22
-26
-23
-26
-24
-23
-18
-18
-18
-14
-13
-10
-14
-11
-4
-3
-4
-5
-4
-1
5
6
8
10
14
16
18
24
23
23
24
24
27
25
23
23
21
28
24
27
28
23
24
21
26
32
26
26
24
24
21
17
19
16
14
14
16
18
19
18
17
18
19
19
20
23
18
18
15
11
12
10
11
9
4
0
-4
-8
-12
-8
-8
-5
-4
-10
-8
-9
-12
-12
-5
-9
-10
-7
-10
-5
-5
-9
-1
-2
-6
-1
-3
2
4
2
-1
2
-1
-8
-9
-13
-12
-16
-17
-20
-19
-20
-22
-18
-19
-19
-16
-16
-13
-11
-9
-11
-10
-7
-6
-2
-4
-3
0
-4
-5
-4
-2
2
1
2
-1
2
-1
-3
-1
-5
-8
-12
-16
-16
-18
-22
-18
-18
-15
-13
-16
-11
-11
-11
-9
-6
0
6
9
6
8
7
9
15
13
14
12
15
10
10
9
2
2
3
2
2
7
7
4
0
3
0
-2
2
-1
-2
4
4
7
7
8
11
7
7
7
7
3
2
2
3
2
5
8
4
1
0
2
1
-2
0
-2
-3
-4
0
2
1
4
2
8
8
12
13
13
17
16
17
16
15
16
16
14
14
9
8
6
4
8
-1
1
-3
0
-1
-5
0
-8
-3
-1
1
-7
-11
-8
-1
-2
-2
2
1
1
-4
-7
-7
-6
-7
-5
-3
-6
-3
0
1
3
-4
-4
-8
-6
-4
-3
1
0
-1
0
1
2
3
6
2
-1
0
-5
-4
-6
-9
-9
-6
-3
1
4
-3
-7
-13
-13
-19
-19
-19
-18
-13
-12
-12
-15
-14
-19
-16
-17
-17
-12
-11
-8
-6
-6
-10
-6
-3
3
5
8
10
7
10
9
6
6
8
9
6
6
8
6
5
5
8
8
2
1
-2
-1
4
4
7
6
5
-2
-1
3
6
6
2
1
4
7
1
-3
0
0
0
-4
-5
-5
-8
-9
-12
-12
-12
-6
-4
-6
-3
6
8
3
5
5
4
2
8
14
13
13
14
17
17
20
14
15
16
18
22
23
31
25
17
10
8
0
-3
-5
-4
-2
-4
-4
-1
3
-5
-7
-3
1
1
1
0
0
-3
-4
-1
-3
-3
-1
-5
-2
-1
6
3
-1
2
-6
-9
-7
-6
-3
0
1
5
0
-4
-3
-2
-2
-1
-2
-1
-5
-5
-12
-18
-12
-17
-15
-12
-16
-13
-15
-16
-14
-17
-18
-19
-17
-14
-11
-5
-5
-2
-2
-1
-6
-3
2
-1
-3
-7
-1
0
-2
3
2
5
4
6
11
13
12
10
2
-3
-3
-7
-2
1
2
5
4
4
3
9
13
12
14
16
13
11
6
5
2
-1
-3
-1
7
6
2
-1
1
2
-1
-1
3
0
-5
-13
-8
-6
-7
-3
-2
-2
-6
-12
-17
-15
-16
-10
-3
-1
1
2
2
1
0
5
10
13
6
6
4
-3
2
8
6
4
7
7
5
9
9
8
11
9
7
7
9
11
13
10
9
4
3
-1
-3
0
1
2
1
2
2
1
-1
-2
2
9
12
10
9
2
-7
-11
-6
7
13
14
12
5
0
-4
-1
9
15
16
15
13
9
-3
0
-2
-4
-8
-21
-23
-23
-27
-22
-23
-19
-19
-22
-28
-29
-18
-18
-17
-17
-20
-19
-25
-22
-14
-6
2
5
9
8
4
-2
-6
3
14
22
33
31
25
13
6
10
8
12
9
9
0
-6
-5
-1
5
4
2
2
3
3
2
8
8
2
-3
-17
-19
-14
-11
-2
1
-5
-19
-18
-11
-7
-9
-7
-4
-7
-20
-25
-14
-9
-2
5
8
8
0
-7
-5
-3
-1
7
9
9
11
17
22
25
25
25
24
21
15
11
8
5
-4
-7
0
1
15
21
26
25
11
-2
-4
-3
-2
-3
-4
-3
-10
-9
-6
-15
-18
-17
-18
-15
-7
3
8
9
5
4
5
7
14
25
16
9
16
17
18
18
14
15
7
-2
3
2
8
-7
-13
-19
-22
-22
-22
-12
-9
-10
-16
-18
-20
-12
-19
-23
-26
-26
-13
-10
0
-6
-5
-9
-4
1
3
6
6
5
0
-2
-4
-5
-15
-16
-19
-10
-4
8
7
4
6
-2
-3
-4
13
8
11
20
19
20
24
24
16
11
16
21
18
13
-2
-7
-11
-14
-6
5
0
-1
7
8
13
3
1
-1
-1
5
6
14
12
4
-4
-1
1
-2
4
0
0
2
4
0
2
-2
-11
-17
-21
-21
-22
-16
-23
-26
-22
-25
-22
-22
-20
-22
-21
-12
-4
2
-1
-2
-4
7
12
11
17
19
18
14
9
15
9
1
-1
3
13
17
28
25
32
15
5
7
7
4
3
2
-6
-2
1
8
11
17
13
8
6
10
8
4
-4
-9
-6
-10
-12
-15
-20
-28
-27
-26
-21
-11
-19
-22
-23
-7
-5
-8
-6
-13
-8
-9
-4
-5
0
-6
1
5
-1
12
10
19
21
16
6
10
7
9
7
4
10
-2
5
-4
0
9
4
7
10
24
23
16
5
-1
6
9
4
9
12
5
17
18
31
30
10
2
1
13
10
7
0
-3
-19
-15
-14
-8
-2
-12
-12
-13
3
-10
-10
-22
-19
-14
-29
-14
-15
-9
-10
-9
-11
-4
-7
-6
-6
-7
-3
-11
-13
-12
2
-8
7
3
13
15
-3
16
3
12
-12
3
1
8
-2
-19
-2
-5
-1
-3
5
-12
-3
-33
-14
-30
-30
-34
-34
-16
-26
3
-20
5
-9
-10
-7
-2
1
10
6
7
7
2
27
13
30
10
19
9
27
21
28
31
11
21
25
40
42
31
27
27
8
22
-4
12
8
-7
8
-9
21
12
22
23
11
28
-7
5
-24
-16
-22
-37
-32
-26
1
-8
17
-1
12
3
-7
11
2
-2
-20
-22
-20
-24
-13
-17
-15
-1
-8
6
26
2
3
-20
-14
-4
-25
-4
-20
5
-29
-32
-28
-8
8
-18
0
-17
9
-17
-11
7
7
38
23
31
36
0
20
-14
7
12
-2
8
-5
8
-4
27
13
32
3
-8
-13
-11
-1
-10
3
-23
-22
-27
-30
-13
-29
-5
-1
14
-2
-7
11
-17
14
1
45
22
41
3
-14
21
-21
3
-8
17
-13
-5
-15
-6
-17
-2
30
-2
29
-2
24
21
30
10
6
-5
-12
-17
-28
-21
-39
6
-21
-7
-52
-11
5
6
30
3
62
-37
15
1
3
29
-44
-16
-58
-8
-28
-9
-25
-52
-39
-21
-19
4
11
31
62
-2
45
1
51
9
-7
-17
-27
40
-8
54
18
47
68
7
36
65
56
31
2
11
15
11
-25
-35
-8
-25
26
11
22
6
-44
-27
-28
-31
-12
-13
-32
-11
-21
4
-21
16
-15
-16
-21
-12
8
-44
-20
-43
-34
-23
-28
-10
29
8
7
-5
11
10
13
-9
-29
1
-9
27
-16
34
2
-5
27
-15
76
50
57
0
14
2
11
4
-8
17
-11
22
-38
2
-53
6
-7
-12
22
-6
54
0
26
34
-3
28
-11
7
15
-31
19
2
38
8
-27
7
-48
17
-50
-4
-6
-67
7
-64
18
-36
-9
23
-35
29
-25
10
-13
-13
-48
-40
-26
-103
-14
-83
3
10
16
90
31
119
28
54
19
39
-7
25
-56
-90
2
-103
16
-55
54
-21
27
-34
-1
76
-20
79
-78
47
-64
-12
-31
13
71
-12
59
-40
93
-10
10
-10
-7
5
-18
32
11
109
-3
80
19
25
-50
4
-5
22
17
-40
-3
-78
51
-78
83
24
81
19
26
-4
27
9
-98
31
-90
65
-129
-15
-11
2
9
-40
33
10
117
11
65
-12
-27
-49
-57
-73
-4
-37
-44
1
-62
15
-2
80
18
112
0
33
15
-12
-35
-70
0
-134
60
-137
92
-3
41
57
-54
89
-54
74
-72
1
-23
-33
8
-39
-17
11
9
20
28
13
98
-61
35
-99
24
-78
-65
2
-94
111
-137
88
-52
81
10
0
46
-121
68
-108
14
-95
-30
-35
16
15
-8
58
-23
24
50
8
96
-15
0
16
-85
93
-93
105
-18
4
89
-52
146
-47
108
-23
20
9
-41
128
-65
100
-7
5
67
-52
93
-30
52
21
6
4
-41
30
-38
23
-73
4
16
9
-4
20
7
-15
-10
-55
2
-55
6
-25
-22
24
-18
-30
68
-92
108
-8
6
62
-51
22
-46
-22
-27
-37
-22
-16
-61
11
-69
28
-50
37
-37
-37
75
-106
102
-151
80
-93
-29
30
-96
132
-112
65
-45
-7
28
-76
16
-61
30
38
-32
81
-54
43
19
-33
57
-45
40
-51
39
-57
31
-43
-23
24
-35
101
-80
154
-29
28
72
-88
110
-123
84
-41
14
21
-47
69
-10
47
-27
32
-11
22
45
37
37
-17
41
-63
97
28
-25
136
-106
145
-132
73
-63
-53
114
-136
105
-99
54
-19
12
37
-31
42
-28
19
8
-15
10
-23
69
-29
31
21
-73
91
-77
156
-129
157
-129
11
43
-191
234
-247
175
-121
-15
60
-185
166
-169
44
-34
-135
156
-177
148
-87
64
21
-79
129
-139
164
-63
29
6
-57
64
-120
119
-151
36
0
-38
75
-122
81
-117
-15
10
-204
149
-200
36
-4
-187
171
-282
265
-233
167
-26
-76
182
-200
225
-172
175
-82
78
28
-34
94
-42
84
21
-43
110
-128
154
-137
124
19
-189
247
-234
249
-105
68
44
-83
111
-137
133
-75
46
-35
-34
61
-109
133
-32
72
105
-89
180
-131
117
-36
-54
180
-204
223
-205
117
-48
-5
73
-119
177
-146
138
-77
64
-16
-40
45
-85
86
-61
-23
56
-94
98
-98
25
-25
-48
102
-100
122
-68
49
-52
-3
48
-77
64
-47
0
88
-73
131
-78
63
10
-37
176
-192
249
-263
162
-129
-97
142
-271
252
-246
146
-152
-31
27
-155
105
-126
38
-84
-42
23
-102
101
-138
53
18
-85
163
-173
216
-141
123
-28
-29
131
-114
205
-120
154
-12
16
96
-124
143
-82
78
2
-62
47
-203
116
-224
102
-105
-17
36
-115
96
-134
112
-95
46
-8
-65
67
-102
89
-65
42
27
-65
143
-150
134
-83
64
18
26
-12
65
-33
40
37
-11
92
-12
29
-16
9
-21
60
-100
124
-150
179
-151
101
-34
-9
109
-133
182
-167
122
-102
7
40
-92
108
-108
49
-30
-56
44
-18
11
57
-33
4
56
-60
48
-44
40
7
68
-37
107
-43
59
-19
18
84
-98
194
-154
174
-141
100
-9
-62
176
-252
347
-278
336
-235
129
-39
-173
212
-271
271
-295
246
-253
194
-165
33
10
-91
134
-187
239
-344
265
-313
239
-179
125
-35
12
54
-92
128
-185
250
-294
278
-299
165
-125
-96
123
-291
319
-320
241
-247
171
-142
-31
110
-233
290
-391
336
-398
270
-250
63
5
-126
210
-239
335
-311
380
-303
230
-71
-46
196
-254
307
-314
364
-332
186
-133
42
78
-147
270
-285
340
-362
272
-191
151
-8
-67
245
-278
395
-438
422
-364
284
-122
5
175
-223
344
-347
415
-395
405
-296
182
-48
-41
151
-197
318
-330
349
-362
297
-229
172
-58
-58
92
-187
266
-280
341
-281
287
-228
134
-51
-2
80
-82
99
-146
130
-114
98
-24
17
50
-6
37
-3
24
-30
28
-55
33
-92
32
-28
-59
42
-109
66
-137
77
-133
93
-161
153
-180
174
-100
73
32
-112
157
-175
247
-246
280
-279
259
-259
142
-15
-36
164
-198
283
-262
284
-274
203
-233
128
-50
-5
109
-169
169
-187
156
-183
141
-121
88
-82
-18
-63
32
17
-36
104
-101
153
-142
102
-65
-15
43
-46
52
-94
52
-61
57
-56
76
-20
24
-103
5
-50
-71
43
-94
68
-102
22
-40
-3
18
-85
104
-194
187
-194
203
-143
84
-67
77
-93
110
-10
69
122
-49
227
-153
172
-178
94
-1
67
9
45
-99
34
-96
63
-9
18
104
-66
54
-25
-28
22
-4
10
46
-83
53
-112
30
-13
15
-11
26
-71
104
-103
119
-64
109
33
40
84
39
-18
66
-135
38
-102
5
-14
21
-21
-46
139
-111
107
-186
90
-36
125
-98
164
-197
143
-175
94
-76
35
-3
11
41
-84
122
-189
141
-170
169
-106
181
-76
114
-23
-49
81
-37
31
-82
4
-26
14
68
-82
24
50
4
38
18
6
-91
79
-168
117
-114
227
-154
94
-182
56
-11
-38
126
-93
121
-256
51
-218
68
-204
109
-153
130
-65
-76
46
-168
128
-144
114
-90
137
8
-84
152
-186
195
-206
111
78
70
69
-41
-33
-22
-63
46
112
-61
47
-36
40
-6
89
-71
58
-91
-37
18
-61
105
-88
-38
-169
42
18
165
24
35
-88
35
31
17
109
-147
48
-125
204
-37
203
-188
54
-57
72
37
68
89
-71
-1
-51
20
30
-11
-54
1
86
57
66
-35
-26
-74
0
25
56
-45
-30
-16
31
86
53
111
-65
114
96
39
116
-226
-131
-256
-138
-38
52
-49
-99
-122
-88
20
-56
137
-75
38
-43
66
-14
85
-74
-8
7
24
177
140
152
101
119
60
163
75
120
-58
45
104
131
50
-56
-13
-106
-76
-138
-18
-126
-18
-168
-136
-137
-103
1
70
161
9
137
17
-34
-110
-47
8
11
25
-178
-220
-250
-119
-45
26
-54
-93
2
-121
-27
19
-77
-36
-49
40
25
59
69
76
105
96
137
116
193
96
170
102
74
32
-51
-56
32
-55
-2
-16
-12
-33
-125
-59
-67
-9
-59
-50
-85
-23
-79
-68
-33
-44
20
29
16
71
33
32
26
18
26
31
19
-17
29
-16
54
-6
23
-16
2
-1
33
46
26
45
-20
69
5
34
1
6
-49
58
11
44
-22
-27
-42
-75
41
-6
34
57
20
46
30
11
4
-54
-24
-36
57
38
36
18
0
-21
38
15
15
-21
-10
-2
-13
48
82
48
53
-31
-15
-21
-74
-45
-107
-42
-40
11
-2
-46
-12
-21
89
66
76
6
-51
-93
-82
-24
14
-6
-32
48
-8
-20
-22
-28
6
-14
7
-3
48
-54
-3
-9
-55
66
-18
62
-46
56
-21
-55
-66
-50
-13
-15
24
-34
109
-47
36
-66
-24
-28
-5
44
40
110
13
25
-39
-24
-78
-36
19
-85
-23
-155
-118
-154
-112
-145
-38
15
-18
95
-40
8
-20
37
39
76
78
77
118
108
153
146
134
78
75
141
60
102
43
-7
-56
-44
-28
-30
-18
-75
-71
-78
-48
-94
-61
-137
-28
-67
1
59
18
79
55
111
116
103
56
31
-3
-1
17
29
8
-7
-14
-51
-57
-27
-22
-27
-34
-7
-10
-21
-38
-53
-7
1
61
83
49
33
11
-4
-12
-19
-7
5
27
19
73
15
-18
-57
0
-12
-18
29
7
-36
-105
-91
-85
-58
-51
-47
-21
-18
4
64
35
-22
12
35
56
-12
34
60
31
37
-21
59
-1
-1
-6
12
47
15
53
27
5
5
2
-29
9
-13
24
-18
-14
-30
-37
-24
-68
-12
-26
-51
-64
-62
-60
-10
-30
-37
-37
-55
-53
-35
-26
-10
-17
-42
-29
-45
16
-8
-23
22
-23
41
5
36
16
6
-9
23
45
36
29
-68
-59
-86
-22
-15
-42
28
-7
37
10
48
15
-14
-21
63
122
112
127
56
6
-60
-5
-16
23
21
39
53
-6
12
-5
-7
-77
11
42
24
42
76
109
71
103
99
156
134
215
288
363
326
313
347
287
298
285
316
338
306
321
324
300
205
144
82
10
-70
-158
-267
-440
-569
-697
-793
-892
-1012
-1063
-1103
-1126
-1093
-1060
-1010
-976
-898
-790
-646
-546
-443
-323
-211
-92
4
166
246
338
420
484
565
583
625
636
686
662
690
675
638
565
498
461
400
394
360
418
364
359
294
315
339
341
507
548
651
580
642
653
645
597
566
618
575
598
560
504
334
113
28
-96
-139
-244
-317
-484
-398
284
1163
1468
931
314
-2
-78
-132
14
208
-3
-770
-1344
-1388
-1198
-1415
-2112
-2659
-2521
-1767
-1279
-1417
-2107
-2680
-2849
-2593
-2102
-1606
-1190
-987
-570
204
900
950
535
278
520
1112
1703
2160
2275
1917
1303
880
726
523
66
-342
-495
-255
-13
-75
-414
-942
-1240
-1275
-907
-486
-60
225
530
874
1102
1191
1079
1089
1205
1601
2005
2289
2372
2167
1880
1515
1288
1052
848
646
580
570
415
88
-392
-757
-1103
-1082
-959
-740
-555
-453
-346
-280
-191
-164
-111
-71
161
418
588
685
952
1528
2398
3189
3214
2445
1446
801
648
631
481
-25
-876
-1887
-2645
-2924
-3115
-3541
-4192
-4559
-4183
-3302
-2880
-3237
-4108
-4588
-4151
-3087
-2067
-1464
-897
-127
878
1773
2229
2159
1802
1715
2165
3040
3634
3547
2858
1877
995
286
-243
-848
-1500
-2002
-2105
-1787
-1576
-1754
-2278
-2655
-2502
-1869
-1032
-330
203
696
1294
1803
2133
2210
2250
2447
2803
3249
3518
3461
3083
2583
2147
1789
1420
1058
643
382
177
-89
-407
-850
-1324
-1688
-1677
-1421
-1124
-781
-439
-195
-7
298
565
785
927
1157
1370
1377
1286
1159
985
708
465
160
-125
-357
-453
-161
361
912
1413
1756
1638
927
155
-181
-138
-141
-347
-688
-1266
-2068
-2745
-3127
-3348
-3432
-3399
-3150
-2679
-2138
-1984
-2348
-2959
-3188
-2759
-1861
-1012
-314
392
1121
1649
1826
1703
1493
1450
1564
1879
2152
2152
1605
689
-248
-1007
-1707
-2373
-2719
-2702
-2475
-2251
-2038
-1886
-1809
-1744
-1485
-957
-278
508
1179
1770
2178
2521
2662
2621
2630
2769
3070
3279
3329
3125
2735
2235
1671
1134
713
325
1
-211
-349
-464
-658
-936
-1219
-1323
-1178
-800
-263
256
626
942
1322
1520
1522
1511
1512
1538
1588
1512
1228
828
327
-112
-446
-729
-1045
-1324
-1274
-620
306
1057
1691
1999
1581
617
25
58
211
1
-477
-990
-1493
-2191
-2975
-3522
-3728
-3654
-3519
-3077
-2425
-1943
-2131
-2788
-3284
-3149
-2431
-1611
-838
-92
766
1458
1797
1723
1462
1200
1145
1439
1839
2028
1673
866
-109
-898
-1500
-2066
-2442
-2452
-2141
-1799
-1405
-1147
-1046
-1049
-934
-467
158
792
1267
1775
2136
2444
2482
2373
2256
2259
2493
2717
2895
2754
2464
2063
1632
1146
713
400
110
-53
-145
-207
-280
-404
-519
-547
-458
-323
43
439
729
1039
1206
1236
1159
1165
1178
1113
908
541
36
-439
-869
-1162
-1365
-1449
-1453
-1375
-927
-32
1007
1948
2706
2729
1842
849
530
648
485
-55
-718
-1522
-2520
-3497
-4042
-4180
-4153
-4149
-3880
-3137
-2294
-2157
-2784
-3445
-3418
-2564
-1476
-470
426
1309
2120
2625
2747
2512
1994
1407
1361
2037
2633
2450
1550
440
-665
-1614
-2156
-2267
-2278
-2185
-1857
-1364
-1018
-1078
-1359
-1536
-1215
-422
574
1369
1875
2139
2228
2261
2243
2202
2217
2408
2734
3099
3164
2772
2017
1242
611
150
-154
-383
-568
-763
-969
-1211
-1412
-1590
-1682
-1447
-928
-328
91
445
696
774
836
1091
1375
1496
1606
1609
1453
1124
714
261
-231
-641
-773
-770
-826
-1039
-1042
-434
442
1513
2699
3458
3046
1684
589
419
600
282
-386
-1190
-2088
-3186
-3997
-4160
-4061
-3912
-3710
-3033
-1873
-863
-887
-1783
-2510
-2383
-1399
-301
522
1072
1599
2069
2231
1923
1243
390
-246
-102
773
1556
1317
242
-864
-1680
-2291
-2444
-2070
-1478
-1048
-759
-415
-238
-539
-1126
-1368
-897
95
1143
1857
2116
2041
1775
1491
1329
1341
1472
1780
2229
2559
2478
1880
949
62
-413
-557
-548
-419
-299
-313
-475
-645
-722
-705
-547
-221
282
834
1207
1288
1240
1101
938
940
1096
1139
992
824
596
250
-178
-514
-669
-815
-935
-877
-698
-620
-429
213
1112
2195
3389
4008
3402
1996
913
623
644
412
-134
-984
-2260
-3570
-4242
-4205
-3946
-3901
-3704
-2909
-1580
-593
-775
-1801
-2680
-2486
-1416
-196
685
1268
1721
1941
1859
1419
688
-243
-852
-646
157
921
1034
407
-740
-1797
-2400
-2453
-2036
-1267
-400
88
107
-169
-559
-1073
-1431
-1188
-316
834
1839
2429
2405
1895
1226
826
811
1151
1669
2137
2438
2370
1928
1055
70
-724
-1071
-972
-547
-64
164
145
-66
-244
-322
-308
-102
311
806
1322
1603
1472
1073
841
761
598
525
691
804
570
157
-189
-508
-872
-1114
-1026
-764
-391
21
177
346
815
1651
3034
4439
4675
3399
1919
1283
1049
690
139
-633
-1897
-3531
-4597
-4613
-4127
-4112
-4459
-4296
-3020
-1327
-852
-1816
-2958
-2992
-2029
-720
431
1197
1609
1801
1883
1794
1483
683
-368
-752
-71
935
1248
669
-305
-1176
-1764
-2020
-1808
-1216
-674
-428
-368
-295
-476
-1128
-1868
-2123
-1555
-534
488
1185
1468
1460
1334
1234
1210
1340
1581
1985
2449
2728
2573
1919
1055
264
-228
-382
-257
-31
136
209
173
162
162
75
-27
189
712
1191
1413
1367
1217
978
736
587
530
540
617
629
422
36
-278
-498
-562
-381
-14
301
326
177
61
316
797
1661
3254
4747
4670
2943
1219
394
-39
-558
-909
-1270
-2345
-4050
-5214
-5084
-4554
-4687
-5082
-4539
-2680
-698
-266
-1241
-2248
-2250
-1408
-273
829
1625
2119
2290
2288
2130
1566
331
-1066
-1465
-709
262
480
-77
-908
-1773
-2500
-2733
-2217
-1505
-1068
-798
-380
85
105
-426
-1017
-1060
-560
230
1129
1924
2336
2340
2171
1981
1835
1759
1798
1964
2165
2195
1873
1263
468
-302
-898
-1152
-1068
-780
-464
-193
126
342
374
253
223
454
1032
1550
1722
1797
1863
1744
1373
1028
770
643
584
541
374
75
-245
-539
-682
-603
-362
-263
-412
-416
-148
242
593
1040
2216
3828
4500
3306
1455
409
10
-390
-729
-891
-1599
-3195
-4715
-5111
-4612
-4372
-4738
-4878
-3817
-1951
-882
-1237
-2196
-2558
-2064
-1037
192
1231
1811
1931
1931
1928
1803
1161
-28
-870
-749
-12
454
258
-383
-1198
-1870
-2140
-1841
-1233
-808
-591
-316
210
597
480
33
-281
-153
321
1084
1835
2274
2296
2167
2113
2073
2004
1835
1709
1711
1769
1696
1348
804
148
-412
-767
-914
-891
-737
-435
-77
237
369
310
123
169
555
984
1206
1359
1565
1657
1441
877
403
142
-17
-115
-17
114
-144
-614
-829
-654
-500
-541
-673
-730
-692
-414
-39
167
277
809
2217
3650
3695
2312
911
174
-232
-490
-589
-894
-2025
-3766
-4931
-4762
-4017
-3948
-4477
-4478
-3142
-1323
-491
-982
-1747
-1808
-1134
-93
1008
1871
2201
2062
1893
1972
1945
1182
-131
-975
-816
-143
175
-86
-680
-1291
-1818
-1958
-1481
-734
-300
-183
176
876
1390
1307
803
373
391
866
1469
1895
2085
2101
1979
1791
1596
1354
1068
839
820
989
1128
978
526
-110
-679
-930
-862
-627
-352
-70
217
423
429
318
235
248
370
660
1040
1350
1423
1138
627
221
-36
-223
-231
-188
-292
-487
-619
-712
-859
-1005
-1197
-1336
-1086
-540
-201
-157
30
560
996
1543
2819
4117
3920
2416
1229
788
331
-374
-935
-1536
-2592
-3936
-4752
-4599
-4124
-4232
-4648
-4286
-2935
-1543
-997
-1095
-1243
-1124
-544
451
1502
2114
2201
2130
2235
2408
2087
1064
-116
-623
-465
-251
-269
-465
-777
-1284
-1768
-1806
-1234
-529
-203
-112
288
1076
1541
1303
824
626
757
1024
1369
1704
1881
1813
1559
1296
1187
1072
844
636
624
773
820
650
298
-79
-469
-722
-733
-537
-356
-179
0
70
105
152
254
369
521
691
906
1151
1191
916
524
307
234
43
-277
-518
-753
-1131
-1450
-1520
-1527
-1488
-1229
-978
-873
-702
-371
102
736
1427
2149
3280
4469
4573
3424
2158
1396
678
-153
-687
-988
-1803
-3288
-4486
-4621
-4176
-4198
-4690
-4720
-3689
-2207
-1300
-1121
-1112
-922
-618
30
1047
2005
2486
2599
2632
2681
2611
2070
1138
331
-48
-237
-374
-437
-533
-940
-1559
-1861
-1677
-1283
-1180
-1299
-1065
-327
424
709
673
547
479
473
679
1122
1517
1669
1561
1507
1586
1604
1339
929
622
544
653
724
675
402
-26
-428
-626
-655
-614
-572
-507
-323
-141
-44
44
210
342
357
384
569
851
975
958
902
885
761
367
-201
-679
-1010
-1316
-1457
-1383
-1184
-1002
-878
-736
-554
-262
246
997
1723
2530
3776
4878
4822
3643
2406
1586
856
14
-643
-1109
-1817
-3028
-4163
-4466
-4165
-4198
-4780
-4974
-4124
-2758
-1888
-1680
-1593
-1267
-783
-106
851
1844
2438
2616
2691
2891
3062
2811
2114
1351
823
506
277
7
-347
-864
-1523
-2130
-2380
-2238
-2152
-2320
-2455
-2122
-1435
-829
-459
-228
19
346
806
1252
1635
1894
1988
1978
2052
2322
2461
2286
1835
1358
1010
802
500
85
-227
-463
-698
-853
-844
-815
-865
-981
-1002
-822
-450
-35
285
462
599
798
1050
1276
1365
1300
1181
1083
939
690
417
86
-347
-692
-774
-755
-849
-996
-1081
-1050
-891
-590
-130
434
1054
1834
2816
3566
3554
2927
2202
1635
1112
646
270
-228
-1159
-2289
-2950
-2881
-2548
-2613
-3101
-3417
-3197
-2776
-2624
-2672
-2610
-2412
-2091
-1478
-573
244
626
656
660
884
1250
1504
1597
1576
1494
1407
1430
1431
1215
719
99
-341
-479
-509
-707
-1151
-1625
-1872
-1879
-1744
-1542
-1189
-779
-442
-198
65
404
676
808
881
1096
1527
1959
2158
2106
1904
1570
1172
865
768
764
686
526
373
316
284
142
-155
-426
-559
-555
-435
-252
-64
91
135
136
181
239
235
169
95
86
198
332
409
461
481
430
313
218
188
155
126
99
95
141
218
239
224
204
300
592
970
1181
1116
899
571
111
-352
-612
-758
-988
-1298
-1436
-1201
-793
-656
-891
-1166
-1193
-1067
-995
-1014
-1028
-1086
-1350
-1667
-1727
-1475
-1182
-1022
-926
-789
-609
-483
-454
-497
-549
-519
-301
117
590
961
1121
1073
919
822
801
691
490
320
313
433
585
685
654
494
266
92
57
157
279
315
245
139
58
-4
-112
-280
-449
-485
-422
-321
-117
164
455
595
646
649
679
768
816
781
682
646
656
645
534
368
224
77
-52
-140
-106
-2
22
-46
-88
-30
13
25
70
170
272
358
437
487
500
398
208
73
53
26
15
81
207
424
736
1031
1090
952
718
477
270
151
72
-73
-333
-619
-659
-372
53
236
105
-161
-424
-778
-1200
-1500
-1671
-1791
-1903
-1900
-1728
-1500
-1388
-1487
-1643
-1671
-1496
-1208
-908
-655
-455
-307
-220
-86
120
356
466
478
570
828
1127
1203
1056
831
680
591
518
435
378
319
129
-155
-392
-478
-542
-680
-855
-892
-729
-548
-458
-428
-323
-170
-36
90
289
587
847
998
1055
1137
1195
1154
1014
860
794
715
613
500
482
475
381
255
204
254
274
225
136
133
138
153
198
288
432
559
621
569
511
472
405
252
120
45
8
20
56
151
284
462
701
976
1140
1063
812
524
363
382
526
619
543
301
56
-30
-46
-141
-358
-542
-680
-812
-939
-1056
-1216
-1483
-1791
-2020
-2052
-1962
-1866
-1820
-1773
-1695
-1663
-1658
-1634
-1549
-1434
-1309
-1108
-760
-321
33
269
424
587
747
898
986
967
886
746
576
393
280
170
14
-263
-578
-781
-837
-793
-816
-818
-763
-611
-442
-281
-144
-49
20
71
222
460
788
1025
1149
1217
1308
1398
1381
1309
1236
1199
1172
1145
1106
1079
1008
861
648
497
494
502
472
445
433
394
319
188
27
-72
-50
-4
34
75
131
131
76
47
18
40
100
261
506
724
839
887
1001
1176
1273
1217
1040
842
669
517
391
262
102
-155
-413
-496
-340
-184
-267
-539
-798
-942
-1065
-1274
-1497
-1651
-1757
-1906
-2060
-2117
-2072
-1991
-1921
-1852
-1764
-1655
-1535
-1406
-1274
-1126
-913
-631
-347
-123
43
137
121
76
87
146
126
-20
-202
-370
-481
-535
-555
-586
-637
-679
-642
-499
-318
-212
-211
-161
33
319
532
664
762
843
889
918
1049
1206
1312
1330
1381
1487
1626
1684
1630
1519
1440
1392
1321
1307
1347
1424
1400
1324
1191
1041
835
575
360
222
161
115
96
97
90
60
23
37
97
151
239
302
341
348
359
332
259
195
175
167
163
200
293
404
425
336
174
6
-163
-259
-245
-193
-196
-275
-354
-338
-282
-340
-541
-840
-1156
-1455
-1689
-1843
-1966
-2053
-2168
-2291
-2322
-2206
-2020
-1855
-1696
-1505
-1335
-1201
-1111
-1080
-1051
-1007
-921
-777
-571
-365
-234
-249
-362
-493
-547
-509
-441
-354
-237
-82
38
127
174
193
231
282
386
554
763
950
1055
1071
1057
1056
1045
1032
1041
1128
1235
1363
1460
1518
1561
1567
1568
1525
1546
1575
1637
1631
1529
1343
1172
1026
878
742
620
595
556
496
356
241
144
86
30
8
35
92
175
247
264
192
78
-67
-179
-233
-253
-277
-318
-354
-340
-301
-268
-280
-317
-304
-100
226
486
582
562
474
294
59
-135
-182
-206
-315
-472
-518
-427
-409
-632
-1025
-1375
-1590
-1748
-1878
-1909
-1848
-1771
-1760
-1745
-1655
-1533
-1477
-1539
-1585
-1497
-1318
-1186
-1166
-1243
-1329
-1372
-1333
-1168
-927
-681
-485
-315
-153
20
181
279
343
463
639
833
974
1033
1005
866
664
476
380
393
475
589
707
831
877
847
786
780
840
942
1092
1281
1509
1665
1675
1562
1411
1304
1235
1175
1153
1172
1227
1239
1199
1123
1024
912
771
676
650
665
680
618
497
327
145
-47
-200
-274
-299
-226
-158
-124
-187
-277
-362
-454
-537
-610
-591
-486
-368
-246
-135
-56
-20
59
277
521
631
568
419
233
40
-79
-81
-78
-174
-376
-509
-477
-401
-495
-785
-1098
-1341
-1569
-1811
-1988
-2070
-2176
-2365
-2506
-2499
-2395
-2293
-2258
-2229
-2136
-1950
-1717
-1459
-1195
-986
-789
-565
-254
64
351
558
757
965
1139
1275
1284
1220
1090
937
770
617
510
425
365
273
152
62
84
196
293
358
459
641
837
1006
1118
1223
1278
1288
1336
1390
1475
1536
1543
1490
1388
1277
1208
1183
1124
1012
892
848
798
720
573
403
266
232
217
184
162
156
139
98
124
117
138
118
102
101
111
119
72
-36
-217
-386
-557
-708
-804
-760
-629
-506
-469
-368
-7
489
765
668
502
455
457
406
442
569
562
248
-229
-461
-406
-400
-783
-1382
-1845
-2087
-2303
-2589
-2846
-3056
-3291
-3523
-3543
-3272
-2876
-2588
-2408
-2184
-1815
-1359
-927
-537
-210
62
380
817
1278
1616
1771
1801
1783
1742
1692
1571
1348
1053
766
524
336
182
25
-170
-415
-652
-772
-698
-500
-300
-166
-7
264
582
821
949
1062
1213
1387
1551
1736
1938
2090
2091
1957
1807
1720
1630
1479
1294
1094
955
831
737
625
469
279
98
18
7
35
53
75
111
185
227
219
240
308
333
283
179
78
3
-85
-241
-389
-497
-600
-611
-456
-179
269
982
1702
1865
1405
879
634
539
383
256
139
-213
-896
-1525
-1697
-1631
-1900
-2615
-3271
-3392
-3178
-3191
-3526
-3879
-4126
-4297
-4238
-3769
-3028
-2403
-2013
-1664
-1108
-394
164
494
771
1144
1571
2036
2513
2812
2746
2324
1806
1439
1292
1167
799
226
-285
-563
-706
-909
-1195
-1461
-1648
-1721
-1564
-1121
-564
-119
139
368
770
1334
1840
2108
2208
2339
2580
2824
3000
3051
2944
2680
2354
2088
1854
1618
1329
977
611
318
128
-58
-321
-630
-822
-793
-569
-347
-241
-180
-70
91
268
491
697
791
789
836
951
1035
1016
805
420
77
-84
-171
-253
-203
-76
360
1336
2319
2237
1130
190
-58
-91
-251
-315
-471
-1194
-2380
-3119
-2969
-2616
-3003
-4001
-4489
-3930
-3144
-3045
-3465
-3841
-4060
-4107
-3576
-2412
-1251
-702
-597
-293
517
1387
1709
1599
1508
1592
1836
2261
2625
2443
1588
518
-179
-299
-204
-437
-1090
-1652
-1689
-1370
-1129
-1149
-1277
-1381
-1311
-887
-76
835
1435
1637
1758
2157
2757
3178
3170
2863
2639
2659
2783
2775
2489
1930
1246
691
394
263
94
-253
-651
-854
-892
-939
-1039
-1090
-1043
-832
-393
165
654
907
977
1006
1166
1467
1738
1803
1771
1794
1792
1646
1314
849
295
-253
-599
-703
-807
-1040
-1214
-1123
-888
-132
1427
2745
2392
959
328
810
1222
976
715
413
-620
-2197
-2991
-2598
-2320
-3262
-4636
-4820
-3645
-2704
-3148
-4264
-4875
-4805
-4324
-3287
-1875
-785
-545
-499
162
1301
2025
1793
1306
1330
1891
2579
3074
2971
2011
616
-510
-961
-806
-659
-1109
-1892
-2193
-1813
-1409
-1518
-1922
-2119
-1834
-1033
96
1253
2021
2238
2233
2478
3034
3508
3610
3387
3216
3339
3437
3126
2376
1414
531
-37
-213
-213
-370
-832
-1336
-1572
-1554
-1526
-1634
-1700
-1456
-885
-157
474
879
1086
1161
1297
1580
1985
2266
2251
2090
1965
1882
1561
1011
399
-113
-425
-594
-773
-1092
-1452
-1714
-1840
-1798
-1629
-1326
-821
-130
1180
3117
4433
3820
2182
1318
1468
1570
1238
941
381
-1022
-2716
-3300
-2917
-3101
-4392
-5465
-5042
-3561
-2608
-3030
-3982
-4342
-4017
-3276
-2062
-670
95
173
447
1325
2177
2183
1437
906
1162
1823
2280
2233
1529
291
-981
-1752
-1791
-1444
-1397
-1872
-2232
-1900
-1216
-908
-1163
-1432
-1168
-257
983
2102
2827
3104
3126
3128
3196
3239
3142
2857
2491
2291
2288
2112
1420
448
-412
-907
-996
-910
-938
-1114
-1173
-982
-783
-826
-925
-763
-356
94
586
1103
1499
1613
1463
1379
1580
1833
1762
1500
1381
1253
814
175
-365
-664
-807
-872
-870
-850
-880
-1014
-1212
-1348
-1236
-939
-584
-152
359
749
1005
1264
1634
2628
4036
4309
2779
1183
908
1114
609
-267
-905
-1785
-3233
-4254
-3966
-3253
-3474
-4349
-4442
-3205
-1695
-1330
-2144
-2849
-2593
-1741
-862
-113
260
144
51
434
944
916
221
-538
-618
-57
434
416
-106
-908
-1568
-1769
-1525
-1049
-684
-683
-762
-428
172
390
87
-158
130
893
1744
2345
2540
2392
2091
1880
1876
1860
1652
1424
1409
1464
1304
888
387
-14
-197
-147
67
377
630
685
582
501
498
492
450
458
699
1111
1335
1175
921
809
695
456
276
299
396
400
275
104
-64
-262
-584
-856
-793
-469
-222
-198
-233
-155
-34
-105
-333
-365
-142
51
140
246
234
1
-256
-300
-30
341
1047
2478
3603
2754
698
-232
124
288
-96
-317
-506
-1395
-2737
-3261
-2734
-2626
-3505
-3989
-3055
-1512
-857
-1630
-2969
-3499
-3058
-2447
-1878
-1260
-858
-694
-338
127
237
-199
-835
-858
66
1174
1522
1161
700
405
107
-289
-484
-217
205
346
333
399
289
-251
-833
-871
-297
435
934
1224
1463
1636
1642
1458
1262
1365
1740
2145
2479
2702
2668
2302
1829
1508
1424
1470
1521
1551
1542
1395
999
384
-209
-515
-529
-456
-399
-279
-163
-239
-473
-648
-661
-570
-407
-155
186
463
497
305
8
-240
-285
-188
-118
-69
25
25
-230
-667
-994
-992
-813
-648
-403
-113
-6
-46
-98
-283
-506
-441
-143
132
296
453
648
946
1546
2339
2418
1256
36
-112
152
-101
-618
-1136
-1949
-3001
-3528
-3212
-2796
-3001
-3286
-2728
-1545
-802
-1064
-1871
-2382
-2132
-1450
-823
-316
64
259
429
635
531
-28
-628
-667
2
776
929
483
52
-124
-266
-578
-881
-807
-304
206
401
382
252
3
-181
45
709
1461
1950
2251
2586
2856
2854
2622
2387
2261
2371
2670
2791
2398
1666
1092
792
450
-11
-223
-49
190
149
-130
-429
-659
-838
-926
-783
-456
-170
-30
74
132
19
-226
-380
-242
71
307
344
251
97
-112
-326
-543
-700
-704
-581
-391
-183
-63
-174
-418
-531
-414
-174
22
138
281
445
419
184
-48
-204
-384
-536
-514
-385
-366
-486
-576
-523
-437
-292
274
1296
1924
1376
327
-1
278
147
-414
-648
-614
-996
-1593
-1619
-1266
-1431
-2056
-2234
-1699
-1142
-1229
-1828
-2286
-2235
-1977
-1887
-1866
-1655
-1264
-850
-514
-365
-415
-492
-394
20
591
953
1036
1121
1332
1452
1359
1201
1214
1443
1693
1754
1614
1306
882
560
512
603
593
533
636
893
1001
838
627
614
749
878
998
1172
1388
1455
1347
1237
1189
1021
691
446
434
507
396
125
-41
-60
-189
-519
-773
-768
-645
-575
-545
-468
-342
-263
-257
-226
-173
-143
-132
-80
52
138
78
-67
-114
12
135
157
131
107
60
-18
-95
-137
-91
-10
17
7
-6
-104
-253
-313
-293
-344
-495
-572
-511
-472
-569
-671
-729
-753
-696
-493
-238
17
360
687
641
247
17
120
206
86
-15
-75
-415
-938
-1140
-980
-984
-1326
-1594
-1547
-1444
-1541
-1713
-1826
-1924
-2006
-1963
-1771
-1565
-1372
-1060
-593
-185
-29
13
182
538
939
1165
1180
1267
1564
1824
1777
1525
1392
1440
1427
1233
1040
932
781
596
525
525
383
101
-66
19
177
235
271
436
689
897
1006
995
931
946
1083
1276
1413
1463
1463
1408
1267
1103
943
720
422
180
106
104
-23
-288
-507
-600
-691
-879
-1054
-1058
-867
-633
-530
-514
-473
-406
-337
-253
-120
52
208
295
324
311
238
146
39
-78
-155
-153
-143
-212
-338
-485
-665
-889
-1049
-1082
-1061
-1044
-1047
-1017
-930
-832
-801
-787
-727
-648
-529
-330
-73
102
201
314
512
767
875
677
337
165
200
267
261
166
-13
-234
-433
-574
-626
-563
-426
-342
-413
-582
-695
-680
-608
-631
-794
-976
-990
-815
-592
-490
-578
-751
-806
-641
-398
-244
-202
-198
-127
22
209
377
485
580
715
865
918
855
726
593
576
746
946
993
911
878
979
1069
1020
893
848
970
1146
1238
1235
1150
1029
942
863
778
742
776
804
736
584
398
243
139
54
-18
-69
-119
-165
-204
-275
-372
-460
-530
-564
-535
-465
-394
-365
-370
-346
-274
-223
-213
-180
-64
122
225
174
103
131
169
141
83
36
-26
-87
-92
-128
-253
-408
-528
-587
-640
-690
-692
-717
-804
-880
-871
-801
-740
-737
-790
-838
-798
-679
-550
-445
-393
-382
-315
-88
200
279
55
-209
-211
-29
129
217
306
385
386
277
133
73
80
56
-27
-120
-177
-177
-193
-317
-571
-853
-1013
-972
-805
-666
-639
-713
-790
-804
-786
-795
-810
-715
-475
-169
119
339
462
515
589
734
906
1000
1056
1186
1394
1544
1525
1357
1158
996
868
778
709
630
540
438
317
185
62
-47
-118
-85
53
235
370
461
532
548
490
446
549
731
848
912
986
1064
1068
1004
900
782
658
523
446
455
474
376
145
-92
-219
-272
-345
-454
-535
-542
-558
-632
-700
-711
-684
-674
-697
-685
-596
-500
-465
-471
-478
-531
-651
-740
-739
-703
-678
-683
-722
-785
-845
-899
-957
-965
-881
-754
-648
-591
-581
-559
-470
-374
-315
-195
26
240
404
544
572
395
151
5
-15
49
174
262
211
73
-89
-269
-390
-369
-244
-154
-129
-77
19
83
20
-159
-287
-255
-163
-136
-143
-128
-161
-323
-551
-731
-818
-804
-729
-642
-584
-574
-618
-681
-659
-518
-360
-271
-172
48
375
650
780
882
1071
1318
1519
1671
1814
1952
2035
2064
2047
1940
1777
1645
1553
1433
1292
1138
942
750
603
464
278
128
78
81
80
19
-49
-64
-45
-44
-21
64
155
201
225
253
249
175
63
10
31
38
-70
-253
-421
-548
-681
-861
-1064
-1247
-1320
-1269
-1232
-1276
-1332
-1330
-1264
-1139
-977
-824
-682
-560
-448
-336
-229
-186
-166
-76
58
135
144
162
158
44
-118
-204
-222
-232
-250
-265
-265
-244
-205
-169
-136
-61
61
110
12
-81
-28
106
173
172
215
259
193
58
-11
26
81
71
-15
-170
-379
-574
-680
-750
-882
-1048
-1134
-1106
-1007
-905
-872
-880
-873
-825
-718
-564
-350
-80
175
350
444
520
620
720
775
813
882
951
985
983
962
911
853
793
766
823
905
940
926
954
1020
1053
1027
992
994
1027
1018
949
893
902
908
818
674
572
539
508
438
347
248
157
68
11
-3
-37
-148
-275
-308
-253
-242
-311
-395
-411
-358
-342
-386
-411
-397
-404
-481
-558
-570
-512
-453
-436
-421
-381
-334
-339
-368
-342
-299
-268
-209
-111
-36
-19
-58
-117
-137
-137
-164
-202
-218
-253
-348
-456
-539
-596
-631
-679
-738
-753
-689
-590
-507
-389
-249
-227
-375
-506
-446
-257
-61
60
101
69
17
-42
-98
-106
-64
14
36
-46
-166
-261
-363
-500
-642
-760
-845
-879
-839
-763
-737
-782
-820
-801
-735
-650
-503
-272
-37
119
240
342
434
539
652
741
815
908
1009
1089
1092
1035
978
953
941
919
894
873
860
866
862
845
820
788
759
771
816
842
848
856
892
915
866
761
665
611
547
469
404
358
309
218
108
7
-90
-209
-303
-324
-271
-219
-210
-223
-231
-188
-171
-170
-170
-119
-57
-56
-83
-107
-92
-98
-129
-165
-210
-208
-182
-156
-172
-205
-271
-379
-437
-445
-395
-356
-365
-384
-406
-432
-479
-531
-550
-514
-430
-383
-403
-463
-563
-688
-784
-825
-788
-690
-542
-386
-332
-463
-684
-778
-726
-639
-552
-379
-183
-109
-152
-214
-258
-248
-136
10
82
73
64
70
24
-88
-238
-404
-536
-580
-536
-470
-446
-486
-580
-691
-770
-759
-650
-491
-319
-138
14
130
236
364
518
672
814
923
1046
1172
1242
1271
1258
1195
1093
992
913
851
776
666
542
456
397
316
241
212
243
324
436
529
594
640
697
786
854
895
925
962
1008
1014
989
950
891
801
700
618
572
522
426
293
163
73
-3
-68
-107
-121
-141
-181
-198
-210
-241
-294
-318
-298
-269
-251
-266
-286
-325
-404
-494
-536
-526
-529
-576
-644
-690
-726
-769
-831
-886
-932
-963
-985
-997
-973
-943
-931
-972
-1033
-1045
-983
-897
-824
-724
-592
-460
-325
-204
-180
-279
-366
-313
-196
-120
-57
36
70
-55
-253
-371
-360
-260
-125
-35
-36
-73
-111
-185
-284
-347
-351
-312
-245
-184
-158
-195
-285
-379
-466
-529
-545
-490
-376
-260
-206
-219
-224
-191
-137
-52
84
244
411
587
740
837
894
960
1049
1137
1203
1266
1335
1422
1481
1461
1364
1280
1267
1283
1279
1236
1197
1178
1164
1151
1129
1091
1039
987
963
991
1037
1034
975
901
830
749
656
568
476
364
262
156
52
-54
-162
-274
-389
-501
-619
-723
-804
-862
-898
-925
-951
-968
-973
-976
-980
-978
-970
-958
-922
-873
-861
-888
-914
-901
-846
-794
-778
-805
-838
-822
-795
-788
-777
-758
-727
-678
-648
-648
-629
-569
-508
-468
-429
-377
-345
-340
-325
-283
-236
-196
-134
-36
51
45
-49
-133
-161
-151
-128
-96
-72
-86
-142
-238
-335
-352
-251
-150
-128
-130
-89
-33
-21
-46
-73
-86
-72
-23
51
135
203
250
244
184
130
111
155
243
349
404
409
415
439
483
525
547
586
694
829
936
1017
1092
1171
1228
1258
1293
1345
1392
1435
1461
1445
1399
1301
1157
1055
1005
945
838
736
656
546
397
245
143
59
-24
-80
-102
-117
-155
-236
-346
-420
-443
-474
-534
-566
-542
-488
-459
-520
-603
-638
-632
-635
-639
-611
-575
-562
-573
-568
-562
-582
-626
-650
-609
-532
-470
-456
-435
-387
-371
-394
-410
-397
-397
-408
-429
-416
-381
-392
-444
-500
-527
-542
-570
-583
-554
-498
-474
-508
-578
-643
-665
-656
-641
-627
-613
-598
-584
-563
-543
-517
-433
-281
-116
23
160
252
274
293
366
470
558
628
667
663
616
555
496
462
480
509
499
469
436
375
308
271
244
172
110
134
203
244
263
284
286
276
256
247
299
404
487
522
531
547
545
494
439
419
426
437
440
420
404
392
350
294
290
328
338
322
333
366
355
300
232
208
221
219
187
174
213
249
227
176
162
177
176
151
124
126
141
127
65
-1
-64
-159
-251
-300
-307
-308
-339
-382
-412
-430
-466
-530
-560
-514
-458
-450
-470
-467
-450
-458
-481
-497
-484
-453
-447
-464
-478
-488
-480
-476
-486
-478
-455
-436
-419
-393
-398
-405
-399
-416
-453
-483
-471
-449
-422
-398
-389
-377
-354
-327
-283
-220
-163
-114
-51
24
99
154
210
265
296
315
346
410
499
544
534
548
604
618
566
522
546
579
549
475
438
459
450
380
300
262
240
206
161
108
58
-1
-56
-85
-95
-122
-181
-209
-209
-217
-232
-236
-223
-214
-239
-290
-296
-243
-210
-238
-254
-196
-118
-65
-25
-3
25
75
145
215
275
332
370
399
429
482
542
563
552
545
560
577
554
514
472
429
391
334
281
240
200
157
116
73
27
-10
-42
-65
-62
-12
34
27
-11
-5
35
55
49
35
37
50
55
41
18
-31
-101
-150
-185
-210
-241
-285
-314
-340
-352
-359
-369
-383
-388
-391
-393
-379
-345
-316
-323
-329
-320
-303
-301
-309
-307
-280
-263
-267
-240
-193
-165
-179
-225
-230
-189
-161
-153
-150
-136
-123
-148
-201
-220
-179
-120
-93
-87
-61
-20
10
23
31
15
-14
-35
-31
-5
8
-33
-104
-148
-178
-221
-263
-260
-220
-173
-155
-161
-178
-177
-158
-150
-164
-179
-140
-84
-29
20
41
32
8
3
11
34
67
102
137
172
173
154
149
160
197
255
314
379
452
503
547
610
669
695
719
754
794
846
901
913
876
832
789
742
684
641
610
558
490
419
348
278
219
169
128
106
73
35
3
-27
-54
-69
-59
-41
-38
-45
-47
-43
-44
-53
-52
-46
-43
-52
-74
-98
-126
-155
-195
-227
-253
-275
-289
-300
-319
-350
-374
-390
-393
-388
-370
-359
-363
-366
-384
-403
-428
-448
-462
-476
-490
-521
-568
-613
-636
-638
-632
-638
-643
-641
-638
-661
-686
-667
-624
-594
-583
-547
-476
-411
-377
-350
-301
-224
-174
-186
-201
-162
-106
-88
-93
-84
-74
-76
-84
-95
-93
-75
-64
-67
-41
12
71
107
127
160
207
290
375
454
533
613
675
735
785
811
841
865
876
893
928
941
912
851
785
732
694
663
629
601
567
514
462
450
437
381
299
244
237
246
236
213
192
170
120
80
77
99
97
74
56
56
68
41
-9
-47
-61
-88
-124
-146
-153
-162
-197
-240
-256
-248
-263
-299
-294
-250
-223
-238
-257
-255
-245
-241
-258
-268
-248
-223
-219
-230
-227
-215
-201
-191
-172
-162
-160
-163
-156
-131
-123
-138
-159
-170
-173
-175
-180
-183
-190
-194
-212
-231
-243
-262
-303
-351
-359
-351
-365
-401
-428
-440
-451
-479
-503
-492
-459
-440
-426
-396
-356
-328
-320
-295
-241
-175
-116
-64
-11
39
74
94
108
121
126
132
161
203
235
238
210
196
209
229
230
226
257
296
321
335
334
326
324
341
367
396
421
434
437
429
412
411
401
382
380
368
343
315
277
242
220
225
236
240
249
253
244
218
203
196
181
163
150
146
130
78
19
-13
-24
-50
-97
-126
-140
-139
-137
-134
-130
-135
-132
-123
-94
-63
-61
-66
-70
-64
-54
-54
-63
-75
-81
-89
-112
-125
-133
-156
-191
-216
-233
-237
-232
-244
-258
-266
-288
-312
-322
-314
-299
-279
-259
-237
-214
-197
-172
-150
-127
-101
-78
-48
-18
12
46
75
102
134
157
169
178
195
207
209
203
206
212
226
243
239
226
224
227
221
221
250
268
266
269
266
248
218
192
175
169
143
107
80
55
11
-50
-110
-151
-186
-231
-260
-273
-287
-310
-339
-376
-414
-436
-437
-424
-414
-412
-416
-423
-433
-435
-429
-415
-402
-388
-371
-346
-311
-291
-267
-239
-204
-161
-128
-88
-39
1
22
35
70
124
150
158
172
187
204
208
219
243
261
267
271
281
291
281
277
283
288
283
276
280
269
247
214
187
171
167
170
158
147
132
116
108
109
122
127
130
138
148
143
122
106
108
108
93
83
81
91
98
97
82
70
66
70
97
121
147
174
206
233
236
230
242
272
299
307
296
290
291
271
247
228
203
171
129
105
102
89
47
10
3
-1
-28
-73
-117
-149
-179
-196
-195
-188
-199
-237
-283
-317
-339
-367
-410
-435
-421
-404
-421
-455
-487
-514
-534
-548
-550
-528
-504
-504
-489
-462
-440
-436
-429
-406
-366
-323
-292
-271
-251
-233
-229
-222
-197
-161
-130
-108
-83
-51
-21
-10
-21
-28
-25
-1
23
37
44
47
55
56
59
68
86
106
122
128
141
144
134
119
125
147
164
195
216
238
246
244
258
283
326
359
384
396
403
397
393
391
392
403
418
447
466
475
473
458
446
431
430
436
433
430
420
384
338
281
227
183
141
120
92
58
25
-15
-60
-107
-144
-157
-155
-150
-155
-151
-150
-171
-199
-225
-232
-222
-212
-221
-229
-236
-257
-286
-311
-314
-314
-306
-293
-272
-254
-250
-257
-266
-257
-239
-215
-177
-133
-110
-95
-70
-50
-42
-34
-13
21
58
85
98
95
84
70
53
38
19
5
1
-5
-20
-45
-87
-121
-144
-158
-168
-173
-172
-174
-175
-181
-188
-193
-189
-175
-143
-100
-59
-33
-18
3
20
33
38
32
45
65
71
67
46
25
6
-11
-20
-22
-14
0
14
25
37
51
63
68
86
120
150
167
177
195
220
237
242
251
268
273
267
260
255
242
221
195
169
145
112
80
45
12
-11
-39
-76
-111
-137
-160
-183
-206
-222
-231
-238
-260
-279
-280
-284
-282
-282
-285
-283
-269
-255
-247
-242
-233
-205
-171
-131
-93
-54
-11
21
53
92
137
178
207
222
239
255
267
274
266
264
268
263
247
238
228
220
200
182
171
160
144
122
118
116
123
122
109
84
61
41
32
35
37
51
52
42
18
-2
-12
-26
-37
-42
-29
-14
-13
-24
-39
-59
-72
-77
-71
-55
-37
-13
7
7
0
-15
-22
-5
23
59
86
103
106
109
111
108
102
104
115
124
118
107
100
83
58
39
29
19
23
24
14
-1
-22
-50
-79
-106
-137
-153
-154
-157
-165
-195
-218
-235
-260
-284
-303
-306
-310
-319
-329
-338
-363
-391
-410
-420
-416
-424
-430
-415
-392
-380
-377
-384
-372
-353
-342
-315
-283
-244
-219
-202
-176
-146
-114
-94
-68
-39
1
38
67
94
114
136
171
196
222
243
266
290
300
313
326
344
355
356
371
392
402
397
393
410
418
407
391
395
398
395
381
368
356
341
332
321
311
291
268
241
231
226
210
190
176
168
152
140
128
120
106
87
76
74
70
60
59
58
53
48
44
52
61
57
42
41
49
49
41
33
28
17
10
0
-15
-23
-41
-65
-94
-114
-128
-150
-183
-216
-234
-243
-258
-273
-282
-287
-295
-300
-301
-292
-289
-293
-283
-278
-276
-276
-275
-262
-256
-262
-270
-275
-278
-287
-301
-315
-323
-328
-341
-349
-349
-345
-345
-343
-347
-345
-327
-312
-299
-274
-243
-213
-189
-170
-141
-110
-84
-55
-28
10
46
68
81
88
100
110
128
152
178
206
214
218
222
230
243
247
253
276
301
322
335
340
355
374
389
396
401
407
401
396
385
373
363
339
310
278
266
243
208
177
150
133
112
85
66
64
59
37
21
21
23
17
9
11
25
31
11
-11
-7
3
3
-7
-25
-32
-38
-44
-60
-66
-65
-77
-86
-88
-87
-93
-100
-110
-113
-107
-104
-108
-108
-100
-93
-82
-74
-72
-75
-75
-79
-82
-80
-79
-81
-80
-83
-86
-82
-82
-80
-78
-80
-68
-52
-38
-26
-16
-4
4
11
22
41
51
49
45
46
47
41
26
7
0
-5
-13
-22
-31
-36
-42
-57
-70
-78
-80
-78
-83
-85
-78
-78
-80
-85
-89
-91
-88
-75
-69
-67
-70
-81
-77
-83
-99
-105
-113
-113
-119
-118
-102
-92
-94
-102
-101
-96
-91
-82
-58
-32
-4
19
38
54
59
65
67
74
93
114
119
112
105
97
84
70
58
54
51
46
35
23
8
-2
-11
-20
-25
-33
-28
-23
-24
-21
-13
-9
-9
-15
-21
-22
-9
4
11
16
22
31
38
44
47
60
69
72
87
96
108
115
125
133
130
129
125
131
140
153
154
155
159
157
153
142
142
146
155
155
153
156
148
140
133
134
135
129
121
123
130
128
118
99
84
76
78
77
70
57
46
32
15
-14
-37
-33
-40
-49
-62
-77
-84
-102
-132
-157
-163
-168
-172
-177
-182
-195
-207
-219
-238
-243
-243
-243
-238
-223
-218
-221
-226
-229
-219
-204
-189
-175
-160
-141
-123
-107
-98
-87
-82
-70
-49
-29
-19
-10
-8
-14
-22
-37
-46
-47
-48
-48
-53
-58
-68
-79
-85
-90
-84
-80
-74
-63
-62
-60
-61
-62
-59
-51
-35
-22
-25
-30
-26
-20
-13
-13
-13
-7
-4
-6
1
5
14
19
30
43
60
76
79
102
128
152
168
175
186
201
212
226
233
241
250
255
267
277
283
280
276
275
271
261
251
253
253
242
221
208
204
191
176
162
158
153
139
126
116
111
97
81
71
65
64
55
42
36
32
14
-8
-20
-23
-35
-61
-78
-96
-113
-134
-158
-165
-174
-188
-207
-224
-228
-230
-237
-245
-244
-236
-226
-225
-227
-228
-219
-208
-205
-201
-189
-178
-176
-175
-170
-161
-154
-152
-147
-142
-132
-122
-117
-103
-96
-90
-88
-82
-76
-66
-60
-49
-42
-41
-32
-25
-19
-22
-22
-20
-18
-19
-19
-19
-24
-28
-27
-21
-21
-20
-18
-10
-1
11
20
33
41
45
58
72
89
101
109
118
122
122
131
137
144
152
156
158
163
170
169
170
177
181
177
176
171
167
163
169
173
175
173
169
166
165
156
147
138
126
115
108
107
97
88
81
66
55
46
32
16
6
-2
-10
-23
-40
-57
-76
-93
-105
-122
-138
-151
-158
-169
-179
-188
-195
-198
-196
-193
-189
-175
-156
-140
-134
-131
-121
-107
-95
-85
-79
-77
-71
-62
-61
-51
-52
-54
-50
-42
-39
-43
-42
-38
-38
-37
-37
-36
-27
-30
-26
-23
-19
-11
-11
-4
8
17
33
50
59
66
72
77
79
84
86
89
93
94
100
99
92
83
73
62
62
60
58
53
49
53
60
67
73
71
69
76
83
94
96
100
93
82
79
77
72
64
57
49
40
32
18
6
-7
-21
-30
-35
-44
-53
-61
-71
-83
-96
-110
-123
-125
-129
-128
-130
-141
-145
-144
-144
-142
-139
-131
-117
-105
-102
-98
-94
-83
-68
-54
-47
-37
-21
-16
-12
-8
-3
-1
-4
-4
0
11
22
29
27
29
30
27
20
23
35
47
58
55
54
60
53
46
41
45
53
50
40
29
20
8
-2
-12
-17
-13
-12
-5
0
-2
-6
-6
-6
1
12
21
32
45
54
61
68
72
73
68
71
87
103
113
114
125
145
145
140
138
150
158
153
157
155
153
143
123
113
103
92
76
67
60
48
34
18
9
-3
-20
-32
-42
-40
-47
-53
-60
-74
-87
-105
-117
-131
-138
-147
-161
-171
-177
-185
-197
-211
-217
-213
-214
-215
-209
-205
-195
-191
-190
-189
-181
-159
-147
-139
-134
-121
-101
-89
-79
-69
-56
-41
-29
-14
2
19
31
37
44
56
61
71
80
91
97
99
105
103
104
99
94
88
81
80
77
73
56
48
48
44
47
44
35
33
32
30
29
29
22
10
5
11
11
9
4
-7
-6
-5
-3
-1
2
2
-4
2
12
17
29
42
61
78
88
97
103
112
127
140
153
172
187
192
197
201
197
190
181
178
183
187
179
174
170
159
142
128
111
98
85
61
46
35
20
-4
-31
-51
-71
-95
-108
-121
-137
-148
-163
-172
-184
-193
-210
-222
-219
-214
-209
-214
-219
-218
-222
-227
-227
-222
-215
-208
-200
-186
-182
-180
-175
-174
-170
-165
-156
-143
-134
-129
-125
-122
-112
-105
-104
-94
-84
-68
-61
-58
-51
-40
-30
-26
-19
-7
6
14
24
30
36
44
51
62
74
85
93
104
120
130
140
154
166
179
186
192
196
202
198
197
200
203
205
210
213
211
200
189
180
164
158
156
149
143
136
126
117
109
100
100
101
97
94
88
77
63
54
45
38
40
36
31
26
13
-6
-22
-36
-47
-55
-66
-75
-83
-83
-89
-102
-110
-114
-119
-121
-120
-113
-104
-100
-104
-108
-103
-102
-102
-100
-88
-82
-82
-84
-89
-95
-99
-95
-98
-103
-103
-102
-95
-94
-97
-103
-103
-95
-96
-95
-87
-74
-67
-64
-60
-50
-43
-34
-18
-5
4
10
13
17
13
12
11
7
8
11
8
7
2
-8
-20
-23
-25
-27
-30
-35
-40
-46
-52
-55
-51
-38
-29
-22
-14
-4
10
26
40
51
69
79
84
88
99
111
111
107
115
118
120
119
116
120
123
118
115
115
122
128
131
131
135
137
122
116
108
102
92
82
77
70
66
48
36
30
15
1
-4
-8
-10
-12
-24
-34
-35
-41
-47
-51
-55
-54
-61
-71
-76
-77
-81
-83
-90
-96
-102
-96
-90
-99
-102
-97
-90
-94
-95
-91
-84
-76
-78
-69
-62
-61
-58
-50
-36
-31
-21
-13
-12
-13
-13
-12
-11
-3
1
11
14
17
22
24
19
14
18
24
33
35
41
50
54
58
64
64
64
70
74
73
76
78
72
63
50
42
37
36
26
19
14
4
-8
-17
-27
-34
-36
-37
-35
-27
-30
-43
-38
-31
-37
-40
-34
-30
-24
-26
-29
-26
-25
-28
-25
-17
-15
-23
-25
-20
-17
-17
-16
-14
-12
-5
-9
-10
-10
-11
-11
-14
-10
-4
-7
-7
-9
-5
-1
-6
-13
-16
-16
-20
-16
-16
-17
-13
-12
-14
-17
-16
-11
-5
-7
-12
-7
-5
-3
-1
0
4
12
17
18
18
24
30
28
27
31
38
45
43
40
36
37
41
38
36
38
36
34
34
34
31
23
19
16
18
20
21
20
15
14
13
8
8
11
16
13
4
-1
-5
-7
-7
-4
1
-3
-6
-2
-3
-8
-13
-14
-7
5
13
18
22
28
31
26
29
34
36
39
39
44
46
47
42
48
50
47
44
44
47
49
39
34
29
24
17
11
11
6
5
-3
-7
-13
-21
-30
-43
-43
-48
-48
-53
-58
-59
-64
-66
-67
-68
-77
-84
-91
-92
-94
-98
-101
-96
-97
-97
-97
-103
-104
-106
-109
-103
-99
-95
-97
-94
-88
-88
-88
-88
-85
-80
-75
-72
-62
-55
-49
-42
-33
-25
-18
-12
-7
4
19
24
25
32
38
42
44
46
51
60
64
64
69
75
82
86
89
97
101
99
98
106
115
116
117
114
118
121
117
115
117
125
130
124
124
130
129
121
112
111
112
104
99
97
87
79
72
65
60
56
47
37
33
27
17
3
-3
-6
-8
-13
-21
-27
-36
-41
-48
-52
-59
-66
-75
-81
-78
-80
-83
-93
-92
-92
-94
-101
-108
-114
-117
-117
-120
-112
-107
-106
-104
-101
-99
-92
-88
-82
-69
-63
-49
-41
-29
-19
-13
-7
1
10
13
24
31
34
34
31
25
22
24
21
16
14
13
12
13
9
-1
-15
-20
-26
-27
-30
-33
-35
-41
-48
-54
-55
-53
-54
-61
-52
-49
-46
-47
-55
-53
-54
-52
-42
-29
-24
-19
-20
-18
-9
-5
2
9
13
23
31
38
47
51
63
72
78
91
100
101
104
109
111
115
114
114
118
121
122
130
131
126
127
121
118
113
104
93
82
74
69
56
39
28
13
-3
-16
-26
-31
-43
-57
-68
-76
-81
-85
-89
-98
-99
-97
-95
-91
-91
-87
-89
-86
-80
-80
-81
-83
-84
-81
-74
-70
-64
-58
-55
-50
-45
-38
-33
-22
-14
-5
3
5
12
18
26
27
37
49
59
67
67
74
78
81
89
95
104
113
112
115
106
98
97
87
76
68
61
56
45
34
24
13
7
2
-5
-6
-6
-10
-17
-28
-33
-41
-46
-53
-54
-59
-69
-72
-80
-82
-88
-96
-91
-97
-98
-96
-95
-93
-91
-87
-82
-78
-82
-78
-71
-62
-52
-48
-40
-33
-25
-18
-8
0
6
13
13
18
22
24
23
30
33
38
42
38
39
39
43
41
37
34
31
25
23
19
16
13
1
-4
-6
-10
-17
-27
-30
-30
-33
-33
-36
-38
-33
-39
-37
-32
-33
-30
-29
-24
-20
-22
-21
-24
-20
-12
-5
2
4
12
12
23
38
46
55
63
73
85
90
97
98
104
108
110
113
118
124
121
117
117
116
114
105
98
96
93
91
87
81
68
60
50
43
43
40
26
15
10
0
-7
-16
-23
-26
-27
-28
-25
-27
-31
-38
-50
-51
-55
-61
-66
-71
-73
-74
-74
-76
-74
-72
-73
-71
-77
-81
-88
-92
-89
-83
-77
-72
-65
-58
-55
-56
-55
-50
-43
-41
-39
-35
-33
-34
-37
-36
-39
-42
-43
-44
-47
-58
-64
-66
-63
-61
-65
-61
-56
-54
-54
-55
-52
-55
-51
-54
-52
-41
-41
-38
-32
-23
-22
-21
-16
-13
-7
-1
-1
-1
7
10
16
20
24
29
37
41
50
55
62
67
69
81
86
97
106
113
121
127
136
147
152
152
152
155
156
153
149
147
144
140
134
122
116
110
102
91
88
85
80
70
68
63
56
48
39
34
27
18
4
-5
-15
-21
-31
-44
-55
-65
-69
-76
-84
-89
-94
-102
-104
-102
-105
-111
-117
-115
-115
-118
-116
-119
-116
-120
-128
-120
-112
-103
-98
-87
-80
-77
-76
-77
-75
-75
-75
-75
-69
-61
-56
-55
-50
-52
-57
-50
-45
-34
-25
-21
-16
-11
-12
-10
-8
-3
7
12
21
29
32
36
35
35
36
41
51
51
56
56
58
61
59
56
62
60
56
60
61
65
60
64
59
48
56
68
64
67
69
70
76
70
68
68
67
65
68
69
61
59
54
52
49
42
38
35
33
26
21
13
5
-3
-4
-2
-2
-1
-3
-3
-7
-16
-18
-21
-20
-24
-21
-20
-27
-25
-28
-31
-30
-32
-42
-42
-42
-46
-46
-50
-50
-52
-51
-55
-60
-58
-62
-64
-68
-70
-77
-75
-79
-79
-72
-75
-82
-79
-79
-79
-80
-86
-82
-72
-76
-78
-66
-57
-58
-58
-48
-39
-36
-35
-30
-24
-18
-6
-5
0
10
13
14
19
26
33
36
38
45
51
57
62
70
78
87
87
92
100
104
109
111
113
113
115
119
120
122
125
123
123
121
120
116
112
117
119
114
107
103
100
95
88
71
63
57
45
34
29
24
12
-2
-7
-13
-28
-39
-45
-45
-49
-53
-55
-58
-65
-73
-81
-89
-91
-95
-92
-92
-93
-96
-97
-96
-99
-98
-102
-99
-93
-92
-91
-88
-92
-98
-100
-99
-90
-83
-80
-76
-76
-72
-64
-61
-60
-54
-46
-38
-36
-30
-26
-20
-16
-17
-12
-15
-14
-10
-11
-16
-18
-19
-23
-29
-23
-20
-19
-15
-10
-8
-10
-16
-13
-10
-10
-8
-5
0
6
6
5
13
19
24
30
38
48
51
54
59
68
76
76
84
95
102
107
110
111
116
119
117
121
125
133
130
131
137
136
137
135
131
127
121
108
98
86
79
74
65
54
41
33
23
17
13
9
4
-4
-17
-22
-29
-38
-39
-42
-45
-52
-55
-56
-62
-66
-70
-71
-69
-72
-73
-72
-81
-86
-89
-89
-85
-82
-89
-85
-87
-86
-81
-84
-75
-68
-68
-68
-62
-53
-52
-47
-40
-33
-32
-29
-32
-30
-31
-34
-31
-39
-38
-46
-50
-53
-57
-52
-53
-56
-56
-54
-57
-61
-57
-53
-52
-48
-43
-38
-30
-26
-23
-16
-18
-18
-11
-11
1
11
19
23
28
37
41
41
46
48
54
63
69
78
84
88
94
94
99
102
107
114
115
118
119
114
110
110
111
111
113
112
110
110
102
97
94
83
77
77
70
66
61
50
39
25
19
13
7
4
-2
-10
-15
-27
-43
-53
-62
-69
-73
-76
-76
-80
-86
-91
-92
-99
-106
-110
-113
-111
-111
-110
-107
-108
-106
-100
-99
-96
-87
-83
-76
-67
-65
-59
-55
-48
-40
-38
-28
-24
-24
-14
-9
-8
1
5
10
14
17
16
21
25
29
30
32
30
29
36
38
44
43
40
44
46
44
39
39
44
45
44
44
43
47
40
34
34
38
36
33
34
33
35
33
31
29
34
37
36
40
41
42
38
36
38
40
37
34
37
36
38
33
30
32
28
21
19
20
12
7
0
-5
-10
-17
-22
-21
-27
-30
-31
-37
-43
-49
-55
-55
-56
-51
-49
-52
-48
-58
-64
-67
-72
-69
-67
-63
-58
-56
-52
-49
-48
-44
-45
-48
-45
-42
-38
-31
-32
-30
-32
-27
-25
-22
-13
-12
-15
-16
-15
-11
-11
-11
-5
2
6
4
6
9
10
10
7
7
12
11
11
12
17
18
19
20
21
20
18
24
24
22
29
32
34
42
44
42
45
48
49
54
56
54
56
57
58
56
50
57
55
52
55
51
52
51
51
53
51
50
50
45
45
48
42
46
47
45
44
40
39
35
34
27
19
14
8
1
-1
-6
-7
-13
-21
-26
-34
-36
-42
-49
-53
-56
-62
-68
-72
-71
-72
-73
-74
-71
-75
-80
-82
-86
-89
-93
-89
-82
-83
-81
-77
-73
-74
-71
-65
-55
-49
-45
-40
-29
-20
-20
-14
-11
-2
2
-2
-3
4
5
6
9
9
17
18
18
19
21
24
23
19
18
18
15
14
13
18
20
21
17
20
22
25
28
32
38
39
35
38
41
44
44
40
39
39
35
33
38
36
32
29
31
32
29
30
26
29
31
31
33
35
36
36
35
30
29
31
31
29
27
21
11
4
2
0
4
7
8
7
7
4
1
1
-2
-4
-9
-12
-12
-15
-19
-24
-28
-30
-34
-41
-41
-38
-37
-36
-31
-35
-40
-48
-52
-46
-54
-52
-51
-51
-48
-53
-55
-50
-53
-47
-42
-39
-37
-34
-33
-29
-25
-22
-13
-9
-5
4
6
10
16
23
23
25
29
32
38
36
42
38
39
46
45
48
54
52
48
43
39
39
28
21
18
20
21
16
18
21
21
17
17
16
16
17
15
9
13
10
4
7
5
10
9
8
15
16
16
16
12
8
5
2
6
5
5
7
-2
-3
-7
-11
-14
-16
-13
-17
-22
-28
-31
-33
-38
-42
-40
-41
-42
-38
-36
-35
-42
-34
-29
-40
-35
-29
-32
-27
-30
-26
-28
-41
-45
-39
-29
-32
-30
-21
-18
-24
-26
-27
-28
-26
-24
-21
-16
-11
-14
-11
-14
-16
-9
-9
-6
-4
4
10
10
15
19
27
33
36
40
44
40
35
35
34
41
45
43
46
46
46
48
47
43
42
39
39
41
41
43
39
35
33
28
28
26
26
38
33
27
31
30
30
26
25
29
34
29
26
27
31
33
26
19
15
14
9
6
3
9
7
4
-1
-1
-4
-7
-12
-14
-12
-16
-20
-23
-20
-17
-26
-33
-35
-38
-42
-40
-35
-37
-39
-39
-38
-46
-47
-51
-50
-48
-50
-44
-41
-36
-38
-40
-37
-38
-40
-38
-39
-35
-32
-33
-31
-35
-38
-36
-35
-38
-34
-27
-24
-24
-21
-21
-25
-27
-36
-34
-37
-39
-39
-38
-36
-33
-28
-22
-17
-13
-6
1
6
11
16
21
28
36
46
53
59
62
64
67
67
68
72
73
70
70
72
74
71
64
65
61
56
55
51
53
50
42
42
46
43
36
27
26
25
23
23
21
19
15
10
7
10
12
4
3
1
-7
-8
-8
-10
-8
-13
-13
-13
-11
-14
-19
-21
-27
-31
-36
-36
-33
-32
-34
-36
-39
-44
-42
-43
-40
-40
-39
-39
-41
-37
-36
-31
-38
-37
-29
-22
-21
-15
-11
-9
-8
-8
-9
-7
-4
-9
-6
-4
-2
6
4
3
5
3
3
0
0
4
0
-4
-5
1
5
4
1
5
4
3
7
11
15
11
14
16
21
16
18
22
24
21
25
32
31
27
21
23
22
22
16
15
20
22
20
19
18
14
12
13
15
19
22
18
18
17
18
16
14
5
3
1
-2
-2
-7
-13
-20
-25
-32
-38
-37
-40
-37
-38
-41
-41
-47
-48
-46
-46
-48
-46
-44
-44
-43
-46
-42
-41
-42
-40
-37
-27
-26
-26
-20
-17
-20
-17
-12
-11
-7
-4
0
5
2
7
15
16
20
26
30
34
34
34
30
29
32
29
33
35
30
31
31
32
29
26
26
25
26
27
26
23
24
26
28
31
32
34
35
34
31
25
27
27
20
18
18
14
16
12
8
5
4
2
-3
-5
-6
-5
-5
-3
0
7
15
16
20
20
20
17
19
22
18
23
27
26
32
29
29
28
23
20
13
9
10
2
-1
-4
-6
-8
-18
-20
-15
-23
-29
-31
-29
-27
-37
-42
-47
-47
-47
-50
-53
-56
-55
-61
-62
-63
-63
-62
-69
-67
-70
-73
-73
-72
-75
-70
-70
-71
-65
-66
-59
-57
-52
-48
-41
-35
-32
-26
-17
-15
-12
-10
-10
-9
-5
3
11
19
19
17
23
20
19
20
25
31
36
39
43
44
46
51
52
57
54
51
52
48
49
48
53
57
57
58
58
56
59
55
58
57
55
55
51
56
58
55
53
54
49
55
56
58
59
56
57
53
47
45
39
32
28
20
21
16
14
14
8
9
0
-7
-10
-13
-15
-15
-16
-22
-28
-34
-40
-42
-44
-43
-39
-32
-34
-37
-38
-44
-49
-50
-54
-57
-55
-51
-53
-50
-55
-54
-51
-55
-52
-48
-47
-47
-51
-53
-48
-54
-55
-48
-42
-39
-39
-35
-29
-30
-37
-32
-30
-25
-25
-28
-23
-24
-19
-22
-19
-15
-17
-16
-12
-12
-9
-2
1
0
0
-1
-4
5
9
8
11
16
23
28
29
32
36
34
40
44
45
47
46
49
48
50
50
51
57
60
63
64
65
61
59
61
54
48
42
42
38
36
33
30
32
27
22
26
23
19
17
9
3
-3
-7
-7
-9
-10
-13
-17
-15
-15
-15
-21
-23
-23
-20
-18
-20
-17
-20
-18
-22
-19
-20
-24
-21
-23
-17
-18
-24
-22
-19
-21
-21
-19
-15
-17
-20
-22
-23
-19
-24
-25
-20
-20
-22
-27
-27
-24
-22
-24
-21
-13
-10
-6
-7
-7
-3
-1
-2
-5
-6
-5
-1
-4
-4
0
1
2
2
8
14
10
9
8
1
2
7
6
10
12
14
15
9
5
3
0
1
6
5
8
13
13
17
15
13
15
19
25
26
27
30
28
30
28
30
32
35
34
31
33
34
31
28
26
17
10
9
5
10
9
5
6
3
-2
-6
-17
-21
-17
-24
-29
-32
-34
-40
-40
-37
-37
-39
-41
-38
-35
-39
-39
-38
-39
-39
-38
-34
-31
-32
-36
-36
-33
-33
-31
-28
-27
-27
-20
-18
-15
-10
-7
-3
-1
0
7
14
11
17
20
28
28
26
29
28
28
27
24
27
29
26
25
24
20
15
14
14
11
15
13
14
10
6
4
1
8
5
5
12
11
5
14
16
12
8
3
13
8
4
10
11
12
14
15
17
21
21
19
22
18
24
23
17
22
27
29
29
32
37
32
31
30
24
26
19
17
13
10
9
5
4
-1
-10
-11
-14
-21
-22
-26
-27
-25
-29
-28
-28
-29
-33
-31
-32
-30
-32
-37
-36
-33
-34
-35
-28
-26
-24
-30
-31
-21
-32
-41
-38
-37
-31
-34
-32
-25
-25
-25
-26
-20
-17
-20
-22
-21
-26
-25
-21
-20
-15
-12
-10
-15
-16
-12
-8
-12
-13
-4
-2
5
0
4
