-30
-33
-35
-35
-24
-17
-13
-10
-14
-9
-10
-11
-6
0
-1
-3
-6
-9
-11
-12
-10
-14
-11
-11
-6
1
7
9
16
19
11
12
11
14
7
1
1
6
4
7
13
15
22
24
28
27
25
23
21
22
24
17
17
18
12
9
10
9
7
7
3
1
-3
-6
-5
-5
-3
-4
-3
-2
-7
-6
-3
-5
-10
-17
-14
-10
-13
-11
-11
-14
-12
-11
-13
-14
-18
-18
-15
-10
-8
-6
-2
3
9
12
17
24
30
34
32
30
32
34
46
56
42
35
46
48
46
45
46
49
40
32
32
28
27
22
29
30
24
23
23
21
11
8
6
5
2
3
4
7
3
-3
-7
-17
-22
-26
-32
-34
-36
-37
-36
-32
-30
-34
-28
-35
-40
-40
-43
-43
-44
-37
-35
-34
-31
-31
-25
-23
-18
-15
-11
-10
-8
-9
-15
-15
-19
-23
-28
-34
-37
-30
-24
-29
-31
-26
-23
-23
-28
-22
-16
-20
-19
-16
-8
-13
-13
-11
-5
1
8
17
14
13
12
6
4
3
-2
-5
-1
4
10
9
9
17
15
21
25
17
20
18
20
22
24
28
34
30
23
22
17
20
26
24
21
21
15
13
16
17
18
18
20
23
26
22
20
22
22
19
16
12
9
6
3
-1
-2
1
-6
-4
-8
-10
-16
-18
-14
-19
-16
-8
-5
6
7
6
9
5
9
11
9
9
13
9
9
12
12
11
11
11
10
15
15
24
29
24
22
14
8
7
6
8
10
7
7
13
8
9
12
5
2
0
-2
-6
-15
-20
-23
-26
-28
-27
-31
-33
-42
-47
-46
-44
-38
-33
-29
-22
-23
-19
-15
-16
-18
-19
-20
-21
-21
-18
-12
-8
-8
-8
-15
-20
-27
-31
-28
-31
-32
-33
-35
-44
-40
-34
-31
-23
-17
-6
-1
3
5
8
10
13
12
18
15
9
12
10
14
17
16
18
25
29
31
29
25
25
21
17
17
16
15
15
16
17
15
16
13
9
9
10
11
8
7
5
6
9
9
15
19
16
15
21
20
19
14
10
9
8
5
4
13
17
16
19
18
14
9
7
3
1
-2
-4
-3
-6
-3
-5
-6
-7
-7
-7
-5
0
-4
-2
-4
-2
-1
-3
-1
0
1
-1
1
2
3
4
5
4
5
9
5
-2
-2
-2
6
8
5
8
8
2
-5
-7
-5
-4
-4
-2
4
6
7
5
9
8
4
11
17
18
21
21
17
17
13
5
0
-7
-9
-10
-9
-10
-15
-20
-28
-31
-41
-40
-36
-39
-36
-30
-26
-30
-32
-34
-37
-41
-44
-45
-42
-39
-38
-28
-27
-32
-31
-29
-30
-27
-24
-19
-7
1
3
8
12
6
1
0
-1
4
8
11
17
15
13
9
6
10
11
21
15
17
15
15
9
7
12
11
20
20
23
20
18
18
12
11
8
7
4
5
4
-5
-3
2
7
10
12
16
19
24
20
21
21
16
18
19
25
25
29
33
32
30
28
31
28
30
28
24
27
23
21
17
14
15
14
14
11
13
14
10
4
3
-5
-4
-3
-6
-5
-10
-12
-13
-15
-11
-8
-3
-1
-2
4
-4
-3
-2
-9
-6
-11
-17
-10
-16
-16
-12
-18
-16
-18
-17
-17
-13
-11
-8
-5
-11
-10
-11
-9
-9
1
-4
-7
-7
-7
-7
-9
-11
-17
-22
-31
-29
-25
-20
-18
-15
-14
-15
-19
-23
-25
-24
-23
-24
-24
-24
-21
-22
-20
-25
-24
-19
-29
-33
-28
-24
-16
-9
-10
-5
-8
-15
-17
-20
-22
-23
-23
-19
-15
-16
-15
-10
-9
-11
-9
1
10
14
21
22
25
26
18
19
18
18
19
27
36
39
47
52
52
45
45
47
42
39
35
29
21
26
28
23
22
13
9
14
12
10
14
15
20
20
25
19
17
17
21
29
37
42
40
38
38
36
35
32
30
28
28
25
22
23
17
8
4
8
5
2
3
-3
-4
-7
-7
-12
-13
-12
-21
-24
-27
-24
-22
-23
-21
-20
-24
-24
-21
-27
-32
-32
-34
-36
-42
-47
-49
-49
-42
-38
-32
-27
-30
-26
-25
-28
-22
-19
-15
-19
-17
-13
-11
-6
-14
-17
-16
-23
-28
-26
-26
-26
-24
-24
-21
-21
-18
-13
-11
-8
-2
0
0
-5
-9
-9
-18
-17
-18
-14
-5
-4
-2
1
4
12
11
11
10
9
6
1
0
1
-3
-5
-2
-3
2
13
17
17
20
19
22
26
21
19
21
26
29
25
27
26
27
31
30
26
24
27
26
28
23
14
14
7
6
12
13
20
20
19
21
27
29
26
25
25
23
19
17
16
16
17
14
14
16
14
21
17
19
18
14
9
6
5
2
4
8
12
17
19
22
17
12
13
9
8
8
4
-3
-6
-5
-11
-19
-22
-18
-22
-30
-26
-25
-17
-18
-22
-19
-26
-25
-26
-33
-36
-38
-40
-45
-41
-41
-43
-35
-30
-32
-33
-27
-32
-32
-31
-29
-18
-17
-13
-9
-12
-14
-20
-27
-28
-32
-29
-21
-16
-17
-18
-10
-9
-8
0
11
16
22
24
20
16
6
5
9
5
3
6
11
5
-4
2
6
-6
-7
-5
0
-2
-8
0
5
3
-2
0
-4
-12
-6
-2
1
3
5
10
5
7
14
12
5
7
14
10
9
9
10
17
19
24
31
30
30
32
31
24
15
15
14
14
18
27
29
26
23
22
21
20
19
16
17
15
13
12
11
12
15
22
28
34
35
29
36
34
18
12
8
6
9
3
9
13
9
2
-8
-4
-2
-8
-7
-8
-10
-14
-15
-12
-14
-15
-12
-10
-3
-5
-2
-1
-2
-5
-11
-13
-13
-11
-15
-17
-20
-24
-18
-21
-18
-20
-24
-21
-25
-23
-28
-32
-37
-38
-37
-36
-34
-32
-32
-33
-30
-34
-34
-21
-15
-10
-6
-6
-1
-5
-3
-1
-3
-6
-14
-15
-15
-19
-22
-22
-20
-14
-8
-4
-3
-1
-2
-5
-3
2
3
1
1
1
-1
0
-1
-2
9
14
23
26
24
27
25
21
13
19
19
22
21
10
10
6
5
3
1
-3
-7
-3
-4
-7
-3
5
10
10
4
-2
-9
-8
-9
-9
-5
-6
-4
-2
6
8
10
10
14
23
25
31
38
38
38
39
40
35
34
34
33
29
29
32
34
33
36
40
36
30
23
19
17
16
18
19
16
14
14
17
13
8
5
2
-1
-7
-8
-9
-6
-6
-5
-5
1
-2
-5
-6
-15
-17
-20
-22
-27
-25
-24
-31
-29
-34
-38
-40
-33
-22
-18
-12
-6
-5
-5
-4
0
-3
-6
-8
-7
-9
-12
-11
-13
-16
-22
-32
-36
-39
-42
-39
-40
-39
-39
-41
-39
-41
-39
-43
-44
-36
-34
-32
-25
-24
-22
-15
-15
-8
-4
-7
-2
-1
-2
-4
2
3
9
12
14
17
20
21
15
8
5
6
4
8
9
12
18
13
14
13
11
15
15
24
30
31
24
19
14
8
1
4
4
7
8
7
12
10
12
8
12
18
19
20
22
23
20
19
18
16
19
21
24
30
31
33
37
34
24
23
18
12
17
18
13
13
12
10
10
9
11
17
22
22
19
15
8
0
-4
-4
-3
2
1
0
4
-3
0
7
14
15
14
8
5
6
-1
1
2
1
-6
-8
-8
-10
-15
-17
-15
-17
-19
-24
-24
-21
-23
-19
-12
-7
-1
-7
-6
-7
-13
-16
-11
-14
-13
-7
-6
-9
-15
-14
-16
-20
-16
-14
-17
-16
-21
-27
-25
-33
-36
-35
-30
-23
-25
-31
-32
-35
-34
-37
-37
-39
-38
-45
-43
-36
-35
-30
-30
-25
-28
-25
-31
-29
-25
-26
-20
-18
-18
-14
-8
-1
11
13
16
20
18
23
20
18
20
24
26
26
22
24
26
25
33
36
46
43
35
33
24
30
27
28
30
30
28
26
31
29
29
31
29
25
28
28
29
26
26
29
24
25
19
21
26
21
22
21
17
18
21
20
16
14
14
13
9
7
11
11
19
20
17
23
24
26
25
20
16
15
6
-3
-6
-9
-8
-9
-6
-9
-13
-15
-15
-17
-18
-17
-20
-17
-18
-21
-26
-27
-29
-30
-25
-21
-21
-23
-24
-26
-31
-37
-38
-33
-30
-28
-24
-18
-12
-9
-2
2
-2
-8
-8
-6
-11
-2
-5
-5
-7
-7
-6
-3
2
0
5
5
11
2
0
-2
-5
-6
-13
-11
-12
-17
-20
-22
-24
-19
-24
-25
-21
-29
-33
-34
-34
-38
-41
-41
-41
-41
-44
-37
-34
-35
-34
-35
-36
-37
-36
-34
-30
-22
-10
-4
4
11
14
15
16
17
14
22
21
19
27
32
36
37
37
41
44
47
52
57
59
59
63
62
58
58
54
54
55
52
56
56
52
43
40
35
31
32
32
28
23
21
21
16
14
14
10
8
13
12
12
16
12
11
10
5
3
-3
-6
0
-4
-7
-8
-8
-9
-13
-9
-3
-1
-3
-5
-6
-11
-9
-16
-21
-17
-17
-16
-15
-18
-22
-20
-19
-23
-23
-22
-26
-31
-31
-24
-24
-24
-24
-32
-36
-34
-34
-32
-28
-23
-25
-26
-20
-23
-19
-17
-16
-13
-12
-8
-3
-4
-7
-6
1
8
9
4
3
8
7
5
5
4
1
-10
-15
-11
-12
-13
-9
-6
-9
-5
-8
-11
-13
-9
-6
-4
-4
-4
2
-2
-5
-7
-11
-13
-21
-26
-21
-22
-17
-15
-17
-21
-27
-20
-18
-14
-17
-24
-17
-19
-26
-23
-16
-11
-3
-3
-3
0
0
4
6
10
15
21
27
30
33
42
39
41
50
54
56
60
58
57
59
53
48
48
46
41
44
42
37
30
23
19
16
13
5
-1
1
5
4
12
12
14
14
10
8
6
6
7
6
12
13
14
19
10
1
14
21
20
22
27
33
25
19
11
6
5
-3
-10
-8
-17
-18
-16
-17
-21
-22
-18
-21
-19
-25
-25
-27
-33
-35
-36
-29
-22
-16
-11
-13
-18
-15
-8
-6
-1
1
2
2
4
5
4
5
-6
-1
3
0
0
-6
-12
-16
-22
-28
-33
-39
-41
-42
-37
-27
-30
-39
-39
-39
-44
-41
-36
-44
-49
-47
-51
-45
-48
-38
-29
-29
-29
-32
-32
-33
-34
-28
-19
-16
-9
-7
-5
-5
-3
-6
-7
-9
-7
-6
-15
-10
-10
-6
-3
-7
-2
6
8
14
22
27
35
35
34
35
37
42
45
50
51
54
52
49
46
42
49
51
51
53
55
50
44
44
44
46
43
43
43
42
41
39
38
37
35
30
30
29
30
28
32
34
25
18
13
11
16
11
3
4
-1
-4
1
-1
2
2
0
4
-1
2
0
-7
-6
-10
-7
-3
-3
-2
-2
-1
0
0
2
-1
-1
0
2
1
-2
-3
-6
-8
-18
-24
-26
-23
-27
-31
-24
-30
-30
-31
-28
-24
-27
-32
-32
-34
-35
-40
-42
-36
-39
-36
-41
-41
-45
-49
-53
-55
-57
-57
-60
-62
-56
-55
-57
-58
-63
-62
-59
-57
-49
-42
-43
-34
-27
-24
-21
-17
-18
-18
-11
-7
1
5
9
11
18
19
29
36
32
32
33
35
35
34
29
27
29
23
19
16
12
6
-1
5
11
12
13
15
13
12
16
24
22
25
27
32
43
51
57
64
68
68
73
76
75
67
63
63
61
63
61
57
55
55
49
51
52
36
28
21
11
3
-6
-9
-6
-8
0
8
14
19
17
19
14
0
-14
-21
-18
-21
-23
-26
-19
-17
-24
-21
-28
-31
-31
-24
-24
-30
-31
-43
-46
-47
-46
-36
-27
-20
-10
-3
2
7
6
3
-2
-6
-8
-4
5
10
14
18
12
4
-3
-10
-16
-21
-27
-27
-27
-29
-30
-26
-20
-19
-19
-26
-34
-37
-36
-39
-39
-39
-37
-41
-43
-43
-40
-31
-20
-15
-20
-24
-25
-24
-25
-19
-17
-15
-6
-3
-3
-6
-6
2
1
0
-1
-2
-3
-4
-3
-2
-4
-1
-5
-11
-8
-11
-6
2
7
8
11
18
17
12
7
8
11
14
14
7
3
-4
-5
-1
2
13
20
17
20
20
25
24
24
29
36
33
36
43
43
46
48
55
60
60
53
44
40
32
28
26
25
24
18
20
24
19
17
16
12
11
16
11
7
11
17
15
10
14
12
10
6
4
8
10
10
14
9
10
10
10
12
11
15
20
25
26
21
11
0
-9
-16
-20
-23
-29
-34
-32
-32
-36
-35
-37
-32
-26
-23
-18
-18
-22
-23
-24
-21
-18
-17
-21
-21
-17
-20
-19
-18
-21
-21
-22
-29
-32
-36
-38
-34
-30
-28
-24
-26
-27
-24
-24
-29
-29
-28
-31
-35
-32
-28
-33
-27
-20
-14
-13
-11
-8
-6
-6
-4
-12
-13
-15
-19
-19
-19
-16
-19
-17
-16
-14
-8
-4
-5
-3
1
3
8
11
18
28
29
34
39
35
28
19
19
18
19
17
13
12
12
11
14
15
12
12
14
18
17
19
19
23
26
28
31
29
32
35
32
29
29
34
38
34
31
32
32
23
18
11
8
8
4
1
0
-2
-5
-10
-9
-3
0
2
0
7
11
12
21
22
18
21
29
25
25
27
31
26
22
25
23
25
25
29
30
23
22
17
9
1
-3
-12
-17
-14
-17
-18
-17
-16
-22
-20
-20
-23
-18
-18
-20
-19
-26
-29
-19
-14
-17
-20
-14
-6
-7
-7
-6
-10
-18
-25
-28
-31
-35
-40
-38
-39
-41
-42
-45
-48
-50
-52
-50
-45
-41
-40
-37
-34
-26
-22
-17
-17
-21
-18
-16
-12
-9
-7
-10
-10
-10
-9
-6
-10
-10
-12
-8
0
0
2
3
7
8
2
2
1
2
4
8
10
10
14
11
12
18
21
23
21
22
27
29
29
32
40
39
33
39
39
35
41
38
33
30
25
15
5
-2
0
1
-2
-12
-15
-19
-30
-24
-24
-21
-19
-24
-20
-17
-18
-9
-4
-4
-6
-1
3
4
6
11
19
18
19
17
22
25
29
35
38
41
40
38
38
39
39
38
36
37
43
45
42
44
40
36
38
30
33
38
34
30
30
30
34
33
29
27
19
6
2
-2
-3
-9
-20
-24
-25
-22
-24
-28
-24
-23
-29
-26
-29
-33
-39
-43
-34
-30
-29
-28
-29
-23
-21
-16
-15
-19
-18
-26
-29
-31
-31
-28
-31
-35
-37
-38
-40
-38
-40
-45
-44
-41
-47
-49
-58
-65
-61
-62
-66
-64
-66
-68
-66
-67
-67
-65
-58
-49
-41
-31
-16
-25
-32
-24
-18
-10
-6
3
5
0
-2
4
22
27
26
33
42
41
39
41
35
37
39
43
46
48
48
60
71
71
77
76
71
69
70
72
68
65
60
54
44
34
35
34
27
25
23
22
21
20
22
22
17
23
26
21
18
19
22
19
20
23
24
22
20
22
27
26
30
26
28
37
25
23
23
17
11
2
0
-3
-5
-11
-13
-9
-22
-33
-38
-33
-27
-32
-26
-20
-22
-21
-27
-26
-31
-30
-29
-30
-30
-33
-23
-17
-17
-10
-7
-11
-10
-12
-14
-16
-19
-16
-19
-25
-31
-28
-33
-32
-22
-23
-25
-24
-22
-24
-21
-28
-36
-39
-43
-44
-43
-53
-54
-55
-58
-64
-60
-52
-51
-42
-39
-34
-22
-12
-14
-7
-7
-10
-7
-9
-2
-2
-2
0
-2
-1
-1
1
-1
-2
2
4
5
8
18
27
31
41
44
41
43
49
45
31
28
31
27
33
39
40
41
44
42
38
33
32
29
30
29
26
29
25
25
25
22
29
37
43
46
46
44
43
43
36
29
30
34
34
36
31
24
25
18
21
18
9
4
3
6
-1
-2
4
3
1
1
-9
-6
-9
-16
-20
-26
-35
-43
-45
-42
-39
-41
-36
-30
-25
-22
-29
-34
-33
-27
-25
-26
-26
-30
-35
-29
-28
-25
-28
-27
-24
-20
-24
-20
-16
-16
-16
-17
-13
-16
-9
-7
-3
3
9
11
7
9
12
12
10
8
8
7
2
4
8
4
1
2
1
3
9
18
29
29
29
17
4
4
-3
-12
-11
-13
-7
-5
-12
-11
-19
-19
-14
-7
2
4
2
4
6
10
5
-2
1
-7
-9
-9
-17
-23
-20
-16
-12
-8
-11
0
10
13
15
7
5
0
1
1
4
0
-7
-9
-14
-6
-2
2
4
-1
-4
-1
-3
-9
-11
-11
-11
-20
-25
-24
-27
-32
-27
-22
-20
-20
-14
-3
-2
3
8
8
9
12
16
17
20
24
30
31
34
34
30
35
44
50
53
55
55
48
44
47
51
43
37
37
33
29
24
19
15
13
8
6
2
-1
-3
-7
-5
-9
-8
-3
1
-2
-1
-3
-8
-5
-5
-1
-5
-4
-1
-3
-6
-6
-5
-6
-3
-7
-5
-2
4
7
9
11
10
13
9
14
15
11
7
-2
-1
6
-1
-4
2
-6
-9
-13
-17
-19
-26
-24
-23
-33
-40
-44
-51
-56
-64
-73
-71
-70
-65
-64
-66
-61
-60
-64
-64
-57
-54
-51
-50
-53
-46
-34
-29
-32
-27
-23
-16
-11
-9
-7
-8
1
2
1
-2
-7
-5
4
9
20
23
25
37
44
44
39
34
34
36
40
54
50
49
58
58
60
56
50
53
44
38
36
32
34
29
27
29
26
20
20
19
19
20
20
25
25
25
20
19
24
27
33
41
43
40
32
24
23
26
25
20
23
24
29
27
19
13
14
18
14
8
-2
-6
-13
-16
-13
-19
-17
-17
-21
-22
-34
-41
-43
-41
-47
-50
-45
-41
-42
-46
-49
-51
-47
-48
-52
-54
-51
-47
-38
-33
-32
-27
-23
-14
-11
-5
3
2
-3
-5
-10
-12
-11
-17
-10
-6
-5
0
6
14
9
7
11
11
14
14
11
12
18
13
8
8
13
14
6
3
4
-1
-5
3
-2
-9
-7
-7
-8
-7
-4
-9
-17
-17
-13
-8
-4
-3
-4
-2
-10
-9
-4
-8
-8
-8
-5
-2
5
11
12
13
16
14
16
11
8
15
12
18
24
24
21
23
27
23
15
13
13
6
10
14
9
6
7
6
3
4
6
11
9
0
-3
-11
-6
-3
-6
-8
-5
4
11
10
11
9
6
6
2
3
3
4
0
-9
-4
8
10
7
10
12
9
6
5
6
3
4
6
6
3
-4
-9
-7
-2
-7
-10
-14
-7
-4
2
8
0
2
2
0
-5
-5
-4
-1
3
4
-3
-11
-16
-15
-4
2
5
4
6
13
10
4
-6
-8
-14
-26
-26
-23
-20
-14
-4
7
14
11
10
10
14
14
8
2
-1
2
0
6
7
9
18
16
16
9
0
-8
-9
-5
-5
-6
-10
-23
-25
-22
-21
-21
-17
-19
-17
-12
-15
-16
-14
-19
-20
-14
-18
-24
-20
-17
-13
-6
2
3
8
7
7
6
5
2
1
6
3
0
1
1
3
7
7
15
13
7
6
7
7
1
-9
-14
-25
-34
-28
-23
-20
-22
-20
-26
-23
-15
-20
-25
-30
-23
-11
-8
-3
4
2
8
13
16
14
16
21
25
27
36
35
21
25
28
31
26
23
23
20
26
26
24
22
21
34
41
33
30
36
32
28
32
34
40
39
33
32
39
30
28
28
24
18
21
22
18
13
6
12
13
14
12
8
-3
-11
-16
-15
-24
-30
-29
-29
-33
-33
-31
-39
-32
-22
-17
-9
-3
0
-2
-3
-8
-13
-19
-26
-25
-23
-18
-17
-28
-31
-31
-31
-32
-33
-26
-32
-41
-39
-37
-37
-38
-44
-42
-36
-41
-41
-44
-36
-30
-29
-17
-17
-20
-30
-24
-10
-8
-6
-11
-16
-14
-12
-9
-7
-13
-6
-1
-5
-4
-6
-8
-5
-3
0
2
0
5
14
17
23
23
21
19
16
20
25
21
19
27
31
35
44
51
53
43
36
32
23
21
27
25
26
29
31
33
34
34
30
32
32
34
35
37
38
28
28
26
26
24
23
30
25
28
28
25
23
21
19
15
7
2
1
0
12
18
6
-8
-16
-16
-13
-11
-9
-11
-5
3
-3
-14
-21
-26
-24
-22
-17
-14
-15
-12
-11
-16
-22
-24
-20
-13
-8
-3
-3
1
3
-6
-13
-14
-13
-21
-23
-17
-18
-20
-25
-35
-41
-36
-39
-41
-39
-31
-28
-30
-27
-36
-47
-50
-52
-55
-54
-46
-37
-33
-23
-17
-24
-29
-30
-32
-30
-24
-18
-16
-19
-12
-6
-1
3
-2
-2
12
26
36
38
36
35
24
25
24
20
24
19
30
44
34
27
14
-3
-5
-4
-2
-4
0
9
9
7
5
-2
-9
-11
-7
-6
-2
4
8
17
30
38
27
24
36
41
49
60
70
70
65
67
65
60
58
46
40
47
59
55
47
42
33
25
24
26
33
30
25
25
23
27
20
1
-4
-2
-8
-8
-12
-17
-29
-37
-43
-53
-51
-55
-59
-64
-61
-50
-48
-46
-43
-37
-32
-31
-24
-20
-25
-22
-20
-14
-4
-9
-17
-19
-21
-22
-27
-33
-29
-26
-24
-15
-11
-16
-17
-23
-18
-14
-9
-9
-10
-13
-11
-13
-19
-21
-29
-25
-24
-19
-8
-9
-10
-13
-13
-7
-14
-21
-27
-20
-13
-16
-8
-7
-11
-2
2
2
8
6
6
11
12
19
22
26
26
24
23
22
27
19
15
20
21
21
29
33
35
38
36
40
39
40
39
42
40
36
29
16
17
13
8
5
7
5
-1
6
9
7
7
4
5
1
11
12
7
1
-11
-16
-14
-11
-8
-5
-7
-7
2
11
15
23
21
16
17
21
22
19
13
13
11
9
-4
-12
-24
-31
-32
-28
-24
-22
-25
-26
-31
-39
-41
-47
-52
-44
-41
-42
-43
-41
-45
-45
-35
-31
-28
-19
-16
-10
-10
-4
-8
-8
3
4
12
18
20
20
18
18
12
4
3
9
3
3
8
20
22
23
30
29
33
30
31
38
46
46
43
37
32
33
35
43
45
44
42
39
32
33
38
39
50
53
55
50
44
54
61
58
54
47
48
52
52
49
48
53
59
53
45
49
48
64
81
98
102
88
73
64
58
50
33
13
-12
-41
-70
-99
-128
-164
-196
-230
-254
-281
-312
-348
-385
-420
-450
-481
-525
-560
-582
-594
-586
-570
-555
-539
-525
-501
-455
-401
-343
-286
-222
-153
-83
-17
42
97
160
229
306
386
455
522
576
624
666
701
732
746
748
754
760
768
768
756
738
710
676
643
612
575
542
499
466
429
367
322
275
230
196
149
100
62
26
-11
-43
-85
-112
-150
-183
-207
-235
-256
-266
-267
-249
-234
-235
-250
-255
-249
-250
-269
-296
-296
-286
-287
-318
-348
-371
-389
-417
-456
-476
-481
-500
-537
-577
-606
-632
-679
-739
-780
-807
-825
-831
-838
-828
-804
-784
-760
-721
-669
-609
-543
-466
-369
-263
-157
-57
30
122
209
287
364
445
521
591
656
711
768
802
818
833
850
875
881
879
876
863
841
800
763
726
678
632
591
565
541
507
469
420
379
343
296
262
244
226
211
203
185
163
142
118
82
54
45
24
1
-12
-29
-45
-90
-113
-148
-169
-190
-211
-216
-239
-243
-291
-307
-339
-358
-380
-409
-426
-444
-459
-455
-450
-444
-444
-438
-430
-422
-423
-409
-385
-363
-321
-309
-282
-252
-241
-182
-135
-56
-8
11
20
32
85
119
130
137
160
181
176
154
131
128
109
62
18
5
-1
-44
-112
-179
-239
-290
-350
-415
-463
-489
-503
-519
-530
-532
-530
-530
-524
-499
-451
-392
-337
-288
-228
-150
-87
-35
27
88
167
248
329
414
482
527
561
604
640
657
661
681
713
734
746
756
758
746
719
681
658
638
609
578
540
510
483
436
386
337
303
280
244
212
198
174
150
95
79
48
15
1
-34
-39
-72
-47
-113
-111
-128
-172
-155
-215
-196
-262
-224
-253
-249
-261
-297
-283
-316
-288
-354
-312
-364
-332
-346
-360
-384
-387
-376
-382
-404
-393
-390
-382
-372
-414
-365
-372
-320
-325
-308
-310
-306
-287
-274
-195
-179
-139
-162
-134
-108
-90
-68
-70
-24
23
31
14
13
32
58
43
26
20
39
28
-9
-63
-110
-161
-206
-260
-300
-291
-308
-316
-320
-328
-313
-299
-286
-284
-269
-218
-166
-105
-45
12
74
105
137
182
240
294
333
379
433
478
513
542
567
596
611
633
661
687
712
727
749
759
755
738
719
691
677
643
630
603
582
538
498
434
398
388
305
322
211
248
170
117
117
16
7
-28
-98
-121
-101
-227
-90
-238
-215
-193
-329
-255
-308
-308
-344
-317
-396
-278
-396
-332
-397
-372
-331
-384
-324
-402
-344
-364
-378
-400
-364
-441
-369
-421
-405
-355
-395
-366
-370
-397
-366
-350
-394
-305
-375
-298
-276
-267
-238
-291
-267
-279
-226
-244
-234
-187
-172
-153
-164
-207
-166
-133
-152
-174
-176
-177
-134
-172
-218
-232
-306
-302
-372
-387
-367
-359
-325
-341
-314
-295
-258
-225
-217
-165
-97
-13
57
109
180
238
302
349
404
483
553
607
649
709
759
799
827
855
877
892
903
919
940
948
939
916
901
875
834
804
766
705
707
624
576
565
482
488
437
348
366
298
227
199
164
46
158
-24
-48
29
-193
-20
-187
-160
-177
-206
-275
-215
-346
-284
-358
-394
-343
-498
-361
-466
-459
-445
-494
-537
-438
-614
-471
-547
-550
-448
-632
-490
-542
-549
-456
-497
-534
-474
-539
-492
-413
-496
-391
-454
-432
-384
-423
-340
-345
-254
-216
-233
-192
-228
-197
-155
-192
-122
-103
-53
-3
-65
-52
-28
5
7
-1
-24
36
35
-11
-37
-120
-114
-188
-221
-247
-244
-207
-230
-235
-249
-252
-223
-236
-246
-231
-196
-122
-80
-24
21
82
102
134
180
248
331
371
422
483
553
599
639
658
710
730
742
776
794
797
816
818
796
818
768
768
718
734
693
675
688
646
643
531
526
460
384
415
360
267
345
264
238
272
207
160
174
116
57
89
14
-7
-56
-62
-214
-92
-264
-265
-227
-311
-281
-295
-339
-346
-344
-454
-419
-539
-467
-545
-503
-534
-566
-563
-656
-628
-653
-620
-591
-604
-642
-599
-673
-607
-600
-625
-538
-561
-561
-487
-435
-392
-312
-376
-343
-329
-281
-289
-236
-153
-106
-12
-91
-60
19
43
44
5
-9
61
93
48
-22
-61
-82
-127
-186
-207
-195
-172
-177
-238
-245
-234
-239
-245
-313
-284
-223
-175
-105
-92
-19
56
79
115
156
243
335
388
436
508
578
616
625
604
646
660
683
708
717
738
712
741
700
690
712
651
698
661
622
642
638
546
584
474
447
497
334
472
305
382
452
387
458
373
260
315
231
207
286
146
323
95
211
34
23
-17
-94
-99
-77
-113
-255
-142
-417
-200
-390
-360
-414
-517
-447
-570
-523
-626
-521
-651
-507
-729
-663
-745
-750
-674
-744
-706
-741
-702
-689
-634
-696
-611
-734
-541
-629
-475
-406
-381
-313
-396
-329
-378
-231
-305
-183
-150
-58
-17
-104
-19
-58
62
7
-27
34
53
119
89
6
-13
-72
-123
-200
-209
-185
-155
-121
-186
-158
-169
-136
-164
-206
-155
-124
-4
32
89
187
232
274
276
326
418
476
520
517
583
658
632
686
699
645
688
634
678
673
723
678
713
732
692
661
608
561
529
612
414
627
412
528
444
454
312
387
293
300
367
280
371
275
347
110
280
-46
78
81
33
131
59
-135
28
-160
-170
-79
-390
-178
-275
-377
-293
-385
-476
-268
-542
-498
-588
-591
-515
-537
-516
-613
-527
-597
-590
-601
-623
-676
-512
-651
-502
-516
-574
-477
-585
-566
-576
-594
-496
-439
-428
-371
-406
-327
-270
-227
-211
-202
-125
-148
-89
-64
5
73
73
-37
44
34
113
118
42
109
126
166
125
64
-5
-20
-98
-168
-190
-180
-155
-154
-212
-208
-173
-162
-133
-194
-156
-65
-8
74
130
179
237
261
272
313
361
401
463
465
491
589
551
639
544
573
578
543
631
576
693
609
644
569
567
529
520
408
543
385
599
507
487
550
378
470
449
412
413
500
314
644
292
458
379
283
377
180
247
211
308
119
244
-74
182
-50
-28
-79
-232
-25
-301
-193
-301
-408
-356
-413
-552
-418
-699
-480
-701
-638
-650
-781
-681
-757
-738
-747
-765
-821
-715
-824
-664
-750
-759
-656
-796
-585
-790
-637
-651
-631
-513
-572
-533
-454
-402
-274
-241
-322
-223
-336
-207
-227
-172
-50
23
-15
-17
-100
1
23
21
19
26
153
113
139
14
5
-55
-109
-160
-183
-77
-55
-13
-82
-80
-43
3
-14
-9
36
135
252
307
371
432
453
508
453
522
594
629
715
698
748
903
748
879
780
697
869
669
799
835
726
807
730
547
854
580
665
718
396
754
581
536
653
359
530
504
314
483
219
325
399
209
453
195
189
329
-26
192
-49
0
92
-35
-122
-141
-419
-107
-336
-378
-371
-551
-376
-532
-609
-531
-623
-648
-499
-828
-581
-910
-664
-803
-838
-776
-806
-714
-775
-830
-905
-828
-898
-712
-895
-607
-715
-709
-662
-770
-647
-713
-666
-622
-620
-544
-424
-480
-341
-341
-270
-178
-270
-154
-175
-101
-25
-22
32
131
112
146
47
183
236
248
295
216
341
299
307
208
154
139
136
74
107
84
174
161
101
98
55
132
141
152
142
215
298
326
379
383
500
478
460
547
503
650
620
576
700
652
699
667
579
641
555
619
653
639
706
633
642
598
492
550
538
484
556
443
513
414
474
398
358
370
325
394
358
265
299
177
249
226
97
168
52
30
25
-155
-43
-117
-157
-35
-346
-159
-420
-318
-428
-473
-437
-486
-493
-450
-588
-531
-630
-727
-610
-851
-625
-732
-742
-654
-748
-686
-744
-828
-682
-730
-727
-580
-792
-475
-704
-580
-585
-630
-525
-557
-579
-443
-513
-430
-389
-469
-266
-436
-206
-224
-193
-81
-103
-134
-35
-123
0
51
18
226
45
139
87
136
232
176
205
187
212
260
206
142
124
35
53
7
25
65
37
51
12
-32
100
115
152
121
150
260
295
377
361
419
453
457
428
491
513
637
608
552
667
601
799
736
713
726
737
702
763
589
793
664
685
610
565
606
540
468
477
460
516
513
404
454
292
416
271
208
286
165
190
124
104
87
57
-98
-72
-168
-126
-191
-133
-370
-215
-446
-321
-330
-518
-400
-557
-496
-517
-417
-517
-421
-731
-530
-683
-538
-576
-505
-591
-542
-796
-594
-688
-445
-454
-687
-587
-709
-560
-427
-583
-559
-617
-743
-440
-662
-532
-504
-597
-510
-506
-625
-420
-465
-347
-266
-272
-98
-98
-104
-122
-74
-62
23
53
187
202
234
133
141
229
246
306
249
232
319
304
256
223
102
136
31
0
-20
6
77
82
57
81
45
112
100
-1
173
109
335
355
310
414
395
421
499
443
564
688
539
805
637
809
800
733
717
710
656
750
630
629
784
516
772
483
600
480
473
410
409
300
463
312
361
287
103
230
80
162
109
129
-80
116
-268
7
-179
-106
-142
-264
-333
-287
-329
-335
-181
-448
-216
-450
-393
-408
-526
-475
-424
-497
-334
-506
-512
-438
-625
-514
-648
-538
-559
-494
-519
-504
-541
-526
-530
-518
-502
-562
-455
-494
-490
-554
-582
-501
-462
-496
-479
-484
-455
-398
-272
-216
-144
-38
-34
15
-122
-62
-68
4
72
54
136
223
199
114
97
95
283
210
153
139
132
199
102
-23
-82
-138
-165
-262
-257
-215
-146
1
-98
-124
-108
-78
-16
-31
-49
166
187
352
342
306
439
423
482
476
562
732
857
806
868
779
874
801
694
755
791
841
820
840
734
749
586
583
521
527
677
489
574
531
473
399
327
284
341
274
298
227
218
158
110
-130
-66
-147
-149
-163
-365
-236
-301
-250
-322
-454
-432
-387
-571
-518
-552
-469
-398
-431
-551
-584
-742
-542
-711
-649
-564
-631
-527
-644
-622
-590
-691
-682
-616
-689
-609
-590
-593
-616
-558
-652
-544
-598
-546
-527
-548
-385
-327
-272
-189
-179
-174
-60
-54
-63
-58
-29
108
115
113
236
322
302
175
54
124
292
333
230
110
149
187
84
40
-51
-100
-68
-264
-273
-229
-73
7
-95
-184
-103
-65
15
19
-24
112
195
330
375
418
594
583
525
512
593
779
896
935
893
954
976
948
849
763
786
716
707
667
732
726
626
518
323
396
414
427
389
362
369
328
192
151
35
33
22
-11
20
36
60
73
-39
-134
-81
-128
-187
-195
-287
-238
-276
-346
-307
-400
-479
-555
-528
-461
-438
-458
-388
-511
-518
-519
-564
-458
-499
-504
-552
-484
-439
-505
-465
-565
-480
-519
-514
-445
-483
-489
-515
-601
-567
-493
-459
-473
-443
-247
-48
-55
-177
-220
-205
-163
-228
-149
165
354
197
-148
-330
-65
97
20
-144
-212
-55
8
-210
-372
-482
-562
-710
-932
-870
-603
-330
-376
-613
-781
-627
-420
-326
-312
-228
79
285
387
462
680
875
886
769
805
1129
1486
1616
1522
1434
1477
1488
1363
1353
1368
1446
1388
1181
1162
1139
1051
804
483
423
467
475
457
336
245
182
-34
-99
-85
-16
97
-22
-62
37
56
69
-38
-110
-31
4
-40
-34
6
96
-9
-189
-191
-190
-246
-319
-374
-368
-289
-312
-386
-557
-597
-594
-720
-795
-732
-666
-582
-730
-754
-743
-722
-727
-828
-768
-647
-536
-478
-433
-405
-395
-350
-125
65
31
-119
-91
-47
-19
-43
23
291
320
-90
-597
-690
-310
-26
-216
-479
-576
-532
-682
-1012
-1243
-1259
-1247
-1439
-1691
-1613
-1228
-1050
-1196
-1567
-1655
-1343
-915
-683
-567
-322
21
167
128
259
690
1088
1198
1194
1410
1880
2243
2223
1974
1886
2055
2137
2084
2164
2291
2265
1913
1528
1352
1366
1307
1065
793
741
794
667
403
121
11
-99
-233
-275
-128
49
9
-197
-334
-243
-74
-78
-70
87
260
338
286
306
307
277
199
164
307
472
519
350
248
113
-19
-156
-226
-195
-307
-283
-400
-601
-686
-771
-926
-1049
-1046
-972
-1005
-1094
-1060
-983
-863
-853
-835
-501
-58
97
-271
-532
-258
70
47
-30
236
528
239
-635
-1140
-757
-4
46
-580
-971
-947
-972
-1424
-1989
-2108
-2003
-2035
-2369
-2618
-2317
-1852
-1917
-2478
-2872
-2495
-1675
-1093
-935
-859
-490
-101
-83
-106
409
1276
1801
1741
1765
2223
2790
2897
2483
2290
2551
2973
3032
2863
2924
2987
2646
1988
1581
1649
1865
1723
1268
924
867
718
295
-142
-253
-142
-184
-319
-282
-133
-150
-450
-771
-667
-277
14
53
114
315
389
273
134
297
547
624
536
565
798
922
717
309
143
190
205
112
86
145
67
-257
-636
-853
-792
-723
-827
-964
-967
-879
-851
-902
-883
-666
-259
101
50
-286
-391
-94
175
185
236
576
636
-39
-1060
-1291
-541
223
81
-687
-1163
-1245
-1488
-2131
-2592
-2544
-2339
-2549
-3026
-3234
-2947
-2661
-2958
-3532
-3624
-2864
-1897
-1400
-1415
-1417
-1076
-744
-613
-295
597
1624
2077
1946
1941
2356
2850
2922
2642
2626
3102
3632
3590
3124
2775
2581
2234
1828
1684
1891
2106
1792
1054
399
158
112
-142
-412
-368
-134
-81
-327
-631
-694
-607
-569
-456
-128
400
649
519
352
381
603
846
1051
1274
1466
1476
1340
1140
1095
1086
950
791
759
751
627
349
30
-237
-477
-714
-853
-817
-726
-821
-1108
-1387
-1413
-1325
-1123
-813
-206
426
394
-359
-965
-642
182
661
756
981
968
119
-1184
-1616
-597
701
806
-222
-1172
-1427
-1570
-2156
-2791
-2846
-2507
-2562
-3101
-3563
-3497
-3308
-3623
-4222
-4256
-3281
-1981
-1381
-1741
-2218
-2095
-1451
-805
-198
760
1780
2190
1834
1545
2101
3004
3345
3074
2968
3395
3821
3738
3232
2729
2436
2142
1846
1852
2134
2211
1542
471
-242
-288
-62
-68
-321
-529
-650
-846
-1067
-1108
-874
-647
-589
-525
-169
314
553
436
299
536
980
1334
1550
1720
1774
1599
1322
1350
1703
1897
1706
1300
948
761
627
509
343
149
-42
-357
-741
-962
-945
-960
-1224
-1501
-1493
-1253
-1033
-732
-146
404
221
-603
-1030
-460
519
1124
1429
1641
1115
-476
-1999
-1725
330
1985
1593
-119
-1417
-1818
-2075
-2451
-2424
-1888
-1698
-2521
-3776
-4296
-3923
-3537
-3906
-4439
-4169
-2982
-1941
-1965
-2678
-3071
-2588
-1663
-766
188
1251
1794
1380
594
722
2186
3778
4220
3509
2847
2964
3190
3088
3010
3222
3253
2545
1532
1177
1566
1847
1277
241
-248
-49
37
-427
-1064
-1249
-1092
-1117
-1231
-1028
-525
-431
-927
-1251
-698
370
1040
1070
894
982
1211
1356
1560
2012
2496
2559
2179
1884
1976
2139
1978
1525
1284
1317
1266
888
366
-12
-205
-426
-695
-851
-930
-1017
-1336
-1723
-1939
-1722
-1183
-610
-123
147
-88
-774
-1270
-845
276
1297
1855
1811
802
-1028
-2306
-1523
820
2407
1762
-187
-1699
-2207
-2378
-2444
-2052
-1430
-1538
-2869
-4358
-4751
-4041
-3512
-3848
-4316
-3933
-2868
-2167
-2414
-3019
-3063
-2374
-1382
-450
493
1338
1610
1017
375
963
2774
4445
4741
3781
2830
2716
3072
3335
3561
3990
3985
2839
1213
514
1086
1849
1685
757
-18
-324
-620
-1246
-1720
-1556
-1064
-955
-1360
-1608
-1385
-1257
-1551
-1723
-1000
320
1055
877
427
395
738
1123
1662
2453
3054
2952
2295
1773
1877
2306
2479
2281
1999
1831
1501
872
304
128
186
19
-423
-799
-943
-1130
-1588
-2034
-2049
-1663
-1254
-979
-649
-216
-103
-692
-1362
-1133
33
1233
1841
1899
1263
-395
-2138
-2040
292
2696
2739
662
-1415
-2288
-2354
-2221
-1717
-899
-819
-2216
-4201
-5102
-4431
-3377
-3219
-3724
-3928
-3376
-2664
-2622
-3038
-3139
-2524
-1518
-650
88
828
1255
982
367
563
2179
4137
4906
4077
2769
2343
2760
3343
3758
4191
4293
3306
1499
335
747
1896
2274
1446
260
-475
-877
-1326
-1682
-1514
-954
-803
-1360
-1986
-1992
-1652
-1579
-1655
-1167
-99
706
625
97
-20
366
955
1614
2344
2890
2845
2190
1555
1591
2257
2881
2862
2375
1804
1317
825
448
477
757
679
-6
-738
-1018
-1074
-1356
-1672
-1716
-1472
-1200
-958
-564
-146
-225
-1051
-1756
-1306
122
1417
1946
1755
761
-1123
-2742
-2147
765
3297
2936
240
-2152
-2858
-2473
-1879
-1130
-362
-625
-2448
-4666
-5406
-4321
-2910
-2639
-3379
-3849
-3438
-2781
-2660
-2977
-2948
-2239
-1199
-406
121
654
1004
792
294
662
2355
4301
4922
3937
2564
2057
2579
3439
4104
4402
4205
3220
1570
282
387
1564
2363
1865
552
-548
-1100
-1475
-1762
-1560
-894
-511
-989
-1914
-2374
-2081
-1595
-1347
-998
-223
552
634
125
-133
314
1141
1847
2339
2709
2761
2365
1795
1637
2086
2747
2971
2535
1810
1206
749
390
327
528
624
170
-654
-1357
-1643
-1607
-1503
-1489
-1508
-1398
-1087
-626
-319
-387
-856
-1267
-1044
-121
1105
2074
2172
914
-1303
-2800
-1869
1013
3266
2839
388
-1915
-2917
-2830
-2110
-941
-20
-554
-2754
-5090
-5717
-4466
-2958
-2632
-3322
-3858
-3674
-3244
-3046
-2967
-2596
-1883
-1191
-650
-74
687
1221
1033
564
877
2410
4182
4799
4047
3061
2702
2873
3245
3819
4433
4367
3290
1809
792
655
1077
1436
1327
734
-128
-1031
-1701
-1929
-1685
-1229
-993
-1203
-1667
-2050
-2132
-1894
-1432
-829
-217
264
535
560
493
601
1077
1828
2522
2898
2924
2716
2408
2166
2190
2449
2696
2675
2208
1432
746
397
270
133
-9
-165
-530
-1109
-1646
-1916
-1946
-1891
-1774
-1415
-932
-458
-210
-345
-959
-1439
-1055
194
1519
2237
2181
1104
-897
-2530
-2021
675
3155
3125
803
-1756
-3010
-3043
-2453
-1438
-477
-653
-2514
-4935
-5994
-5131
-3672
-3065
-3423
-3824
-3713
-3365
-3170
-3088
-2765
-2111
-1283
-525
168
876
1408
1362
905
985
2220
4008
4970
4543
3589
3038
2912
3039
3509
4173
4272
3384
2019
924
428
429
684
840
604
-137
-1092
-1849
-2140
-1999
-1644
-1331
-1229
-1375
-1688
-1920
-1774
-1205
-539
-7
417
874
1261
1363
1302
1492
2080
2747
3177
3303
3212
2991
2683
2336
2147
2286
2511
2340
1557
658
108
-109
-320
-562
-699
-817
-1159
-1795
-2342
-2359
-2067
-1789
-1493
-1018
-365
99
-36
-705
-1157
-664
497
1647
2432
2665
1804
-398
-2511
-2227
618
3223
3145
815
-1605
-2916
-3371
-3210
-2241
-982
-911
-2791
-5286
-6349
-5544
-4178
-3672
-3979
-4162
-3775
-3225
-3031
-2976
-2668
-2021
-1231
-492
393
1470
2275
2208
1418
1108
2179
4012
5153
4904
3891
3282
3444
3618
3276
3135
3462
3123
1622
426
612
1092
264
-1393
-2185
-1576
-795
-1049
-1941
-2387
-2217
-2128
-2375
-2142
-1084
-207
-482
-1231
-1002
323
1376
1479
1456
2039
2753
2902
2740
2964
3552
3799
3472
3028
3020
3272
3036
2108
1348
1290
1345
772
-92
-465
-456
-921
-1811
-2196
-1794
-1490
-1932
-2445
-2362
-1818
-1408
-997
-93
940
1018
-22
-838
-162
1394
2582
3031
2964
2050
-112
-2096
-1650
1110
3224
2527
-26
-2141
-3066
-3489
-3520
-2881
-2090
-2397
-4154
-5968
-6412
-5600
-4704
-4605
-4920
-4797
-3949
-2895
-2363
-2373
-2349
-1811
-961
34
1210
2529
3405
3173
2232
1867
2821
4387
5308
5056
4151
3476
3420
3441
2917
2294
2098
1641
396
-553
-214
333
-679
-2836
-4064
-3389
-1980
-1441
-1770
-2092
-2134
-2344
-2656
-2147
-584
865
1008
316
337
1434
2415
2515
2439
3009
3819
4108
3922
3867
3959
3731
3055
2496
2630
3042
2806
1682
469
-138
-297
-538
-921
-1077
-1115
-1578
-2407
-2854
-2463
-1850
-1678
-1919
-1953
-1367
-437
618
1719
2293
1755
626
261
1171
2802
4243
4728
3633
882
-1914
-2502
-400
2145
2628
929
-1520
-3474
-4760
-5200
-4596
-3557
-3345
-4592
-6176
-6768
-6177
-5430
-5331
-5553
-5378
-4296
-2685
-1255
-604
-727
-1014
-855
71
1631
3485
4961
5216
4179
2939
2757
3698
4764
5019
4413
3446
2717
2543
2276
1313
191
-531
-1301
-2251
-2317
-1309
-908
-2525
-4962
-5772
-4370
-2398
-1402
-1176
-967
-879
-1201
-1392
-423
1466
2759
2702
2271
2834
4038
4446
3725
3043
3334
4046
4378
4321
4153
3652
2504
1086
293
642
1403
1353
114
-1324
-1960
-2011
-2160
-2348
-2076
-1596
-1574
-2119
-2343
-1741
-895
-671
-845
-420
860
2477
3681
4041
3449
2275
1415
1552
2794
4454
5366
4415
1320
-2231
-3728
-2366
-107
597
-610
-2451
-4039
-5470
-6565
-6690
-5914
-5397
-5880
-6531
-6221
-5047
-4238
-4537
-5218
-5036
-3489
-1167
949
2214
2454
2028
1566
1694
2727
4380
5849
6281
5571
4441
3753
3603
3433
2777
1789
942
536
659
691
-224
-1913
-3476
-4590
-5200
-4706
-3085
-1649
-1854
-3594
-4942
-4443
-2703
-1169
-138
854
1785
2239
2149
2232
2864
3515
3487
3215
3775
5104
5787
4868
3180
2026
1685
1695
1757
1914
1913
1311
9
-1360
-1950
-1705
-1429
-1693
-2027
-1841
-1237
-980
-1275
-1532
-1395
-1035
-623
-23
803
1544
1674
1354
1364
2349
4125
5430
5099
3498
2177
1856
2199
2830
3383
3168
1115
-2407
-4924
-4540
-2437
-1471
-2547
-4258
-5114
-5342
-5794
-6257
-6209
-5941
-6106
-6323
-5585
-3671
-1886
-1597
-2508
-3150
-2332
-187
2171
3701
4125
3919
3663
3584
3745
4206
4713
4685
3914
2950
2614
2860
2668
1336
-691
-2360
-2923
-2344
-1605
-1673
-2434
-3387
-4472
-5337
-5065
-3647
-2133
-1610
-1986
-1924
-715
775
1382
1306
1516
2332
3292
4002
4543
4868
4595
3542
2460
2303
3083
3663
3048
1700
664
305
166
-251
-867
-1307
-1565
-1816
-1914
-1604
-996
-834
-1370
-1843
-1511
-475
441
870
961
1084
1345
1528
1682
1887
2181
2223
2036
2094
2710
3945
4857
4486
2776
1051
212
72
474
1000
1086
-318
-3115
-5480
-5616
-4077
-3191
-3808
-4868
-5115
-4619
-4191
-4060
-4184
-4616
-5284
-5465
-4426
-2263
-178
636
237
-475
-448
640
2239
3401
3625
3339
3262
3623
4001
3933
3361
2479
1421
541
273
600
939
536
-818
-2449
-3268
-3053
-2627
-2726
-3057
-3034
-2638
-2178
-1833
-1386
-863
-643
-680
-264
1012
2514
3357
3296
2929
2890
3104
3261
3191
2946
2700
2342
1837
1492
1434
1302
621
-475
-1320
-1428
-1094
-857
-937
-1259
-1524
-1509
-1285
-940
-522
-168
39
164
518
1179
1767
2055
2069
1876
1847
1999
2018
1868
1577
1283
1028
906
918
1103
1709
2408
2275
1234
160
-494
-671
-559
-446
-443
-1148
-2846
-4402
-4339
-3093
-2373
-2895
-3756
-3759
-3082
-2642
-2682
-2818
-3075
-3608
-4043
-3597
-2122
-561
193
127
-88
134
777
1522
1999
2005
1891
2112
2598
2923
2821
2351
1768
1117
440
3
-23
58
-234
-956
-1629
-1755
-1441
-1263
-1585
-1974
-2040
-1711
-1283
-813
-280
232
575
566
784
1420
2013
2260
2173
2161
2442
2840
2905
2557
2034
1441
876
440
283
328
304
-17
-555
-916
-969
-867
-868
-960
-996
-859
-566
-212
181
432
544
670
932
1260
1542
1647
1609
1594
1604
1706
1774
1523
1070
508
37
-141
-322
-511
-467
-165
482
1313
1677
1338
682
-63
-566
-608
-301
-66
-570
-1876
-3006
-2833
-1850
-1473
-2005
-2636
-2684
-2333
-2209
-2307
-2378
-2669
-3377
-4020
-3807
-2632
-1286
-638
-683
-797
-547
109
840
1358
1540
1551
1604
1755
2020
2261
2283
1994
1486
936
600
546
471
72
-574
-1196
-1477
-1279
-794
-420
-358
-487
-670
-781
-737
-395
118
496
603
668
957
1434
1835
1916
1777
1620
1602
1654
1647
1533
1291
919
508
207
134
220
150
-204
-551
-626
-398
-98
32
67
143
284
442
593
708
899
1057
1054
981
955
1000
994
882
742
674
557
356
66
-203
-417
-730
-1067
-1314
-1434
-1540
-1677
-1630
-1336
-861
-142
651
1148
1258
1215
1204
1248
1165
967
801
361
-599
-1389
-1285
-647
-318
-706
-1311
-1511
-1489
-1691
-2098
-2396
-2617
-3044
-3578
-3774
-3426
-2897
-2503
-2269
-1913
-1246
-467
183
499
483
378
421
656
1034
1436
1719
1988
2185
2255
2269
2181
1921
1442
928
615
534
575
575
402
163
13
-27
67
62
-122
-328
-553
-680
-706
-696
-592
-406
-205
37
359
680
935
1057
1045
958
978
1113
1225
1348
1416
1431
1397
1394
1437
1519
1523
1318
1072
847
704
556
374
139
-154
-362
-436
-433
-486
-609
-881
-1176
-1382
-1503
-1447
-1324
-1171
-1069
-1003
-864
-702
-508
-306
-105
6
90
271
525
784
904
898
744
626
618
569
496
389
376
584
852
967
931
752
460
45
-390
-518
-529
-937
-1823
-2590
-2641
-2262
-2070
-2172
-2219
-1961
-1671
-1577
-1506
-1343
-1288
-1516
-1860
-1974
-1659
-1129
-677
-326
-3
391
828
1251
1515
1516
1392
1193
1099
1029
903
781
723
595
413
361
489
674
655
329
-114
-458
-648
-664
-628
-541
-395
-127
230
608
895
1065
1141
1155
1229
1359
1541
1625
1569
1500
1486
1508
1567
1641
1664
1576
1420
1188
786
304
-152
-482
-717
-891
-1006
-1061
-1049
-1104
-1173
-1199
-1113
-1020
-970
-878
-757
-532
-318
-143
53
266
469
625
764
968
1146
1187
1064
826
719
681
560
431
344
276
181
5
-186
-336
-473
-670
-873
-965
-976
-1070
-1289
-1522
-1604
-1457
-1251
-1078
-861
-451
161
703
983
1090
1143
1181
1108
1086
1053
652
-181
-978
-1197
-1024
-919
-1163
-1404
-1332
-1133
-1112
-1244
-1429
-1784
-2285
-2776
-3015
-2929
-2749
-2550
-2312
-1852
-1147
-318
432
955
1206
1286
1429
1652
1867
1912
1873
1851
1865
1947
2072
2274
2447
2383
2135
1823
1596
1383
1020
439
-72
-335
-347
-211
-59
48
31
-41
-136
-195
-187
-223
-377
-555
-603
-459
-208
68
271
436
598
836
1048
1154
1095
849
558
265
100
160
272
301
238
169
171
237
293
274
135
-38
-101
-80
-90
-195
-344
-467
-506
-446
-328
-205
-146
-219
-409
-542
-544
-453
-361
-345
-424
-368
-149
19
58
-31
-179
-313
-380
-341
-222
-136
-139
-310
-404
-140
405
884
1068
1083
1027
986
892
752
455
-284
-1475
-2505
-2872
-2708
-2612
-2810
-2971
-2731
-2188
-1654
-1236
-1045
-1093
-1358
-1666
-1774
-1649
-1458
-1337
-1212
-852
-30
1099
2165
2924
3316
3501
3642
3617
3373
2900
2242
1524
882
545
481
491
436
292
101
-21
-116
-271
-569
-985
-1424
-1757
-1840
-1683
-1355
-931
-387
257
950
1615
2149
2335
2205
2003
1844
1695
1342
828
440
289
266
362
540
696
763
722
574
386
63
-505
-1191
-1798
-2162
-2259
-2165
-1945
-1643
-1200
-662
-155
280
612
867
977
983
992
1024
990
867
726
673
740
830
933
1009
961
788
491
103
-244
-632
-1012
-1300
-1489
-1581
-1572
-1490
-1413
-1333
-1339
-1334
-1319
-1243
-866
-205
472
954
1205
1333
1616
1935
2230
2329
1809
619
-678
-1473
-1725
-1941
-2537
-3145
-3230
-2722
-1994
-1369
-932
-752
-926
-1295
-1504
-1392
-1375
-1753
-2267
-2401
-1793
-736
377
1340
2152
2902
3521
3892
3997
3759
3079
2081
1058
293
-106
-330
-495
-602
-556
-286
77
382
512
410
120
-239
-571
-792
-924
-1005
-1027
-887
-420
442
1419
2120
2456
2596
2577
2354
1930
1296
555
-227
-968
-1422
-1437
-1169
-812
-452
-145
259
736
1039
1107
850
349
-143
-589
-963
-1194
-1280
-1186
-845
-288
404
1073
1568
1826
1832
1692
1399
937
390
-230
-790
-1169
-1308
-1227
-1063
-859
-656
-405
-118
56
94
-17
-246
-532
-794
-911
-857
-767
-708
-611
-467
-293
-120
255
880
1409
1534
1409
1262
1244
1299
1310
1281
805
-313
-1571
-2289
-2418
-2474
-2979
-3672
-3869
-3470
-2785
-2073
-1534
-1225
-1159
-1306
-1331
-1066
-759
-727
-983
-1132
-671
402
1564
2438
2984
3399
3802
4116
4218
3950
3200
2055
864
-27
-589
-1007
-1434
-1809
-1948
-1830
-1518
-1121
-854
-825
-990
-1197
-1263
-1156
-1002
-833
-603
-212
459
1304
2152
2897
3460
3854
4013
3935
3648
3112
2382
1539
702
-3
-520
-914
-1197
-1364
-1421
-1391
-1334
-1276
-1207
-1182
-1236
-1345
-1481
-1561
-1526
-1376
-1090
-685
-208
332
936
1517
2010
2400
2615
2630
2505
2301
2064
1765
1367
932
510
125
-213
-469
-697
-937
-1243
-1544
-1787
-1956
-2016
-2022
-1991
-1951
-1857
-1728
-1590
-1436
-1290
-1141
-1052
-984
-881
-745
-624
-275
424
1244
1946
2364
2516
2648
2808
2935
2959
2395
1047
-629
-1873
-2347
-2429
-2765
-3338
-3468
-2970
-2159
-1535
-1240
-1052
-1045
-1398
-1920
-2216
-2205
-2151
-2302
-2368
-1794
-534
893
2096
2986
3613
4036
4218
4140
3755
3006
1973
889
11
-521
-744
-800
-771
-680
-566
-400
-224
-204
-432
-897
-1413
-1736
-1819
-1703
-1446
-1036
-425
355
1231
2115
2889
3384
3528
3404
3135
2773
2278
1663
1056
636
473
471
494
500
533
508
385
180
-131
-533
-934
-1345
-1740
-1939
-1917
-1651
-1172
-619
-40
549
1023
1290
1380
1361
1281
1100
801
456
154
-38
-113
-121
-120
-144
-189
-269
-406
-663
-1014
-1384
-1763
-2110
-2321
-2330
-2112
-1759
-1351
-923
-534
-160
82
212
237
135
40
-42
-69
-67
-59
-55
-8
84
167
279
304
345
540
762
844
754
473
165
79
174
365
289
-335
-1192
-1773
-1860
-1729
-1879
-2307
-2450
-2070
-1401
-767
-382
-178
-67
-87
-168
-160
-98
-156
-393
-609
-487
69
765
1316
1641
1841
2075
2289
2376
2227
1780
1105
415
-65
-289
-362
-383
-383
-315
-120
156
401
531
513
360
184
120
189
297
361
427
627
1021
1522
1946
2194
2210
2069
1859
1618
1294
824
261
-212
-483
-561
-470
-386
-301
-209
-155
-92
-11
32
-7
-209
-506
-685
-708
-660
-616
-594
-503
-312
-114
72
240
312
206
-21
-293
-538
-716
-862
-1004
-1137
-1222
-1238
-1171
-1065
-992
-953
-925
-910
-899
-886
-865
-800
-669
-479
-229
25
261
472
584
583
515
410
220
-43
-344
-593
-726
-767
-743
-668
-555
-397
-217
-55
55
68
-18
-161
-284
-404
-507
-548
-438
-9
687
1416
1985
2262
2301
2320
2390
2438
2194
1377
185
-844
-1330
-1360
-1437
-1791
-2066
-1864
-1250
-632
-300
-235
-302
-552
-936
-1189
-1194
-1106
-1125
-1171
-948
-247
737
1621
2197
2467
2564
2558
2464
2225
1773
1130
448
-70
-334
-378
-310
-177
-50
-17
-63
-101
-133
-222
-459
-798
-1077
-1188
-1107
-857
-420
113
651
1171
1611
1971
2214
2242
2007
1579
1090
647
268
-59
-274
-412
-477
-455
-369
-280
-298
-478
-771
-1058
-1277
-1448
-1631
-1784
-1873
-1859
-1662
-1315
-897
-489
-190
4
122
206
268
294
286
225
160
211
405
671
879
955
954
878
760
557
258
-93
-472
-794
-986
-1018
-930
-746
-548
-323
-65
196
423
510
472
354
194
45
-53
-128
-171
-103
31
213
459
672
764
768
665
473
255
16
-240
-482
-680
-803
-855
-843
-755
-629
-527
-411
-116
330
740
903
783
596
566
774
1033
1053
606
-117
-677
-842
-690
-628
-858
-1130
-1185
-995
-694
-472
-422
-502
-700
-963
-1092
-1045
-913
-893
-951
-873
-533
44
669
1181
1552
1773
1867
1901
1884
1785
1464
987
521
162
-46
-141
-166
-168
-224
-359
-476
-516
-533
-622
-804
-1035
-1209
-1245
-1127
-867
-544
-232
102
503
985
1484
1839
1986
1955
1806
1655
1528
1404
1263
1075
858
681
661
750
828
831
689
442
201
7
-150
-344
-582
-867
-1116
-1189
-1107
-948
-792
-717
-712
-677
-593
-468
-386
-386
-441
-495
-449
-324
-152
41
184
228
247
279
285
227
61
-151
-334
-495
-650
-760
-807
-785
-714
-649
-586
-519
-494
-477
-483
-512
-568
-673
-782
-835
-827
-764
-642
-493
-303
-126
58
216
330
385
375
308
212
99
-13
-100
-175
-196
-169
-83
-26
-34
-67
36
282
576
850
939
872
770
751
866
992
932
611
154
-154
-234
-182
-161
-311
-489
-546
-429
-287
-185
-114
-149
-290
-488
-624
-624
-517
-432
-397
-307
-82
339
831
1260
1592
1749
1797
1793
1799
1729
1546
1226
825
525
303
179
102
32
-45
-165
-302
-378
-377
-422
-560
-757
-915
-987
-968
-917
-809
-610
-348
-44
249
544
813
978
1077
1071
1000
923
867
790
621
486
366
288
235
163
68
-46
-179
-354
-514
-680
-881
-1072
-1240
-1420
-1567
-1639
-1623
-1518
-1366
-1204
-1046
-885
-682
-488
-323
-217
-167
-115
-45
0
65
177
267
283
240
203
188
187
122
-12
-156
-247
-327
-401
-440
-483
-500
-484
-471
-455
-404
-341
-286
-216
-154
-99
-44
5
68
131
241
399
586
784
955
1095
1156
1194
1220
1225
1181
1098
1004
939
864
729
650
579
455
378
377
473
631
758
768
705
607
512
473
373
149
-214
-608
-876
-1046
-1133
-1138
-1153
-1150
-1096
-977
-757
-511
-318
-228
-234
-361
-476
-508
-522
-535
-546
-541
-486
-296
24
382
687
860
891
865
786
677
500
259
-52
-427
-772
-970
-1057
-1109
-1082
-1052
-1011
-894
-703
-515
-321
-204
-167
-126
-92
-41
50
183
347
513
674
886
1097
1288
1448
1484
1415
1328
1187
1018
806
534
262
34
-152
-296
-370
-410
-436
-456
-479
-465
-449
-455
-459
-491
-559
-602
-629
-596
-501
-325
-102
159
444
691
889
1016
1161
1223
1230
1144
954
743
533
352
170
4
-147
-283
-361
-387
-368
-361
-368
-388
-463
-533
-615
-687
-707
-708
-709
-684
-606
-468
-314
-162
-40
56
134
225
281
293
285
237
179
130
29
-103
-222
-289
-326
-357
-312
-278
-219
-117
31
211
430
620
685
669
621
575
518
370
127
-232
-654
-986
-1226
-1371
-1416
-1460
-1499
-1461
-1354
-1213
-1021
-812
-677
-663
-712
-720
-704
-648
-583
-490
-327
-150
122
418
778
1094
1281
1392
1406
1422
1380
1249
1004
694
347
33
-191
-324
-383
-407
-363
-284
-180
-77
82
223
346
485
588
686
777
888
1014
1137
1304
1472
1608
1740
1851
1907
1895
1821
1706
1495
1226
931
606
337
120
-117
-341
-492
-598
-687
-712
-709
-695
-664
-672
-649
-657
-659
-648
-647
-612
-560
-499
-455
-361
-269
-150
-42
-5
-19
-63
-101
-197
-289
-386
-502
-619
-749
-842
-876
-908
-916
-919
-924
-877
-850
-793
-789
-814
-776
-755
-743
-707
-647
-598
-502
-385
-298
-177
-112
-58
35
77
100
119
144
107
45
-35
-33
26
49
73
86
87
91
145
282
407
428
505
600
632
655
678
669
624
483
286
48
-156
-312
-508
-672
-689
-781
-817
-699
-635
-548
-392
-251
-235
-185
-104
-82
-81
-4
46
77
213
360
520
808
1102
1279
1521
1713
1823
1833
1783
1644
1403
1189
923
594
316
66
-209
-385
-481
-571
-564
-522
-535
-450
-323
-218
-118
-29
57
148
222
306
389
508
675
742
792
885
948
975
1012
946
788
653
477
229
7
-228
-480
-719
-944
-1143
-1245
-1288
-1324
-1306
-1263
-1159
-1042
-908
-776
-711
-628
-515
-419
-353
-292
-240
-179
-99
-57
-11
31
42
70
102
110
105
60
-14
-83
-212
-336
-408
-507
-592
-652
-692
-687
-623
-545
-447
-358
-280
-173
-82
-14
53
144
219
245
248
201
136
64
-39
-56
-50
-35
-22
-46
-36
-40
18
131
251
368
507
651
774
850
902
968
1038
1067
982
869
706
460
213
34
-147
-310
-431
-531
-626
-710
-674
-619
-555
-498
-509
-503
-473
-496
-534
-540
-491
-423
-352
-269
-95
116
380
676
865
1023
1152
1213
1165
1085
960
766
518
228
-33
-255
-420
-560
-671
-689
-689
-657
-582
-504
-395
-301
-241
-210
-187
-136
-68
14
98
184
279
389
493
578
669
750
782
785
758
669
593
509
395
275
163
33
-88
-188
-263
-273
-239
-188
-151
-116
-56
40
126
201
254
250
225
179
111
21
-62
-141
-211
-278
-316
-294
-297
-292
-291
-288
-300
-323
-327
-341
-356
-359
-360
-381
-400
-343
-246
-188
-122
-54
-1
58
118
147
191
215
214
178
147
102
25
-13
-64
-133
-263
-342
-391
-468
-499
-469
-385
-316
-186
-69
52
201
323
427
482
501
453
323
150
-55
-284
-470
-609
-775
-868
-876
-894
-858
-774
-634
-465
-360
-264
-163
-111
-94
-128
-177
-187
-208
-185
-159
-73
54
166
267
379
487
605
692
696
677
608
503
371
189
53
-37
-131
-187
-196
-170
-108
6
113
243
383
513
624
673
718
769
774
728
671
616
559
504
441
410
400
359
308
260
214
175
151
98
52
25
-12
-6
46
116
136
218
335
423
483
520
561
580
572
517
429
287
173
73
-57
-113
-203
-271
-279
-328
-370
-407
-452
-462
-512
-609
-650
-694
-764
-788
-790
-756
-652
-559
-411
-269
-153
-19
85
129
178
173
101
36
-82
-168
-266
-386
-477
-569
-621
-611
-642
-607
-524
-485
-412
-394
-357
-265
-213
-132
-70
-34
0
18
13
-2
-45
-126
-223
-332
-433
-508
-554
-603
-657
-640
-562
-465
-350
-264
-169
-82
-32
5
58
131
210
247
278
354
426
551
679
755
853
949
997
1037
1040
953
849
714
573
412
273
159
62
4
-26
0
27
48
65
70
91
138
181
217
214
148
118
125
132
161
186
227
263
295
334
377
391
380
338
238
130
35
-36
-85
-151
-236
-272
-266
-253
-208
-136
-54
43
126
212
288
354
371
345
321
282
239
197
133
75
23
-31
-79
-128
-155
-161
-160
-168
-215
-269
-306
-347
-401
-447
-479
-519
-535
-537
-551
-535
-501
-469
-407
-345
-284
-214
-116
1
99
187
289
393
462
490
438
352
265
124
-91
-335
-561
-769
-981
-1164
-1262
-1278
-1265
-1230
-1125
-958
-748
-549
-397
-225
-35
91
142
165
237
303
332
337
377
492
621
702
732
805
891
914
847
750
674
575
443
235
43
-75
-160
-237
-299
-281
-197
-78
19
104
211
332
410
435
456
492
524
539
513
463
433
398
326
257
228
210
204
178
106
18
-61
-161
-245
-316
-376
-430
-511
-586
-613
-576
-486
-396
-303
-174
-41
57
143
204
257
277
226
137
38
-31
-85
-162
-243
-280
-311
-313
-280
-235
-146
-66
-8
32
60
102
138
141
124
129
121
115
115
97
86
91
88
77
89
104
91
76
71
59
40
15
-6
-12
-10
-9
-28
-42
-57
-70
-69
-58
-38
-14
15
62
119
175
223
252
281
302
296
273
241
190
134
67
-10
-80
-161
-245
-318
-365
-390
-403
-400
-395
-388
-379
-364
-342
-309
-270
-229
-192
-159
-120
-88
-38
16
45
68
81
86
95
98
78
46
-3
-50
-81
-95
-100
-115
-147
-177
-202
-215
-222
-221
-210
-190
-161
-136
-98
-40
21
75
104
130
185
242
274
301
313
324
336
322
302
285
277
265
225
166
102
48
15
-6
-24
-34
-31
-20
-8
24
61
99
141
176
202
235
261
273
246
208
174
127
114
99
69
42
11
-18
-5
-6
-10
-25
-57
-71
-80
-85
-82
-81
-90
-78
-73
-54
-14
10
22
19
18
29
37
27
7
-7
-19
-27
-41
-64
-83
-106
-145
-185
-220
-240
-249
-278
-303
-307
-294
-262
-232
-195
-157
-118
-73
-31
6
30
43
36
29
31
33
35
32
15
-10
-31
-33
-32
-26
-23
-26
-24
-28
-24
-18
-8
-1
-10
-5
21
51
82
111
139
167
201
223
235
255
269
273
268
266
267
276
267
241
196
151
113
62
30
-1
-41
-86
-120
-145
-163
-159
-146
-142
-142
-120
-104
-96
-106
-122
-119
-108
-112
-127
-132
-126
-119
-113
-101
-91
-92
-103
-116
-142
-140
-160
-172
-183
-212
-217
-218
-197
-158
-101
-44
8
57
104
148
162
161
157
151
154
147
139
132
124
128
130
127
124
116
108
85
59
43
20
23
21
5
-2
-1
-3
-1
17
34
52
61
56
50
45
51
53
42
34
22
11
3
-8
-20
-19
-34
-54
-75
-102
-116
-118
-123
-120
-109
-80
-50
-27
-6
24
55
87
106
111
115
109
111
101
97
96
102
103
99
91
79
67
63
51
44
58
54
40
31
20
4
-14
-32
-16
8
31
42
41
45
45
45
57
71
82
68
45
27
23
38
44
42
29
21
1
-30
-47
-46
-42
-72
-129
-177
-212
-224
-239
-254
-261
-270
-279
-279
-254
-222
-169
-130
-108
-88
-63
-33
-12
-11
-26
-36
-41
-35
-31
-29
-16
-16
-30
-34
-39
-31
-23
-41
-61
-89
-98
-104
-103
-98
-101
-105
-101
-81
-63
-36
-12
6
18
34
36
27
32
28
24
29
46
68
95
111
115
115
117
118
103
82
77
59
54
45
44
65
96
143
171
212
247
269
296
293
282
270
247
233
208
190
176
162
158
155
146
152
168
161
149
136
114
108
92
59
35
6
-6
-21
-32
-24
-6
12
14
7
8
24
48
44
22
1
-24
-40
-78
-108
-120
-144
-168
-182
-175
-168
-173
-180
-184
-180
-168
-163
-164
-171
-191
-217
-223
-221
-208
-192
-191
-187
-176
-165
-148
-132
-114
-88
-74
-79
-76
-64
-55
-60
-68
-73
-82
-103
-134
-147
-142
-139
-148
-145
-126
-108
-96
-83
-68
-54
-53
-53
-26
14
40
57
58
33
11
-17
-44
-54
-35
-22
-40
-54
-53
-39
9
58
95
143
194
210
188
202
221
226
180
119
61
14
-10
-28
-13
26
70
94
133
187
248
292
297
291
277
261
235
197
184
173
158
140
134
155
186
225
250
280
314
331
336
342
324
274
233
192
138
85
45
17
-13
-50
-83
-94
-99
-94
-74
-55
-49
-54
-77
-100
-107
-112
-118
-129
-142
-166
-182
-197
-212
-207
-205
-207
-222
-237
-248
-254
-256
-266
-281
-296
-294
-309
-319
-314
-305
-291
-271
-244
-213
-186
-162
-140
-127
-112
-102
-84
-70
-65
-64
-59
-58
-62
-63
-61
-62
-70
-86
-89
-80
-74
-45
-35
-40
-19
-6
10
36
61
99
135
159
184
208
219
220
221
215
210
205
193
184
164
144
132
119
119
115
110
107
97
95
104
114
111
103
101
104
96
88
100
102
120
124
116
118
105
87
63
46
35
19
-10
-29
-45
-71
-93
-111
-109
-89
-69
-54
-42
-20
3
28
57
88
110
124
136
142
140
128
117
105
86
70
51
24
13
1
-12
-23
-34
-32
-40
-42
-52
-55
-44
-36
-31
-33
-19
-17
-10
-1
-6
-8
-1
2
-5
-3
14
31
30
23
26
29
12
-23
-45
-69
-104
-130
-156
-181
-196
-217
-237
-250
-255
-235
-203
-175
-158
-143
-137
-126
-122
-128
-125
-138
-148
-161
-172
-158
-145
-148
-143
-153
-152
-138
-123
-105
-108
-99
-88
-82
-66
-49
-27
5
35
68
111
149
189
231
262
276
292
301
305
308
298
297
295
287
276
254
222
188
164
141
116
85
54
26
-3
-25
-51
-70
-80
-79
-79
-67
-48
-34
-20
-11
6
13
24
31
37
56
72
77
72
65
55
40
20
-2
-11
-26
-51
-70
-90
-95
-90
-91
-78
-68
-64
-59
-59
-48
-35
-15
5
20
39
43
52
62
69
64
57
48
41
49
45
36
28
9
6
17
13
26
24
18
10
-3
-7
-10
-11
-15
-18
-23
-16
-11
-14
-5
-3
-2
2
-19
-26
-53
-83
-94
-106
-109
-113
-123
-129
-137
-138
-117
-90
-77
-70
-55
-49
-46
-38
-17
-14
-11
-11
-18
-19
-4
-8
-21
-26
-38
-52
-70
-83
-84
-80
-76
-54
-45
-23
4
9
10
10
11
24
29
30
38
41
43
41
43
50
68
77
84
96
105
107
103
91
77
63
52
48
36
31
40
37
35
43
32
37
42
35
26
16
16
22
15
3
-13
-22
-19
-32
-41
-38
-39
-31
-31
-29
-40
-45
-37
-36
-21
-14
-12
-8
-6
6
18
22
23
22
21
21
9
-2
-9
-17
-20
-33
-41
-40
-44
-48
-43
-38
-23
1
21
28
31
34
34
43
58
62
63
65
46
47
56
62
83
99
126
144
162
177
190
195
190
184
155
139
124
99
87
61
31
10
-7
-28
-54
-68
-69
-86
-96
-105
-116
-113
-97
-103
-106
-88
-78
-65
-58
-57
-72
-82
-85
-92
-103
-114
-125
-142
-148
-148
-158
-157
-164
-176
-181
-192
-195
-208
-219
-221
-218
-213
-193
-170
-146
-113
-90
-72
-54
-30
3
17
29
32
45
57
66
92
112
145
164
165
171
176
177
181
180
156
132
119
106
92
89
91
93
107
104
107
131
129
131
125
112
101
82
66
43
15
7
15
11
12
32
26
19
25
22
21
30
30
15
21
6
10
15
8
14
5
-7
-24
-36
-45
-57
-72
-93
-108
-117
-129
-130
-134
-131
-123
-117
-115
-95
-70
-48
-22
-11
-4
8
22
38
59
73
87
98
116
134
133
144
158
161
159
159
144
138
137
133
123
92
77
51
22
8
-28
-60
-75
-108
-137
-139
-151
-170
-162
-159
-133
-118
-101
-75
-67
-50
-32
-10
11
23
24
43
42
30
36
28
13
9
-1
-4
-13
-42
-61
-73
-87
-104
-129
-157
-165
-185
-202
-204
-211
-202
-192
-194
-174
-144
-128
-98
-69
-38
-7
20
48
69
97
112
126
131
142
146
131
132
106
94
93
91
75
64
61
45
40
34
32
28
32
30
34
54
63
72
78
92
95
91
109
92
96
84
75
87
75
62
68
71
41
35
33
12
2
-8
-28
-49
-69
-83
-96
-85
-81
-90
-89
-86
-79
-68
-45
-40
-38
-25
-21
-25
-25
-7
-1
-3
1
-10
-12
3
17
14
28
33
28
33
32
21
31
33
36
36
43
61
66
58
61
66
60
65
79
71
55
47
43
32
40
39
32
39
25
21
19
24
17
5
6
3
-7
-10
1
-8
-5
-2
-18
-16
-27
-47
-54
-59
-64
-54
-46
-47
-51
-59
-72
-89
-90
-98
-115
-125
-133
-146
-155
-165
-168
-157
-153
-136
-141
-135
-125
-124
-117
-95
-79
-67
-46
-37
-18
-9
11
32
45
52
65
77
86
95
88
85
78
83
89
86
85
90
98
105
100
84
68
63
49
40
37
36
41
40
37
28
9
10
1
21
44
17
40
52
40
42
35
35
30
24
28
56
43
46
34
-7
-6
-36
-54
-52
-62
-78
-79
-81
-82
-85
-82
-59
-55
-48
-26
-10
7
24
37
36
29
23
20
38
57
55
51
62
69
73
78
97
112
103
101
109
96
102
106
81
65
57
57
70
69
55
52
52
39
36
29
24
15
-7
-9
-3
-15
-29
-13
-12
-14
-13
-20
-24
-39
-54
-65
-71
-86
-76
-64
-70
-77
-74
-82
-84
-85
-99
-101
-104
-115
-126
-130
-141
-148
-143
-156
-176
-168
-162
-160
-151
-141
-130
-111
-88
-64
-57
-48
-18
-25
-32
-21
-29
-36
-19
-1
-8
7
22
16
22
29
18
17
32
33
41
39
50
59
52
67
73
80
84
94
104
120
135
141
144
129
144
153
135
149
137
122
113
91
73
47
30
49
49
32
27
16
12
19
-4
9
61
32
15
34
38
45
29
24
32
23
19
25
19
21
16
-8
17
23
-11
15
15
-2
-19
-13
-21
-37
-36
-48
-48
-74
-69
-51
-60
-41
-40
-50
-25
-23
-28
-11
5
-14
-20
-21
-37
-20
-7
-8
-6
-6
10
12
21
15
0
6
0
-23
-37
-31
-31
-27
-23
-29
-44
-52
-61
-58
-51
-66
-86
-66
-67
-80
-74
-63
-54
-54
-38
-43
-46
-58
-56
-50
-59
-54
-59
-45
-29
-19
-20
-5
-1
-33
-20
-16
-7
-26
-27
-14
-27
-29
-36
-17
-22
-8
13
20
26
34
38
39
65
80
74
96
100
84
79
82
88
69
64
74
57
51
67
44
40
75
55
47
48
46
66
46
43
43
19
42
41
25
52
39
36
36
39
49
53
61
71
74
61
61
42
38
27
3
11
-11
-19
-1
-18
-40
-24
-42
-73
-41
-54
-61
-47
-40
-46
-60
-52
-56
-58
-47
-41
-63
-36
-54
-81
-34
-65
-49
-58
-56
-48
-67
-36
-51
-43
-50
-60
-67
-37
-31
-61
-26
-28
-32
-32
-24
-1
-14
-4
14
-1
-2
8
-11
3
31
3
-2
17
23
-19
19
26
-12
1
2
5
-6
10
-3
-1
1
27
26
10
35
39
53
75
67
50
64
77
82
86
77
91
102
76
60
70
26
11
-5
-41
-10
-32
-8
-7
-15
28
-27
-11
23
15
6
24
52
48
32
15
33
0
12
33
-5
4
5
0
7
-20
-20
-34
-85
-70
-76
-116
-64
-73
-119
-110
-117
-103
-86
-91
-79
-87
-76
-32
-39
-30
0
-28
16
39
38
76
28
62
91
29
50
39
21
24
14
5
-3
-4
-8
-35
-43
-25
-75
-59
-28
-47
-37
-56
-32
-49
-47
2
-19
-6
4
-16
14
37
20
45
70
48
75
72
94
94
58
87
95
65
64
68
54
67
31
43
94
28
28
66
44
49
55
36
44
59
23
45
46
34
50
34
66
76
30
39
41
22
3
14
0
14
28
-26
-8
-4
-53
-41
-45
-89
-72
-104
-113
-79
-116
-118
-95
-86
-95
-110
-75
-51
-84
-89
-64
-77
-65
-48
-64
-60
-42
-53
-57
-26
-11
-28
-36
-15
-3
6
-11
19
18
-6
-5
-16
-35
-29
-34
-46
-33
-60
-49
-47
-49
-20
-33
-23
3
-16
-6
24
17
14
41
49
66
74
44
71
67
51
64
92
89
58
57
84
72
46
49
45
40
47
38
0
47
31
-7
17
-13
-19
-19
-14
-12
12
-5
-12
16
-3
-11
1
16
18
37
39
34
56
63
65
48
72
106
87
123
135
99
99
122
73
65
75
49
60
24
16
14
-7
-22
-44
-53
-67
-73
-65
-72
-78
-89
-69
-71
-79
-64
-73
-83
-54
-58
-69
-52
-51
-34
-32
-34
-56
-41
-34
-36
-41
-47
-31
-59
-46
-45
-57
-44
-35
-36
-42
-32
-73
-51
-47
-54
-31
-51
-46
-53
-8
-9
-35
-1
12
-15
-21
1
-27
-19
1
-20
-20
-27
-11
-20
13
21
-9
28
31
30
2
40
40
3
23
41
31
0
12
15
22
18
-4
39
15
27
44
4
44
30
47
60
62
42
59
69
59
70
43
73
67
54
79
66
73
63
51
67
50
43
59
35
42
26
9
18
-10
11
27
-6
-23
-1
3
10
5
10
15
7
19
11
12
19
9
5
26
-3
-21
-11
-17
-48
-81
-59
-77
-68
-68
-78
-63
-79
-85
-52
-53
-97
-61
-61
-56
-30
-48
-30
-4
-17
-41
-5
-9
-17
15
15
27
16
3
50
42
-5
27
5
-15
27
-15
-24
-11
-39
-25
-31
-26
-15
-44
-13
-2
-46
-9
-1
-21
31
-10
2
32
17
23
44
23
35
31
24
37
16
6
7
9
-2
-15
-27
-26
-26
-54
-41
-47
-46
-33
-40
-24
-12
-16
-24
23
17
18
27
49
37
50
56
6
33
50
22
29
31
25
-1
12
25
-12
-14
-9
-18
-16
23
-6
-24
8
3
-3
14
30
24
33
41
26
24
36
26
26
46
31
21
27
16
15
0
-23
-8
-28
-45
-25
-35
-39
-15
-8
-7
0
-16
23
25
20
22
3
40
41
21
34
39
21
25
32
11
44
21
3
21
-11
-31
-29
1
-20
-27
-23
-17
-22
-57
-8
-31
-47
-6
-24
-35
11
-11
-1
15
-29
-13
-24
-6
11
-22
-13
-5
-8
-12
0
-13
-6
-13
-15
-1
-19
-14
-26
-30
-31
-36
-33
-21
-13
-6
-34
-17
20
-2
21
26
8
17
7
16
15
-1
17
11
-4
13
-7
-14
-5
-16
-30
-29
-28
-21
-12
-22
-17
-22
-24
-21
-7
-19
-7
6
-13
10
-1
1
21
27
30
29
23
18
9
5
24
5
13
19
-7
15
-3
-17
-9
-9
-7
-14
8
10
8
31
25
11
39
21
7
24
14
9
34
17
12
25
17
36
30
24
22
17
39
33
33
34
27
1
10
3
-4
10
-10
-4
0
-13
-20
-12
1
-11
-12
-11
-12
-7
-8
8
1
2
13
-6
11
8
-10
-2
-7
-10
-15
-11
-4
-7
-13
-11
-6
-4
-2
-8
2
-5
-19
-21
-11
-5
-23
-25
-7
-19
-27
-15
-22
-7
-14
-29
-6
-18
-21
-19
-8
5
7
8
28
35
20
25
17
32
41
24
16
29
27
14
29
17
21
10
8
13
2
8
19
-2
-10
-9
-48
-37
-27
-57
-28
-46
-41
-50
-58
-48
-63
-51
-55
-67
-59
-60
-68
-52
-46
-43
-38
-36
-15
-2
4
19
8
17
21
20
16
3
3
-5
-12
-3
-1
12
8
24
42
29
43
45
43
41
41
50
56
62
56
56
69
74
51
59
74
45
46
52
45
39
24
20
10
-12
-6
-3
-11
0
-11
-25
-7
-15
-26
-20
-28
-16
-8
-8
-23
-30
-15
5
0
-10
26
5
-15
5
-19
-19
-1
-27
2
24
-11
12
12
7
5
-3
-5
-11
-3
11
10
-13
15
3
-6
13
-20
-9
14
-7
-11
1
-4
-2
-23
-22
3
-44
-57
-10
-16
-17
-22
-41
-5
-17
-30
-15
-4
8
2
2
20
0
-20
-7
5
4
6
11
25
17
4
19
10
-1
11
8
-5
-12
-4
1
-9
7
5
-7
6
-1
-23
-6
-1
-27
-17
-15
-27
-34
-35
-23
-18
-23
-18
-8
-11
2
-2
-3
-6
-10
0
-8
-3
-8
-23
-30
-23
-9
-29
-18
-6
-13
-11
-11
-4
7
14
10
3
3
24
5
-9
38
26
23
35
22
30
17
23
26
18
9
5
2
13
1
-28
21
12
-6
-5
-5
3
-6
8
12
16
3
12
39
13
31
50
41
43
50
35
37
58
16
13
37
20
8
22
21
4
-23
8
11
-17
2
-8
-17
9
2
-2
26
32
24
27
39
37
14
13
20
9
-4
-1
12
9
13
20
5
8
14
-16
-18
-7
-33
-30
-26
-40
-43
-50
-54
-53
-48
-44
-36