8
13
19
10
7
11
10
5
7
8
11
5
0
9
10
9
10
16
22
22
21
24
20
16
18
16
6
-7
-7
1
1
4
4
3
0
-3
-8
-11
-7
-13
-15
-17
-25
-25
-23
-22
-15
-14
-15
-11
-12
-11
-13
-13
-9
-6
2
5
7
5
7
3
-1
-1
4
12
7
3
4
4
6
1
9
13
4
9
17
21
18
7
2
0
-6
-5
13
23
19
6
0
-2
1
2
-1
-1
-4
-8
-15
-15
-9
-18
-19
-17
-23
-14
-14
-14
-10
-12
-11
-10
-9
-8
-3
-13
-19
-16
-11
-1
8
16
21
16
11
12
11
6
-2
-2
6
13
24
26
28
26
26
25
26
36
40
43
47
49
56
54
40
31
38
44
44
40
30
17
9
13
14
13
5
1
3
0
-3
-15
-18
-22
-27
-30
-32
-35
-34
-29
-30
-30
-35
-39
-37
-33
-35
-35
-40
-48
-50
-45
-44
-48
-52
-53
-52
-52
-48
-42
-38
-49
-48
-44
-38
-31
-29
-27
-32
-26
-23
-22
-12
-7
-4
-2
4
9
12
12
13
16
20
21
21
26
30
33
34
38
43
44
46
43
42
41
34
29
27
22
22
16
8
5
5
14
19
22
20
13
8
7
5
1
-6
-9
-2
0
1
4
9
17
19
13
12
13
5
2
3
-1
-7
-4
3
6
6
10
19
25
27
21
18
22
21
22
24
23
16
11
14
17
19
17
15
15
9
11
12
9
10
9
10
6
-3
-1
5
4
1
3
-1
-3
-7
-12
-6
-8
-11
-21
-23
-19
-20
-22
-25
-27
-34
-38
-31
-23
-27
-27
-29
-35
-32
-32
-30
-24
-28
-29
-31
-27
-24
-24
-24
-27
-24
-25
-31
-36
-28
-16
0
5
4
0
-4
-4
-12
-18
-20
-19
-17
-12
-11
-19
-20
-14
-8
-2
-5
-11
-13
-3
8
12
11
6
9
13
11
11
9
9
13
11
13
15
18
21
23
15
11
12
14
15
11
10
18
23
24
23
18
12
7
8
10
20
24
23
18
12
16
19
20
24
19
19
19
20
26
25
27
25
15
12
14
21
23
22
22
21
20
12
10
8
6
2
3
7
17
17
15
15
13
10
0
4
9
12
13
14
11
10
12
13
14
8
7
5
8
16
3
-11
-20
-28
-34
-36
-36
-38
-37
-43
-37
-29
-33
-33
-44
-42
-38
-39
-33
-27
-27
-31
-35
-32
-30
-29
-28
-29
-37
-39
-36
-40
-41
-49
-52
-52
-46
-41
-35
-33
-39
-45
-44
-36
-30
-32
-30
-17
-5
1
9
15
15
12
13
24
31
39
35
34
43
47
49
54
58
58
52
55
59
63
71
73
65
53
50
51
53
62
59
51
51
47
49
56
55
45
36
32
28
26
20
19
8
-4
-4
-8
-12
-21
-23
-26
-27
-30
-30
-26
-29
-38
-36
-46
-59
-60
-65
-59
-55
-58
-57
-54
-43
-41
-44
-43
-46
-45
-35
-25
-22
-23
-30
-29
-21
-17
-12
-11
-10
-12
-9
-7
-7
-4
0
10
15
22
19
12
12
15
16
23
30
33
32
23
20
14
14
13
11
9
15
21
21
24
22
18
12
-1
0
9
14
21
25
26
28
24
20
17
17
24
28
32
33
34
37
27
17
19
15
14
12
12
12
13
5
-3
-2
-9
-13
-11
-9
-9
-14
-17
-19
-23
-28
-27
-18
-8
-1
1
-9
-16
-19
-25
-21
-18
-14
-21
-22
-21
-23
-18
-20
-27
-28
-29
-34
-34
-31
-36
-36
-37
-35
-27
-20
-12
-7
-8
-10
-17
-12
-12
-11
-8
-2
2
-4
-6
-3
3
10
9
6
6
7
12
11
12
10
14
24
20
12
7
8
8
8
12
13
15
14
14
17
23
27
26
29
21
15
11
8
8
5
0
-2
5
5
5
2
-8
-12
-8
1
7
11
8
4
1
-5
-8
-8
-2
4
7
6
8
14
25
35
36
25
12
2
5
12
14
17
16
23
20
18
8
-1
2
5
11
11
8
15
13
8
4
5
11
13
7
4
2
2
-3
-6
-11
-13
-14
-17
-20
-18
-12
-14
-13
-21
-29
-29
-29
-16
-15
-18
-21
-22
-22
-26
-30
-36
-49
-47
-37
-29
-18
-23
-26
-26
-26
-16
-9
-7
-5
1
3
4
4
7
8
2
3
8
13
14
16
11
10
7
5
7
8
11
3
6
11
19
14
1
-7
-16
-11
-4
1
-4
-5
-1
3
5
-3
-4
-10
-10
-8
-3
1
-1
-1
1
-2
-4
-1
8
16
17
17
21
26
24
18
23
18
7
16
22
14
14
10
18
21
7
4
13
15
16
19
25
22
20
20
14
5
4
10
14
12
5
0
-9
-14
-17
-15
-11
-11
-3
-5
-15
-20
-15
-6
3
4
-3
-12
-19
-20
-14
-7
-8
-11
-20
-20
-21
-21
-7
-5
-10
-15
-14
-7
-5
-4
-7
-7
-9
-14
-16
-16
-14
-19
-16
-4
-6
-13
-5
-2
-1
-6
-5
12
19
20
19
22
23
19
16
16
20
22
22
27
36
42
39
31
22
19
17
24
25
20
18
11
9
11
9
10
11
10
11
7
3
1
-3
-6
-10
-15
-11
-11
-12
-19
-21
-17
-19
-17
-17
-18
-21
-25
-32
-30
-32
-31
-34
-35
-35
-37
-35
-34
-31
-31
-37
-40
-34
-31
-25
-27
-28
-21
-20
-20
-21
-22
-20
-22
-24
-22
-16
-10
-3
0
-8
-13
-10
-2
1
0
-2
-4
2
9
16
15
11
13
20
24
33
38
31
32
33
41
48
50
45
38
39
34
38
44
48
50
42
43
42
42
41
40
36
32
30
35
48
46
46
39
31
35
34
37
31
27
24
14
11
11
6
4
-2
-8
-8
-4
2
5
4
-5
-16
-20
-17
-8
-3
-6
-13
-19
-18
-17
-27
-32
-28
-30
-30
-35
-39
-42
-48
-52
-51
-44
-43
-54
-59
-54
-50
-51
-53
-53
-54
-53
-58
-57
-52
-46
-47
-48
-39
-36
-36
-33
-31
-30
-24
-25
-24
-24
-27
-18
-15
-17
-14
-6
-4
5
4
6
14
16
25
33
30
27
29
29
31
38
45
47
45
36
33
35
39
46
49
54
49
43
38
42
39
38
36
29
27
22
30
38
40
34
29
26
25
26
19
18
12
11
16
10
1
-4
-5
3
8
15
16
13
7
-4
-12
-23
-27
-30
-22
-15
-12
-12
-8
1
4
-6
-12
-7
-6
-1
5
11
16
13
9
6
7
8
3
-3
-5
-6
-7
-10
-10
-7
-9
-11
-11
-15
-7
-7
-10
-14
-20
-22
-26
-31
-24
-15
-14
-13
-12
-7
-9
-12
-20
-17
-17
-18
-9
-5
-8
-8
-6
5
13
5
-1
-7
-10
-9
-14
-17
-13
-14
-22
-24
-26
-33
-30
-30
-28
-23
-21
-16
-13
-18
-22
-22
-22
-20
-21
-19
-14
-9
-4
3
2
3
-1
0
0
0
6
12
19
24
28
25
20
23
26
17
10
7
12
22
33
35
30
27
23
28
39
50
46
46
47
51
48
40
41
36
35
30
29
31
30
34
29
25
13
5
6
14
13
5
-1
-10
-10
-9
-9
1
5
-6
-13
-20
-24
-21
-17
-14
-25
-35
-28
-16
-19
-26
-38
-41
-41
-43
-39
-37
-30
-32
-35
-29
-31
-35
-33
-30
-27
-24
-17
-8
-5
-12
-24
-26
-23
-16
-14
-9
-9
-7
-3
-2
1
-3
-7
-5
2
6
8
12
14
2
1
5
14
18
18
21
14
14
14
20
22
22
20
31
41
35
37
34
37
42
35
29
25
21
22
21
22
20
24
31
33
23
9
5
-3
-6
-6
-8
-9
-8
2
8
12
10
7
4
-8
-21
-22
-19
-19
-14
-13
-14
-19
-26
-24
-21
-21
-30
-37
-33
-28
-23
-19
-16
-9
-13
-15
-12
-13
-16
-23
-22
-20
-22
-21
-27
-33
-30
-29
-25
-22
-20
-18
-16
-10
-8
-12
-7
-1
0
0
-8
-7
-1
10
17
9
4
3
6
10
14
16
14
11
16
21
28
34
32
31
26
25
26
30
25
18
8
6
14
22
34
28
16
12
12
14
19
21
26
28
25
28
26
24
21
19
14
8
4
5
11
14
6
-1
-4
-6
-3
4
6
12
12
6
1
-6
-7
-12
-14
-12
-15
-14
-17
-23
-24
-16
-9
-7
-13
-15
-22
-32
-29
-21
-11
-15
-25
-24
-18
-14
-9
-4
1
-4
-13
-17
-18
-14
-18
-20
-19
-18
-10
-9
-12
-10
-10
-7
-9
-15
-14
-17
-15
-7
-10
-11
-11
-11
-3
-11
-13
-10
-10
-4
-3
-3
3
12
17
14
12
6
2
4
2
4
-1
-8
-3
1
1
5
11
13
11
4
-4
-7
0
5
12
18
21
18
16
19
25
23
21
19
15
18
24
26
24
25
15
12
15
16
20
19
15
13
10
9
3
1
4
10
15
20
19
17
12
2
1
0
-1
5
10
10
10
7
5
5
8
-4
-15
-12
-8
-2
-2
-7
-10
-14
-16
-16
-14
-9
-8
-9
-14
-18
-21
-17
-17
-22
-25
-36
-33
-31
-27
-29
-32
-31
-24
-20
-17
-12
-15
-17
-16
-17
-16
-10
-8
-11
-12
-6
-2
0
7
7
-4
-7
6
9
14
18
11
10
6
5
18
17
16
19
26
28
24
27
29
18
15
21
20
16
9
8
8
11
10
12
13
17
9
4
6
6
8
4
7
5
-2
-7
-5
-3
-7
-3
4
1
-1
-1
-4
-2
-1
2
6
3
2
3
-4
-11
-18
-26
-21
-20
-22
-23
-29
-34
-35
-23
-16
-23
-20
-16
-15
-14
-18
-11
-13
-15
-15
-11
-3
2
10
15
17
13
11
13
14
13
13
10
10
16
20
23
19
18
17
20
19
15
15
21
23
26
31
25
10
4
6
1
1
6
12
11
5
-4
-7
-11
-12
-16
-21
-23
-24
-19
-13
-6
-3
-3
-12
-17
-17
-22
-16
-13
-10
-13
-22
-21
-20
-14
-17
-22
-11
-4
1
4
1
4
1
-7
-7
-4
1
4
6
5
2
4
15
27
34
33
30
29
26
27
28
29
27
26
27
26
17
10
10
14
21
26
21
14
14
18
20
20
17
13
4
3
2
1
1
-3
-3
-8
-14
-18
-18
-20
-24
-27
-37
-39
-40
-41
-33
-25
-20
-22
-25
-30
-35
-34
-31
-35
-38
-37
-35
-31
-30
-25
-29
-34
-32
-28
-17
-12
-11
-16
-19
-16
-14
-12
-18
-22
-22
-18
-14
-6
-2
4
9
8
14
12
21
23
21
25
25
30
35
36
37
37
37
40
46
53
59
57
55
57
59
55
48
40
37
35
36
37
35
28
19
11
3
4
4
8
6
-1
-1
-3
-3
0
1
1
3
1
-1
-5
-6
-6
-14
-19
-25
-25
-20
-23
-24
-23
-31
-36
-35
-27
-23
-21
-24
-28
-28
-30
-32
-36
-36
-31
-26
-27
-24
-19
-15
-20
-24
-31
-26
-18
-16
-12
-9
-3
5
12
14
8
1
-1
0
6
9
7
7
10
18
23
23
25
23
22
20
19
25
22
15
10
3
1
2
8
11
9
9
11
14
7
8
9
15
16
8
6
0
-4
-5
-2
-3
-8
-15
-17
-16
-14
-7
1
4
-2
-5
-6
-3
-3
0
-1
1
-2
3
7
-2
-15
-28
-23
-19
-15
-12
-10
-2
0
-6
-6
-3
-7
1
6
2
0
-6
-6
-2
1
3
5
8
5
6
10
9
12
13
8
3
0
2
4
4
-1
-2
-3
-7
-4
-6
-6
-4
-8
-11
-5
-9
-8
-3
3
9
18
15
16
19
11
11
16
22
24
28
34
36
26
11
10
13
17
17
17
21
25
22
15
7
2
1
1
9
14
15
13
8
0
-6
-10
-18
-16
-5
2
3
-10
-9
-10
-13
-22
-39
-39
-40
-35
-29
-24
-29
-37
-42
-44
-35
-35
-31
-27
-25
-26
-24
-20
-17
-18
-18
-16
-5
1
4
3
7
3
-6
-7
-4
3
8
12
14
9
4
7
15
24
19
15
13
14
20
20
15
5
2
6
13
18
19
21
27
24
20
16
11
0
-15
-11
-2
4
11
6
9
14
7
7
8
5
7
7
7
13
19
16
16
13
7
-1
9
19
4
-3
-8
-10
-5
-8
-7
-9
-15
-14
-12
-3
1
-5
-21
-22
-20
-18
-15
-18
-11
-9
-9
-10
-13
-17
-20
-15
-18
-16
-4
4
7
10
12
4
-5
-7
-1
6
3
11
13
15
17
11
8
10
11
19
19
10
7
5
4
13
20
20
18
15
13
16
13
14
11
1
-6
-7
-5
5
10
11
18
14
13
2
-2
-5
-11
-5
-4
-13
-13
-13
-16
-9
-8
-6
-9
-18
-18
-12
-16
-23
-30
-30
-27
-18
-13
-20
-18
-14
-17
-15
-13
-20
-22
-22
-18
-14
-7
0
3
2
0
0
-3
-5
-9
-7
-7
-7
-5
-4
1
7
16
17
4
-1
3
6
15
17
17
16
12
13
13
19
13
-2
1
6
8
18
19
20
18
19
21
21
21
21
17
11
14
10
13
21
26
26
22
10
-1
3
7
6
-8
-13
-10
-6
-12
-12
-9
-7
2
-3
-2
0
-2
-8
-2
1
-2
-9
-13
-9
-13
-11
-4
-2
3
-1
-9
-9
-7
-2
-1
-3
-10
-17
-14
-10
-5
-6
-9
-6
-1
2
7
7
11
9
9
6
3
3
-5
-2
-2
2
6
8
11
3
2
-10
-12
-12
-17
-15
-16
-16
-9
-2
-2
-4
-10
-11
-8
-10
-4
3
3
-3
-9
-7
-10
-12
-7
-9
-9
-13
-12
-5
1
2
-1
-2
-3
-2
2
6
2
3
5
9
11
9
11
7
7
14
18
18
19
15
10
4
3
2
4
7
7
11
12
15
11
8
8
0
-4
-9
-10
-9
-5
-7
-3
3
-10
-10
3
5
9
15
15
15
3
1
4
2
4
3
1
12
6
5
6
-5
-5
-4
0
0
-4
-4
-3
-2
-1
1
0
-4
-4
-1
5
4
8
10
5
-9
-14
-15
-14
-10
-12
-10
-11
-11
-16
-13
-10
-12
-13
-17
-16
-6
-3
2
7
4
1
2
4
1
-10
-14
-9
-2
4
17
16
1
5
11
13
16
8
10
14
10
8
12
12
-1
-4
-1
6
10
10
14
13
8
1
-3
-3
1
0
-2
3
12
22
19
15
1
-7
-9
-8
-4
-11
-15
-22
-22
-17
-20
-22
-21
-21
-21
-21
-23
-17
-14
-19
-21
-21
-21
-12
-3
-5
-8
-11
-9
-10
-5
3
5
5
9
7
9
13
11
13
8
13
15
19
26
27
26
22
21
25
30
24
20
20
14
6
14
19
19
17
5
1
-2
-1
10
14
11
3
-1
-7
-10
-12
-9
-5
-6
-4
-4
-9
-10
-12
-16
-20
-20
-17
-12
-11
-7
-8
-7
-5
-10
-5
-5
-8
-12
-16
-14
-12
-10
-6
-6
-14
-18
-11
1
1
0
0
3
5
10
16
16
13
12
11
13
13
7
6
7
5
2
0
1
1
5
4
0
6
9
15
10
11
11
5
9
8
10
6
6
9
7
9
5
-7
-8
-16
-19
-11
-2
0
4
7
5
2
-1
-5
-9
-10
-10
-8
-4
-3
2
5
1
3
0
-3
-9
-13
-20
-22
-23
-21
-18
-21
-16
-11
-3
0
-3
-4
-2
-6
-13
-12
-10
-4
4
4
-3
-8
-13
-13
-3
-1
0
2
8
16
14
8
1
-7
-5
-5
0
5
6
7
5
7
7
7
5
-4
-8
-1
0
0
1
3
7
13
24
29
32
33
24
15
4
-10
-7
-6
-6
-3
0
5
16
17
12
7
6
9
2
0
1
3
5
2
5
11
10
8
8
7
10
5
5
6
7
5
4
5
1
4
3
1
1
3
8
3
-1
-5
-14
-10
-7
-7
-6
-9
-14
-18
-15
-14
-10
-10
-2
-1
-2
-3
-1
1
-5
-3
-7
-4
-2
-4
2
7
13
4
7
6
0
0
-5
-7
-8
-10
-9
-7
-10
-12
-26
-36
-32
-26
-23
-22
-15
-9
-4
-5
-2
-6
-16
-20
-22
-12
-1
7
11
16
17
7
6
3
-3
4
4
4
6
6
8
4
1
-5
-12
-12
-5
-1
6
7
-2
-5
-8
-11
-7
-4
0
3
9
17
23
26
16
8
4
10
18
19
19
15
11
2
1
2
2
-1
4
4
1
-1
-3
1
7
7
6
8
12
16
9
6
5
3
-1
-1
3
5
-4
-9
-9
-6
2
-1
-2
-4
-3
-4
4
11
19
17
16
10
9
15
10
10
10
11
9
11
11
10
11
14
14
9
11
6
-1
-6
-6
-5
0
4
8
6
-1
-3
1
1
-2
-7
-7
-8
-8
-5
-4
-5
-12
-19
-18
-16
-9
-9
-15
-18
-27
-33
-38
-34
-21
-18
-13
-18
-16
-14
-14
-12
-15
-13
-14
-10
-14
-14
-10
-11
-17
-21
-19
-18
-20
-23
-18
-19
-15
-11
-6
-7
-15
-18
-16
-8
-7
-10
-3
4
6
8
9
12
16
19
28
26
28
33
30
36
36
32
28
32
38
34
26
22
17
18
17
10
5
9
10
11
14
11
15
12
8
-1
-1
4
6
12
11
10
9
6
-1
-1
-3
1
6
7
4
-1
2
-2
-4
-7
-5
-7
-7
-11
-12
-10
-12
-10
-7
-4
-6
-9
-4
-4
-4
1
-6
-13
-13
-9
-3
-1
1
2
6
10
10
10
2
-1
-4
-11
-12
-10
-7
-7
-7
-7
-4
-4
4
6
-1
-8
-15
-11
-5
0
7
8
5
1
0
3
10
4
3
7
6
8
7
8
12
8
4
-6
-10
-7
-5
-2
-2
-6
-6
-3
0
1
0
-2
-2
1
7
3
-8
-17
-22
-19
-17
-17
-16
-15
-16
-19
-20
-15
-10
-9
-10
-7
-7
-8
-7
-11
-21
-25
-31
-24
-11
-7
-2
-1
1
-2
-8
-10
-1
3
10
14
18
22
26
27
24
15
15
17
21
24
18
18
13
12
17
22
19
16
9
10
15
15
17
14
12
5
9
15
12
4
-2
-2
-7
-10
-9
3
5
5
5
3
6
0
-6
-10
-12
-8
-7
-2
4
-2
-4
-8
-10
-8
-5
-7
-9
-7
-11
-11
-13
-13
-11
-9
-8
-9
-4
1
9
3
-6
-7
-4
1
6
15
18
21
16
15
18
9
3
7
10
8
1
0
3
6
7
6
10
16
10
11
19
17
9
7
14
9
12
21
8
-1
-3
-6
0
-7
-15
-14
-14
-14
-12
-4
-7
-13
-12
-13
-22
-27
-26
-28
-33
-31
-27
-24
-18
-20
-30
-29
-24
-22
-13
-13
-8
-10
-9
-14
-19
-14
-13
-11
-9
-7
-6
-10
-6
-2
-10
-9
0
6
8
7
5
2
6
10
12
12
10
13
13
16
22
24
23
15
19
22
18
24
28
26
20
11
16
18
15
14
19
20
20
22
22
20
12
3
0
-3
4
10
8
0
-8
-3
-6
-9
-6
-7
-7
-11
-11
-4
-2
-3
-2
2
7
5
2
6
4
-3
-9
-13
-15
-13
-3
-1
1
-2
-5
0
5
12
11
11
8
3
3
2
3
-2
-2
7
5
4
4
4
3
3
6
1
-7
-6
-7
-7
-7
-9
-8
-13
-10
-10
-6
2
-3
-7
-9
-9
-11
-20
-20
-11
-3
3
-1
-6
-10
-10
-4
0
-3
-6
-6
-8
-6
-10
-11
-12
-19
-15
-11
-5
-1
-3
-5
-6
-4
-1
2
6
-1
0
7
7
9
8
4
12
9
5
10
10
14
10
1
-1
-8
-8
1
2
-1
-7
-14
-13
-9
-1
-4
-9
-5
-9
-12
-11
-10
-7
-10
-8
-2
0
8
11
7
7
3
0
9
13
20
25
22
19
19
21
21
20
25
30
26
29
29
29
23
11
11
12
11
11
5
6
7
1
-5
-3
-2
-8
-13
-19
-18
-15
-11
-12
-14
-12
-13
-11
-5
-1
0
-1
-1
-5
-7
-6
-9
-12
-13
-16
-21
-20
-16
-13
-12
-12
-16
-16
-18
-16
-11
-11
-7
-8
-6
-10
-14
-22
-22
-10
-2
7
9
12
11
19
25
28
34
32
28
22
22
24
22
20
9
1
-2
7
18
23
19
14
6
3
3
-3
-2
-5
-8
-2
3
0
-10
-12
-10
-13
-17
-12
-6
-13
-13
-8
-7
-9
-12
-10
-4
-4
-3
-1
-2
1
-2
1
-1
-11
-11
-6
-5
-7
-11
-11
-6
-9
-7
-7
-12
-13
-18
-15
-10
-9
-5
-7
-9
-13
-15
-21
-18
-13
-11
-8
-4
2
10
18
17
16
18
15
15
13
12
19
23
25
22
17
16
5
0
3
9
15
16
13
9
7
0
-7
-11
-9
-9
-14
-16
-8
-2
-2
-2
-10
-17
-15
-2
4
6
8
4
3
7
11
12
14
16
22
17
18
20
18
24
24
17
13
7
4
0
5
12
8
5
0
2
-1
-3
-4
-2
-1
-7
-7
0
0
-1
-7
-15
-13
-15
-14
-11
-6
2
5
7
2
-1
1
1
0
-2
2
-3
-2
-1
1
2
-7
-6
-10
-12
-18
-19
-15
-5
-1
-5
-12
-15
-20
-20
-13
-15
-13
-13
-8
1
-4
-8
-19
-18
-15
-13
-10
-2
-1
-4
-2
2
9
5
1
-4
-8
-1
7
18
18
13
6
0
-4
0
5
4
4
-2
-2
-1
-1
0
2
1
-2
0
5
10
15
11
-2
-2
-9
-4
6
1
-4
2
6
8
7
-5
-8
-9
-14
-17
-18
-11
-10
-9
-9
-11
-9
-11
-8
-5
0
-1
1
2
2
6
12
12
6
9
13
22
22
21
20
23
27
24
31
25
18
22
28
32
32
24
18
16
14
17
26
26
21
15
10
10
13
7
12
18
14
12
1
2
4
4
-3
-11
-13
-13
-10
-10
-13
-19
-29
-26
-20
-9
-6
-13
-18
-21
-28
-23
-26
-24
-28
-31
-22
-22
-18
-18
-21
-20
-19
-10
-9
-16
-18
-19
-20
-24
-23
-20
-21
-17
-19
-15
-8
-6
-4
-9
-10
-12
-17
-9
-2
6
6
3
5
11
16
17
20
20
18
18
24
30
24
11
-1
2
5
6
12
10
7
-2
-7
-5
-5
0
-3
-3
0
-4
-2
-4
-3
-7
-10
-11
-9
-4
-2
0
-2
0
1
-3
0
7
6
7
5
7
11
9
4
1
-2
0
7
18
23
21
17
8
9
18
27
26
26
28
20
20
24
26
30
28
25
24
26
29
31
32
28
19
14
14
11
7
3
-4
-8
-7
-5
-2
2
-1
3
-2
-7
-12
-19
-21
-30
-36
-38
-32
-25
-19
-13
-17
-25
-23
-20
-20
-26
-32
-32
-31
-31
-31
-28
-30
-30
-28
-21
-18
-23
-25
-28
-22
-17
-8
-4
-1
1
-5
-5
-8
-2
0
-3
-4
1
9
17
18
18
7
4
1
1
7
10
17
8
4
6
3
4
6
4
6
7
6
13
17
16
15
14
9
8
7
12
11
5
-1
-6
-1
-3
0
7
8
5
10
17
22
20
16
7
2
4
4
7
7
10
15
18
17
14
15
13
11
11
8
2
4
-1
7
7
-3
0
12
13
11
9
9
10
-3
-9
-8
-14
-16
-17
-10
-6
-13
-6
-1
2
0
2
0
1
1
-1
-2
-4
2
4
2
-5
-14
-12
-12
-11
-15
-22
-28
-25
-19
-17
-20
-27
-31
-35
-30
-28
-24
-20
-20
-18
-15
-10
-10
-8
-7
-9
-13
-15
-9
-3
1
2
5
1
-2
-5
3
19
21
13
15
21
26
25
26
33
30
20
16
24
30
29
29
34
34
32
24
25
25
20
19
13
15
13
9
6
-2
0
9
11
4
-1
-8
-7
-8
-7
-6
-6
-11
-24
-22
-17
-6
-4
-8
-14
-18
-17
-15
-14
-13
-13
-17
-16
-12
-11
-12
-13
-19
-16
-14
-11
-8
-2
-2
-6
-10
-10
-7
-9
-6
-11
-6
-7
-2
7
7
9
6
5
2
-3
-3
-4
-8
-1
-3
-5
5
9
4
4
5
13
19
20
16
11
13
11
9
8
8
13
10
9
8
6
4
-4
-12
-14
-21
-25
-19
-12
-11
-13
-15
-10
-8
-8
-4
-6
-5
-6
-7
3
2
2
4
8
14
20
22
17
15
13
11
5
3
5
-1
2
3
3
8
14
13
6
4
2
0
3
6
3
-2
-4
-10
-5
4
8
11
9
6
4
12
22
22
22
14
13
11
8
15
15
12
-2
-8
-2
-4
-4
0
-3
-5
-11
-13
-14
-18
-21
-22
-21
-14
-12
-13
-12
-17
-20
-23
-16
-10
-5
-1
-4
-10
-7
2
1
1
1
-1
4
5
-3
-5
-5
-8
-14
-15
-9
-5
-2
-10
-17
-18
-18
-18
-12
-9
-6
-7
-1
8
6
5
7
10
5
6
9
12
6
7
11
6
8
9
6
1
5
3
6
20
20
16
16
8
2
3
3
7
8
7
5
8
12
12
10
2
-5
-5
-4
-4
-1
7
16
14
7
9
10
11
8
9
8
-2
-3
-5
-8
-11
-15
-8
-8
-7
-9
-12
-12
-12
-13
-14
-15
-16
-14
-19
-24
-24
-21
-13
-9
-7
-6
6
9
9
5
1
0
-5
-4
2
7
9
11
17
15
12
9
10
16
16
15
18
22
22
15
6
5
2
4
7
12
13
9
8
8
5
6
7
6
10
9
11
13
11
8
-1
-6
-7
-7
-6
-6
-6
-6
-9
-9
-6
-3
-6
-8
-8
-5
-2
-7
-12
-15
-21
-24
-30
-32
-31
-25
-16
-14
-10
-14
-15
-14
-22
-24
-24
-22
-14
-6
1
-1
-5
-5
-6
-1
8
11
9
8
7
10
13
8
11
11
14
19
21
28
32
23
16
8
2
8
14
15
13
5
-1
1
3
8
12
8
5
7
4
3
6
-3
-7
-6
-1
7
0
-1
-5
-6
-1
0
-2
-5
-11
-17
-23
-26
-29
-26
-18
-18
-16
-16
-21
-16
-22
-26
-19
-16
-10
-7
-4
-8
-16
-12
-5
-4
-1
3
2
2
7
15
19
23
25
30
31
28
27
25
25
28
30
21
22
25
27
36
38
41
44
44
41
36
32
22
14
12
16
14
15
16
14
10
7
8
3
1
-11
-19
-23
-20
-17
-21
-21
-24
-27
-26
-25
-21
-23
-35
-43
-44
-38
-33
-23
-20
-16
-23
-32
-29
-23
-19
-16
-15
-17
-10
-9
-8
-3
-14
-20
-21
-17
-13
-4
-7
-11
-12
-12
-9
-5
-5
-13
-10
-12
-11
-4
5
1
-5
-4
0
0
-4
1
11
22
27
29
32
29
18
7
4
8
8
13
21
19
16
15
14
18
19
14
2
-8
-7
-7
-1
10
12
10
9
5
4
5
-1
-10
-11
-7
-1
13
24
22
17
8
-1
-4
0
4
7
10
4
11
12
8
11
8
4
-4
-1
5
6
6
7
8
7
3
4
6
5
3
6
12
12
5
6
8
8
11
6
8
11
8
7
2
2
3
-1
-2
-3
-7
-7
-5
-2
-11
-17
-21
-24
-25
-17
-15
-13
-17
-21
-21
-22
-20
-24
-21
-18
-16
-17
-17
-11
-8
-8
-8
-10
-6
-2
3
5
-2
-7
-10
-8
0
4
1
-1
-8
-3
2
-3
-2
3
9
14
7
4
7
10
17
18
14
11
8
9
14
17
18
17
17
15
5
-3
-7
-9
-10
-10
-6
-8
-9
-9
-6
-10
-12
-14
-9
-5
-11
-10
-10
-7
-7
-6
-2
-5
-8
-9
-2
5
12
6
-1
0
0
4
8
6
0
3
5
3
1
2
11
10
6
2
-1
-2
-1
-7
-16
-13
-3
7
11
7
-7
-14
-8
6
12
22
22
23
26
23
16
6
5
6
6
11
17
13
12
7
0
1
7
10
0
-8
-4
-13
-20
-10
-5
-3
-11
-6
-2
-3
4
14
14
11
8
9
18
14
16
17
16
14
11
12
13
18
24
26
21
15
7
4
3
0
0
0
-5
-6
-5
-8
-12
-14
-15
-20
-23
-29
-29
-23
-18
-17
-19
-29
-30
-25
-25
-24
-26
-34
-33
-31
-31
-32
-33
-32
-26
-20
-17
-15
-18
-25
-22
-11
-13
-13
-6
-4
-2
7
14
18
18
13
12
6
-3
-6
2
23
25
16
9
6
9
21
34
27
27
29
19
19
11
6
7
6
19
27
27
24
19
10
4
1
0
9
17
19
10
8
8
11
15
16
9
-1
-7
-14
-8
-7
-5
2
0
-1
2
-5
-7
0
-3
-3
-9
-13
-12
-14
-13
-12
-6
2
7
7
6
5
5
2
-1
5
4
-1
-4
-6
-3
-5
-13
-15
-11
-11
-9
-9
-8
-4
-3
5
11
15
12
6
9
10
15
20
18
29
32
30
18
4
-4
-8
-7
-5
-3
-5
-5
-8
-8
-3
-10
-21
-27
-32
-27
-19
-14
5
15
6
-2
-3
1
12
11
3
-4
-4
-2
2
-2
-11
-7
1
2
1
-4
-3
-2
4
3
-10
-21
-21
-17
-16
-10
-15
-11
-9
-10
-15
-23
-23
-21
-10
-8
-10
-4
-6
-3
0
-4
-5
5
10
15
13
4
2
-1
0
2
-3
-3
1
5
2
-9
-14
-16
-16
-9
-6
-4
2
2
2
3
3
10
13
16
14
14
20
24
29
26
19
15
14
8
4
7
4
-1
8
8
1
1
4
12
19
19
9
4
8
9
8
13
10
19
20
14
15
10
13
16
16
12
10
16
20
17
11
6
5
14
16
10
6
0
-5
-11
-11
-6
1
4
-2
-7
-14
-25
-25
-19
-21
-25
-29
-30
-22
-12
-7
-13
-25
-31
-36
-38
-38
-38
-31
-23
-24
-22
-19
-22
-30
-41
-39
-39
-36
-34
-24
-15
-18
-22
-31
-24
-8
12
27
30
26
26
29
28
24
20
23
31
31
31
28
27
29
32
33
33
38
39
39
38
33
33
30
28
27
22
17
12
11
14
22
27
22
14
20
25
29
26
19
19
21
34
40
37
31
24
24
21
20
14
12
13
16
9
-2
-6
-5
-4
-10
-22
-28
-25
-29
-47
-69
-90
-110
-116
-112
-112
-114
-122
-129
-133
-141
-147
-144
-141
-140
-138
-135
-128
-123
-116
-113
-110
-102
-97
-88
-80
-70
-62
-53
-38
-20
-7
-3
-3
2
13
30
46
61
73
82
97
119
132
142
153
163
186
207
227
245
254
264
272
276
277
278
287
294
283
277
274
272
265
255
242
228
217
200
191
184
174
147
128
114
102
107
110
99
81
47
11
-18
-46
-61
-79
-98
-127
-171
-212
-245
-269
-282
-299
-326
-365
-408
-439
-473
-508
-539
-570
-601
-624
-632
-640
-647
-643
-632
-615
-583
-562
-527
-485
-445
-402
-350
-298
-240
-174
-112
-49
10
63
96
131
175
212
257
296
326
356
378
397
413
423
438
453
468
479
488
497
503
505
506
508
517
529
539
550
552
553
549
538
527
513
500
483
468
444
420
396
370
340
306
263
218
183
142
98
51
3
-45
-78
-109
-146
-181
-184
-163
-146
-135
-155
-210
-261
-304
-334
-346
-349
-353
-364
-383
-418
-461
-477
-474
-466
-471
-514
-556
-587
-609
-616
-636
-677
-714
-741
-758
-752
-734
-723
-708
-682
-654
-622
-579
-528
-462
-388
-328
-259
-173
-74
26
121
193
241
285
334
393
447
501
536
553
575
581
580
576
575
583
589
586
575
559
538
511
488
463
439
430
429
419
400
382
361
343
326
319
307
307
308
299
290
267
244
224
215
211
196
183
173
159
149
125
101
75
49
26
-2
-30
-59
-77
-98
-128
-156
-189
-200
-207
-208
-209
-224
-221
-213
-197
-166
-128
-75
-7
44
41
-9
-57
-73
-59
-46
-54
-74
-83
-103
-151
-209
-254
-264
-254
-267
-309
-363
-430
-479
-518
-569
-645
-717
-763
-784
-792
-812
-837
-845
-845
-836
-818
-789
-752
-706
-640
-564
-480
-393
-308
-208
-114
-31
38
102
169
243
326
395
448
491
535
568
606
640
669
705
729
738
747
751
755
754
739
710
685
674
662
651
639
620
601
576
540
512
489
467
462
442
415
386
352
318
290
259
224
197
173
154
127
94
52
15
-20
-46
-59
-80
-87
-106
-124
-137
-156
-167
-173
-177
-188
-204
-225
-251
-277
-292
-305
-306
-307
-319
-326
-322
-311
-298
-265
-255
-215
-173
-118
-52
-14
-17
-50
-82
-90
-94
-117
-99
-123
-122
-152
-223
-266
-269
-294
-278
-313
-377
-423
-501
-518
-538
-609
-699
-745
-820
-801
-823
-841
-834
-850
-831
-809
-770
-723
-654
-608
-519
-454
-360
-253
-157
-32
65
161
238
315
374
449
536
587
654
699
747
788
815
845
865
871
876
880
895
895
869
822
777
735
712
702
681
672
632
602
549
497
451
431
410
384
356
323
298
258
210
164
133
95
59
36
13
-12
-47
-82
-110
-140
-164
-180
-175
-167
-168
-175
-169
-159
-153
-148
-154
-153
-150
-155
-166
-171
-182
-180
-170
-168
-169
-165
-168
-156
-135
-111
-82
-59
-28
14
74
137
156
114
48
11
11
11
-9
-31
-46
-65
-113
-200
-286
-324
-327
-330
-379
-459
-554
-635
-682
-742
-832
-925
-1007
-1053
-1066
-1083
-1112
-1137
-1140
-1124
-1091
-1050
-1001
-934
-849
-756
-660
-557
-451
-338
-210
-96
9
100
193
289
384
481
556
624
682
734
777
817
850
889
929
960
993
1006
1016
1024
1019
996
971
942
927
939
934
924
888
850
815
773
726
696
681
674
664
627
573
506
446
387
338
278
219
174
138
98
40
-30
-91
-127
-147
-156
-169
-182
-187
-195
-204
-208
-222
-221
-218
-217
-219
-233
-253
-278
-301
-314
-314
-311
-317
-326
-322
-299
-278
-265
-257
-236
-157
-55
-23
-93
-191
-256
-262
-254
-275
-305
-318
-304
-324
-392
-482
-527
-510
-494
-518
-587
-672
-745
-775
-807
-885
-980
-1048
-1075
-1070
-1068
-1086
-1118
-1126
-1105
-1064
-1011
-944
-851
-751
-648
-528
-402
-286
-161
-21
118
243
355
456
546
638
732
818
898
969
1031
1083
1122
1154
1173
1190
1194
1201
1202
1193
1197
1190
1155
1107
1046
990
964
937
902
860
807
747
687
621
549
489
450
428
400
358
289
215
147
83
13
-60
-118
-157
-180
-219
-265
-327
-377
-387
-386
-374
-366
-356
-344
-327
-299
-283
-282
-271
-250
-223
-203
-197
-211
-227
-241
-252
-235
-216
-217
-207
-187
-185
-153
-135
-134
-73
50
137
101
-1
-98
-103
-70
-91
-147
-180
-191
-204
-252
-350
-414
-414
-402
-433
-499
-587
-689
-743
-782
-851
-948
-1046
-1108
-1116
-1120
-1139
-1168
-1191
-1180
-1150
-1097
-1028
-936
-820
-708
-592
-468
-342
-212
-62
88
231
366
473
567
661
758
844
917
981
1033
1092
1144
1178
1193
1187
1164
1150
1148
1142
1138
1130
1107
1062
1000
937
891
863
825
786
739
680
630
571
498
431
386
358
334
293
242
178
110
44
-23
-90
-144
-183
-203
-236
-289
-344
-392
-409
-405
-391
-375
-354
-322
-289
-257
-235
-229
-221
-189
-147
-111
-95
-96
-93
-77
-61
-70
-93
-114
-98
-57
-18
22
45
77
145
245
279
210
108
19
11
29
-8
-63
-101
-120
-178
-298
-425
-490
-469
-436
-489
-590
-706
-827
-896
-959
-1058
-1176
-1289
-1338
-1329
-1330
-1363
-1415
-1450
-1435
-1404
-1352
-1276
-1161
-1016
-882
-752
-618
-499
-360
-185
-9
155
304
430
547
662
770
851
916
989
1067
1160
1235
1270
1287
1280
1258
1244
1241
1243
1251
1268
1266
1227
1167
1088
1037
1007
971
940
913
878
835
772
683
606
550
517
485
453
411
354
301
233
146
55
-30
-84
-112
-142
-178
-220
-269
-302
-323
-342
-350
-340
-322
-288
-246
-234
-238
-234
-217
-209
-201
-189
-177
-173
-170
-170
-191
-213
-242
-259
-235
-196
-153
-99
-63
-20
79
136
61
-67
-170
-208
-196
-217
-269
-302
-321
-401
-540
-675
-765
-748
-696
-696
-821
-893
-912
-1052
-1136
-1284
-1326
-1404
-1464
-1370
-1369
-1292
-1420
-1437
-1428
-1366
-1307
-1261
-1080
-908
-694
-573
-396
-288
-142
20
199
377
546
738
862
1020
1120
1186
1225
1292
1369
1428
1504
1580
1643
1667
1615
1564
1501
1432
1407
1384
1377
1330
1277
1240
1184
1080
945
841
798
767
719
660
590
539
482
419
328
219
134
66
40
27
-1
-50
-128
-203
-287
-353
-405
-434
-438
-438
-414
-394
-403
-434
-453
-449
-422
-399
-372
-352
-333
-332
-354
-374
-398
-404
-395
-395
-399
-392
-378
-334
-286
-259
-235
-211
-175
-61
142
284
241
82
-91
-166
-143
-131
-158
-142
-117
-193
-357
-540
-633
-600
-569
-623
-695
-748
-802
-871
-988
-1140
-1299
-1414
-1440
-1371
-1295
-1268
-1239
-1199
-1170
-1182
-1204
-1114
-923
-665
-416
-197
0
127
233
373
517
632
768
911
1056
1200
1322
1396
1401
1374
1334
1326
1329
1340
1372
1399
1368
1290
1207
1111
1008
916
829
756
722
722
719
678
577
450
359
289
225
194
194
208
244
257
205
105
2
-60
-84
-91
-96
-83
-92
-135
-190
-254
-331
-386
-410
-376
-290
-199
-114
-68
-57
-82
-124
-168
-198
-197
-151
-79
-29
-15
-43
-102
-162
-201
-211
-193
-122
-7
110
181
153
58
38
159
498
822
767
440
90
4
54
-16
-124
-114
-90
-236
-509
-658
-742
-944
-1177
-1347
-1369
-1382
-1511
-1637
-1772
-1929
-1952
-1921
-1903
-1959
-1903
-1617
-1254
-998
-923
-905
-874
-707
-455
-132
147
394
657
866
1017
1072
1077
1062
1067
1114
1165
1220
1276
1323
1312
1188
988
819
744
733
762
761
730
723
739
723
600
413
279
290
424
548
584
545
487
453
409
355
301
299
371
469
538
535
444
320
236
142
74
45
61
104
93
36
-42
-131
-232
-301
-299
-226
-79
129
318
458
553
556
438
225
10
-77
-49
-14
-50
-156
-294
-412
-501
-547
-503
-392
-264
-72
217
456
542
560
973
1883
2490
2038
916
147
-25
-196
-586
-818
-820
-1126
-1912
-2554
-2701
-2721
-2887
-2934
-2601
-2060
-1644
-1494
-1652
-2021
-2176
-1883
-1472
-1364
-1398
-1055
-391
90
122
-122
-309
-253
-29
252
507
791
1125
1306
1182
877
675
642
621
563
540
586
727
892
943
812
599
484
553
724
884
1061
1246
1376
1426
1379
1215
976
779
751
840
931
977
968
862
623
336
151
93
76
67
110
197
252
213
77
-120
-326
-412
-325
-112
101
246
329
306
206
79
15
4
69
236
390
499
517
423
252
-26
-358
-618
-722
-711
-622
-515
-442
-440
-516
-569
-547
-457
-280
-39
206
410
651
850
939
1575
2749
3192
2127
469
-356
-468
-841
-1482
-1635
-1426
-1886
-2978
-3458
-3106
-2920
-3198
-3022
-1909
-792
-467
-708
-1028
-1193
-1144
-990
-1024
-1185
-1107
-622
-70
109
-150
-532
-689
-638
-483
-187
259
796
1255
1412
1278
1114
1059
967
795
748
845
898
871
915
983
864
573
329
350
545
739
894
1091
1288
1412
1425
1277
1052
914
955
1041
1076
1095
1116
987
644
224
-85
-244
-338
-361
-269
-108
19
72
35
-57
-186
-285
-261
-101
106
302
438
426
287
85
-177
-401
-405
-268
-113
31
127
192
128
-150
-504
-725
-779
-742
-555
-296
-118
-23
3
-40
-170
-283
-243
-108
128
376
565
712
864
1670
2882
3179
1932
241
-534
-749
-1245
-1848
-1842
-1590
-2049
-3068
-3382
-2780
-2409
-2722
-2624
-1286
201
519
-194
-737
-669
-539
-788
-1265
-1508
-1381
-1030
-653
-381
-419
-764
-1022
-955
-644
-218
318
953
1487
1745
1744
1636
1466
1196
920
792
767
694
577
585
657
573
284
7
9
282
580
795
1057
1374
1565
1532
1398
1265
1140
1038
963
928
896
766
473
99
-227
-402
-435
-450
-466
-357
-65
239
369
310
226
204
192
201
292
428
475
457
423
271
-24
-363
-604
-627
-485
-287
-202
-203
-126
-53
-74
-237
-355
-258
-44
181
374
424
294
78
-96
-132
-131
-238
-335
-187
96
363
816
1979
3247
3212
1709
92
-598
-1024
-1836
-2483
-2294
-1918
-2417
-3431
-3533
-2644
-2172
-2580
-2508
-1021
619
879
35
-490
-289
-188
-792
-1616
-1919
-1681
-1305
-990
-743
-723
-985
-1260
-1197
-773
-216
351
980
1596
1971
2049
1933
1697
1387
1092
890
757
634
541
542
557
449
238
97
205
501
782
989
1245
1553
1790
1830
1669
1436
1221
1074
963
803
563
270
18
-164
-328
-476
-537
-478
-299
-17
267
476
587
648
700
693
562
360
198
125
122
98
-16
-162
-352
-582
-707
-723
-602
-451
-300
-86
147
281
280
247
166
35
-37
-71
-99
-97
-210
-409
-565
-596
-517
-417
-358
-358
-227
70
786
2293
3621
3370
1660
34
-732
-1282
-2157
-2893
-2880
-2561
-2781
-3297
-3064
-2255
-1908
-2211
-1879
-355
1047
1104
282
-68
213
213
-661
-1765
-2200
-1914
-1486
-1241
-1079
-967
-982
-1028
-828
-359
218
803
1411
1965
2325
2433
2301
2016
1688
1336
962
624
379
270
293
295
175
39
63
321
692
978
1138
1302
1538
1741
1782
1658
1406
1089
845
675
427
80
-284
-528
-610
-582
-535
-465
-312
-50
264
503
651
667
605
576
513
365
211
112
67
-11
-152
-371
-622
-832
-945
-769
-421
-93
120
189
171
89
-47
-285
-505
-471
-249
-71
-7
-81
-194
-353
-476
-446
-322
-188
-165
-120
90
346
764
1987
3478
3672
2137
295
-579
-992
-1814
-2811
-3109
-2783
-2804
-3325
-3295
-2365
-1525
-1543
-1537
-388
1179
1557
642
-110
1
126
-629
-1843
-2469
-2170
-1586
-1316
-1233
-1061
-901
-813
-588
-156
371
958
1535
1991
2279
2395
2301
2011
1623
1187
793
460
190
28
15
75
31
-103
-95
222
670
981
1136
1272
1427
1563
1652
1636
1456
1171
908
662
368
28
-300
-529
-609
-614
-570
-456
-242
55
331
554
711
770
743
673
568
441
263
70
-160
-384
-475
-485
-516
-583
-587
-567
-398
-196
-179
-263
-263
-129
129
352
175
-201
-308
-192
-210
-255
-242
-208
-165
-110
-72
-108
-165
-107
142
708
2143
3778
3996
2467
615
-441
-1137
-2032
-2893
-3196
-2984
-2948
-3222
-3019
-2196
-1656
-1835
-1692
-360
1246
1631
753
-16
62
215
-536
-1864
-2607
-2365
-1772
-1392
-1240
-1135
-1124
-1115
-785
-189
357
778
1253
1767
2142
2228
2032
1699
1363
999
644
410
279
79
-150
-175
-23
38
-47
66
553
1113
1398
1436
1463
1606
1697
1583
1305
1011
794
590
362
121
-120
-345
-499
-484
-337
-257
-239
-82
265
632
903
1040
1098
1129
1062
825
476
162
-114
-387
-463
-330
-186
-141
-256
-425
-475
-384
-265
-208
-145
-10
54
31
55
77
-79
-265
-269
-208
-222
-269
-284
-239
-114
-62
-76
66
429
1486
3148
4043
3141
1141
-340
-990
-1730
-2884
-3712
-3658
-3340
-3521
-3655
-3014
-1947
-1529
-1729
-1203
387
1563
1076
-105
-390
146
109
-1082
-2411
-2656
-1965
-1414
-1365
-1290
-1018
-902
-850
-511
148
837
1304
1542
1783
2091
2193
1941
1532
1174
902
665
376
64
-48
45
90
62
190
543
953
1250
1440
1648
1874
1965
1903
1863
1794
1526
1095
690
398
118
-267
-598
-637
-399
-134
-53
-78
-39
49
205
474
682
768
825
862
796
572
238
-191
-592
-790
-695
-299
14
52
52
102
112
-119
-536
-897
-1020
-875
-801
-742
-443
-148
-49
-115
-207
-238
-157
16
41
32
150
464
859
1303
2348
3593
3669
2083
103
-970
-1426
-2028
-2868
-3435
-3362
-3247
-3513
-3507
-2699
-1682
-1377
-1212
-238
1112
1490
476
-679
-882
-582
-965
-2055
-2660
-2203
-1431
-1139
-1168
-1074
-883
-711
-470
-39
578
1173
1576
1805
1927
1919
1730
1455
1184
941
730
479
208
-32
-212
-252
-86
113
226
456
947
1498
1830
1987
2137
2317
2459
2492
2294
1818
1211
660
300
58
-243
-679
-931
-632
-3
378
291
178
391
742
913
806
659
685
737
604
312
-34
-449
-898
-1105
-986
-598
-234
-215
-258
-115
-61
-366
-710
-916
-1076
-1038
-821
-727
-659
-341
-32
-14
-139
-158
-168
-264
-213
289
971
1812
3131
4166
3783
2066
265
-917
-1666
-2363
-2986
-3225
-3175
-3405
-3717
-3335
-2399
-1823
-1860
-1493
-156
1216
1272
201
-496
-243
-101
-1050
-2426
-2928
-2391
-1710
-1424
-1221
-795
-397
-222
-106
218
748
1188
1361
1429
1638
1875
1851
1634
1359
950
369
-226
-742
-1106
-1132
-876
-564
-263
117
598
1158
1671
2039
2325
2639
2964
3137
3025
2626
2088
1505
875
227
-302
-607
-665
-538
-315
27
445
800
957
965
1037
1169
1238
1122
885
644
422
182
-190
-616
-880
-997
-989
-993
-959
-706
-469
-368
-338
-363
-445
-514
-588
-774
-825
-589
-468
-571
-640
-658
-614
-516
-190
308
1075
2523
4001
4182
2775
1071
43
-574
-1354
-2129
-2527
-2613
-2943
-3537
-3549
-2777
-2052
-2111
-2036
-776
923
1307
189
-790
-668
-256
-747
-1864
-2360
-1858
-1323
-1394
-1636
-1577
-1369
-1199
-888
-247
606
1270
1563
1717
1955
2016
1730
1366
1055
712
260
-292
-903
-1404
-1672
-1778
-1743
-1551
-1227
-728
-20
779
1510
2120
2672
3165
3496
3515
3200
2669
2080
1512
952
454
82
-177
-254
-105
140
407
716
997
1252
1622
1929
1897
1682
1556
1367
1054
774
421
-27
-292
-360
-430
-575
-835
-1075
-1196
-1178
-1031
-735
-378
-124
148
278
64
-378
-716
-819
-789
-756
-650
-99
569
1258
2414
3364
2794
941
-776
-1573
-1697
-1736
-2023
-2294
-2305
-2742
-3374
-3324
-2578
-1985
-1789
-1074
440
1710
1430
5
-994
-1014
-997
-1609
-2257
-2140
-1430
-963
-1059
-1277
-1318
-1438
-1586
-1294
-407
622
1318
1550
1576
1762
1984
1858
1418
1057
740
157
-567
-1151
-1566
-1831
-1907
-1821
-1593
-1172
-551
79
640
1191
1732
2145
2426
2680
2717
2374
1845
1414
1080
848
764
701
611
627
756
865
991
1037
1030
1304
1921
2401
2420
2138
1780
1521
1316
919
436
362
611
682
470
229
-68
-598
-1060
-1168
-921
-557
-385
-467
-636
-730
-784
-822
-720
-520
-536
-544
-107
634
1743
3068
3447
2042
-108
-1443
-1831
-2059
-2480
-2952
-3220
-3397
-3814
-4170
-4012
-3370
-2796
-2195
-865
927
1781
1113
70
-261
-87
-242
-972
-1643
-1499
-818
-496
-750
-1184
-1608
-1827
-1553
-869
16
938
1602
1776
1757
1816
1815
1734
1487
935
317
-96
-517
-1071
-1531
-1820
-1994
-1976
-1675
-1098
-265
569
1206
1649
1966
2145
2101
1856
1561
1363
1232
1108
918
581
220
-15
-111
-102
-60
112
579
1231
1705
1922
2076
2271
2431
2230
1725
1504
1561
1561
1436
1202
851
576
484
290
58
-63
-144
-114
63
335
582
619
256
-199
-459
-704
-846
-519
180
1089
2431
3528
3266
1468
-623
-1945
-2224
-2214
-2272
-2255
-2391
-3153
-4261
-4663
-4390
-3963
-3735
-3133
-1606
141
493
-545
-1419
-1412
-1261
-1382
-1447
-1151
-489
-85
-264
-767
-1118
-1484
-1786
-1567
-711
448
1497
2003
1869
1614
1486
1448
1431
1292
921
508
132
-327
-811
-1174
-1557
-1944
-2010
-1574
-644
377
1041
1366
1621
1867
1907
1712
1519
1481
1496
1451
1410
1279
861
233
-356
-665
-590
-384
-231
26
527
978
1079
1105
1196
1330
1419
1414
1446
1540
1595
1508
1312
1145
955
708
459
228
165
235
359
496
730
946
855
527
140
-123
121
924
1918
3167
4445
4503
2607
187
-1099
-1176
-1197
-1537
-1756
-1865
-2625
-4177
-5167
-4997
-4366
-4131
-3593
-1861
97
329
-1115
-2313
-2322
-1830
-1502
-1227
-812
-207
45
-381
-1208
-1959
-2558
-2724
-2042
-825
291
959
985
432
-63
-11
399
777
1145
1543
1820
1711
1096
86
-892
-1486
-1695
-1567
-1036
-230
420
663
584
520
615
788
1017
1485
2112
2551
2633
2450
2037
1416
774
290
102
35
-38
-140
-128
-136
-316
-402
-211
140
422
562
664
894
1053
952
722
860
1261
1440
1228
893
641
381
46
-247
-188
98
194
-48
-195
17
448
952
1594
2461
3860
4892
4266
2279
632
313
425
138
-309
-582
-1298
-3031
-4678
-4769
-3823
-3254
-3241
-2442
-760
85
-925
-2501
-2939
-2341
-1541
-812
-181
176
179
-244
-994
-1753
-2164
-2126
-1516
-561
209
595
587
37
-820
-1147
-656
-4
359
505
430
105
-345
-831
-1312
-1522
-1392
-1157
-856
-379
55
247
339
537
906
1333
1577
1591
1666
1853
1898
1698
1459
1349
1317
1217
1077
987
905
769
634
404
177
212
465
599
521
440
336
238
176
116
56
192
581
1002
1228
1161
840
473
409
518
513
230
-112
-332
-372
-181
53
556
1048
1638
2633
3629
3301
1639
338
289
798
737
479
178
-628
-2529
-4070
-3793
-2656
-2442
-3002
-2471
-1068
-536
-1752
-2982
-2919
-1929
-975
-302
190
257
76
-223
-409
-540
-532
-341
-37
248
311
179
-126
-521
-735
-481
147
527
416
-30
-633
-1188
-1340
-1130
-993
-1064
-1225
-1363
-1443
-1373
-1260
-1062
-581
87
614
831
787
724
818
987
1127
1287
1496
1569
1534
1522
1545
1459
1280
1244
1329
1213
721
192
66
231
367
494
710
862
803
680
554
519
567
694
963
1300
1408
1055
647
487
465
339
171
65
45
39
285
834
1339
1935
2785
3129
1869
58
-508
200
655
248
0
-121
-1301
-3473
-4456
-3405
-2379
-2653
-2961
-2034
-1084
-1672
-3165
-3663
-2814
-1600
-817
-473
-467
-736
-837
-594
-149
220
578
912
1026
979
960
902
674
541
807
1246
1435
1122
553
-27
-473
-682
-555
-368
-485
-908
-1462
-1889
-1908
-1454
-891
-501
-197
143
273
71
-57
331
972
1318
1324
1171
974
643
345
289
441
636
742
904
959
725
123
-313
-190
245
455
353
377
512
625
602
492
470
579
735
905
1068
1136
1077
963
922
788
526
38
-259
-14
652
1662
2354
2755
3156
3277
2214
569
220
1133
1563
756
-142
-668
-1757
-3526
-4236
-3081
-1842
-2190
-3095
-2943
-2328
-2711
-3761
-3652
-2497
-1532
-1309
-1590
-2051
-2391
-2092
-1327
-442
274
576
532
314
202
353
761
1133
1364
1758
2039
1745
1127
897
931
808
544
242
-152
-598
-881
-946
-858
-733
-589
-437
-342
-237
-9
294
517
787
1209
1568
1587
1264
973
968
1104
1109
1050
884
599
372
378
446
341
127
-140
-259
-266
-238
-294
-394
-453
-272
-25
57
-42
-183
-141
53
390
546
579
484
469
512
502
392
214
198
643
1564
2223
2494
2796
2961
2065
611
303
1435
2246
1303
24
-395
-884
-2333
-3149
-2176
-1166
-1654
-2733
-2816
-2367
-2617
-3388
-3314
-2347
-1788
-1971
-2357
-2657
-2788
-2288
-1268
-502
-208
-170
-173
-215
-42
529
1126
1260
1089
1172
1310
1129
887
1042
1352
1139
456
-116
-368
-556
-617
-401
-243
-457
-777
-777
-537
-256
88
465
710
798
865
923
967
1110
1481
1935
2182
1969
1600
1459
1443
1490
1526
1478
1169
814
486
180
-26
-42
-41
-252
-496
-707
-753
-707
-551
-448
-346
-214
-284
-479
-463
-113
235
291
161
-31
-232
-433
-68
1025
2006
2399
2421
2223
1185
220
510
1868
2260
1180
-14
-723
-1526
-2294
-1860
-828
-803
-2100
-2908
-2629
-2426
-2915
-3131
-2306
-1740
-2055
-2645
-2926
-2905
-2418
-1306
-416
-293
-610
-828
-763
-360
487
1374
1787
1510
1085
1077
1340
1587
1803
1995
1644
842
191
-147
-408
-490
-301
-237
-562
-991
-1245
-1253
-1039
-617
-102
284
377
273
288
520
873
1224
1492
1543
1401
1287
1296
1373
1551
1837
1916
1627
1297
1169
1125
1051
951
804
654
464
221
124
149
123
-50
-240
-341
-423
-556
-634
-511
-240
-65
-167
-415
-544
-440
-282
144
920
1418
1575
1916
2252
1652
510
329
1130
1373
384
-572
-939
-1511
-2397
-2186
-962
-855
-2383
-3433
-2741
-1910
-2209
-2732
-2480
-2179
-2343
-2486
-2461
-2588
-2615
-2057
-1393
-1270
-1412
-1277
-877
-444
300
1302
1790
1457
1094
1347
1828
2216
2639
2928
2405
1364
734
696
611
363
243
59
-502
-1070
-1063
-662
-341
-255
-243
-273
-295
-90
319
643
765
851
959
980
823
802
1080
1390
1510
1466
1284
973
847
1003
1200
1194
1066
780
403
140
166
388
485
363
89
-135
-353
-448
-326
-38
96
-14
-177
-299
-329
-249
7
183
148
298
771
1443
2126
2430
1808
697
542
1473
2068
1305
242
-370
-943
-1756
-1742
-819
-775
-2253
-3527
-3099
-2268
-2501
-3268
-3266
-2855
-2840
-2915
-2816
-2857
-2924
-2398
-1692
-1605
-1854
-1745
-1346
-1050
-556
298
883
738
471
804
1399
1816
2180
2566
2437
1790
1384
1476
1566
1343
1050
653
41
-428
-401
-155
-143
-297
-366
-341
-242
41
482
763
731
662
821
1050
1141
1201
1377
1527
1493
1399
1299
1142
1010
1070
1159
1147
1005
790
636
521
461
410
416
297
-38
-373
-459
-339
-224
-247
-412
-568
-564
-415
-411
-696
-828
-578
-110
93
324
910
1421
1766
2044
2140
1455
716
1025
2015
2041
982
70
-405
-1024
-1525
-827
-54
-909
-2775
-3307
-2303
-1838
-2354
-2684
-2589
-2917
-3402
-3278
-2971
-3089
-3033
-2376
-1973
-2260
-2408
-1912
-1335
-987
-433
195
342
149
430
1207
1712
1922
2218
2353
1824
1289
1443
1678
1257
724
694
606
65
-320
-164
-61
-379
-629
-546
-352
-163
178
516
602
564
725
1030
1129
1129
1361
1660
1643
1506
1586
1702
1590
1408
1390
1412
1372
1283
1109
948
941
971
769
408
147
10
-63
-73
-46
-95
-339
-613
-730
-618
-607
-741
-903
-896
-827
-648
-332
40
325
549
1294
2019
2043
1204
826
1243
1649
1146
421
271
46
-732
-1184
-365
155
-923
-2521
-2780
-1962
-1574
-1870
-2253
-2592
-3014
-3162
-2911
-2792
-2949
-2831
-2372
-2273
-2466
-2188
-1481
-1163
-1184
-755
-102
102
35
409
1039
1439
1709
1989
2041
1656
1378
1452
1535
1343
1153
992
556
15
-97
116
62
-326
-561
-531
-474
-367
-88
144
129
67
189
455
723
944
1121
1167
1103
1182
1446
1605
1448
1211
1245
1473
1624
1533
1338
1249
1193
1051
890
818
706
603
601
616
450
94
-206
-305
-281
-350
-386
-345
-459
-718
-788
-526
-303
-219
-50
296
841
1484
1751
1173
352
378
1188
1419
622
25
-87
-538
-1340
-1046
42
-208
-1994
-3057
-2238
-1282
-1533
-2157
-2321
-2610
-3081
-2987
-2420
-2382
-2750
-2627
-2287
-2288
-2240
-1696
-1240
-1267
-1068
-397
41
-19
193
936
1408
1421
1580
1924
1817
1445
1540
1909
1756
1233
1050
1015
638
198
137
216
90
-119
-246
-347
-405
-291
-45
54
-51
-71
107
322
521
733
833
785
821
1009
1117
1038
967
1093
1350
1460
1287
973
766
741
795
828
813
766
648
520
476
429
348
275
263
275
232
83
-84
-205
-276
-297
-264
-226
-320
-310
37
485
737
1070
1444
1359
552
91
671
1478
1206
312
-23
-119
-787
-1316
-693
-128
-1049
-2545
-2635
-1678
-1467
-2214
-2716
-2698
-2832
-3008
-2768
-2533
-2730
-2769
-2401
-2175
-2187
-1885
-1371
-1225
-1143
-595
-32
42
112
728
1309
1291
1225
1671
2165
2044
1736
1708
1724
1549
1499
1562
1298
779
483
474
433
351
296
51
-377
-556
-284
21
46
-16
34
89
120
266
461
522
496
625
900
1069
1016
905
902
949
959
932
931
983
954
732
436
363
427
327
67
-89
-52
-35
-140
-263
-289
-220
-230
-303
-333
-243
-191
-228
-269
-154
106
415
621
670
947
1349
1422
969
737
1190
1636
1164
341
191
339
-57
-642
-323
145
-570
-1870
-2103
-1326
-1211
-1987
-2537
-2594
-2679
-2800
-2674
-2590
-2923
-3127
-2838
-2506
-2407
-2140
-1613
-1328
-1303
-979
-467
-213
-14
512
1007
1082
1158
1609
2029
1978
1811
1834
1819
1617
1565
1713
1602
1151
760
675
663
504
327
171
22
-2
92
84
-125
-232
-113
71
281
517
635
563
460
512
665
721
662
660
836
1008
1000
889
810
793
739
628
513
464
335
100
-73
-12
78
-90
-396
-600
-620
-679
-717
-664
-539
-530
-609
-632
-626
-670
-731
-572
-190
230
452
850
1442
1682
1262
815
1200
1838
1644
875
689
930
581
-111
4
439
-208
-1520
-1831
-1031
-808
-1604
-2255
-2328
-2457
-2774
-2731
-2469
-2553
-2680
-2488
-2270
-2299
-2195
-1784
-1493
-1419
-1079
-512
-185
52
512
948
958
943
1346
1838
1941
1912
2045
2041
1706
1508
1642
1526
969
550
601
673
460
230
106
-55
-240
-239
-75
10
13
43
112
238
403
545
596
576
568
588
645
718
797
837
845
885
924
858
695
587
531
458
355
276
177
3
-214
-370
-436
-490
-539
-611
-682
-748
-757
-788
-837
-880
-840
-737
-622
-539
-549
-439
-81
357
698
1069
1338
1242
867
1009
1804
2203
1549
742
614
714
481
475
791
356
-922
-1620
-1005
-499
-1185
-2110
-2261
-2185
-2440
-2531
-2230
-2303
-2784
-2799
-2304
-2019
-2025
-1763
-1298
-1118
-1039
-682
-258
5
289
656
830
889
1226
1699
1781
1580
1575
1669
1492
1298
1449
1499
1006
446
398
584
517
267
83
-143
-405
-471
-262
-40
26
67
162
253
288
360
476
568
635
701
771
863
973
970
830
706
687
678
600
551
520
395
197
67
43
-8
-147
-327
-470
-554
-599
-655
-737
-786
-764
-762
-750
-712
-618
-539
-516
-510
-420
-248
-157
92
499
1022
1489
1802
1699
1238
1120
1710
2317
1846
901
547
648
406
-22
134
253
-548
-1634
-1649
-878
-828
-1678
-2213
-2159
-2176
-2235
-2040
-1939
-2314
-2479
-2049
-1691
-1704
-1618
-1128
-794
-775
-612
-239
-5
56
341
715
822
800
1020
1273
1213
1127
1214
1206
970
886
1069
1055
741
487
427
309
91
19
54
-36
-190
-218
-123
-62
-68
1
144
266
361
420
400
401
514
693
761
703
639
605
581
487
335
239
246
246
181
102
15
-146
-347
-403
-329
-272
-363
-482
-433
-266
-187
-211
-228
-243
-279
-309
-164
32
172
150
45
135
367
562
732
982
1250
1667
2021
2009
1404
971
1311
1722
1338
649
462
345
-323
-780
-239
156
-762
-2084
-2129
-1236
-1088
-1764
-2092
-1918
-1905
-2053
-1849
-1626
-1767
-1833
-1578
-1369
-1384
-1301
-1013
-793
-716
-586
-485
-432
-248
77
313
351
502
840
1108
1117
1069
1051
956
830
893
1052
938
588
379
389
399
310
208
139
86
22
2
96
197
145
15
55
234
267
118
64
207
309
214
44
-32
-18
39
91
58
-92
-189
-125
6
7
-77
-109
-109
-65
70
224
230
129
61
105
243
383
463
474
526
661
806
809
726
665
651
597
571
594
501
434
605
834
980
1301
1564
1233
410
221
1007
1470
758
-41
-17
62
-513
-753
-41
176
-949
-2000
-1537
-588
-744
-1459
-1557
-1382
-1652
-1972
-1788
-1640
-1929
-2066
-1787
-1633
-1850
-1956
-1644
-1278
-1149
-1061
-926
-812
-609
-188
183
267
352
693
954
899
886
1108
1215
1019
936
1120
1111
813
682
880
960
672
393
394
410
208
19
3
-56
-255
-318
-180
-143
-344
-561
-592
-509
-454
-457
-470
-480
-428
-255
-81
-71
-147
-67
149
318
428
540
623
608
602
765
1008
1079
998
998
1111
1163
1087
1042
1091
1182
1205
1075
829
621
532
494
369
230
176
33
-196
-236
143
524
540
561
853
940
507
282
867
1453
1038
351
323
534
251
-29
394
652
-184
-1213
-1135
-410
-502
-1317
-1729
-1729
-1987
-2340
-2283
-2148
-2446
-2758
-2609
-2384
-2423
-2435
-2152
-1836
-1711
-1583
-1361
-1141
-865
-468
-124
29
193
535
837
900
992
1226
1311
1212
1221
1369
1237
898
804
921
850
530
275
144
-69
-327
-419
-431
-594
-872
-970
-826
-708
-750
-768
-649
-566
-582
-455
-102
174
206
193
367
613
807
1014
1262
1421
1391
1382
1535
1717
1808
1841
1820
1632
1364
1285
1367
1346
1132
905
729
570
435
359
292
115
-128
-278
-259
-214
-231
-294
-358
-386
-346
-108
294
562
642
916
1453
1690
1229
787
1094
1710
1596
985
768
794
341
-273
-82
511
72
-1276
-1939
-1369
-980
-1594
-2261
-2304
-2284
-2681
-2990
-2899
-2870
-3091
-3098
-2741
-2494
-2647
-2725
-2338
-1787
-1478
-1362
-1150
-805
-440
-92
252
591
817
896
900
983
1141
1170
1052
946
953
845
538
295
256
252
63
-182
-305
-368
-489
-598
-565
-496
-564
-623
-494
-235
-55
20
142
385
624
776
954
1196
1422
1552
1635
1741
1855
1918
1942
1990
2037
2002
1885
1709
1487
1270
1106
995
856
630
395
238
141
39
-49
-113
-216
-336
-384
-312
-182
-79
-65
-127
-171
-68
169
315
304
286
369
498
635
783
1030
1420
1759
1663
1074
638
842
1283
1183
655
331
83
-522
-1072
-804
-329
-809
-1896
-2307
-1880
-1772
-2317
-2652
-2463
-2388
-2727
-2978
-2933
-2929
-2983
-2740
-2292
-2116
-2334
-2497
-2251
-1726
-1289
-1097
-1029
-911
-742
-607
-393
42
486
570
339
246
387
431
340
407
669
712
437
250
351
538
564
523
553
586
564
593
792
999
1056
1076
1185
1342
1376
1312
1366
1642
1909
1930
1776
1617
1542
1545
1587
1618
1569
1384
1119
935
915
948
882
715
538
439
378
294
210
161
134
98
46
7
-24
-45
-32
-20
-36
-10
74
125
110
108
169
203
198
201
231
227
146
93
161
240
273
280
305
402
546
608
398
34
-118
20
101
-60
-313
-475
-715
-1052
-1173
-992
-928
-1217
-1562
-1629
-1637
-1879
-2144
-2198
-2125
-2216
-2445
-2618
-2677
-2673
-2651
-2594
-2481
-2398
-2407
-2413
-2303
-2062
-1808
-1600
-1359
-1097
-915
-784
-535
-124
223
389
481
655
888
1070
1231
1423
1557
1568
1627
1829
2065
2129
2042
2009
2089
2108
1982
1842
1818
1795
1646
1481
1433
1432
1351
1246
1211
1191
1092
980
945
969
944
852
772
762
785
772
707
615
525
477
459
438
419
397
345
280
262
272
253
206
158
112
40
-37
-60
-22
-30
-110
-170
-205
-246
-302
-353
-394
-391
-303
-226
-258
-343
-356
-289
-244
-258
-277
-243
-221
-211
-68
133
221
76
-175
-365
-446
-456
-467
-538
-655
-787
-964
-1173
-1315
-1366
-1422
-1550
-1651
-1686
-1774
-1931
-2048
-2040
-2022
-2092
-2168
-2183
-2156
-2113
-1989
-1804
-1714
-1717
-1635
-1411
-1193
-1019
-818
-589
-395
-246
-43
240
507
670
770
914
1063
1181
1280
1382
1430
1421
1447
1555
1668
1693
1679
1731
1813
1787
1652
1567
1633
1731
1715
1620
1588
1607
1558
1426
1337
1355
1367
1274
1170
1163
1178
1109
1004
949
907
800
664
603
595
542
433
351
311
216
47
-85
-115
-106
-151
-251
-335
-372
-360
-320
-316
-345
-353
-350
-372
-378
-302
-198
-190
-272
-296
-255
-246
-308
-357
-342
-355
-423
-512
-580
-672
-778
-802
-771
-759
-786
-819
-791
-796
-888
-1029
-1135
-1174
-1168
-1138
-1101
-1056
-1048
-1075
-1111
-1073
-953
-838
-771
-746
-745
-733
-722
-707
-714
-774
-847
-918
-956
-954
-951
-954
-963
-1006
-1054
-1067
-1034
-956
-850
-705
-573
-492
-390
-201
40
223
297
396
610
823
955
1089
1259
1388
1449
1575
1769
1872
1850
1832
1928
2037
2041
1979
1930
1872
1756
1648
1615
1598
1531
1418
1307
1224
1152
1089
1033
980
937
866
733
598
547
566
526
412
328
297
229
114
52
45
-2
-106
-186
-198
-196
-233
-281
-320
-369
-415
-448
-487
-543
-577
-602
-668
-744
-795
-868
-967
-1031
-1051
-1067
-1118
-1152
-1114
-1091
-1153
-1216
-1183
-1088
-1028
-997
-945
-867
-782
-688
-553
-358
-156
17
102
93
37
28
104
200
244
241
186
102
14
-28
-27
-66
-179
-299
-404
-506
-604
-721
-821
-946
-1079
-1184
-1320
-1441
-1471
-1417
-1351
-1361
-1374
-1313
-1215
-1064
-844
-617
-474
-394
-243
26
279
464
643
815
968
1064
1140
1236
1353
1461
1546
1585
1622
1665
1689
1696
1701
1728
1712
1638
1578
1557
1547
1524
1492
1441
1355
1244
1153
1112
1113
1108
1050
958
876
855
856
799
652
500
431
391
295
179
91
-21
-191
-374
-512
-625
-750
-872
-966
-1050
-1132
-1199
-1249
-1298
-1337
-1326
-1272
-1243
-1206
-1092
-945
-840
-793
-745
-660
-544
-429
-343
-262
-200
-183
-185
-158
-69
21
24
-31
-59
-44
-55
-89
-71
-22
-30
-103
-118
-30
66
96
33
-85
-232
-330
-331
-285
-276
-325
-401
-453
-501
-555
-593
-602
-600
-610
-653
-690
-708
-732
-780
-847
-875
-885
-933
-979
-958
-862
-747
-706
-677
-604
-509
-403
-281
-121
49
188
322
499
717
896
977
1023
1126
1248
1362
1428
1439
1426
1421
1445
1482
1481
1460
1442
1414
1371
1304
1278
1256
1167
1060
981
911
824
734
668
613
538
459
372
277
173
88
52
-1
-107
-203
-266
-320
-385
-444
-468
-492
-529
-554
-568
-559
-550
-548
-549
-544
-519
-474
-449
-442
-432
-386
-282
-191
-159
-168
-148
-78
-21
-4
9
29
53
51
50
65
34
-33
-87
-115
-150
-226
-310
-374
-457
-558
-632
-680
-722
-787
-857
-902
-922
-898
-850
-757
-648
-538
-490
-506
-524
-493
-427
-349
-245
-120
-33
-15
-7
48
121
155
181
218
273
289
277
244
182
121
48
-14
-60
-108
-141
-172
-211
-241
-266
-315
-367
-385
-351
-299
-248
-204
-158
-85
13
97
169
245
326
393
446
531
629
688
705
725
761
793
790
790
815
806
757
715
714
686
615
565
568
574
534
495
507
526
501
475
490
501
450
396
398
395
345
304
307
299
239
190
211
234
192
110
68
63
28
-36
-85
-79
-74
-111
-185
-266
-318
-356
-377
-386
-398
-453
-546
-599
-578
-557
-598
-635
-654
-690
-736
-744
-696
-645
-626
-631
-654
-698
-738
-730
-670
-606
-549
-490
-459
-432
-349
-256
-207
-192
-116
23
130
223
359
503
544
502
468
466
467
472
486
486
450
398
358
280
181
114
76
41
-3
-74
-174
-299
-414
-479
-538
-607
-705
-787
-833
-864
-850
-809
-799
-802
-797
-765
-705
-640
-544
-439
-359
-288
-172
-31
81
138
189
251
312
388
478
567
630
653
664
710
774
823
871
937
971
964
933
902
893
909
935
936
907
867
847
836
824
786
701
609
545
517
507
473
403
324
262
196
112
55
47
45
37
5
-55
-107
-135
-140
-149
-167
-191
-212
-231
-251
-262
-263
-272
-314
-357
-376
-395
-416
-430
-446
-482
-539
-566
-553
-539
-547
-558
-543
-513
-512
-515
-511
-513
-516
-504
-471
-426
-385
-333
-261
-196
-151
-115
-80
-56
-21
47
126
179
220
274
335
378
344
274
201
134
108
117
111
74
18
-54
-139
-203
-237
-252
-277
-316
-351
-393
-465
-545
-603
-637
-666
-707
-745
-763
-778
-790
-765
-734
-743
-750
-691
-564
-467
-444
-422
-336
-223
-131
-34
93
202
254
307
403
508
582
625
691
777
855
909
939
969
999
1019
1045
1056
1059
1067
1054
1028
1013
1027
1014
976
969
975
954
921
915
913
867
782
712
662
581
472
403
380
316
197
103
52
3
-90
-198
-279
-350
-411
-449
-470
-498
-545
-593
-614
-606
-603
-623
-654
-655
-624
-593
-564
-534
-528
-543
-545
-503
-448
-401
-351
-325
-303
-277
-261
-251
-242
-233
-224
-223
-219
-198
-181
-195
-237
-271
-277
-268
-249
-227
-216
-241
-277
-282
-267
-251
-224
-190
-162
-136
-93
-36
-33
-101
-209
-270
-242
-173
-157
-194
-226
-219
-227
-275
-303
-267
-197
-154
-147
-139
-133
-163
-209
-238
-223
-211
-235
-260
-245
-195
-153
-152
-159
-148
-136
-106
-39
47
107
129
177
252
297
319
343
389
451
481
477
473
474
500
530
557
561
539
516
529
593
662
695
674
644
642
652
661
664
651
655
675
708
750
771
755
703
658
638
622
569
521
499
482
420
333
261
198
123
54
19
-9
-61
-129
-164
-181
-227
-281
-302
-298
-309
-329
-343
-347
-352
-350
-346
-344
-350
-361
-372
-402
-421
-430
-444
-469
-504
-534
-574
-620
-649
-679
-719
-766
-783
-795
-853
-913
-916
-865
-828
-819
-786
-727
-687
-646
-576
-481
-404
-358
-278
-160
-49
53
134
212
336
496
618
631
585
544
516
511
530
551
537
464
363
263
150
53
0
-32
-96
-202
-305
-382
-471
-561
-618
-655
-698
-751
-775
-749
-712
-693
-687
-670
-627
-563
-468
-358
-258
-160
-76
8
126
279
409
485
550
650
752
796
823
867
905
924
954
1008
1039
1032
1025
1054
1091
1088
1081
1103
1123
1121
1100
1084
1079
1058
1037
1023
986
917
844
799
762
683
576
473
403
347
291
219
115
-20
-143
-206
-251
-307
-389
-479
-568
-633
-673
-728
-816
-893
-907
-895
-906
-906
-894
-891
-894
-871
-818
-778
-764
-738
-677
-623
-603
-601
-577
-535
-501
-477
-450
-432
-422
-415
-407
-402
-410
-420
-419
-410
-399
-398
-402
-416
-428
-434
-445
-451
-439
-414
-374
-337
-328
-329
-308
-258
-216
-161
-77
47
172
230
232
222
198
172
190
265
346
395
389
344
270
217
234
292
340
331
295
243
180
122
85
54
17
-33
-74
-80
-66
-49
-48
-43
-48
-49
5
100
177
215
247
300
391
473
550
637
722
792
825
845
866
873
872
882
916
934
889
823
793
785
741
668
608
551
480
412
365
315
236
164
129
102
66
40
34
9
-24
-39
-42
-55
-80
-72
-50
-60
-96
-122
-151
-199
-244
-277
-306
-329
-338
-366
-420
-501
-581
-639
-688
-709
-694
-690
-715
-750
-782
-812
-841
-834
-805
-782
-757
-739
-719
-706
-701
-674
-641
-619
-606
-583
-532
-477
-428
-404
-390
-379
-348
-303
-254
-198
-151
-127
-136
-134
-92
-23
29
68
128
191
232
260
315
378
418
449
472
500
531
555
601
693
785
808
735
636
569
542
562
599
618
612
540
428
338
300
304
304
303
307
287
202
102
56
42
-10
-85
-116
-137
-178
-220
-224
-208
-244
-307
-336
-305
-250
-217
-205
-194
-204
-204
-167
-121
-75
-38
-2
25
28
19
24
48
77
108
146
175
179
178
192
214
230
246
260
287
331
364
368
361
355
357
346
325
311
288
271
237
177
99
19
-38
-62
-80
-111
-156
-209
-275
-333
-374
-404
-428
-454
-464
-465
-473
-483
-490
-494
-488
-462
-424
-395
-367
-332
-298
-267
-231
-192
-158
-120
-69
-10
28
36
30
36
36
30
34
54
66
71
68
52
39
41
59
77
90
89
104
137
169
192
196
187
189
210
245
287
327
340
322
314
320
330
335
328
333
347
330
275
222
202
197
182
150
92
8
-98
-182
-217
-254
-320
-387
-434
-476
-521
-576
-618
-635
-631
-625
-626
-636
-642
-639
-628
-612
-589
-561
-527
-483
-433
-378
-326
-286
-245
-190
-131
-76
-38
14
76
132
172
212
266
323
368
401
429
446
467
497
541
572
586
593
598
603
600
596
605
614
610
602
596
585
565
546
513
454
397
357
330
278
226
195
157
87
9
-34
-59
-116
-176
-206
-216
-229
-229
-209
-187
-188
-207
-201
-165
-117
-76
-26
29
68
102
132
168
211
268
325
356
354
356
362
359
333
290
259
225
181
139
89
30
-44
-117
-174
-228
-288
-350
-403
-461
-519
-567
-599
-621
-641
-657
-673
-678
-687
-683
-664
-644
-649
-653
-634
-609
-597
-584
-572
-568
-569
-553
-519
-487
-473
-466
-439
-389
-345
-327
-323
-332
-342
-330
-279
-221
-194
-186
-171
-143
-126
-104
-56
19
94
146
192
240
286
329
396
467
506
538
583
638
693
720
721
722
728
751
765
759
749
733
712
693
667
629
592
563
549
522
466
406
370
347
310
269
250
222
178
157
164
162
133
109
99
107
108
100
100
107
122
125
116
101
99
101
86
70
50
32
6
-14
-21
-28
-50
-74
-81
-76
-75
-89
-96
-100
-98
-91
-85
-77
-88
-113
-134
-151
-155
-163
-179
-198
-226
-238
-245
-278
-311
-337
-371
-400
-426
-440
-457
-486
-502
-507
-522
-549
-574
-579
-579
-592
-611
-622
-623
-617
-598
-573
-548
-523
-511
-500
-460
-406
-367
-336
-308
-261
-217
-189
-163
-128
-83
-39
-7
27
67
93
118
152
197
227
251
277
304
322
335
360
385
405
409
408
414
424
434
447
448
441
448
457
455
450
440
419
417
408
383
363
346
344
341
329
310
278
259
240
224
208
184
175
171
169
174
169
150
128
115
110
104
90
77
71
64
51
41
40
40
45
51
57
60
47
32
20
22
15
-2
-17
-22
-20
-21
-37
-49
-66
-86
-85
-77
-79
-100
-113
-114
-113
-118
-126
-120
-127
-146
-154
-146
-148
-163
-178
-188
-191
-197
-202
-211
-222
-238
-257
-266
-279
-295
-313
-322
-334
-332
-324
-318
-312
-309
-304
-312
-314
-306
-273
-242
-214
-191
-164
-134
-113
-91
-65
-30
-13
1
37
80
107
117
122
125
119
117
120
137
137
123
108
93
67
29
7
6
7
-8
-29
-42
-46
-57
-65
-58
-29
-6
-4
-5
-1
12
24
51
83
98
93
100
130
157
179
200
221
234
250
265
289
313
318
320
318
322
326
324
320
316
317
303
275
251
237
225
210
187
169
153
129
113
88
62
35
-3
-25
-38
-52
-68
-108
-153
-185
-210
-227
-249
-263
-285
-315
-326
-320
-319
-327
-343
-354
-356
-357
-345
-327
-322
-318
-295
-266
-232
-194
-160
-119
-77
-34
16
67
111
150
185
211
255
303
356
390
402
409
409
412
411
424
440
439
427
412
397
359
317
279
253
219
160
111
77
28
-39
-110
-166
-217
-276
-321
-348
-380
-428
-475
-509
-533
-563
-579
-572
-558
-551
-549
-542
-535
-519
-498
-470
-428
-387
-348
-312
-276
-236
-189
-143
-95
-48
-10
19
59
103
142
172
203
227
255
296
334
366
397
425
435
445
453
475
511
532
531
518
507
486
468
461
454
422
381
350
310
259
204
162
122
74
13
-42
-88
-140
-189
-231
-257
-280
-320
-348
-369
-389
-398
-392
-374
-358
-350
-342
-315
-280
-261
-233
-194
-172
-162
-143
-110
-58
-6
28
60
66
59
71
98
149
190
211
222
213
208
201
198
200
200
195
183
166
150
132
108
80
43
19
2
-8
-15
-27
-50
-76
-108
-126
-133
-132
-131
-139
-139
-147
-170
-191
-199
-205
-190
-178
-169
-159
-156
-158
-161
-141
-125
-113
-90
-57
-29
-15
2
29
42
40
54
77
107
136
163
184
186
183
182
191
212
239
258
256
240
220
199
175
158
158
158
165
158
149
128
97
81
72
73
75
71
70
62
49
38
27
21
18
11
1
-6
-6
-13
-30
-45
-58
-77
-91
-90
-93
-119
-149
-168
-184
-210
-225
-210
-195
-203
-224
-234
-234
-245
-259
-256
-239
-222
-216
-205
-193
-184
-186
-185
-177
-163
-135
-112
-100
-91
-84
-78
-73
-76
-68
-53
-42
-32
-29
-17
-14
-22
-12
-2
-2
-1
-1
15
40
47
48
53
65
76
92
123
153
164
177
197
217
220
217
223
252
272
278
283
282
270
245
242
248
244
234
221
195
163
136
117
95
66
32
7
-12
-31
-42
-59
-91
-110
-111
-105
-98
-103
-93
-85
-97
-107
-97
-76
-56
-41
-24
-12
-11
-1
3
15
32
51
74
88
94
99
103
97
86
90
98
97
96
101
111
106
88
74
70
74
81
89
85
88
87
81
72
69
76
67
50
46
48
28
-1
-22
-42
-67
-94
-107
-114
-135
-166
-193
-225
-260
-295
-307
-308
-311
-325
-347
-373
-406
-434
-430
-403
-381
-373
-364
-345
-328
-319
-311
-289
-257
-234
-200
-152
-113
-85
-63
-37
-8
12
30
64
91
108
112
116
121
118
126
146
149
138
122
125
131
133
135
141
142
138
137
137
140
132
126
119
120
126
132
143
143
140
140
142
140
144
154
157
160
159
165
166
160
152
157
167
155
139
125
121
116
117
102
94
92
82
82
75
72
69
71
85
104
115
114
125
143
160
170
184
200
215
219
231
239
237
238
237
245
248
247
242
226
206
181
157
136
100
68
44
18
-13
-43
-66
-97
-138
-186
-221
-249
-287
-329
-356
-374
-394
-410
-423
-437
-456
-471
-478
-478
-481
-485
-487
-491
-500
-504
-497
-483
-476
-472
-457
-444
-437
-436
-414
-382
-355
-321
-291
-265
-240
-209
-172
-142
-116
-86
-44
-3
37
71
105
137
167
190
213
245
280
315
347
354
360
368
367
369
366
364
354
335
327
318
304
290
270
250
238
232
233
236
223
201
181
183
183
175
168
160
167
170
168
155
151
150
144
139
139
131
112
107
104
95
90
83
80
79
69
71
71
66
63
63
61
53
50
67
75
70
55
40
32
25
18
15
12
2
-5
-6
-7
-13
-25
-40
-53
-74
-103
-125
-134
-142
-160
-185
-205
-222
-239
-246
-247
-251
-255
-272
-277
-277
-280
-284
-289
-290
-292
-288
-288
-280
-264
-247
-240
-228
-206
-191
-181
-167
-144
-117
-106
-91
-70
-45
-27
-7
29
54
56
51
59
76
89
100
121
135
137
141
148
158
163
176
186
187
191
182
181
183
181
182
183
179
175
165
152
142
135
124
101
88
82
74
53
29
11
-1
-15
-24
-23
-30
-44
-59
-68
-72
-79
-86
-91
-92
-89
-86
-82
-76
-72
-68
-61
-47
-31
-15
-3
-1
-2
5
20
29
26
27
30
30
30
27
28
27
24
12
4
0
-6
-9
-14
-17
-21
-18
-20
-19
-21
-22
-36
-45
-43
-40
-32
-23
-16
-9
-9
-16
-17
-15
-9
1
3
6
3
-3
-7
-2
10
15
20
19
25
24
24
29
23
24
34
44
61
72
72
74
79
86
93
105
115
128
143
151
158
153
148
148
151
151
144
136
129
116
99
84
65
49
34
16
9
9
5
-14
-32
-51
-73
-92
-105
-111
-114
-114
-126
-134
-144
-160
-163
-164
-161
-149
-143
-138
-133
-132
-128
-129
-126
-117
-103
-79
-67
-80
-90
-99
-102
-103
-100
-93
-93
-98
-98
-93
-94
-102
-105
-104
-104
-112
-120
-119
-116
-120
-124
-127
-129
-116
-107
-102
-93
-83
-68
-54
-41
-21
-4
3
6
12
27
36
50
74
92
106
106
102
112
118
121
130
145
149
148
149
151
154
153
149
150
159
168
181
184
179
175
168
169
170
169
173
167
168
172
160
155
150
145
144
140
139
135
131
125
125
125
117
109
103
103
86
75
67
51
52
49
40
25
8
4
-2
-7
-14
-29
-44
-56
-59
-58
-67
-88
-106
-119
-126
-129
-130
-129
-140
-149
-154
-154
-157
-162
-162
-160
-158
-154
-150
-149
-145
-149
-154
-152
-147
-139
-135
-133
-127
-126
-131
-132
-132
-131
-131
-133
-130
-127
-122
-117
-112
-114
-118
-115
-122
-123
-117
-122
-131
-136
-134
-130
-131
-134
-127
-115
-106
-96
-83
-76
-66
-55
-34
-14
2
13
21
35
51
71
93
108
123
145
165
177
192
218
237
245
253
270
286
297
301
307
311
314
315
312
318
319
309
290
278
277
278
277
271
261
243
215
193
182
165
138
113
92
66
43
22
-6
-38
-81
-116
-140
-161
-182
-200
-213
-237
-260
-277
-293
-295
-302
-316
-316
-312
-301
-290
-275
-258
-241
-224
-203
-184
-160
-134
-121
-104
-87
-67
-38
-10
10
17
30
45
61
80
88
90
95
91
86
92
88
86
85
78
61
49
34
25
18
9
-3
-23
-29
-24
-22
-28
-32
-35
-28
-25
-23
-17
-11
-9
-15
-18
-23
-21
-16
-10
-3
4
6
8
13
9
9
4
-2
7
23
34
46
43
39
42
47
58
60
64
72
82
85
85
84
93
102
109
108
111
114
108
109
110
107
99
94
88
81
75
62
50
29
12
-4
-15
-27
-30
-43
-67
-93
-109
-120
-133
-135
-138
-143
-152
-163
-171
-181
-185
-183
-182
-179
-178
-183
-177
-169
-170
-169
-163
-161
-151
-133
-120
-111
-99
-82
-66
-52
-45
-34
-20
-5
10
22
36
52
63
72
80
94
108
120
132
141
150
158
162
169
179
179
177
176
175
175
176
179
177
170
164
163
168
163
146
131
121
110
109
112
117
111
97
89
82
76
73
75
74
71
75
78
74
72
67
60
51
44
41
34
24
22
23
3
-11
-25
-41
-54
-70
-92
-114
-129
-144
-154
-166
-187
-208
-236
-258
-270
-268
-270
-275
-270
-269
-269
-279
-279
-270
-259
-245
-228
-205
-183
-158
-140
-128
-116
-95
-68
-37
-10
15
33
45
57
72
84
91
98
107
118
124
129
131
132
131
128
115
104
94
88
87
88
82
62
45
33
28
15
4
-3
-18
-30
-42
-43
-47
-44
-43
-40
-42
-53
-59
-53
-38
-35
-32
-35
-33
-25
-12
4
17
25
26
34
47
69
88
108
126
134
142
147
160
172
177
185
194
205
215
220
215
212
208
213
212
208
208
201
195
186
170
155
142
130
121
110
105
98
78
58
35
3
-19
-31
-45
-53
-68
-84
-101
-122
-138
-150
-157
-165
-178
-189
-200
-208
-213
-222
-232
-245
-245
-240
-238
-232
-229
-234
-234
-230
-224
-211
-201
-187
-175
-162
-152
-144
-130
-122
-119
-118
-107
-89
-78
-75
-72
-68
-59
-54
-46
-21
-20
-23
-8
-1
5
17
15
14
17
15
18
22
25
30
38
47
60
64
68
65
63
68
68
67
70
88
98
95
95
96
102
107
117
123
125
122
122
120
122
121
118
123
128
130
135
145
150
159
163
162
160
155
158
160
158
161
161
160
159
156
144
140
138
138
132
119
105
89
72
70
70
54
37
28
15
1
-17
-27
-21
-23
-41
-60
-74
-88
-105
-119
-126
-137
-153
-167
-164
-160
-161
-167
-181
-193
-194
-185
-179
-175
-184
-193
-198
-191
-179
-169
-171
-182
-180
-179
-174
-168
-158
-150
-153
-153
-151
-147
-145
-153
-149
-140
-134
-128
-122
-109
-99
-91
-83
-69
-58
-43
-38
-30
-16
5
26
32
44
52
63
71
94
119
139
146
145
155
167
177
183
191
197
202
205
204
210
213
217
221
222
218
217
212
204
197
192
193
191
185
186
185
177
166
157
145
133
132
128
117
106
89
75
68
56
41
25
10
-14
-36
-49
-61
-71
-88
-93
-97
-106
-120
-138
-146
-156
-162
-168
-174
-174
-169
-165
-167
-166
-166
-166
-163
-164
-163
-160
-151
-148
-140
-129
-128
-130
-135
-134
-132
-126
-124
-122
-120
-113
-107
-102
-103
-102
-98
-92
-81
-70
-60
-54
-45
-35
-24
-20
-12
3
12
29
39
47
64
71
78
77
77
77
79
93
102
114
116
118
115
110
112
113
108
101
98
98
103
108
115
117
113
104
98
100
101
100
105
108
106
105
101
97
95
96
97
94
86
84
85
79
75
73
71
71
67
62
54
41
31
24
21
22
15
6
-7
-12
-16
-22
-30
-47
-49
-55
-67
-79
-95
-102
-111
-112
-116
-119
-118
-121
-120
-128
-132
-131
-133
-134
-133
-130
-124
-126
-125
-123
-131
-133
-137
-129
-124
-119
-112
-107
-107
-102
-94
-86
-75
-76
-69
-59
-44
-37
-26
-11
-7
-4
1
5
6
10
7
15
21
29
35
42
51
53
49
48
54
60
60
57
60
53
53
59
65
68
65
67
71
72
70
76
80
80
88
93
108
120
118
114
111
111
108
113
115
115
122
125
124
110
111
122
130
129
125
124
121
121
113
105
94
88
84
76
70
65
62
48
38
30
14
-7
-25
-39
-49
-57
-61
-59
-65
-73
-90
-102
-113
-126
-132
-140
-139
-140
-153
-163
-167
-176
-182
-188
-194
-192
-194
-195
-193
-194
-193
-185
-184
-172
-163
-159
-149
-137
-124
-111
-103
-90
-76
-69
-56
-43
-29
-13
-4
8
18
19
19
26
41
53
60
60
66
74
77
79
77
78
78
77
83
87
88
87
82
78
80
83
85
93
98
103
96
86
87
80
84
91
91
84
78
76
71
63
51
48
47
46
42
40
40
40
45
47
43
41
40
41
50
57
55
52
51
48
49
54
51
52
46
38
40
45
54
61
68
58
44
32
30
32
32
30
23
15
8
4
-2
-9
-25
-39
-53
-53
-45
-42
-41
-54
-69
-85
-101
-104
-112
-117
-117
-118
-124
-133
-131
-128
-130
-133
-135
-138
-147
-153
-154
-156
-157
-155
-150
-142
-136
-128
-117
-109
-98
-93
-87
-73
-63
-57
-56
-46
-33
-23
-11
3
16
16
25
33
42
50
53
67
74
81
91
99
102
105
105
107
110
117
125
125
132
140
152
149
145
143
137
137
143
150
148
143
139
141
138
134
126
115
108
95
80
65
49
41
33
20
6
-9
-21
-33
-43
-50
-62
-79
-85
-86
-83
-90
-112
-120
-124
-129
-130
-133
-129
-121
-116
-106
-102
-98
-91
-84
-79
-75
-78
-71
-58
-42
-29
-22
-14
-9
-7
-10
-1
1
0
7
17
22
31
35
28
29
34
45
45
44
39
27
26
31
29
27
22
16
19
25
30
37
30
20
9
3
9
15
26
24
18
16
11
15
19
12
1
-5
-15
-18
-14
-13
-11
-11
-8
-7
-10
-6
-10
-8
-5
-5
-9
-17
-18
-14
-5
-1
4
11
11
6
5
1
-1
2
4
6
11
16
16
16
13
12
11
9
9
4
3
4
4
11
15
20
27
27
25
17
10
1
-9
-10
-16
-13
-10
-15
-20
-27
-29
-28
-31
-41
-47
-53
-52
-48
-48
-45
-42
-48
-49
-47
-47
-44
-42
-42
-47
-52
-56
-50
-46
-43
-38
-32
-24
-15
-6
2
7
8
9
11
20
28
29
31
39
43
47
54
62
69
63
65
69
78
82
85
95
97
104
98
92
92
90
77
68
65
60
58
58
53
39
37
37
29
15
13
5
-9
-15
-25
-26
-30
-31
-39
-40
-42
-50
-43
-56
-64
-65
-60
-60
-60
-62
-70
-69
-74
-68
-58
-55
-52
-51
-43
-40
-36
-27
-18
-10
-6
2
6
15
20
21
18
15
19
25
36
42
46
49
52
47
39
29
28
32
32
28
19
10
1
-8
-14
-21
-18
-16
-18
-25
-36
-43
-54
-55
-49
-49
-56
-67
-75
-80
-84
-81
-80
-76
-76
-74
-73
-71
-78
-87
-76
-71
-64
-57
-44
-30
-23
-22
-19
-7
1
5
12
27
41
50
62
82
92
96
95
96
104
109
113
116
118
121
123
118
116
116
115
107
100
99
99
94
83
78
74
69
58
41
29
21
17
12
13
6
-2
-7
-23
-25
-36
-48
-57
-62
-61
-66
-65
-59
-55
-51
-54
-63
-67
-69
-71
-63
-54
-42
-38
-38
-38
-38
-33
-23
-16
-12
-14
-14
-4
2
8
11
8
11
7
3
3
6
10
14
14
11
9
-1
-10
-14
-19
-24
-27
-35
-48
-60
-62
-59
-53
-53
-56
-66
-84
-90
-92
-87
-73
-64
-61
-61
-59
-56
-53
-50
-52
-45
-31
-16
-5
3
11
19
19
16
20
30
46
55
60
62
66
78
87
97
105
105
107
105
108
107
108
112
113
119
118
116
120
115
106
93
84
79
78
74
67
68
63
48
35
29
16
3
-7
-12
-12
-15
-22
-30
-31
-45
-58
-69
-80
-88
-95
-105
-105
-102
-99
-99
-98
-101
-102
-91
-82
-73
-69
-74
-74
-79
-73
-62
-60
-58
-60
-56
-50
-42
-42
-39
-36
-36
-37
-31
-26
-23
-26
-25
-24
-30
-23
-15
-7
-9
-18
-14
-12
-5
-1
5
14
15
18
21
21
23
20
16
12
13
23
32
35
41
43
42
44
52
60
63
62
64
66
66
67
71
76
79
85
89
89
94
95
88
81
75
74
74
74
80
80
80
76
68
60
55
47
49
45
45
49
41
43
36
22
15
3
0
-5
-15
-17
-26
-31
-37
-38
-41
-51
-73
-94
-101
-104
-103
-99
-91
-91
-96
-97
-96
-98
-95
-103
-106
-110
-110
-102
-97
-92
-89
-80
-77
-80
-80
-74
-76
-75
-64
-58
-52
-57
-56
-46
-45
-36
-30
-24
-16
-13
-11
-8
-1
4
8
8
10
14
26
33
41
47
44
43
43
45
45
49
46
40
35
36
46
47
47
48
46
34
28
27
28
35
31
35
42
47
55
62
61
56
51
49
53
58
63
61
65
67
73
87
91
88
91
87
83
89
94
91
87
87
84
75
70
67
62
53
46
44
41
40
31
18
2
-6
-12
-16
-22
-33
-36
-44
-47
-51
-56
-64
-77
-82
-90
-100
-103
-98
-99
-105
-108
-107
-105
-99
-104
-109
-113
-115
-121
-119
-105
-100
-91
-91
-87
-82
-80
-73
-69
-67
-62
-53
-35
-21
-17
-12
-5
1
3
6
7
14
20
23
24
29
32
38
36
28
29
24
24
23
24
21
21
20
23
28
23
22
25
23
15
9
3
-6
-7
-3
-1
2
8
12
8
5
7
12
21
29
43
54
59
66
68
71
75
83
88
88
87
88
89
90
91
87
83
78
74
72
69
66
62
60
60
54
55
46
45
43
38
34
23
15
6
3
-5
-16
-23
-25
-26
-32
-46
-54
-58
-62
-68
-71
-76
-83
-89
-86
-80
-82
-88
-90
-89
-87
-87
-85
-79
-80
-75
-67
-61
-60
-61
-55
-55
-48
-46
-45
-38
-31
-28
-28
-20
-12
-15
-14
-15
-10
-7
-2
0
-3
-2
-10
-14
-11
-16
-6
3
2
2
1
5
15
12
5
-6
-14
-11
-6
-1
6
9
13
11
9
10
13
17
14
17
23
24
26
30
36
37
40
45
64
75
70
69
65
67
73
73
77
85
87
87
88
93
96
99
107
103
99
98
96
96
100
102
93
83
81
84
78
63
50
37
22
6
-8
-20
-29
-36
-47
-53
-61
-62
-66
-76
-101
-109
-114
-119
-125
-138
-144
-148
-148
-148
-143
-144
-143
-141
-133
-122
-115
-112
-111
-108
-105
-100
-90
-88
-89
-84
-77
-72
-63
-50
-37
-26
-22
-17
-14
-10
3
11
19
22
20
21
22
27
37
41
37
31
40
49
60
63
56
61
65
73
83
80
72
67
68
79
81
76
76
76
74
78
82
86
84
81
76
75
70
55
54
54
55
53
50
57
59
52
47
44
38
36
35
35
34
28
20
22
31
30
31
26
19
17
12
15
16
13
11
8
5
-4
-9
-7
-7
-13
-22
-26
-25
-26
-31
-38
-41
-46
-49
-47
-49
-55
-63
-71
-72
-73
-69
-68
-65
-75
-81
-78
-75
-73
-72
-63
-69
-76
-71
-66
-67
-68
-66
-61
-62
-65
-60
-57
-57
-59
-55
-45
-53
-54
-43
-37
-41
-46
-44
-33
-17
-13
-9
-5
-4
0
4
2
0
-1
-2
7
10
13
14
18
26
28
32
36
35
33
31
33
33
34
38
45
50
55
59
60
64
66
70
76
81
88
97
99
108
109
105
99
90
96
101
85
76
79
80
85
75
69
74
66
56
60
67
59
49
41
33
29
23
17
11
7
0
-7
-14
-14
-11
-20
-34
-47
-51
-49
-50
-51
-55
-61
-63
-66
-67
-71
-79
-87
-92
-94
-95
-95
-93
-90
-89
-88
-89
-84
-84
-86
-85
-88
-85
-75
-64
-53
-55
-57
-55
-44
-33
-23
-19
-25
-30
-32
-24
-19
-8
9
21
30
26
29
35
32
26
26
21
22
16
16
21
16
20
20
22
25
25
19
23
33
37
41
36
26
19
16
15
11
15
16
20
25
20
21
20
17
16
21
28
32
39
41
42
45
44
42
40
46
54
53
51
53
50
50
47
38
36
32
32
36
35
38
43
41
38
34
26
16
15
19
19
16
8
5
3
-5
-8
-13
-19
-27
-32
-34
-32
-37
-42
-51
-67
-75
-83
-82
-83
-85
-85
-82
-84
-91
-95
-99
-99
-101
-95
-86
-79
-80
-75
-68
-60
-62
-59
-57
-59
-52
-53
-48
-36
-26
-15
-12
-6
-1
4
12
20
29
39
49
56
64
70
73
80
81
78
80
80
83
89
88
88
90
90
93
98
98
94
98
100
91
80
72
67
64
59
53
53
51
48
47
48
42
33
28
25
26
21
17
21
18
14
7
-3
-17
-28
-30
-26
-30
-40
-48
-60
-57
-57
-59
-57
-62
-66
-68
-70
-69
-72
-82
-85
-82
-80
-76
-69
-70
-72
-67
-70
-67
-63
-58
-46
-46
-47
-53
-52
-47
-55
-57
-56
-60
-57
-51
-46
-39
-33
-34
-37
-29
-19
-13
-8
-18
-23
-27
-13
7
14
20
16
16
18
25
27
26
30
33
36
45
54
56
63
68
72
75
76
74
70
70
70
64
64
62
66
67
65
67
72
73
70
70
64
59
57
57
58
53
40
28
26
29
30
30
27
17
17
13
11
14
12
10
7
12
11
9
6
-6
-12
-23
-20
-14
-16
-18
-18
-17
-17
-15
-22
-33
-46
-45
-41
-39
-35
-39
-34
-43
-54
-57
-58
-54
-55
-56
-54
-66
-65
-64
-58
-57
-62
-52
-45
-38
-35
-31
-30
-42
-56
-61
-60
-54
-50
-47
-37
-29
-24
-24
-22
-18
-23
-26
-17
-14
-6
1
5
13
14
15
19
24
29
37
46
49
55
51
49
53
45
42
40
50
63
68
74
71
68
73
70
60
53
49
48
52
48
47
46
50
45
33
29
23
16
20
20
12
5
-1
3
1
-9
-19
-25
-29
-30
-30
-33
-37
-44
-44
-41
-44
-46
-48
-53
-58
-63
-59
-51
-46
-46
-50
-47
-44
-39
-36
-30
-26
-26
-24
-24
-24
-20
-13
-10
-3
-2
0
16
24
28
25
16
16
14
19
24
28
26
25
29
30
29
27
22
14
11
9
8
7
13
7
7
5
3
-1
-7
-5
-11
-12
-8
3
4
4
10
13
19
14
23
29
27
18
14
16
15
18
11
16
18
21
24
25
25
18
18
22
25
24
27
31
32
32
32
31
32
23
12
6
3
7
11
19
19
21
14
5
-2
-3
-5
-7
-9
-20
-23
-25
-28
-28
-30
-39
-46
-47
-43
-34
-38
-37
-37
-35
-39
-45
-44
-52
-60
-65
-59
-49
-49
-43
-42
-44
-40
-44
-40
-33
-40
-41
-41
-41
-41
-36
-29
-26
-24
-22
-23
-26
-25
-23
-21
-17
-10
-5
3
3
-2
-1
-2
3
9
14
21
24
26
19
23
33
31
35
33
35
36
33
30
33
33
31
28
24
23
30
34
36
42
41
44
43
48
60
63
69
70
72
73
75
70
68
71
72
75
72
71
65
61
61
61
63
57
49
38
28
23
19
15
10
6
6
13
17
18
9
-2
-11
-20
-18
-17
-20
-25
-39
-52
-56
-60
-69
-73
-76
-82
-81
-81
-79
-83
-85
-84
-88
-88
-89
-78
-69
-65
-70
-71
-69
-73
-70
-62
-52
-49
-43
-30
-19
-17
-19
-26
-34
-36
-36
-26
-24
-21
-28
-23
-14
-14
-12
-18
-8
-2
6
13
13
16
13
8
10
12
19
25
26
25
30
30
29
30
26
25
22
23
24
26
30
32
28
27
29
32
35
37
41
30
29
39
41
36
39
39
43
54
55
60
67
62
55
53
48
38
43
62
69
62
50
44
50
40
28
27
24
20
18
17
17
11
9
12
16
9
-3
-11
-14
-14
-14
-20
-27
-30
-30
-35
-46
-44
-49
-49
-53
-56
-59
-56
-56
-54
-51
-54
-54
-63
-69
-70
-67
-54
-41
-38
-42
-49
-46
-46
-50
-47
-50
-50
-40
-29
-22
-20
-26
-34
-33
-25
-13
-5
6
8
-1
-2
2
6
8
8
14
24
25
17
23
30
22
19
27
34
32
33
39
41
46
50
46
50
57
59
61
61
59
59
63
68
71
72
66
64
62
60
49
40
42
37
37
36
29
22
16
9
2
-3
-5
-17
-24
-27
-28
-23
-25
-30
-44
-51
-51
-54
-49
-55
-53
-50
-56
-53
-50
-51
-58
-60
-59
-59
-54
-47
-41
-41
-43
-49
-48
-37
-30
-29
-25
-22
-14
-12
-13
-14
-16
-21
-16
-6
-1
-6
-4
-3
-7
-3
-2
11
10
5
5
4
6
9
15
13
14
12
8
9
11
12
10
5
6
2
8
9
8
15
17
17
10
6
13
15
14
17
20
26
34
39
39
34
31
24
22
28
39
40
39
41
45
44
42
40
37
39
44
50
52
53
50
45
35
31
26
29
30
28
33
37
38
38
38
23
11
3
0
2
0
1
-2
-9
-12
-14
-10
-11
-18
-25
-35
-41
-35
-38
-40
-41
-53
-53
-53
-53
-58
-56
-54
-52
-52
-48
-41
-39
-42
-54
-63
-66
-55
-54
-52
-49
-49
-47
-41
-39
-43
-45
-46
-43
-41
-38
-35
-32
-28
-16
-8
-11
-17
-17
-14
-9
-4
-6
5
9
7
8
4
1
0
-1
4
2
-4
-4
-4
0
5
11
10
11
13
14
22
26
33
30
29
25
30
39
37
40
46
49
53
57
50
49
51
51
43
44
47
47
55
56
55
55
44
39
40
40
40
37
45
50
53
46
44
40
41
39
35
39
33
32
24
27
20
12
13
4
-1
3
5
-1
-4
-1
-2
-8
-11
-19
-20
-16
-19
-27
-37
-41
-49
-48
-45
-48
-51
-54
-51
-58
-66
-67
-61
-57
-55
-53
-48
-46
-51
-54
-57
-53
-50
-47
-41
-37
-35
-31
-27
-28
-31
-35
-33
-35
-34
-33
-28
-23
-21
-19
-22
-24
-22
-17
-16
-8
-1
-2
0
3
6
5
1
5
9
9
11
18
23
23
20
14
24
31
32
30
29
29
32
43
45
45
48
52
58
60
56
50
42
35
35
39
45
48
45
33
29
30
27
29
25
21
25
27
27
26
20
17
9
-5
-9
-10
-9
-11
-10
-8
-8
-4
0
2
-1
-1
-2
1
-7
-10
-13
-15
-24
-30
-30
-26
-23
-25
-21
-22
-19
-20
-21
-24
-25
-27
-25
-22
-30
-34
-33
-30
-25
-22
-26
-26
-23
-24
-22
-22
-22
-16
-6
-5
-8
-8
-3
-3
-1
3
2
5
14
18
22
14
6
4
-5
-11
-10
-6
2
5
1
3
7
19
25
21
17
10
7
11
16
14
12
5
0
0
2
9
9
8
8
9
10
11
12
17
19
26
34
36
41
37
34
32
32
31
30
29
30
29
26
22
20
18
15
18
14
6
-1
-3
-2
-1
-1
-6
-17
-19
-26
-27
-24
-21
-20
-20
-15
-9
-5
-10
-19
-28
-35
-41
-47
-51
-48
-43
-43
-38
-35
-34
-32
-36
-40
-49
-51
-48
-46
-41
-48
-51
-54
-48
-43
-34
-29
-31
-25
-19
-12
0
0
-1
0
-2
3
8
12
21
26
31
34
35
46
51
51
47
42
38
34
33
31
32
29
34
42
43
42
43
37
31
38
38
35
28
32
33
30
28
22
19
4
-1
1
8
14
15
13
9
6
-3
-10
-7
-7
-14
-15
-9
-4
3
7
12
6
-4
-9
-8
2
7
5
6
6
12
16
14
12
10
11
6
9
8
7
10
1
-4
-10
-13
-13
-13
-13
-10
-6
-8
-2
-4
-15
-17
-22
-23
-24
-21
-21
-12
-1
0
-2
-8
-16
-21
-20
-19
-20
-15
-12
-15
-16
-23
-35
-37
-33
-27
-27
-33
-33
-27
-23
-28
-28
-28
-35
-39
-38
-32
-28
-19
-15
-17
-24
-28
-19
-18
-12
-7
-6
5
6
8
8
8
7
-1
0
2
5
7
11
12
8
7
17
22
19
19
19
18
12
7
12
19
19
16
22
26
19
15
12
12
18
23
33
36
27
18
14
14
17
14
13
9
12
23
31
35
31
30
28
29
34
36
35
27
29
32
32
32
30
33
34
31
26
26
18
8
4
0
4
7
7
9
16
12
-1
-10
-12
-18
-18
-4
-5
-11
-18
-24
-24
-33
-43
-39
-36
-30
-14
-7
-5
-12
-24
-30
-39
-45
-42
-36
-32
-29
-22
-20
-23
-29
-35
-38
-37
-32
-20
-9
-10
-11
-14
-19
-23
-20
-17
-16
-14
-13
-10
-5
4
9
10
8
-2
-14
-22
-17
-9
-9
-11
-14
-14
-10
-3
1
-2
-3
-4
3
4
2
10
6
-10
-3
7
13
18
15
16
18
17
12
17
22
18
7
5
7
8
8
15
23
27
32
30
27
28
27
22
20
15
9
11
14
16
13
9
11
15
17
9
0
2
8
8
9
6
-1
-9
-9
-7
-7
-1
-4
-7
-5
-7
-9
-9
-9
-8
-5
-10
-12
-11
-7
0
-4
-9
-5
-2
3
7
8
8
8
7
11
16
14
16
11
6
10
18
23
22
19
13
11
16
18
10
2
-1
2
15
19
9
2
-5
-2
-5
-4
1
-5
-8
-11
-10
-8
-5
-1
-5
-14
-17
-11
-15
-12
-16
-18
-16
-26
-25
-19
-23
-28
-33
-34
-28
-28
-16
-16
-19
-19
-19
-13
-10
-6
0
1
-5
-11
-9
-8
-1
1
6
0
2
9
7
9
2
-8
-17
-22
-25
-27
-24
-15
-9
-2
4
-4
-8
-15
-16
-12
-16
-21
-22
-19
-16
-13
-9
-4
-4
-5
0
8
19
17
31
35
17
18
14
18
27
27
28
20
24
25
26
33
39
35
29
26
26
29
33
41
42
46
43
42
48
45
49
43
41
40
34
37
29
20
16
12
3
2
-2
-6
-7
-14
-18
-15
-19
-28
-36
-44
-50
-50
-41
-33
-34
-39
-46
-46
-47
-45
-44
-49
-37
-27
-33
-31
-28
-27
-27
-27
-28
-29
-27
-24
-15
-11
-12
-5
-3
1
3
7
5
6
14
18
17
13
13
14
18
19
30
36
32
31
28
34
29
19
21
20
22
27
30
31
28
22
21
21
17
10
0
0
-3
-1
0
-2
2
-2
-9
-16
-23
-27
-35
-35
-36
-37
-37
-31
-24
-25
-20
-21
-17
-17
-22
-25
-24
-22
-19
-18
-20
-18
-9
-2
4
8
6
9
9
8
7
12
17
13
15
19
21
27
25
17
13
7
6
5
11
15
11
13
12
17
18
12
7
-1
-3
1
9
11
12
9
4
4
-2
-1
5
6
7
7
4
9
13
9
7
4
0
-2
-2
0
11
14
5
-2
-1
2
0
-8
-12
-8
-6
-2
2
1
-3
-7
-4
6
-4
-14
-16
-16
-11
-8
-4
-7
-4
-5
-10
-10
-12
-10
-4
0
-2
2
0
-8
-10
-12
-11
-9
-9
-10
-9
-3
-6
-11
-15
-16
-17
-9
3
2
-1
1
-3
-1
9
6
11
10
9
12
9
14
15
16
14
19
22
24
24
20
18
14
12
10
3
3
10
14
15
17
17
9
3
