23
31
25
23
17
9
4
5
7
6
6
7
6
3
-4
-7
-5
-6
-5
-3
1
0
1
1
5
13
21
24
27
27
21
12
6
0
-13
-20
-21
-20
-15
-7
-1
1
0
-4
-14
-22
-28
-28
-25
-17
-17
-19
-17
-14
-12
-8
4
13
17
16
16
16
22
17
14
14
8
2
-5
-3
-3
-2
-5
-10
-15
-16
-17
-19
-19
-19
-16
-7
-4
-6
-5
-4
-2
-2
3
2
2
8
6
2
-3
-3
-2
3
12
19
25
28
24
16
14
8
2
4
4
6
6
0
-3
-5
-4
-7
-8
-5
-8
-6
0
5
3
-2
-11
-16
-15
-18
-16
-11
-7
-2
8
15
22
24
30
28
28
26
23
21
14
11
14
10
4
6
6
7
4
4
9
11
12
11
12
10
6
8
4
1
-6
-18
-20
-17
-12
-10
-8
-6
-6
-9
-16
-12
-5
-8
-8
-8
-4
-5
-8
-14
-17
-16
-15
-7
-4
0
-3
-9
-9
-8
-6
-5
-3
1
-2
-5
-5
-5
-3
1
-2
-4
-7
-5
-3
-3
2
3
6
8
-2
-7
-14
-19
-18
-13
-4
1
-2
-5
-10
-13
-12
-15
-13
-10
-6
-5
-3
0
-1
1
4
-1
-1
2
2
0
3
4
5
9
14
14
12
8
9
8
9
11
7
8
10
8
9
12
17
12
15
18
15
13
7
5
10
6
4
-1
-6
-5
-9
-13
-10
-8
-6
-4
-6
-5
-10
-12
-13
-8
-3
-3
5
12
16
16
16
18
20
9
2
-2
-4
3
7
12
9
6
7
-1
-1
2
4
11
17
18
13
7
5
4
0
2
-1
-1
1
0
-3
0
1
-2
-5
1
5
3
8
5
4
1
-4
-9
-12
-19
-22
-22
-19
-16
-15
-14
-15
-19
-17
-11
-12
-9
-5
-1
7
11
9
7
5
3
-4
-9
-5
-6
-7
-3
-1
-4
-4
-6
-15
-16
-16
-15
-13
-17
-16
-12
-13
-14
-11
-9
-12
-13
-12
-10
-3
1
4
8
11
14
16
18
20
17
14
12
18
25
23
19
24
22
22
18
18
17
11
7
5
5
0
0
-3
-1
0
1
3
-3
-8
-13
-15
-7
-2
1
2
1
1
-2
-3
-7
-16
-12
-7
-7
-10
-12
-15
-17
-17
-10
-7
-7
-5
-6
-10
-19
-27
-29
-25
-23
-23
-15
-6
3
3
4
7
8
14
19
23
29
39
45
45
43
41
37
30
19
17
20
22
21
19
15
4
-2
-5
-6
5
6
0
4
4
0
-4
-14
-14
-15
-20
-21
-13
-10
-6
-7
-6
2
2
6
4
-1
0
-4
-10
-8
-8
-4
-2
-5
-12
-16
-21
-25
-26
-28
-27
-24
-21
-16
-13
-10
-9
-8
-8
-11
-10
-2
7
12
14
13
11
9
6
12
9
1
10
18
22
19
21
20
12
4
-2
5
7
11
10
12
10
-1
-5
-10
-14
-15
-14
-12
-11
-8
-4
-3
0
0
3
2
1
2
1
2
-1
-3
-2
-5
-3
-4
-6
0
-2
3
5
8
6
2
4
1
0
-1
-8
-14
-18
-18
-15
-17
-10
-11
-20
-23
-28
-26
-24
-19
-11
-4
10
14
5
3
5
1
-4
-3
4
16
18
23
25
29
22
13
13
10
12
22
21
25
31
29
27
19
15
12
10
11
13
17
19
19
21
14
13
8
-3
2
-3
-2
-2
-4
-3
-4
-7
-6
-5
-5
-5
-2
-9
-16
-18
-22
-21
-28
-30
-32
-32
-30
-27
-23
-19
-12
-8
-9
-9
-11
-13
-9
-10
-12
-3
-4
-5
1
-5
-1
0
-4
6
10
16
21
21
27
25
28
24
14
16
14
6
5
8
9
11
1
-3
-1
-6
-2
2
3
4
8
7
1
-3
-4
-7
-13
-12
-11
-13
-13
-15
-16
-8
-5
-6
1
0
3
3
3
7
9
7
6
9
7
3
-2
-1
-9
-13
-5
-4
-12
-8
-8
-8
-7
-13
-15
-12
-15
-21
-14
-18
-17
-14
-15
-11
-5
-3
0
2
3
8
8
12
15
12
7
5
2
1
3
1
3
7
11
13
10
10
10
11
13
15
12
11
7
6
6
11
11
10
14
9
8
8
10
2
8
14
11
19
19
22
17
17
20
17
14
11
7
6
0
-3
-2
-10
-12
-13
-15
-16
-11
-10
-17
-18
-22
-24
-25
-28
-28
-31
-30
-27
-21
-27
-28
-25
-18
-17
-16
2
7
9
18
16
18
19
18
28
25
15
11
7
3
5
7
7
8
6
-2
-4
-9
-13
-14
-15
-7
-2
1
1
-1
4
3
-4
4
9
7
14
14
14
13
13
13
13
13
5
2
7
10
4
0
7
3
0
1
-1
1
-4
-11
-12
-17
-13
-15
-19
-19
-20
-19
-18
-13
-14
-18
-14
-12
-7
6
9
7
-4
-9
-10
-11
-7
-4
-3
-2
4
0
0
-5
-11
-10
-5
-9
-10
-5
-5
-12
-15
-10
-9
1
-3
-5
0
1
4
5
8
13
22
22
34
44
45
40
39
42
36
29
31
25
17
21
20
13
13
11
7
3
10
7
4
3
-5
-8
-11
-15
-16
-15
-17
-19
-19
-11
-9
-10
-9
-11
-10
-6
-14
-16
-15
-20
-10
-10
-9
-9
-12
-15
-14
-5
-4
-3
-6
-15
-22
-23
-21
-15
-14
-16
-15
-15
-10
-2
-2
1
3
-7
-10
0
8
16
25
24
15
14
16
15
14
18
21
20
18
15
10
6
4
5
12
14
10
6
5
0
-3
3
8
5
4
1
2
11
10
7
5
0
-4
-14
-13
-12
-13
-12
-17
-14
-10
-13
-12
-5
-6
-11
-9
-3
-3
-3
-6
-14
-12
-13
-12
-14
-16
-21
-23
-13
-4
-7
-6
-2
-4
-6
0
1
2
10
14
18
27
25
26
28
22
18
18
20
15
10
11
7
4
5
3
3
12
15
22
23
19
15
9
6
5
6
3
3
3
-2
-6
-1
-4
-9
-7
-5
-5
-5
-4
-9
-6
-9
-9
-10
-16
-25
-38
-38
-43
-39
-23
-18
-11
-3
-6
-7
-3
-1
-4
-1
-2
-11
-10
-5
-10
-13
-9
-17
-16
-9
-10
-8
-5
0
-1
-2
1
9
15
12
10
5
5
9
16
17
16
15
9
15
23
28
28
25
25
23
18
20
23
17
13
7
5
7
6
8
4
5
-4
-13
-16
-18
-9
-3
1
4
-3
-7
-13
-17
-13
-4
3
9
12
10
13
12
14
12
4
8
12
11
10
12
14
6
10
7
-4
-9
-11
-8
-3
-4
-12
-15
-20
-18
-10
-8
-11
-15
-11
-13
-11
-9
-12
-7
-6
-4
-4
-1
-2
-8
-8
-4
-1
3
2
-9
-12
-18
-23
-19
-15
-8
-9
-11
-3
-1
1
1
3
10
15
18
21
19
14
20
19
17
10
3
-3
-11
-9
-8
-6
-1
-1
-4
-2
-1
-2
-4
-7
-15
-19
-20
-20
-18
-11
-3
0
-7
-14
-19
-17
-17
-13
-7
-6
-1
-6
-8
-11
-18
-17
-19
-16
-16
-12
-4
5
11
13
13
9
10
20
24
24
24
24
24
19
19
19
20
19
23
30
31
31
34
40
39
31
28
23
26
24
28
34
35
34
22
12
6
2
4
1
2
4
4
2
-3
-4
-10
-12
-11
-10
-6
-6
-9
-9
-10
-15
-16
-16
-17
-13
-11
-13
-6
-4
-7
-13
-15
-19
-22
-18
-20
-23
-25
-27
-36
-39
-47
-55
-56
-54
-49
-36
-29
-29
-26
-26
-27
-20
-9
-9
-9
1
9
11
15
24
26
22
19
18
18
15
8
16
13
10
15
13
16
11
11
14
8
9
16
16
13
9
7
7
5
7
13
14
10
12
17
14
18
21
13
11
14
9
11
12
6
-4
-6
-2
-4
-2
-2
-2
2
0
3
-1
-9
-17
-24
-30
-27
-19
-20
-14
-12
-12
-12
-14
-21
-29
-21
-18
-13
-13
-7
7
10
8
4
7
6
6
12
15
22
21
18
27
30
28
22
17
19
16
17
22
19
17
8
-1
-8
-7
2
6
3
0
4
2
-2
-5
-10
-16
-14
-9
-4
4
8
7
6
6
5
-1
-7
-10
-4
-3
-6
-6
-7
-10
-12
-7
-5
1
5
6
10
-1
-5
-4
-3
1
-5
-13
-14
-16
-13
-9
-6
2
1
-6
-10
-13
-12
-9
-7
-6
8
17
21
23
12
9
8
1
7
9
10
10
9
6
-2
-6
-5
1
-2
-3
-6
-7
-12
-9
-5
-4
-9
-10
-5
-10
-8
-10
-15
-12
-13
-12
-13
-16
-13
-19
-16
-9
-4
1
1
-5
-5
6
4
3
-2
2
3
4
3
2
2
-5
-14
-21
-20
-18
-12
-6
0
-1
-5
-8
-13
-16
-13
-8
-1
6
12
14
11
8
1
2
5
10
12
11
15
13
18
21
17
17
22
25
29
30
28
35
33
30
25
26
22
16
13
11
10
1
-2
-5
-3
0
5
8
13
15
2
0
-5
-10
-12
-12
-2
2
1
-1
-3
-6
-4
-12
-17
-9
-4
-1
-2
4
6
0
-7
-4
-6
-2
-1
-1
4
7
8
8
9
2
2
1
-1
0
-1
1
-3
-5
-2
-6
-12
-15
-18
-14
-10
-12
-8
-9
-5
-3
-7
-5
-10
-12
-21
-22
-25
-21
-12
-7
-1
-1
-7
-13
-17
-27
-28
-24
-16
-8
-13
-15
-13
-11
-9
-9
-6
-11
-15
-18
-15
-12
-15
-14
-8
-6
-5
-8
-4
-1
5
12
10
6
4
2
-3
-8
-6
-2
7
9
9
13
10
6
11
12
13
14
14
15
16
17
11
3
2
0
2
9
18
24
24
20
16
14
18
22
32
46
46
43
44
41
34
24
18
18
15
19
25
27
23
13
4
-11
-15
-14
-12
-8
-6
-9
-11
-15
-18
-14
-17
-19
-14
-6
2
7
4
-1
-3
-4
-5
0
4
5
6
10
13
10
7
-4
-11
-22
-28
-25
-27
-26
-30
-31
-30
-30
-27
-26
-33
-36
-36
-35
-34
-30
-26
-25
-12
-4
3
11
15
18
14
4
3
2
2
5
7
15
27
29
38
39
28
16
13
8
3
10
16
20
27
29
31
28
22
11
6
8
2
3
-6
-19
-30
-34
-34
-30
-22
-21
-18
-19
-16
-16
-14
-14
-14
-15
-19
-22
-27
-30
-34
-37
-31
-32
-26
-23
-23
-19
-16
-19
-18
-9
-9
-6
-2
1
12
15
20
15
13
12
13
23
22
26
24
27
28
26
36
39
35
36
32
25
20
15
6
0
-2
0
4
9
10
14
20
16
10
6
9
8
6
12
9
8
6
2
2
-2
0
4
10
17
26
27
19
11
5
7
1
1
-2
-3
-8
-11
-10
-11
-8
-7
-7
-3
-5
-13
-22
-15
-13
-11
-2
6
16
19
16
13
7
1
-6
-9
-9
-14
-15
-11
-8
1
3
2
-7
-11
-16
-22
-13
-9
-3
4
2
-3
-6
-11
-20
-21
-21
-12
0
9
15
15
10
-3
-11
-15
-16
-18
-15
-9
-3
3
2
2
-7
-19
-25
-22
-17
-7
-6
-8
-4
0
-3
-5
-3
-9
-10
-14
-17
-12
-15
-15
-14
-21
-26
-30
-34
-30
-28
-22
-13
-6
2
8
1
1
4
8
17
28
39
42
34
23
13
14
24
26
25
26
27
21
10
10
5
0
1
2
3
8
6
7
12
14
18
19
22
22
13
5
0
-2
-1
-4
-8
-9
-10
-13
-8
-6
-7
7
14
18
19
17
13
8
7
5
4
4
6
10
14
16
16
24
30
30
23
24
21
16
14
8
2
-9
-14
-29
-38
-34
-23
-22
-22
-19
-24
-22
-18
-16
-10
0
7
7
14
21
26
28
29
23
24
26
27
30
24
21
15
9
7
6
-3
-10
-16
-28
-35
-43
-39
-32
-36
-40
-37
-34
-33
-33
-31
-27
-29
-27
-24
-22
-24
-32
-33
-32
-23
-16
-14
-16
-16
-15
-15
-17
-21
-14
-10
-8
-11
-13
-14
-15
-7
1
6
7
9
9
4
0
2
10
14
6
0
0
3
2
7
22
31
34
38
45
45
38
30
28
26
21
5
3
4
-11
-6
-2
-3
1
-1
0
4
-2
-6
0
-1
1
4
13
16
15
18
17
21
17
15
19
17
20
23
23
26
22
23
24
19
18
15
11
8
6
1
-3
-5
2
4
4
9
8
8
5
1
1
-2
-7
-10
-17
-15
-11
-8
-9
-6
-7
-15
-17
-19
-14
-17
-12
-8
-10
-12
-12
0
-5
-12
-7
5
12
12
13
11
15
7
3
3
-2
-7
-9
-5
-6
-12
-17
-22
-26
-26
-25
-24
-23
-16
-9
-9
-12
-9
-7
2
6
10
8
1
2
-3
-2
-10
-14
-11
-6
1
-2
-9
-11
-12
-15
-14
-12
-15
-14
-14
-18
-18
-17
-16
-15
-12
-13
-7
-2
-4
0
8
3
5
8
9
13
9
8
12
7
-6
-8
-8
-8
-6
-3
4
7
11
7
11
14
18
15
17
18
7
3
0
-1
4
10
7
3
-1
0
2
-2
2
9
14
18
14
17
12
14
7
5
12
13
19
21
24
26
26
21
19
13
10
7
3
12
16
16
19
16
10
4
3
3
-4
-8
-7
-1
2
4
4
6
10
14
20
18
18
16
11
-1
-5
-9
-19
-15
-8
-7
-3
-7
-11
-13
-15
-16
-16
-13
-4
-7
-15
-16
-22
-20
-12
-10
-6
-6
-9
-10
-13
-14
-17
-16
-15
-3
0
-4
-1
-7
-5
-8
-8
-8
-6
-4
-3
3
-3
-7
-15
-26
-37
-33
-30
-24
-15
-6
-7
-15
-13
-20
-23
-20
-12
-2
4
10
13
14
15
5
-8
-8
-2
3
11
12
20
27
15
5
-4
-11
-3
2
9
27
32
26
15
9
4
-3
-4
-7
1
10
10
11
7
2
5
4
2
3
-1
-1
-10
-10
-14
-25
-25
-25
-16
-11
0
16
24
25
14
2
-2
-3
1
4
12
30
38
38
33
34
28
20
17
16
16
23
31
31
28
23
18
10
5
7
4
8
7
10
9
7
0
-9
-11
-12
-6
-1
7
13
5
1
-11
-30
-39
-48
-44
-36
-32
-15
-8
-7
-15
-26
-25
-22
-17
-15
-7
-10
-9
-8
-12
-14
-15
-10
-7
7
20
20
11
7
-3
-18
-21
-23
-22
-18
-11
-7
3
-2
-4
4
3
3
15
20
22
27
28
34
38
28
18
14
7
2
8
11
12
20
15
7
4
0
-2
-5
0
9
17
18
14
4
-12
-22
-27
-20
-17
-13
-8
-17
-21
-19
-23
-29
-25
-18
-17
-14
-10
-7
-4
-6
-3
-4
-3
-1
-3
-5
-7
-7
-10
-9
-5
-5
-11
-13
-14
-17
-16
-13
-12
-4
-1
-1
-6
-12
-18
-26
-23
-16
1
12
22
30
28
31
26
11
11
17
17
25
31
36
28
23
20
17
21
21
18
20
19
19
20
13
5
-9
-15
-20
-23
-14
-6
-1
5
10
13
16
15
16
15
7
7
8
8
7
3
4
7
5
0
-2
0
2
2
7
4
4
3
-3
-12
-11
-12
-16
-20
-18
-15
-11
-6
-7
-5
-2
0
2
3
4
4
-4
-12
-11
-7
-1
0
4
7
7
7
2
-6
-11
-7
-4
11
13
5
0
-10
-16
-19
-14
-6
4
13
18
16
17
12
5
2
3
9
3
-1
2
-7
-12
-11
-11
-13
-7
-8
-7
-12
-20
-21
-26
-26
-26
-20
-21
-21
-24
-24
-31
-31
-25
-23
-18
-19
-21
-26
-22
-23
-23
-11
-2
6
8
2
1
-1
-5
-1
-1
2
10
14
9
6
-1
-6
1
3
3
16
27
33
31
30
21
13
15
12
11
19
21
19
15
11
15
17
19
21
24
23
18
16
18
13
12
14
17
15
19
19
18
19
21
28
30
23
24
19
12
7
2
3
6
6
2
3
2
-1
-4
-6
-6
-8
-1
7
7
2
3
13
10
4
0
-6
-8
-19
-21
-24
-27
-26
-29
-28
-24
-15
-9
-7
-6
-8
-10
-15
-16
-19
-23
-25
-20
-16
-16
-21
-18
-14
-14
-6
-3
4
14
10
7
5
0
-2
-6
-12
-15
-16
-18
-16
-10
-7
-5
-13
-15
-13
-10
-13
-19
-17
-9
-9
-2
7
11
13
7
0
-2
-3
-4
-11
-14
-12
-14
-10
-4
3
1
10
13
13
17
12
9
12
18
15
5
3
6
5
5
1
3
6
5
1
-5
-4
-7
-9
-2
-1
0
5
10
9
9
8
3
-1
-2
3
0
4
15
13
17
24
23
23
22
22
20
17
18
17
23
24
26
22
18
15
12
8
-2
-7
-7
-5
-6
-4
0
0
2
5
6
0
-11
-14
-19
-23
-16
-11
-6
5
6
-5
-1
-1
-12
-13
3
4
7
11
5
6
-2
-13
-11
-3
1
6
9
15
16
4
-3
-3
-7
-10
-17
-21
-20
-11
-6
-5
0
-6
-5
-9
-11
-1
2
8
16
12
8
10
-1
-7
-14
-28
-22
-23
-25
-22
-24
-26
-28
-28
-22
-13
-16
-18
-17
-16
-10
-10
-6
-3
2
5
4
5
1
-2
-2
10
8
-1
4
11
15
12
7
13
17
17
15
22
28
22
13
5
3
5
7
9
22
23
22
13
7
8
4
9
7
0
-3
-8
-21
-17
-15
-16
-10
-8
-4
-1
-6
-18
-17
-15
-8
-2
1
3
5
4
1
-5
-8
-9
-7
-5
-5
2
5
1
-1
-2
-5
-1
-1
2
6
7
9
12
6
0
-6
-8
-3
-3
2
8
7
6
4
0
0
-3
-6
-1
6
11
12
6
8
11
17
17
20
23
25
26
24
33
39
42
47
43
38
27
16
9
8
4
2
0
-1
4
-3
-11
-10
-24
-28
-34
-42
-36
-34
-31
-22
-16
-18
-22
-27
-21
-14
-12
-9
-5
2
-1
-9
-5
-7
-8
-5
-5
-3
2
10
9
3
-2
-6
-6
-7
-8
-3
-3
-6
-4
-8
-9
-7
-10
-9
-4
-3
-6
-10
-15
-20
-23
-23
-27
-28
-29
-32
-29
-30
-22
-20
-16
-12
-21
-24
-21
-18
-15
-3
1
0
2
-3
0
5
10
15
23
35
42
47
49
41
31
24
21
14
19
30
37
42
40
35
31
18
10
15
12
15
18
18
17
17
7
1
-4
-13
-13
-9
1
3
-4
0
-4
-4
-11
-24
-18
-13
-2
9
18
27
30
24
17
8
4
3
2
15
20
17
15
14
9
3
3
0
-1
-3
-8
-8
-11
-7
-2
-1
3
3
2
-2
-4
-7
-14
-8
-12
-10
-10
-16
-17
-28
-28
-22
-23
-17
-8
-5
-9
-9
-8
-12
-14
-17
-20
-23
-34
-44
-40
-35
-36
-30
-27
-22
-15
-17
-14
-15
-11
-3
1
5
3
2
-1
-8
-9
-10
-6
2
10
17
21
22
18
22
25
21
20
20
17
17
19
17
14
11
1
3
8
10
9
3
6
4
2
7
13
16
16
10
2
0
2
-2
-6
-3
-1
7
12
14
15
11
8
7
8
13
17
8
4
2
-4
-9
-11
-4
1
5
12
13
13
5
4
7
2
0
6
10
12
13
7
-2
0
2
-3
-2
-2
-2
0
-8
-7
-10
-13
-18
-24
-26
-29
-35
-33
-30
-32
-27
-21
-11
-1
7
8
11
5
-1
0
-3
4
12
21
25
24
17
6
0
-9
-7
1
7
5
9
13
15
16
4
0
-2
-5
-6
0
4
4
0
0
-5
-6
-3
3
9
14
15
9
9
6
5
12
13
10
4
-1
-8
-5
-3
-10
-8
-10
-10
-6
-6
-8
-15
-20
-24
-22
-14
-14
-8
-10
-11
-7
-7
-8
-10
-7
-7
-11
-6
-4
1
-4
-12
-15
-9
0
-4
1
10
17
15
16
14
9
11
11
13
16
20
12
8
8
5
0
-7
-10
-12
-10
-7
-2
2
-7
-14
-15
-19
-22
-17
-14
-7
2
4
1
-3
-5
-6
-7
-3
5
12
20
28
34
36
32
27
25
22
20
16
19
16
15
8
8
1
-9
-12
-15
-8
-5
-6
-6
1
-4
-4
-5
-9
-7
-7
-9
-12
-14
-12
-12
-5
-5
-9
-5
-3
3
6
8
13
16
18
20
20
21
19
18
23
14
13
21
21
23
14
11
11
7
6
-1
4
4
-1
3
2
-5
-9
-15
-22
-20
-22
-18
-21
-19
-18
-16
-19
-25
-26
-27
-23
-22
-20
-18
-15
-9
-7
-5
-9
-14
-9
-11
-18
-19
-27
-25
-16
-21
-17
-13
-11
-8
0
-1
-2
0
-5
2
8
9
2
-5
-4
-3
4
5
8
12
8
8
6
7
11
17
13
14
13
11
12
12
7
3
9
9
12
9
6
8
6
1
-1
1
2
4
-1
2
8
9
14
16
18
22
23
18
17
17
25
24
18
16
14
15
13
11
10
4
0
0
-6
-3
0
6
13
12
13
11
9
5
3
-4
-7
-9
-10
-9
-11
-18
-24
-26
-26
-29
-25
-15
-7
5
6
5
5
-7
-11
-15
-17
-23
-24
-15
-5
-1
-4
0
-6
-9
-12
-13
-8
-1
6
3
5
3
0
0
-5
-6
-2
3
13
24
20
14
12
5
-1
-1
-4
-1
5
7
8
2
3
2
-8
-15
-18
-14
-11
-9
-5
-7
-10
-11
-15
-17
-17
-25
-26
-21
-19
-15
-14
-19
-21
-19
-19
-13
-8
-2
2
4
17
10
-5
3
9
11
7
7
19
23
17
15
19
21
18
19
22
13
7
1
4
2
-1
3
3
5
6
7
2
-7
-10
-12
-4
0
6
10
9
11
9
8
12
17
16
20
19
17
17
22
21
17
18
19
19
18
17
15
8
-4
-11
-14
-15
-16
-12
-7
-7
-9
-8
-2
0
-2
5
10
3
-5
-4
-4
-11
-15
-22
-16
-13
-15
-14
-11
-5
-8
-2
2
9
10
7
5
3
3
-8
-14
-17
-17
-17
-15
-9
-7
-2
-10
-11
-9
-7
-1
0
10
12
12
10
0
2
0
-2
3
2
0
0
-7
-7
-2
-9
-4
-4
-2
5
7
14
16
17
11
2
-1
-8
-8
-9
-12
-16
-21
-29
-28
-25
-23
-23
-19
-12
-17
-17
-21
-19
-16
-15
-15
-12
-8
-7
1
2
9
13
17
18
22
25
21
21
15
12
10
2
-1
-1
2
12
23
28
31
32
26
21
18
17
15
17
18
15
14
9
3
1
-2
-4
-6
-6
-3
-4
-10
-3
-2
-3
-5
-10
-11
-14
-17
-11
-11
-17
-18
-17
-5
-4
-1
0
4
10
13
18
18
22
23
26
25
18
13
11
10
6
5
1
3
10
10
10
10
6
6
1
-10
-4
1
3
3
2
2
2
5
0
-3
-5
-6
-13
-4
3
-6
-10
-10
-13
-19
-21
-18
-9
-4
0
1
3
3
-9
-14
-12
-20
-25
-19
-13
-18
-25
-27
-27
-28
-27
-27
-20
-8
0
-2
-4
-8
-15
-18
-14
-13
-10
-5
0
6
6
7
7
-2
-8
-11
-6
4
3
7
12
12
19
16
8
4
-5
-4
-4
-5
1
-4
-4
-15
-14
-5
-3
-2
6
8
2
6
-3
1
9
8
13
11
11
18
12
12
20
16
12
15
27
29
32
25
21
24
23
18
20
22
17
17
15
19
24
19
13
15
14
12
13
17
18
21
20
12
8
5
0
0
3
6
4
0
1
0
-2
-3
1
6
6
0
0
2
-3
-10
-17
-22
-27
-26
-32
-31
-30
-32
-31
-27
-21
-18
-26
-28
-27
-32
-30
-25
-29
-29
-28
-23
-15
-12
-8
-17
-23
-17
-15
-7
-4
-6
-7
-12
-16
-17
-15
-11
-10
-7
-9
-3
2
1
10
10
9
9
13
17
20
20
13
8
8
5
6
8
11
9
7
4
5
10
10
13
15
12
21
21
12
14
17
20
18
17
16
8
4
11
11
16
21
15
14
9
-4
-16
-16
-10
-8
0
-4
-6
-4
-2
-1
-3
-2
0
3
6
12
11
14
11
2
1
-7
-11
-4
-4
-12
-6
2
9
11
1
4
5
4
1
-6
-9
-14
-17
-17
-13
-12
-15
-17
-17
-13
-10
-11
-9
-5
1
8
9
15
25
27
23
19
11
4
0
5
10
11
7
5
6
3
7
7
1
4
8
7
7
8
9
9
4
-3
0
-1
-5
-12
-10
-6
-5
-1
-1
3
9
12
13
8
5
4
-5
-9
-4
-8
-11
-9
-14
-16
-18
-19
-20
-26
-36
-43
-41
-42
-35
-25
-22
-23
-25
-27
-31
-22
-11
-4
4
18
14
8
6
3
5
4
6
2
4
4
3
10
12
12
11
7
8
19
19
14
11
13
16
15
15
13
12
6
9
12
15
12
6
11
12
16
18
11
8
4
2
2
-7
-11
-15
-22
-20
-16
-15
-8
-5
-9
-1
6
6
14
18
21
23
16
14
14
10
9
10
9
8
2
-2
0
2
-1
-4
-2
-4
-11
-16
-5
-1
-3
0
-3
2
1
3
4
4
1
-5
-8
-7
-4
-6
-1
4
7
11
15
14
16
11
11
12
11
16
15
12
10
10
7
-4
-7
-12
-9
-10
-14
-4
-2
-1
0
2
-4
-13
-12
-10
-5
-2
-5
-6
-11
-12
-9
-12
-15
-15
-19
-19
-17
-10
-13
-14
-13
-18
-26
-21
-12
-14
-6
-4
-5
-5
-2
-1
-4
-5
-5
-3
-8
-8
-3
-2
-2
-5
-6
-9
-12
-13
-14
-10
-17
-16
-10
-3
-1
1
0
-1
9
9
15
15
10
8
11
19
20
19
18
18
17
14
16
10
7
9
12
16
17
20
21
22
15
11
11
8
0
-9
-11
-6
4
11
10
10
6
3
1
-4
2
-1
-4
1
8
20
23
28
30
21
12
2
-1
-6
-12
-15
-17
-22
-18
-14
-7
-7
-11
-8
-12
-12
-9
-4
2
7
4
0
-2
-10
-9
-4
2
6
5
10
6
9
10
8
12
16
13
11
11
7
-1
-6
-4
-9
-11
-11
-14
-8
-5
-4
-6
-18
-15
-8
-4
5
7
3
7
-3
-8
-12
-6
-3
-7
1
-1
-2
0
3
-9
-14
-11
-11
-9
-5
-3
-8
-8
-11
-9
-3
0
4
7
5
5
2
3
-1
-1
-1
-4
1
-3
-12
-17
-16
-20
-19
-17
-12
-6
-4
3
4
0
-3
2
-1
-5
-12
-16
-17
-19
-16
-10
-2
-6
-10
-1
1
-7
-1
7
14
16
13
22
25
23
19
13
16
6
-6
-5
-8
-10
-12
-10
-3
4
9
7
4
6
6
9
14
15
20
21
22
24
28
27
25
26
21
22
19
15
13
13
10
8
2
-3
2
0
3
10
7
8
9
12
25
26
21
18
14
11
8
9
4
2
-1
-10
-16
-11
-14
-17
-15
-16
-15
-21
-21
-17
-14
-15
-20
-22
-21
-26
-34
-28
-26
-25
-21
-16
-8
-9
-3
2
-3
-5
2
5
11
18
16
16
14
5
-3
-12
-8
-6
-6
-6
-6
-9
-8
-4
-1
-5
-7
-8
-14
-9
-8
-7
-13
-17
-10
-10
-14
-11
-12
-10
-14
-17
-13
-6
-5
-4
-12
-16
-14
-12
-9
-10
-7
-7
-4
1
7
12
10
13
16
16
16
16
12
16
14
12
11
13
18
16
18
26
31
30
32
27
22
16
8
2
1
-3
-1
-3
-10
-8
-13
-6
-6
1
1
3
7
5
12
10
9
1
7
9
4
8
6
7
8
5
2
-4
-6
-8
-6
0
1
3
9
5
5
6
3
5
2
-6
-3
7
13
15
14
8
6
8
4
6
2
-3
-4
-12
-12
-14
-20
-16
-20
-23
-15
-14
-11
-6
-1
-6
-13
-19
-22
-24
-24
-15
-7
-6
-10
-12
-11
-11
-13
-12
-1
5
10
9
8
11
10
5
-2
1
3
6
9
12
15
10
10
7
7
14
18
20
15
8
3
0
-6
-10
-4
-8
-8
-5
-6
-6
-3
-3
-8
-12
-8
-14
-11
1
6
4
4
4
2
-2
0
4
3
3
4
13
15
16
14
4
-4
-11
-16
-24
-30
-30
-24
-21
-24
-17
-8
-5
-17
-28
-25
-31
-24
-14
3
3
3
7
4
5
-2
-1
7
11
18
22
22
26
29
30
36
39
32
26
24
24
22
19
22
26
33
32
26
27
19
26
18
14
13
8
13
14
16
7
1
-7
-13
-18
-29
-38
-44
-39
-35
-36
-32
-31
-29
-25
-26
-20
-26
-22
-20
-30
-24
-23
-24
-26
-21
-25
-19
-14
-13
-5
-1
5
8
10
0
-3
1
-5
-10
-6
3
6
3
7
17
24
24
20
25
18
16
18
15
25
26
24
23
28
24
17
21
22
20
13
19
23
31
23
24
26
25
3
7
9
4
-5
-19
-9
-8
-3
-3
-2
1
4
-4
-11
-11
-13
-10
-15
-15
-16
-14
-10
-7
-12
-16
-10
-13
-5
-3
0
-6
-12
-7
-24
-4
-8
-8
-6
-26
-10
-13
-10
-12
-16
-20
-23
-23
-15
-25
-15
-13
-10
-13
-8
-7
-10
-10
-18
-7
-27
-19
-10
-13
-2
-2
16
6
13
7
8
11
8
2
8
8
11
30
17
28
13
13
10
-4
19
-1
22
19
17
7
-1
1
-5
13
-8
5
-11
-10
-16
-19
-10
-9
8
15
16
8
0
-10
-2
8
18
8
8
-1
7
18
21
6
4
10
-9
8
1
11
3
2
3
-1
10
-10
14
-2
9
-1
14
14
6
5
-9
24
-5
4
-13
-7
-2
12
-11
2
-2
12
12
1
16
7
32
50
38
27
37
20
32
22
20
-3
11
18
14
9
-15
-11
-1
-3
4
-22
-4
-7
-9
-11
-12
-16
-18
-23
-30
-21
-28
-30
-31
-27
-35
-16
-37
-13
-21
-10
-19
-17
-14
-21
-27
-39
-30
-35
-39
-36
-11
-3
4
-5
1
11
7
8
4
-1
13
6
12
-16
4
-15
-3
-9
-11
-11
-22
-17
-6
-16
1
-35
-18
-6
-21
-15
-16
-9
-26
-14
-28
-30
-5
-20
4
11
22
23
20
35
14
42
4
15
18
14
35
29
20
29
3
33
10
51
38
40
33
-5
11
0
15
17
-12
-18
-20
-1
32
1
24
13
32
39
27
31
21
35
21
18
22
28
27
26
37
6
11
17
18
34
12
19
20
12
30
16
39
16
40
9
16
11
-6
10
-13
20
-13
14
-2
-5
-12
-20
-30
-46
-46
-44
-39
-35
-54
-67
-37
-58
-34
-40
-41
-24
-25
-33
-14
-37
-8
-41
-43
-41
-40
-13
-29
7
-39
-5
-23
-19
-31
-46
-6
-55
7
-47
-2
-25
-12
-21
-41
-17
-34
-14
-29
-8
-38
-3
-23
-11
-12
7
29
24
26
26
40
44
17
27
-9
34
2
43
22
30
29
36
52
58
62
53
69
43
69
17
41
8
33
23
10
7
-4
26
10
38
18
18
18
20
37
40
37
-12
0
-26
-10
-28
-26
-31
-37
-22
-29
-4
-13
37
-12
3
0
0
13
1
17
-10
-4
-49
-42
-52
-27
-34
-64
-10
-50
-6
-40
-13
-21
-21
3
-30
33
-3
8
-17
-23
-37
-43
-32
-26
31
20
53
31
35
36
21
28
5
33
15
15
24
16
12
8
-13
-10
-8
-7
10
8
16
-7
18
-10
4
2
24
19
13
14
-1
44
6
28
30
8
57
15
41
-4
15
8
-8
-4
-39
-21
-25
8
-35
-27
-52
-36
-25
-38
-23
-31
-25
-5
-31
-6
-37
-4
-25
-32
-23
-42
-12
-24
4
-9
-1
0
18
14
3
13
-8
43
-25
0
-33
22
-6
-6
-6
-7
3
-18
12
2
21
2
21
23
23
15
12
2
2
5
9
24
-10
19
-1
11
25
19
23
29
18
12
15
19
-3
-40
-11
-28
14
-41
-20
-11
-4
19
8
26
5
13
-16
-13
-18
-28
0
-24
-28
-37
-35
-54
-43
-65
-22
-27
21
2
32
23
35
16
-21
16
3
8
5
-25
-14
19
-14
49
-14
21
0
22
22
23
73
24
55
19
23
13
42
17
26
22
9
32
-5
-3
-29
10
1
20
20
4
40
36
52
29
24
11
-2
21
-35
43
-21
31
21
-6
25
0
43
31
34
8
17
-6
-19
-7
-46
-38
-44
-40
-16
-32
-4
-41
-8
-31
-8
-9
-13
-5
-36
-43
-27
-38
-26
-35
-80
-44
-81
-44
-63
-34
-35
-34
-22
-25
-18
-17
-17
-37
-57
-49
-50
-64
-30
-58
-32
-23
-36
7
19
66
61
64
50
66
38
16
2
17
-9
16
4
19
30
37
54
39
60
32
56
45
78
27
30
-3
6
-9
-62
-45
-31
-11
-5
35
19
24
34
21
23
21
50
39
66
11
15
-48
-21
-39
-38
-30
-37
10
5
22
-18
16
-1
26
15
15
41
46
64
-3
22
-3
-21
23
-33
29
-1
26
13
36
30
2
80
-3
-2
7
-1
4
-28
-31
-55
-38
-32
-62
-25
-51
-7
-23
-45
-28
-28
14
-27
-5
-10
-10
-7
-15
-27
-24
0
27
25
45
18
4
5
1
3
-2
1
-7
28
-29
-29
-6
-42
-18
-41
-20
40
36
41
-15
40
-18
41
-4
40
38
22
38
8
8
-33
-16
-27
3
-6
16
-4
-27
-30
-53
-60
-23
-55
-18
-27
-28
-42
-11
-49
-41
-42
-69
-22
-55
10
-12
21
25
8
23
25
-6
2
-21
-4
-23
23
-10
-5
28
-33
20
-23
3
23
17
35
29
26
30
23
49
32
66
54
29
70
14
106
64
75
59
2
54
-15
56
8
40
11
4
-14
-33
-8
-29
-22
-24
-52
-56
-14
-34
-11
-40
-48
-36
-32
-19
-39
2
20
46
-44
-57
-39
-57
-24
-58
-28
31
23
-4
-40
-34
24
39
38
2
41
31
23
26
10
21
40
61
114
97
95
93
83
73
36
63
50
88
19
-19
-11
-27
34
-82
-54
-40
-12
-17
-35
-30
-89
-52
-105
-94
-78
-130
-84
-86
-84
-50
-90
-25
-62
-73
-43
-38
2
7
-6
1
-29
-29
-44
-17
-26
-6
22
-8
35
-19
-25
-18
-6
-2
39
96
70
74
28
36
38
50
68
90
81
83
50
43
8
-14
-10
7
76
61
91
97
36
17
2
-12
17
8
26
-24
-35
-62
-59
-49
-100
-88
-72
-45
8
1
24
20
3
-16
-16
-5
-11
-18
5
9
13
-1
-7
-19
-19
-26
14
60
63
47
57
-13
-15
28
12
-12
-35
2
-29
-41
-48
-60
-77
-75
-28
-25
0
-14
-34
-14
-56
-47
-31
1
56
52
45
82
66
42
16
58
35
46
61
27
92
66
120
68
13
10
-13
-81
-52
91
119
150
136
38
-104
-227
-284
-233
-158
-75
-28
-2
-72
-72
-75
-60
87
165
255
181
130
36
-102
-154
-200
-148
-103
38
71
115
139
113
114
68
61
83
71
68
49
-8
-81
-86
-90
-113
-100
-102
-45
29
-23
16
-3
-51
-7
-33
17
27
-16
-28
-23
-38
-109
-108
-86
-42
10
-51
-5
-19
1
1
-15
-18
5
79
55
-14
3
16
25
53
57
-6
-9
29
-7
114
70
24
48
-1
-14
17
32
46
31
-12
2
52
41
71
8
-34
2
-8
65
46
-15
-20
-65
-94
-60
-24
-33
10
-37
-64
-18
-72
-65
-69
-95
-25
22
12
32
54
54
59
76
37
48
65
79
119
109
90
63
71
79
10
-40
-35
6
3
-48
-62
-58
-37
-76
-89
-96
-97
-75
-73
-41
26
81
98
90
71
71
81
73
35
-38
-65
-56
0
11
35
45
64
80
63
50
-1
-35
-111
-150
-163
-134
-116
-110
-141
-153
-106
-94
-41
-50
-37
-18
7
67
86
120
84
66
78
64
45
24
10
19
-3
17
9
-2
-25
-67
-78
-63
0
26
35
25
16
3
-9
-2
14
-12
20
22
38
53
36
60
50
50
67
62
37
51
34
-8
9
20
21
12
0
-25
-48
-66
-103
-109
-123
-116
-120
-88
-49
9
64
90
108
109
105
51
21
9
-27
-62
-72
-75
-102
-96
-51
10
63
90
89
94
89
72
56
45
19
-22
-36
-77
-93
-74
-105
-155
-146
-115
-119
-64
-18
10
43
40
59
85
119
129
137
178
201
188
184
188
213
310
349
384
485
483
425
462
467
458
450
434
436
436
383
328
268
113
-83
-341
-563
-731
-929
-1111
-1261
-1363
-1404
-1420
-1427
-1353
-1275
-1218
-1066
-878
-666
-441
-270
-127
-2
94
173
249
274
305
317
307
337
335
330
328
348
381
393
420
462
483
476
467
441
379
311
237
189
168
167
221
310
411
505
609
693
774
828
832
796
696
611
605
576
492
503
524
478
443
434
437
410
283
174
152
82
-50
-178
-157
187
977
1857
2336
2385
2299
2161
1602
663
-303
-1204
-2328
-3715
-4678
-4749
-4447
-4357
-4279
-3712
-2629
-1470
-693
-378
-434
-755
-1051
-1072
-899
-690
-410
50
686
1418
2180
2710
2653
2018
1255
722
424
29
-705
-1364
-1434
-1148
-812
-454
-136
-27
-166
-320
-276
-236
-496
-831
-904
-617
78
956
1647
2028
2233
2370
2410
2273
1847
1139
491
211
174
208
285
368
429
479
557
656
571
192
-235
-495
-581
-528
-449
-394
-235
99
515
902
1198
1306
1223
1068
987
961
833
570
275
136
147
86
-81
-262
-458
-696
-796
-615
-384
-265
-65
500
1340
2327
3229
3533
3140
2559
2066
1298
-24
-1549
-2866
-4093
-5388
-6219
-6188
-5738
-5383
-5045
-4158
-2603
-1083
-288
-125
-147
-173
-160
-92
8
47
139
559
1171
1696
2083
2212
1887
1135
403
-38
-455
-1134
-1842
-2139
-1899
-1327
-705
-26
697
1154
1395
1733
1872
1406
637
98
-172
-455
-689
-605
-331
-132
225
892
1542
1916
2097
2259
2432
2493
2329
1936
1510
1155
758
300
-86
-517
-1074
-1488
-1579
-1416
-1180
-893
-398
360
1211
2023
2581
2772
2708
2464
1996
1321
531
-358
-1144
-1625
-1802
-1823
-1659
-1308
-886
-407
159
702
1012
1070
1043
1040
957
740
556
608
941
1665
2738
3395
3104
2428
1960
1403
192
-1568
-3104
-4234
-5541
-6805
-7112
-6378
-5493
-4974
-4215
-2557
-489
922
1259
909
478
239
132
-41
-393
-636
-308
365
822
1092
1296
1123
294
-775
-1353
-1480
-1879
-2558
-2765
-2136
-897
477
1427
1906
2357
2649
2492
1954
1124
59
-1050
-1831
-1917
-1531
-1092
-537
211
1068
2066
3044
3554
3448
3005
2605
2297
1909
1331
585
-15
-182
-211
-431
-677
-846
-940
-875
-574
9
719
1296
1867
2570
3098
3229
2935
2222
1363
493
-405
-1191
-1795
-2218
-2343
-2064
-1514
-923
-344
175
570
905
1097
1044
824
462
-50
-560
-797
-767
-652
-351
504
2067
3728
4385
3985
3610
3438
2519
491
-1713
-3289
-4672
-6587
-8248
-8423
-7423
-6399
-5610
-4244
-1817
788
2320
2489
1983
1529
1258
774
-93
-878
-981
-408
102
203
380
724
466
-635
-1645
-1801
-1645
-1924
-2200
-1637
-351
959
1954
2735
3343
3419
2959
2342
1425
1
-1400
-2228
-2542
-2531
-2135
-1245
-101
901
1816
2825
3621
3779
3448
3070
2776
2293
1480
556
-144
-607
-1101
-1609
-1870
-1879
-1753
-1366
-705
122
1072
1959
2666
3276
3627
3487
2904
2034
1022
-36
-1139
-2072
-2593
-2741
-2568
-2053
-1316
-560
47
540
915
1029
909
666
340
-5
-319
-668
-906
-936
-727
-116
1005
2527
4150
5090
4932
4349
3846
2859
837
-1722
-3763
-5229
-6827
-8281
-8576
-7638
-6369
-5170
-3467
-935
1664
3219
3457
2912
2325
1834
1121
120
-777
-1033
-578
-93
-85
-217
-216
-504
-1362
-2251
-2480
-2155
-1920
-1726
-874
673
2165
2987
3316
3483
3282
2466
1308
119
-1146
-2442
-3328
-3433
-3012
-2420
-1525
-311
881
1845
2682
3340
3490
3103
2635
2331
1934
1195
240
-580
-1129
-1585
-2071
-2386
-2275
-1765
-1007
7
1272
2499
3440
4116
4516
4497
3906
2813
1501
208
-956
-1906
-2527
-2771
-2597
-1957
-1062
-283
379
948
1351
1582
1552
1335
1050
649
237
-20
-267
-585
-750
-718
-542
5
947
2329
3984
4880
4463
3686
3263
2351
97
-2673
-4570
-5789
-7463
-9112
-9132
-7462
-5627
-4349
-2721
-41
2786
4320
4134
3055
2104
1417
550
-639
-1793
-2161
-1600
-1091
-1236
-1425
-1239
-1330
-2229
-3160
-2949
-1881
-1201
-864
191
2018
3529
4122
4249
4106
3300
1971
642
-607
-1934
-3059
-3448
-3097
-2493
-1755
-615
663
1539
2077
2633
3129
3094
2551
2120
1947
1532
663
-243
-814
-1208
-1708
-2177
-2276
-1926
-1254
-329
820
2100
3271
4067
4504
4569
4167
3298
2027
592
-626
-1493
-2086
-2366
-2241
-1714
-964
-172
640
1254
1405
1405
1480
1339
969
652
360
73
-162
-418
-669
-840
-896
-806
-537
98
1036
2179
3732
5030
4906
3661
2537
1507
-415
-3135
-5201
-6189
-7331
-8686
-8656
-6696
-4307
-2832
-1698
324
2895
4439
4193
2792
1288
211
-643
-1544
-2408
-2818
-2476
-1830
-1657
-1812
-1652
-1457
-1911
-2625
-2365
-913
425
964
1569
2884
4083
4217
3577
2807
1785
395
-832
-1646
-2353
-2950
-3003
-2427
-1568
-787
-2
902
1597
1979
2367
2757
2875
2654
2319
2130
1927
1275
221
-714
-1353
-1919
-2377
-2416
-1940
-1078
81
1441
2863
4074
4742
4789
4420
3789
2822
1509
67
-1173
-1985
-2410
-2530
-2367
-2009
-1462
-738
31
722
1212
1457
1523
1502
1478
1382
937
294
-173
-626
-1090
-1313
-1325
-1226
-916
-93
1170
2308
3495
5091
5854
4662
2627
1292
224
-1986
-4822
-6320
-6488
-7006
-7872
-7381
-5191
-3097
-2321
-1698
128
2398
3418
2752
1356
267
-268
-543
-1035
-1923
-2500
-2096
-1473
-1638
-2109
-1916
-1418
-1555
-1896
-1067
822
2121
2235
2293
3064
3738
3292
2054
1003
338
-237
-777
-1209
-1507
-1672
-1555
-1038
-436
-41
349
808
1067
1273
1764
2382
2612
2345
2083
2150
2099
1372
118
-1023
-1656
-1913
-1978
-1798
-1210
-253
832
1958
3095
3909
4018
3649
3135
2529
1756
713
-427
-1355
-1964
-2223
-2192
-2067
-1872
-1431
-628
359
1189
1576
1541
1440
1381
1185
790
144
-560
-924
-1040
-1160
-1140
-1068
-984
-596
211
1245
2043
2537
3483
4603
4326
2643
1172
382
-894
-3075
-4715
-4932
-5121
-6280
-6980
-5744
-3534
-2254
-1943
-1080
765
2378
2642
1614
245
-616
-896
-1084
-1614
-2194
-1978
-1196
-1057
-1535
-1374
-491
-232
-945
-1125
250
1839
2106
1599
1783
2535
2517
1506
565
345
470
223
-345
-491
-368
-729
-1239
-1140
-689
-464
-458
-311
209
1045
1942
2511
2593
2549
2810
3045
2535
1269
-98
-1122
-1706
-1943
-1968
-1745
-1135
-263
759
1934
2874
3121
2826
2446
2219
2004
1465
583
-273
-861
-1178
-1364
-1581
-1766
-1729
-1352
-703
80
717
996
1055
1188
1366
1341
868
136
-363
-497
-486
-414
-461
-617
-422
344
1336
2066
2767
4066
5147
4503
2821
1821
1230
-473
-3113
-4682
-4685
-5026
-6457
-7109
-5723
-3663
-2743
-2553
-1511
401
1791
1832
928
-20
-392
-344
-454
-968
-1288
-820
-278
-699
-1509
-1389
-727
-968
-1986
-2042
-550
888
989
632
1065
1826
1767
931
301
385
675
533
119
-17
-91
-571
-1244
-1587
-1472
-1211
-1116
-1037
-485
565
1632
2261
2465
2618
2939
3103
2635
1574
408
-475
-1027
-1367
-1481
-1220
-648
-24
684
1614
2421
2762
2672
2489
2459
2459
2179
1555
776
-20
-792
-1446
-1910
-2242
-2335
-1966
-1119
-105
767
1203
1324
1459
1669
1714
1399
913
600
488
339
75
-317
-483
-144
464
1038
2064
3969
5464
4827
2869
1719
1327
-54
-2702
-4608
-4819
-5004
-6240
-6849
-5636
-3945
-3410
-3490
-2526
-382
1403
1651
855
167
184
622
762
167
-529
-515
-249
-782
-1906
-2444
-2233
-2324
-3011
-2899
-1275
457
855
598
924
1633
1752
1080
324
6
211
847
1349
1084
464
-78
-793
-1638
-2037
-1871
-1605
-1489
-1020
201
1621
2461
2483
2156
2064
2256
2250
1784
1063
453
162
97
-16
-169
-234
-198
-27
454
1318
2055
2321
2442
2699
2869
2770
2189
1107
35
-779
-1483
-1937
-2028
-1899
-1616
-1082
-271
508
848
847
941
1255
1710
1984
1870
1625
1411
970
180
-639
-1045
-816
-108
881
2500
4570
5431
4089
2103
1122
557
-943
-2939
-3859
-3871
-4505
-5743
-6121
-5250
-4460
-4641
-4674
-3134
-609
1075
1152
434
66
421
1074
1223
671
208
266
136
-690
-1704
-2406
-2896
-3419
-3632
-2783
-1052
272
443
192
307
651
695
346
14
157
770
1442
1797
1752
1293
438
-444
-905
-990
-955
-826
-504
194
1148
1829
1820
1311
811
609
649
855
1066
1197
1503
1872
1805
1198
530
71
-227
-246
296
1276
2200
2664
2581
2344
2133
1609
678
-187
-555
-453
-261
-223
-288
-379
-536
-673
-649
-443
-129
265
759
1380
1993
2103
1596
887
289
-105
-418
-849
-890
-91
972
1981
3388
4563
3960
1839
214
-53
-233
-1220
-2128
-2248
-2673
-4228
-5741
-6004
-5663
-5791
-5989
-4920
-2384
67
1015
567
-272
-732
-432
396
1019
1280
1494
1546
1063
155
-900
-2095
-3325
-3957
-3344
-1659
-5
694
543
70
-475
-970
-1231
-1117
-648
105
1204
2405
3029
2703
1605
179
-738
-644
-52
387
747
1259
1726
1749
1177
203
-769
-1262
-1031
-132
1080
2023
2417
2440
2187
1633
871
209
-56
128
755
1723
2545
2674
2116
1261
530
152
72
98
192
502
833
806
354
-320
-1130
-1615
-1376
-652
210
918
1187
1130
934
595
342
221
200
395
841
1168
1070
732
563
564
1111
2498
3314
2375
923
440
477
-159
-1253
-1761
-2126
-3529
-5033
-5132
-4242
-3979
-4743
-5069
-3782
-1959
-1123
-1227
-1624
-1937
-1633
-394
1127
1942
2006
1689
888
-184
-721
-728
-1023
-1673
-1680
-442
915
947
-123
-1193
-1931
-2419
-2283
-1195
104
555
542
1130
1732
1203
125
-228
52
398
1111
2355
3008
2334
1206
579
329
39
-264
-293
43
586
1062
1240
1023
470
-51
-115
315
817
1158
1357
1370
1311
1349
1361
1140
794
619
725
939
1080
963
446
-113
-344
-337
-246
-157
-215
-244
-78
59
63
33
10
68
257
561
981
1261
1310
1226
968
708
756
968
1032
1471
2701
3649
2752
814
-49
159
-184
-1046
-1058
-643
-1513
-3608
-4702
-4053
-3472
-4149
-4912
-4320
-2813
-1896
-2079
-2634
-3030
-2892
-1911
-409
850
1607
1826
1251
178
-377
165
841
699
299
661
1400
1284
92
-1229
-2021
-2515
-2588
-1876
-697
-11
-356
-1105
-1201
-782
-706
-680
-56
877
1560
2025
2343
2269
1714
1105
863
994
1501
2054
2052
1474
885
480
157
-55
-138
-79
107
408
655
717
563
348
256
423
804
1203
1450
1426
1202
959
790
620
470
401
422
431
478
565
499
226
109
194
152
58
174
474
612
479
336
409
512
493
411
358
560
835
854
1218
2427
3023
1762
276
377
1024
615
-31
257
337
-1276
-3335
-3710
-2841
-2708
-3746
-4556
-4348
-3885
-4077
-4701
-5114
-5035
-4296
-2932
-1600
-841
-324
188
295
157
649
1842
2720
2776
2642
2778
2667
1832
819
253
13
-242
-467
-627
-896
-1372
-1898
-2224
-2253
-2081
-1898
-1675
-1262
-637
-152
-25
-33
229
853
1564
2108
2531
2996
3324
3287
3041
2873
2638
2197
1871
1870
1811
1415
981
716
395
-59
-378
-397
-312
-344
-432
-423
-388
-435
-498
-507
-463
-323
-151
-29
158
523
881
1043
1151
1372
1571
1601
1630
1810
1914
1707
1398
1203
984
590
83
-488
-986
-1136
-859
-702
-688
-7
1027
691
-904
-1289
150
1209
881
864
1564
1111
-938
-2262
-1592
-738
-1389
-2795
-3384
-3294
-3607
-4572
-5378
-5591
-5322
-4567
-3556
-2959
-2837
-2536
-1925
-1333
-572
683
1794
2009
1750
1972
2553
2724
2577
2660
2780
2433
1847
1467
1096
411
-149
125
590
-8
-1334
-1938
-1862
-2013
-2136
-1700
-1329
-1640
-1843
-1175
-211
330
683
1198
1643
1917
2266
2648
2776
2774
3038
3549
3811
3466
2821
2326
1969
1606
1474
1566
1350
628
-147
-617
-931
-1319
-1761
-1969
-1902
-1857
-1951
-1942
-1742
-1444
-955
-268
368
736
997
1386
1870
2267
2550
2686
2627
2456
2211
1822
1297
656
133
56
187
91
217
705
375
-1254
-2147
-905
654
492
-268
-24
37
-1413
-2894
-2399
-995
-997
-2325
-3126
-3009
-3099
-3826
-4566
-4744
-4364
-3647
-2897
-2616
-2813
-2758
-2136
-1430
-857
-105
724
1041
859
993
1741
2315
2249
2089
2236
2258
1902
1691
1820
1776
1414
1282
1258
713
-105
-674
-1035
-1245
-1098
-887
-1046
-1503
-1750
-1607
-1380
-1198
-823
-119
569
939
1117
1424
1863
2248
2568
2835
2969
3022
3100
3113
2945
2772
2737
2643
2244
1603
1008
569
222
-210
-792
-1229
-1460
-1752
-2129
-2358
-2321
-2112
-1833
-1635
-1438
-1133
-694
-213
322
926
1360
1542
1554
1653
1856
1972
1764
1349
1085
1015
1056
1035
1091
1471
1634
631
-815
-819
651
1422
614
-108
-14
-566
-2156
-2763
-1605
-740
-1667
-3076
-3406
-3192
-3512
-4290
-4838
-4830
-4283
-3525
-3179
-3456
-3642
-3040
-2079
-1453
-950
-134
597
754
832
1513
2407
2639
2390
2507
3025
3236
3048
2944
2926
2641
2128
1841
1638
1043
188
-320
-421
-618
-1056
-1550
-1951
-2388
-2672
-2548
-2232
-2064
-1818
-1217
-588
-290
-107
347
971
1458
1832
2295
2813
3182
3307
3334
3386
3456
3435
3233
2869
2497
2210
1894
1351
694
103
-369
-854
-1374
-1782
-2050
-2243
-2463
-2587
-2527
-2311
-2006
-1676
-1245
-703
-142
271
596
947
1211
1365
1503
1601
1703
1851
2080
2203
2096
2148
2566
2545
1359
320
960
2264
2078
775
259
197
-1002
-2581
-2367
-895
-805
-2528
-3944
-3955
-3691
-4145
-4886
-5227
-5080
-4678
-4324
-4334
-4555
-4310
-3399
-2531
-2151
-1719
-911
-284
-83
353
1416
2383
2528
2373
2772
3476
3674
3466
3461
3586
3348
2859
2514
2383
2142
1471
591
47
-24
-333
-1118
-1811
-1987
-2044
-2316
-2557
-2475
-2131
-1857
-1838
-1827
-1342
-533
65
361
719
1285
1868
2287
2578
2826
3155
3577
3824
3727
3501
3400
3310
3057
2637
2146
1638
1072
472
-35
-463
-987
-1567
-1986
-2178
-2303
-2383
-2312
-2183
-1932
-1604
-1311
-1101
-892
-601
-294
102
523
903
1052
1046
1139
1465
1777
2176
2810
3039
2162
1079
1457
2833
3163
2039
1187
955
51
-1343
-1331
-99
-40
-1827
-3469
-3753
-3751
-4324
-5023
-5347
-5383
-5177
-4851
-4891
-5403
-5480
-4551
-3447
-3085
-2929
-2127
-1155
-784
-468
618
1893
2281
2089
2393
3136
3508
3485
3755
4267
4381
3939
3451
3079
2638
2330
2218
2000
1292
478
-123
-546
-955
-1191
-1361
-1785
-2417
-2791
-2658
-2346
-2127
-1950
-1608
-1247
-901
-454
79
475
818
1325
1952
2412
2695
2953
3109
3146
3172
3241
3196
2937
2583
2281
2060
1805
1347
774
241
-192
-559
-821
-967
-1105
-1340
-1563
-1614
-1535
-1442
-1425
-1467
-1474
-1318
-985
-698
-682
-725
-555
-329
-127
291
965
1702
2379
2654
2056
1120
1459
3023
3743
2750
1689
1586
1343
303
-257
292
338
-1144
-2812
-3244
-3017
-3224
-3944
-4667
-5070
-5039
-4875
-5165
-5854
-5887
-4841
-3866
-3877
-4014
-3308
-2452
-2249
-1985
-759
679
1166
1057
1516
2525
3095
3151
3464
4120
4450
4220
3890
3769
3656
3450
3175
2970
2743
2091
986
186
334
696
345
-527
-1201
-1667
-2048
-2169
-1803
-1203
-959
-1312
-1739
-1473
-587
129
225
191
596
1228
1499
1446
1533
1870
2146
2228
2206
2122
1953
1781
1756
1813
1702
1372
901
519
491
619
417
-95
-359
-272
-262
-533
-811
-1059
-1332
-1530
-1514
-1477
-1605
-1711
-1659
-1551
-1517
-1277
-867
-515
-183
370
904
1452
2165
2479
1816
1238
2214
3663
3429
1965
1379
1536
741
-664
-705
301
136
-1584
-2935
-3048
-2945
-3364
-3994
-4522
-4763
-4514
-4294
-4852
-5575
-5134
-3816
-3284
-3738
-3652
-2609
-1899
-1941
-1505
-105
1026
1046
866
1499
2511
3011
3068
3319
3733
3807
3545
3316
3285
3274
3159
2960
2712
2445
2065
1475
787
376
467
707
486
-64
-337
-300
-433
-686
-621
-289
-202
-422
-540
-351
-90
13
15
-37
-110
-62
165
348
348
291
325
414
508
631
791
910
979
1051
1114
1125
1163
1276
1298
1148
892
579
267
1
-168
-317
-496
-758
-1077
-1330
-1460
-1518
-1535
-1480
-1332
-1087
-887
-769
-563
-241
30
267
732
1306
1675
2083
2416
1821
531
467
2100
3047
1888
595
696
658
-630
-1350
-374
232
-1176
-2957
-3171
-2550
-2591
-3248
-3732
-3978
-4027
-3807
-3817
-4402
-4618
-3685
-2664
-2753
-3141
-2603
-1737
-1571
-1471
-469
677
736
271
661
1718
2255
2125
2177
2559
2706
2512
2362
2348
2313
2250
2253
2248
2196
2211
2207
2029
1741
1599
1637
1681
1615
1564
1544
1383
939
510
349
258
90
13
44
-151
-606
-911
-872
-873
-996
-941
-741
-755
-912
-803
-403
-64
97
209
351
496
603
647
674
781
1019
1133
859
469
381
527
541
408
288
162
-98
-305
-306
-173
-64
-146
-229
-237
-206
-232
-230
-142
-41
-69
-198
-350
-325
-4
318
439
680
1049
647
-639
-1169
126
1457
965
-239
-282
28
-870
-1912
-1271
88
-53
-1498
-2328
-2033
-1685
-1869
-2261
-2560
-2616
-2416
-2479
-3122
-3488
-2773
-1874
-1990
-2538
-2219
-1402
-1351
-1782
-1341
-218
104
-522
-745
-71
591
685
800
1285
1632
1566
1474
1744
2239
2644
2848
2966
3143
3290
3350
3390
3277
2978
2790
2794
2672
2365
2169
2081
1690
999
452
282
292
223
-25
-490
-999
-1190
-1025
-963
-1173
-1334
-1293
-1365
-1671
-1849
-1625
-1269
-1109
-1024
-823
-656
-661
-612
-290
182
556
696
671
693
869
1139
1354
1443
1465
1432
1251
995
976
1219
1210
792
403
292
272
55
-293
-573
-703
-846
-1091
-1254
-1205
-1188
-1320
-1326
-1098
-922
-918
-732
-161
59
-543
-1034
-223
1082
1037
-80
-427
32
-199
-957
-677
493
614
-604
-1483
-1090
-371
-264
-775
-1422
-1725
-1485
-1285
-1854
-2644
-2538
-1885
-2041
-2981
-3247
-2549
-2215
-2646
-2629
-1687
-1034
-1354
-1552
-688
467
892
838
1153
1814
2204
2311
2570
3016
3417
3677
3725
3619
3597
3783
3900
3796
3623
3444
3068
2655
2633
2774
2478
1770
1199
807
243
-346
-482
-424
-823
-1607
-2094
-2042
-1939
-2149
-2423
-2433
-2298
-2279
-2344
-2231
-1865
-1467
-1301
-1224
-918
-367
77
257
492
934
1269
1230
1166
1436
1800
1882
1721
1588
1497
1219
826
626
698
729
457
19
-302
-463
-543
-602
-750
-922
-1029
-1091
-1164
-1179
-1103
-1084
-1235
-1303
-1159
-1048
-1052
-875
-246
406
256
-530
-634
515
1642
1513
876
971
1180
518
-79
647
1701
1263
-292
-1137
-849
-574
-1040
-1805
-2237
-2228
-2096
-2365
-3108
-3523
-3031
-2457
-2744
-3327
-3111
-2444
-2335
-2507
-1984
-983
-600
-910
-844
-6
831
1151
1349
1846
2439
2743
2822
3039
3515
3997
4141
3955
3726
3647
3632
3510
3280
3286
3343
2773
1738
1236
1558
1717
1123
397
-63
-604
-1257
-1460
-1069
-856
-1363
-2131
-2442
-2236
-1904
-1770
-1866
-1994
-1941
-1624
-1312
-1204
-1124
-835
-459
-293
-276
-196
-42
235
688
1108
1174
952
780
857
1071
1290
1467
1523
1356
1001
743
774
917
834
470
63
-111
-206
-399
-558
-589
-566
-593
-632
-662
-725
-778
-663
-514
-433
-385
-368
-417
-476
-252
332
831
516
-452
-888
-73
899
757
54
10
211
-448
-1349
-978
239
334
-1003
-2053
-1828
-1272
-1397
-2052
-2587
-2631
-2328
-2293
-2896
-3465
-3074
-2191
-2079
-2615
-2477
-1589
-1213
-1566
-1329
-95
778
472
12
532
1612
2266
2413
2541
2771
2922
2985
3101
3303
3494
3556
3393
3140
3067
3071
2807
2378
2262
2407
2264
1667
1002
721
801
851
647
285
-119
-550
-900
-1000
-891
-825
-975
-1289
-1622
-1791
-1656
-1382
-1325
-1549
-1719
-1622
-1367
-1148
-962
-727
-474
-297
-238
-237
-152
97
414
641
735
740
688
607
643
856
1072
1175
1169
1056
855
773
880
976
887
711
508
203
-119
-213
-79
-70
-322
-570
-662
-808
-1031
-1069
-889
-904
-1102
-1078
-836
-843
-1169
-1297
-916
-239
118
-309
-1256
-1637
-924
-39
44
-335
-458
-717
-1527
-1862
-753
633
496
-843
-1595
-1176
-564
-510
-844
-1109
-1038
-752
-737
-1252
-1672
-1345
-821
-921
-1241
-897
-304
-475
-1051
-737
483
1220
804
176
327
1005
1504
1703
1864
2050
2078
1963
1951
2168
2467
2525
2242
1950
2029
2296
2163
1546
1206
1556
1905
1508
671
270
461
706
752
758
599
66
-529
-626
-256
30
-124
-670
-1270
-1485
-1222
-976
-1156
-1484
-1470
-1245
-1186
-1241
-1114
-863
-702
-549
-271
-41
-38
-68
107
457
796
995
993
822
728
914
1194
1302
1290
1328
1321
1103
856
869
992
876
505
163
-4
-128
-369
-715
-1045
-1243
-1379
-1556
-1818
-2063
-2168
-2205
-2204
-2126
-2028
-2039
-2091
-2028
-1771
-1309
-633
-119
-354
-1052
-1069
-86
820
838
619
771
653
-98
-423
536
1776
1831
839
54
39
359
516
330
-17
-202
-152
-268
-823
-1248
-1002
-625
-904
-1447
-1309
-726
-765
-1496
-1787
-1073
-167
-43
-527
-822
-677
-277
244
793
1189
1304
1269
1231
1360
1833
2469
2735
2394
1985
2082
2366
2233
1914
2020
2386
2321
1758
1298
1240
1313
1269
1145
1010
789
406
-79
-466
-483
-245
-224
-667
-1268
-1568
-1595
-1625
-1641
-1500
-1307
-1340
-1572
-1585
-1173
-689
-521
-545
-415
-84
211
389
582
841
1055
1111
1056
1021
1034
1031
952
845
838
909
819
414
-42
-218
-246
-414
-692
-884
-990
-1205
-1562
-1807
-1822
-1814
-1919
-2066
-2057
-1888
-1790
-1903
-2058
-1905
-1394
-940
-805
-755
-590
-301
160
831
1312
1203
827
915
1484
1920
2097
2257
2128
1329
560
784
1673
1975
1308
438
-67
-296
-418
-538
-832
-1297
-1595
-1569
-1546
-1762
-1946
-1982
-2215
-2599
-2455
-1617
-973
-1260
-2000
-2191
-1603
-783
-207
116
238
186
150
410
1018
1742
2337
2613
2438
2054
2057
2618
3149
3145
2902
2819
2718
2382
2048
2028
2213
2245
1998
1660
1345
1010
606
240
127
260
330
-36
-820
-1444
-1480
-1202
-1109
-1248
-1383
-1521
-1791
-2056
-2008
-1605
-1168
-1011
-1122
-1259
-1236
-1083
-916
-742
-434
-28
206
141
-2
76
288
362
333
474
761
784
410
36
0
142
157
17
-119
-228
-384
-579
-708
-673
-551
-523
-642
-756
-729
-608
-554
-591
-518
-309
-82
6
-39
-136
-180
-92
114
347
531
630
716
942
1210
1183
806
623
985
1447
1455
1245
1186
969
231
-440
-256
439
660
111
-611
-1026
-1188
-1296
-1426
-1615
-1800
-1849
-1833
-1932
-2040
-1952
-1884
-2193
-2592
-2412
-1589
-836
-756
-1077
-1169
-878
-435
14
541
1100
1464
1466
1250
1208
1580
2166
2534
2524
2353
2328
2375
2233
1953
1883
2081
2164
1915
1628
1533
1460
1202
823
539
436
395
271
1
-305
-484
-589
-784
-1041
-1133
-1053
-1089
-1299
-1383
-1217
-1067
-1165
-1368
-1408
-1278
-1106
-875
-547
-293
-308
-475
-514
-300
79
440
644
649
581
616
734
823
858
862
836
709
540
453
469
440
248
34
-88
-168
-292
-387
-378
-343
-361
-392
-357
-296
-281
-310
-318
-256
-111
59
148
127
49
16
25
27
34
47
24
-64
-148
-176
-219
-313
-312
-75
160
41
-370
-656
-657
-577
-515
-312
-36
-122
-637
-1075
-993
-579
-303
-313
-456
-541
-529
-496
-535
-637
-694
-673
-654
-671
-579
-332
-174
-362
-711
-749
-376
-15
4
-96
3
194
191
73
119
322
414
313
248
355
518
595
562
447
327
340
496
641
705
771
853
829
757
867
1130
1274
1204
1117
1126
1154
1221
1391
1502
1342
1039
894
925
950
898
853
754
504
218
105
148
142
11
-175
-377
-541
-581
-495
-460
-582
-703
-695
-548
-435
-378
-290
-234
-283
-341
-246
-37
66
38
2
-28
-54
-90
-18
12
-63
-188
-258
-239
-270
-318
-394
-488
-597
-681
-695
-680
-655
-655
-710
-825
-897
-872
-825
-847
-875
-809
-746
-777
-816
-777
-691
-703
-761
-715
-576
-442
-348
-246
-174
-108
113
514
821
793
610
528
565
610
702
896
995
787
378
133
163
244
148
-60
-165
-149
-145
-272
-500
-748
-952
-1071
-1120
-1114
-1042
-960
-996
-1188
-1379
-1372
-1168
-973
-861
-708
-451
-218
-83
63
280
492
643
800
979
1174
1429
1734
1928
1903
1799
1790
1843
1827
1806
1935
2144
2217
2084
1885
1762
1716
1656
1515
1355
1299
1349
1312
1086
776
554
431
263
75
0
30
-41
-293
-589
-732
-747
-804
-945
-1138
-1225
-1174
-1102
-1115
-1134
-1097
-1078
-1151
-1249
-1094
-833
-650
-670
-737
-682
-576
-505
-538
-553
-516
-434
-405
-439
-427
-338
-271
-310
-363
-306
-182
-161
-272
-347
-296
-205
-226
-365
-484
-561
-635
-735
-804
-770
-737
-771
-904
-1001
-974
-833
-682
-612
-599
-597
-559
-490
-365
-193
-19
57
-8
-91
-51
155
459
747
905
857
718
656
696
740
788
918
1027
949
700
528
565
613
477
238
100
80
48
-90
-303
-503
-621
-666
-746
-830
-739
-478
-329
-454
-566
-328
108
339
336
423
775
1176
1437
1631
1803
1890
1854
1786
1844
2036
2221
2256
2036
1669
1390
1309
1284
1125
876
674
500
215
-120
-295
-355
-526
-853
-1129
-1201
-1173
-1223
-1358
-1481
-1533
-1510
-1423
-1296
-1167
-1007
-857
-774
-726
-546
-254
-32
16
15
128
288
366
359
392
416
351
206
123
127
155
88
-82
-304
-490
-542
-520
-557
-676
-793
-861
-941
-1002
-1014
-972
-976
-1037
-1110
-1113
-1029
-942
-833
-727
-697
-681
-595
-442
-322
-227
-94
58
186
308
432
526
559
564
611
694
757
775
772
766
738
667
579
475
396
321
255
197
144
98
47
8
42
171
303
334
284
264
312
365
356
365
477
611
612
516
507
602
660
593
507
474
480
459
363
227
101
36
-32
-153
-262
-248
-181
-227
-404
-531
-501
-419
-435
-562
-646
-576
-414
-310
-309
-314
-267
-252
-313
-320
-153
79
189
140
45
11
66
122
130
126
149
192
161
87
116
228
242
129
50
68
93
76
91
148
164
138
136
182
218
196
157
140
151
194
239
173
4
-167
-213
-175
-114
-44
26
6
-105
-203
-201
-117
-66
-54
-113
-140
-121
-106
-108
-150
-184
-258
-388
-464
-407
-262
-158
-169
-202
-221
-231
-182
-71
58
113
137
212
318
372
335
323
355
401
434
461
432
331
250
269
326
314
193
46
-64
-118
-118
-75
-79
-199
-353
-454
-523
-588
-604
-592
-614
-648
-601
-467
-419
-471
-495
-445
-409
-410
-347
-232
-150
-99
-28
53
130
164
139
92
116
243
367
351
193
10
-111
-186
-231
-224
-170
-146
-213
-332
-422
-431
-385
-347
-325
-299
-245
-181
-127
-58
41
137
186
173
124
169
325
504
612
666
722
741
727
725
785
862
894
875
869
888
907
910
900
839
714
588
543
541
484
371
235
131
55
-7
-45
-118
-241
-329
-354
-340
-363
-413
-424
-439
-435
-421
-372
-314
-287
-220
-148
-69
12
78
146
150
176
241
352
399
415
443
458
456
374
336
318
298
235
122
18
-85
-189
-283
-368
-476
-588
-689
-755
-838
-914
-957
-953
-990
-1065
-1119
-1089
-1020
-969
-888
-836
-790
-765
-686
-591
-506
-426
-367
-325
-306
-281
-220
-151
-119
-145
-186
-211
-162
-29
133
263
317
313
277
246
234
246
277
294
277
238
230
248
267
270
244
210
204
259
326
324
265
235
265
303
331
377
446
481
441
392
404
473
519
492
410
362
368
398
426
406
352
285
238
219
222
215
198
143
60
-5
13
65
35
-56
-92
-17
46
44
22
38
77
112
144
202
293
376
386
345
332
356
396
414
422
402
375
340
307
289
235
136
20
-62
-100
-134
-154
-166
-194
-270
-336
-373
-397
-396
-402
-364
-349
-354
-343
-322
-305
-320
-299
-283
-295
-354
-405
-411
-387
-378
-436
-484
-526
-562
-605
-612
-578
-522
-519
-583
-645
-655
-630
-603
-599
-590
-576
-568
-568
-560
-493
-424
-365
-295
-219
-132
-58
20
123
263
395
485
564
630
694
743
776
806
830
859
912
987
1038
1027
984
933
890
830
757
678
598
502
373
275
194
106
10
-92
-206
-328
-415
-461
-505
-587
-693
-777
-823
-814
-758
-706
-672
-662
-621
-536
-451
-378
-328
-277
-232
-171
-70
40
114
156
182
202
230
249
282
316
360
384
386
385
388
394
384
361
323
291
284
279
286
335
389
375
300
219
188
183
146
69
12
-17
-59
-87
-81
-62
-79
-103
-128
-117
-66
-19
-49
-159
-239
-216
-162
-156
-179
-162
-118
-101
-103
-96
-76
-45
-34
-23
41
80
148
135
114
139
184
234
237
203
166
148
152
190
200
195
175
117
71
74
108
134
127
109
93
69
43
28
32
38
20
-32
-81
-117
-131
-140
-153
-162
-168
-167
-190
-214
-221
-216
-209
-206
-220
-245
-282
-326
-350
-357
-337
-294
-257
-264
-319
-386
-399
-395
-421
-474
-505
-512
-493
-456
-406
-341
-304
-306
-360
-383
-321
-199
-127
-135
-157
-169
-161
-140
-75
22
99
130
127
161
225
291
316
305
296
272
282
302
329
346
321
291
232
183
154
129
75
11
9
17
-11
-78
-121
-115
-95
-76
-63
-57
-57
-28
45
125
210
303
388
451
504
556
611
666
732
810
849
856
860
872
898
907
902
882
869
859
848
829
794
766
725
674
600
529
460
370
288
184
49
-88
-153
-162
-225
-317
-431
-490
-525
-591
-655
-694
-713
-746
-793
-804
-814
-829
-861
-888
-882
-907
-914
-911
-902
-887
-838
-790
-735
-680
-653
-613
-561
-496
-451
-403
-350
-302
-243
-199
-170
-155
-158
-163
-159
-126
-67
-39
-37
-39
-38
-42
-12
43
102
124
112
143
187
218
223
232
216
160
133
141
173
187
157
124
112
59
5
3
5
6
-33
-90
-135
-176
-210
-230
-235
-215
-190
-147
-123
-111
-104
-135
-149
-145
-117
-76
-46
-21
13
79
130
184
207
243
311
351
399
439
523
595
638
688
749
798
804
825
884
940
973
966
958
963
989
1023
1017
974
906
859
818
738
670
630
598
485
349
244
169
93
-28
-130
-249
-345
-457
-517
-567
-619
-675
-741
-749
-790
-788
-804
-790
-782
-756
-719
-692
-642
-616
-593
-578
-539
-491
-439
-418
-407
-388
-348
-318
-304
-287
-254
-233
-227
-214
-199
-165
-156
-140
-149
-167
-187
-202
-196
-210
-241
-262
-281
-286
-294
-306
-311
-313
-303
-262
-255
-242
-219
-180
-128
-52
16
65
79
97
126
162
215
253
275
286
312
354
397
435
466
463
410
343
323
342
326
284
252
233
185
120
84
66
27
-36
-79
-116
-163
-212
-230
-252
-277
-273
-244
-210
-192
-145
-91
-46
7
65
100
100
103
136
204
255
307
348
338
305
270
265
277
292
285
279
264
241
238
248
259
260
248
237
229
208
177
162
178
197
217
194
180
179
175
152
102
85
67
71
68
58
48
32
27
43
47
35
12
-18
-42
-33
-20
-26
-68
-129
-159
-194
-204
-232
-207
-213
-248
-270
-270
-219
-195
-173
-171
-180
-203
-225
-221
-205
-209
-221
-230
-228
-224
-222
-217
-229
-222
-195
-172
-144
-104
-73
-50
-35
-10
25
36
38
16
29
73
121
121
90
69
50
25
13
27
46
60
51
71
79
77
79
104
123
126
146
155
152
149
148
119
67
29
16
-27
-90
-140
-182
-244
-322
-390
-432
-457
-495
-511
-534
-567
-582
-598
-616
-631
-637
-651
-642
-596
-530
-467
-414
-360
-285
-184
-104
-40
34
104
170
234
311
412
494
562
604
615
637
653
653
635
611
601
589
575
546
521
494
448
390
326
296
300
311
296
266
250
259
265
268
269
258
248
222
223
232
221
217
211
192
181
204
217
226
235
259
281
273
242
248
253
246
203
169
148
86
54
14
24
17
0
-45
-111
-140
-167
-171
-201
-228
-252
-240
-242
-241
-246
-226
-244
-266
-268
-271
-233
-234
-221
-218
-214
-214
-221
-245
-269
-266
-267
-275
-304
-332
-371
-408
-448
-442
-430
-437
-455
-469
-485
-504
-507
-502
-499
-501
-491
-487
-495
-507
-501
-461
-443
-425
-375
-285
-211
-159
-83
0
58
76
84
101
121
131
140
145
136
128
120
118
123
140
158
139
106
101
118
118
111
97
95
122
144
168
190
222
228
212
229
228
224
195
177
197
219
240
249
273
317
323
309
316
323
333
304
284
286
310
340
360
361
369
355
323
317
334
374
385
388
383
379
376
388
399
396
387
379
402
410
414
406
398
371
345
326
310
296
258
229
201
183
151
91
66
58
17
-11
-52
-87
-135
-182
-217
-283
-318
-366
-399
-443
-497
-553
-586
-610
-625
-662
-680
-670
-714
-712
-714
-671
-649
-631
-623
-620
-561
-511
-470
-462
-421
-397
-372
-359
-336
-304
-288
-258
-247
-227
-220
-216
-206
-193
-169
-114
-78
-59
-62
-38
-2
6
14
24
52
64
86
123
130
135
154
165
175
187
207
257
289
288
300
311
294
257
244
253
240
203
148
115
99
82
69
40
1
-28
-62
-95
-129
-136
-140
-143
-141
-143
-131
-102
-62
-54
-41
-15
10
21
32
65
106
140
156
177
208
232
262
275
295
322
375
406
407
404
415
451
459
464
495
510
508
488
475
464
461
449
406
357
311
291
266
222
183
151
121
87
45
14
-22
-57
-61
-85
-112
-129
-123
-128
-150
-167
-160
-157
-162
-174
-190
-185
-164
-170
-200
-215
-192
-157
-130
-124
-141
-135
-165
-169
-183
-188
-173
-174
-187
-236
-283
-298
-315
-325
-292
-280
-259
-263
-283
-282
-274
-260
-263
-276
-272
-268
-250
-237
-205
-185
-178
-202
-199
-189
-132
-108
-111
-92
-89
-81
-85
-74
-37
-2
22
24
24
33
37
34
18
19
15
-4
-28
-47
-66
-88
-96
-80
-60
-62
-88
-83
-84
-83
-76
-82
-69
-65
-58
-44
-28
5
39
52
54
54
68
84
83
69
59
50
43
35
36
56
69
95
93
79
59
56
54
58
68
96
127
145
143
142
166
175
181
183
198
200
216
225
254
296
310
333
340
355
370
401
441
473
474
481
487
485
487
488
495
492
476
458
429
399
400
370
358
350
312
290
232
215
182
145
117
85
63
-2
-47
-109
-118
-130
-147
-197
-251
-260
-302
-317
-363
-366
-374
-387
-378
-400
-392
-407
-422
-435
-467
-481
-490
-472
-479
-499
-506
-514
-495
-510
-494
-473
-464
-443
-431
-421
-411
-394
-365
-329
-273
-233
-225
-225
-208
-188
-148
-126
-99
-75
-77
-67
-61
-46
-34
-22
-12
-10
2
7
24
23
4
0
-19
-38
-45
-44
-32
-34
-35
-37
-38
-55
-74
-72
-62
-62
-54
-36
-26
-19
-9
10
35
63
83
81
89
105
142
176
191
199
211
218
216
227
240
265
268
264
268
283
299
321
340
350
370
395
414
415
418
433
419
418
430
418
395
394
410
414
405
380
365
369
342
342
352
357
356
328
316
291
281
258
234
224
183
152
98
77
56
28
4
-33
-64
-89
-95
-115
-129
-164
-203
-231
-265
-270
-289
-295
-282
-289
-280
-291
-280
-274
-267
-235
-220
-217
-205
-206
-205
-176
-173
-138
-110
-116
-127
-154
-147
-154
-177
-183
-197
-220
-244
-267
-313
-334
-343
-372
-408
-446
-471
-498
-508
-514
-521
-514
-516
-528
-528
-510
-479
-461
-445
-419
-392
-376
-366
-334
-296
-257
-231
-193
-160
-125
-95
-48
19
59
101
135
169
209
231
249
279
311
334
356
369
390
404
418
415
418
431
432
432
423
407
395
382
358
348
339
334
310
288
268
251
237
224
215
207
195
192
197
191
174
175
173
184
175
186
197
180
177
176
177
172
174
160
170
151
153
131
113
121
86
73
42
35
14
10
5
23
41
31
33
4
-1
-13
-17
-14
-10
-6
-20
-3
-23
-29
-37
-32
-15
-6
-6
-27
-25
-24
-38
-33
-21
12
15
9
21
16
13
-2
-29
-29
-33
-36
-71
-116
-152
-173
-168
-184
-200
-211
-235
-254
-277
-291
-306
-316
-355
-377
-380
-373
-389
-439
-436
-432
-411
-399
-377
-347
-321
-303
-295
-265
-225
-175
-142
-124
-104
-57
-14
5
2
13
45
62
73
75
87
84
76
40
14
15
7
2
-39
-33
-33
-44
-86
-104
-77
-88
-99
-104
-85
-74
-87
-68
-57
-32
4
28
41
53
80
112
119
136
162
203
231
256
277
315
329
318
320
340
362
361
359
364
365
378
379
365
353
334
304
263
234
210
184
169
146
118
104
75
43
22
-13
-37
-38
-22
-31
-71
-78
-92
-83
-82
-66
-28
-11
8
16
25
19
52
69
97
127
133
135
125
136
132
153
158
146
151
150
151
148
145
132
137
131
128
122
126
107
69
31
28
30
19
12
-10
-11
-46
-76
-111
-137
-154
-169
-180
-200
-223
-246
-263
-265
-293
-320
-324
-323
-336
-374
-404
-389
-358
-363
-378
-376
-367
-355
-354
-346
-328
-329
-323
-326
-324
-304
-277
-261
-252
-233
-223
-213
-217
-224
-216
-211
-192
-189
-170
-161
-137
-128
-120
-83
-53
-27
-10
-2
17
41
49
60
68
107
125
134
155
177
219
242
227
239
260
274
296
296
295
289
275
272
274
281
285
264
245
243
210
194
186
179
178
163
158
161
149
145
118
111
114
134
131
119
121
134
150
137
144
136
153
158
179
209
220
228
214
211
194
197
228
235
240
231
229
235
199
179
174
171
164
173
168
144
130
114
82
54
38
5
-17
-51
-70
-81
-106
-125
-146
-168
-186
-204
-223
-223
-215
-200
-198
-216
-230
-217
-225
-230
-235
-208
-192
-199
-220
-200
-181
-186
-172
-188
-179
-181
-186
-183
-188
-181
-174
-182
-208
-216
-210
-205
-200
-211
-213
-201
-188
-203
-212
-209
-209
-203
-208
-213
-207
-210
-225
-230
-242
-230
-226
-225
-204
-206
-175
-164
-162
-183
-175
-139
-120
-104
-89
-43
-18
-1
3
16
45
54
58
78
114
136
142
151
161
187
218
214
246
271
288
314
322
343
350
351
362
367
371
374
364
352
352
337
325
299
285
296
303
294
276
265
248
229
200
188
174
148
111
68
43
30
10
-6
-12
4
10
4
6
-3
11
6
-3
0
-6
-3
-3
-1
-2
-11
-13
-12
-28
-25
-25
-6
9
0
0
-8
-17
-36
-60
-61
-60
-54
-63
-74
-71
-63
-61
-88
-103
-98
-90
-92
-103
-108
-91
-98
-113
-110
-110
-107
-111
-116
-116
-111
-113
-135
-137
-123
-130
-136
-158
-161
-165
-163
-166
-182
-166
-168
-165
-183
-193
-177
-182
-183
-183
-177
-151
-154
-157
-144
-119
-100
-105
-92
-87
-65
-61
-45
-15
16
45
35
48
35
56
87
105
123
113
133
131
132
144
141
148
125
114
112
120
121
102
90
67
66
48
24
-1
-3
18
-2
-14
-43
-35
-21
-53
-58
-56
-62
-61
-58
-61
-34
-27
-26
-8
-8
4
21
33
28
44
46
48
45
35
68
75
75
71
75
66
76
81
81
99
94
89
102
97
81
88
91
100
136
124
112
118
114
135
134
134
134
125
126
156
153
147
147
117
107
83
88
81
77
87
97
106
82
69
48
25
6
24
27
7
-11
-12
-1
-13
-30
-43
-32
-26
-31
-33
-26
-21
-19
-22
-26
-34
-32
-46
-56
-47
-39
-31
-37
-51
-67
-54
-52
-65
-67
-67
-72
-91
-116
-126
-119
-127
-155
-170
-180
-180
-183
-188
-195
-192
-185
-181
-171
-185
-183
-177
-185
-198
-190
-177
-186
-206
-209
-191
-190
-201
-211
-198
-181
-185
-192
-175
-153
-146
-135
-123
-114
-117
-123
-93
-62
-35
-20
-2
9
15
42
79
97
97
110
137
161
170
176
170
164
169
176
194
213
214
192
174
177
170
165
167
165
168
158
149
141
140
128
122
123
112
109
106
96
94
102
97
88
79
78
90
103
103
109
117
125
127
128
135
137
142
153
163
176
178
165
157
155
150
149
154
153
153
148
132
133
133
120
107
92
83
77
63
38
31
21
8
2
-10
-14
-22
-39
-56
-62
-54
-60
-63
-70
-83
-89
-98
-112
-123
-134
-137
-143
-164
-173
-183
-195
-198
-209
-219
-235
-261
-278
-286
-297
-306
-313
-318
-327
-325
-320
-325
-318
-312
-308
-305
-305
-292
-275
-266
-253
-238
-218
-201
-187
-167
-143
-122
-99
-85
-69
-49
-31
-17
7
37
55
72
80
89
101
115
125
138
149
154
148
131
129
135
148
150
149
160
165
164
155
155
159
148
147
146
147
149
142
148
152
143
136
132
139
147
157
159
167
177
174
170
169
169
165
160
149
137
135
126
119
115
102
97
95
97
85
74
63
54
56
58
55
53
46
48
56
55
57
51
55
50
53
68
81
82
73
71
74
80
81
72
62
50
40
27
20
15
7
0
-18
-35
-49
-64
-87
-103
-112
-122
-134
-150
-167
-180
-185
-197
-210
-217
-230
-237
-243
-250
-258
-257
-260
-264
-262
-262
-254
-247
-240
-227
-221
-212
-200
-203
-197
-184
-167
-141
-129
-119
-108
-94
-78
-60
-41
-34
-30
-28
-10
8
26
44
55
66
76
86
90
105
117
125
130
131
145
149
148
155
164
166
163
162
156
151
153
155
158
156
152
137
124
111
105
97
89
82
70
63
46
38
22
5
-14
-32
-38
-58
-72
-78
-86
-95
-94
-102
-109
-112
-115
-111
-114
-112
-108
-105
-102
-98
-84
-71
-69
-62
-45
-33
-14
5
22
47
63
85
101
116
137
155
165
178
201
215
225
223
220
216
212
210
205
204
199
187
178
175
168
152
139
127
100
88
79
72
60
37
23
2
-11
-16
-18
-20
-41
-65
-80
-94
-103
-105
-108
-114
-119
-131
-138
-146
-143
-144
-149
-155
-163
-165
-166
-162
-161
-157
-158
-154
-147
-141
-146
-141
-135
-137
-136
-134
-127
-132
-133
-123
-109
-96
-80
-67
-68
-60
-44
-22
5
14
25
34
32
32
37
51
56
58
57
59
60
52
48
42
35
28
19
8
-2
-15
-23
-29
-48
-61
-73
-82
-85
-84
-83
-82
-85
-87
-86
-86
-79
-70
-60
-60
-59
-52
-34
-17
-6
7
10
18
34
43
50
61
71
77
87
98
106
119
130
138
143
140
134
144
146
156
171
179
180
176
174
171
168
170
171
172
173
175
171
166
155
140
134
137
133
134
143
139
132
132
128
122
100
81
65
60
59
46
28
15
-4
-27
-40
-58
-68
-79
-96
-109
-126
-145
-156
-164
-169
-171
-173
-169
-165
-159
-150
-148
-145
-147
-147
-144
-139
-124
-109
-97
-93
-88
-88
-84
-82
-81
-79
-81
-81
-78
-73
-77
-86
-98
-98
-97
-100
-100
-103
-115
-125
-130
-134
-142
-143
-146
-150
-149
-140
-123
-112
-109
-108
-110
-108
-94
-75
-54
-38
-22
-10
3
19
31
54
69
77
89
108
125
142
155
164
175
183
191
192
190
189
188
186
186
187
182
172
162
153
145
140
130
120
111
97
86
76
70
60
45
40
35
34
23
15
18
15
7
-1
-9
-21
-21
-24
-25
-18
-15
-8
-5
1
6
13
6
4
6
7
8
4
4
-1
4
10
8
4
7
18
24
25
31
32
28
33
34
36
38
40
31
26
19
8
8
4
-1
-5
-5
-8
-17
-23
-25
-31
-41
-37
-42
-49
-58
-65
-69
-82
-98
-108
-112
-115
-120
-126
-128
-133
-142
-146
-145
-152
-157
-164
-164
-163
-155
-148
-146
-142
-142
-144
-137
-125
-117
-103
-89
-77
-59
-45
-38
-25
-11
5
24
41
55
69
75
83
100
113
131
145
163
173
176
180
183
184
185
189
188
189
190
191
183
177
161
139
132
123
107
93
85
85
75
53
41
33
21
2
-13
-34
-53
-68
-84
-89
-95
-108
-115
-115
-114
-116
-115
-120
-123
-123
-124
-122
-110
-94
-87
-79
-71
-64
-63
-64
-57
-47
-38
-35
-26
-24
-24
-15
-10
-8
-3
1
-1
7
3
-6
-5
-3
-7
-5
17
18
24
29
24
28
32
28
28
35
30
34
48
46
48
59
65
80
94
95
101
114
106
105
106
107
98
94
84
75
82
74
65
78
83
75
73
66
59
55
56
56
56
50
32
16
9
6
-3
-8
-14
-14
-23
-32
-35
-46
-47
-50
-58
-64
-71
-81
-84
-86
-96
-107
-115
-112
-113
-112
-121
-131
-125
-141
-149
-144
-137
-124
-117
-111
-113
-108
-101
-103
-112
-114
-111
-96
-85
-75
-58
-45
-33
-28
-14
-7
-3
3
13
29
38
42
39
43
48
43
42
45
59
68
69
75
71
69
61
54
48
41
33
27
23
19
16
8
5
-4
-16
-23
-32
-29
-29
-32
-26
-20
-20
-26
-26
-24
-22
-22
-16
-3
2
11
21
33
48
52
65
75
89
105
121
127
135
146
151
159
160
166
170
169
170
176
184
190
187
178
176
169
159
153
146
142
128
115
104
93
87
71
54
42
29
9
-4
-12
-24
-44
-56
-66
-80
-97
-112
-124
-135
-135
-130
-131
-144
-154
-162
-178
-193
-202
-201
-195
-197
-201
-196
-200
-199
-194
-192
-196
-196
-186
-177
-169
-156
-148
-141
-133
-127
-123
-110
-98
-90
-79
-61
-46
-40
-30
-24
-14
-4
5
11
14
19
23
29
38
47
52
47
48
46
53
65
70
69
61
64
59
54
50
49
47
39
41
49
59
67
71
63
62
59
55
59
56
55
59
64
70
69
69
68
73
82
84
86
96
108
115
122
123
126
122
116
118
112
107
103
102
101
101
92
86
84
79
82
83
84
75
67
55
40
33
33
36
38
33
23
12
2
-10
-16
-20
-33
-44
-48
-52
-61
-65
-68
-70
-78
-86
-91
-95
-91
-91
-92
-90
-92
-95
-101
-108
-109
-103
-98
-91
-87
-81
-70
-70
-73
-73
-73
-66
-61
-62
-61
-60
-55
-47
-42
-38
-39
-41
-45
-47
-50
-51
-50
-53
-60
-61
-58
-59
-68
-72
-69
-75
-76
-80
-76
-68
-68
-61
-50
-40
-29
-24
-25
-17
-14
-7
8
14
26
34
42
48
50
58
70
72
85
93
95
107
108
113
116
117
117
121
118
115
124
127
124
119
116
107
98
89
79
74
68
67
61
59
63
64
54
43
26
11
6
-3
-12
-19
-11
-16
-17
-13
-16
-16
-22
-23
-19
-19
-27
-34
-33
-32
-29
-26
-23
-23
-24
-22
-21
-25
-24
-23
-33
-37
-40
-43
-39
-41
-49
-45
-47
-51
-55
-53
-50
-45
-40
-40
-42
-46
-41
-37
-35
-36
-23
-12
-9
-10
-4
1
4
5
1
4
-2
4
7
12
21
27
25
24
23
23
19
15
15
19
21
16
13
17
21
22
24
23
21
23
25
31
33
35
34
33
34
30
26
26
24
22
16
16
17
18
16
11
1
-2
-2
-9
-10
-2
-3
-7
-13
-21
-20
-25
-28
-33
-33
-34
-33
-32
-37
-43
-53
-62
-61
-60
-58
-57
-59
-68
-66
-68
-69
-67
-68
-70
-71
-73
-71
-67
-62
-58
-55
-48
-37
-29
-16
-6
-3
2
2
11
16
24
34
44
54
51
51
58
58
57
52
55
60
56
63
62
60
60
59
60
57
54
55
54
48
49
50
51
44
38
37
35
24
17
18
18
17
12
11
1
1
4
5
6
10
13
18
14
14
19
20
22
22
23
20
21
25
23
29
32
38
47
44
42
41
37
43
50
46
46
47
33
28
29
22
27
25
22
15
13
13
6
2
-2
-6
-18
-21
-28
-36
-42
-49
-46
-57
-67
-74
-78
-78
-82
-81
-83
-86
-100
-114
-117
-122
-126
-126
-132
-127
-128
-132
-131
-128
-124
-122
-119
-110
-109
-106
-98
-92
-83
-76
-66
-54
-49
-35
-18
-4
11
21
26
32
33
40
46
58
69
80
85
83
85
86
92
94
97
101
99
93
87
89
90
86
83
79
77
79
76
77
79
78
74
66
56
53
48
42
40
41
31
28
38
33
26
22
26
24
16
15
23
24
23
29
26
22
18
19
20
19
15
12
9
4
-3
-6
-11
-14
-12
-15
-22
-28
-25
-23
-19
-13
-14
-19
-28
-25
-26
-31
-29
-27
-25
-17
-10
-8
-10
-8
-10
-20
-17
-16
-17
-13
-14
-20
-23
-23
-19
-23
-21
-23
-30
-33
-34
-28
-24
-16
-17
-26
-23
-24
-26
-33
-37
-37
-32
-32
-32
-26
-29
-37
-43
-42
-37
-36
-33
-30
-30
-24
-24
-23
-16
-13
-8
-5
-6
-4
-8
-13
-14
-8
3
7
-1
-3
-2
0
-1
-4
-1
-3
-6
-9
-10
-6
-7
-7
-7
-1
-2
3
12
11
13
21
28
32
38
39
35
33
38
38
31
33
37
32
31
33
37
51
55
56
55
53
48
47
45
43
39
37
47
47
46
51
47
35
27
29
28
30
27
23
14
9
4
-4
-8
-12
-13
-15
-20
-23
-28
-33
-45
-47
-54
-54
-55
-58
-59
-68
-69
-70
-66
-63
-64
-59
-65
-60
-52
-50
-41
-37
-26
-18
-18
-16
-13
-6
2
10
16
17
15
16
18
19
32
44
54
54
54
54
59
63
64
69
65
64
61
65
70
78
80
78
77
71
67
63
58
44
37
32
28
18
8
-1
-6
-3
-7
-11
-18
-30
-33
-41
-53
-59
-70
-74
-80
-87
-85
-85
-88
-93
-101
-102
-97
-95
-94
-95
-95
-91
-88
-83
-77
-71
-62
-60
-52
-42
-35
-28
-20
-16
-12
-4
7
17
17
22
23
27
29
33
34
35
40
42
46
45
46
45
41
35
24
14
13
8
3
7
5
3
6
9
8
11
14
17
13
13
17
20
21
21
31
31
31
33
31
32
32
23
22
29
29
33
33
36
42
49
51
49
50
51
54
60
68
70
68
65
63
64
60
50
46
42
36
30
30
30
28
23
11
4
1
-10
-19
-23
-27
-33
-39
-37
-37
-37
-40
-38
-36
-43
-44
-45
-39
-34
-40
-45
-49
-51
-49
-52
-45
-45
-45
-46
-50
-55
-52
-43
-43
-40
-40
-40
-33
-30
-21
-21
-20
-20
-24
-26
-30
-23
-21
-6
0
1
3
2
1
-10
-16
-22
-25
-25
-20
-26
-32
-37
-45
-44
-46
-44
-42
-40
-34
-28
-20
-14
-8
-7
-5
-5
-4
6
2
8
15
21
33
34
33
34
36
36
37
37
32
36
38
35
41
47
53
54
57
52
46
43
43
44
45
42
41
48
53
55
53
54
61
64
61
59
58
58
56
54
50
52
52
48
40
28
22
19
11
-4
-13
-19
-33
-41
-37
-38
-40
-40
-43
-46
-45
-52
-55
-51
-50
-47
-45
-49
-51
-51
-54
-52
-44
-49
-47
-42
-42
-37
-37
-37
-36
-36
-34
-26
-23
-14
-5
-2
3
7
9
19
22
24
29
27
25
27
36
38
40
35
28
21
16
11
6
13
6
-1
-10
-19
-21
-22
-26
-26
-22
-19
-14
-11
-5
-3
-4
-4
-2
3
5
6
6
5
1
-2
-7
-10
-13
-16
-12
-11
-12
-15
-22
-20
-18
-18
-16
-15
-13
-11
-7
-3
-3
-1
1
4
6
8
11
17
22
26
35
38
37
34
26
25
22
23
26
21
23
24
26
27
21
19
20
20
19
18
18
18
18
13
12
11
8
0
-3
-6
-9
-10
-14
-14
-14
-18
-22
-26
-33
-33
-33
-33
-31
-32
-26
-24
-21
-20
-19
-14
-18
-24
-30
-30
-27
-23
-14
-6
-4
-1
5
4
3
12
15
16
14
18
17
12
8
3
7
3
8
9
7
8
7
11
18
23
22
15
9
8
5
8
7
10
7
1
7
10
14
18
12
9
17
16
16
16
16
20
16
11
10
14
16
17
17
20
18
12
13
13
12
8
9
13
11
10
11
8
9
11
4
-5
-9
-12
-16
-23
-23
-26
-28
-28
-24
-23
-27
-23
-25
-27
-31
-35
-43
-42
-39
-39
-39
-37
-38
-37
-30
-32
-29
-21
-13
-10
-5
-8
-7
-8
-11
-8
-6
-3
-3
1
5
6
3
-1
4
7
10
9
4
10
5
-4
-9
-12
-12
-13
-17
-15
-14
-17
-19
-17
-5
-4
-5
-1
-5
-3
-1
1
2
9
9
9
19
23
27
35
42
49
55
52
50
48
51
53
47
49
48
42
41
37
37
29
24
26
21
18
17
18
21
24
19
16
17
15
15
14
18
19
15
14
11
7
-1
-3
-3
-10
-13
-10
-14
-18
-16
-23
-23
-26
-30
-28
-37
-41
-48
-47
-49
-49
-38
-31
-31
-34
-34
-33
-23
-23
-16
-12
-13
-17
-25
-21
-21
-36
-31
-20
-21
-19
-22
-16
-10
-11
-11
-6
0
4
6
17
28
28
25
25
28
24
18
8
3
9
7
5
4
-2
-6
-9
-16
-21
-19
-17
-19
-16
-14
-13
-14
-16
-15
-14
-13
-14
-7
-1
1
3
2
3
10
16
17
27
31
27
23
21
14
11
9
5
4
5
9
16
18
20
33
29
14
12
19
20
19
11
14
16
11
16
25
30
28
26
21
18
25
24
21
26
21
18
12
5
8
11
6
1
1
7
6
1
-3
-4
-8
-19
-15
-14
-10
-19
-23
-16
-17
-18
-20
-20
-22
-23
-26
-30
-36
-42
-46
-41
-37
-32
-30
-26
-25
-25
-21
-21
-18
-12
-17
-17
-16
-18
-13
-12
-13
-8
-8
-10
-11
-10
-14
-10
-8
-10
-12
-21
-28
-29
-29
-17
-11
-8
0
8
19
21
25
29
27
33
37
39
42
52
60
63
71
75
77
80
72
69
66
61
63
59
54
50
47
45
37
31
25
17
15
3
-8
-16
-22
-19
-22
-21
-24
-33
-34
-42
-40
-42
-44
-51
-55
-59
-67
-69
-71
-63
-59
-55
-49
-54
-52
-41
-39
-38
-32
-30
-30
-33
-32
-21
-8
-2
3
6
4
2
7
12
13
17
18
21
23
21
16
8
5
5
7
5
6
6
3
-1
-6
-8
-5
-1
2
5
0
-4
-2
-1
-2
-3
2
6
5
8
9
12
12
12
9
8
6
13
13
16
14
9
8
10
7
5
10
8
12
17
24
27
26
32
32
31
36
42
53
57
53
53
48
45
41
36
36
36
37
32
30
21
13
8
1
0
-4
-5
-6
-8
-13
-24
-27
-29
-34
-33
-34
-35
-36
-41
-36
-31
-27
-20
-20
-16
-14
-15
-16
-17
-17
-15
-13
-16
-18
-17
-19
-21
-24
-27
-25
-25
-29
-31
-32
-30
-35
-35
-34
-31
-28
-34
-29
-25
-23
-26
-29
-27
-32
-32
-32
-26
-20
-16
-12
-13
-8
-8
-11
-13
-13
-9
0
7
11
13
14
16
15
10
8
12
11
13
21
23
25
25
26
30
37
42
41
45
40
38
44
44
42
38
37
36
30
27
28
25
23
20
16
19
17
17
18
13
13
17
20
24
26
32
34
38
43
47
47
47
47
49
42
31
30
26
23
23
18
9
9
-1
-9
-10
-15
-16
-21
-27
-34
-40
-47
-53
-55
-52
-51
-54
-53
-54
-61
-69
-71
-69
-66
-60
-53
-46
-41
-41
-38
-35
-38
-35
-35
-36
-30
-32
-33
-31
-28
-25
-20
-17
-6
0
-2
-2
-2
3
5
5
-2
-1
4
10
7
4
8
11
9
11
13
16
17
15
14
14
16
15
12
14
16
17
21
25
26
22
22
25
29
33
33
40
46
48
46
41
39
31
25
23
17
13
9
10
10
8
7
5
7
4
4
1
1
6
7
15
11
8
4
2
7
1
-2
6
10
7
6
6
10
1
10
12
10
10
5
7
7
-5
-10
-10
-8
-14
-18
-17
-20
-16
-14
-16
-15
-15
-17
-20
-18
-14
-16
-14
-12
-12
-13
-17
-20
-20
-19
-22
-22
-20
-22
-25
-29
-30
-27
-31
-29
-28
-33
-35
-39
-36
-37
-28
-23
-24
-19
-16
-15
-11
-4
-1
3
10
7
5
8
11
9
7
17
14
15
14
12
12
17
26
25
31
31
29
29
28
34
33
35
39
43
45
45
41
39
39
33
31
29
29
23
18
17
11
9
4
1
-3
-3
-6
-14
-13
-9
-9
-7
-7
-6
-7
-1
0
3
5
0
-1
-1
-1
0
1
-2
-3
-4
-9
-14
-20
-20
-20
-26
-26
-24
-26
-33
-36
-39
-46
-42
-40
-35
-22
-29
-29
-23
-20
-20
-20
-17
-8
6
8
12
20
24
23
20
16
14
13
12
12
15
13
11
7
3
-2
-9
-6
-5
-8
-1
-3
2
6
3
2
-3
-3
-4
-3
-4
0
7
6
5
8
11
7
9
7
4
7
7
1
-3
-6
-9
-10
-12
-8
-7
-10
-5
-2
5
9
9
16
25
26
31
37
42
43
37
41
39
39
37
33
29
24
22
15
9
6
-1
-2
-6
-12
-21
-24
-20
-19
-23
-29
-28
-22
-19
-17
-17
-17
-18
-14
-11
-10
-2
-2
-7
-7
-8
-6
-8
-8
-11
-12
-11
-13
-20
-23
-30
-39
-39
-35
-25
-22
-16
-19
-19
-20
-24
-21
-18
-13
-3
-1
4
7
5
7
7
8
9
8
11
9
13
17
15
12
15
13
16
19
14
13
10
8
8
9
10
3
-3
5
10
13
16
14
17
17
18
30
24
18
27
31
26
21
17
19
19
11
10
11
7
-3
-12
-13
-15
-13
-12
-11
-14
-20
-24
-24
-24
-20
-17
-11
-10
-12
-8
-7
-5
1
3
10
13
17
22
23
21
18
18
12
6
3
1
1
4
10
9
10
6
1
1
1
0
3
9
7
4
4
-2
-2
-1
-5
-8
-9
-19
-16
-7
-18
-29
-31
-29
-27
-31
-37
-34
-35
-42
-47
-44
-39
-43
-43
-38
-35
-27
-26
-21
-15
-9
-6
-9
-4
-3
0
5
7
13
17
17
22
25
24
27
22
22
29
23
26
23
26
29
31
35
32
33
29
30
30
27
30
27
23
20
22
25
26
27
28
24
16
14
10
10
10
4
2
0
-4
-9
-8
-14
-12
-12
-18
-15
-21
-25
-25
-22
-18
-16
-12
-7
-6
-7
-8
-5
-7
-9
-3
2
7
9
12
16
18
15
15
16
12
11
11
7
7
2
-4
-5
-3
-4
-4
-2
-2
-1
-6
-11
-20
-25
-31
-33
-39
-42
-43
-48
-47
-53
-53
-51
-52
-53
-51
-48
-45
-47
-45
-36
-32
-23
-13
-6
4
10
14
23
25
32
34
38
41
41
48
48
52
50
51
53
53
53
51
51
43
34
31
25
22
17
12
10
5
1
-4
-6
-9
-8
-9
-7
-7
-10
-10
-7
-5
-2
2
3
4
1
-2
-1
-4
-3
2
1
0
0
3
0
-3
-9
-12
-15
-17
-13
-16
-13
-9
0
6
7
8
4
8
11
10
13
16
20
19
18
22
22
20
18
14
16
15
11
3
0
-2
-3
-9
-11
-11
-19
-19
-22
-19
-19
-23
-22
-28
-36
-36
-42
-43
-40
-39
-39
-41
-42
-43
-39
-42
-43
-45
-47
-40
-38
-34
-35
-34
-29
-24
-20
-14
-13
-9
1
-1
6
8
14
23
27
31
42
49
50
59
60
65
67
66
68
71
65
66
68
62
60
56
54
49
46
42
41
39
36
32
24
20
14
10
5
-3
-6
-10
-10
-10
-16
-16
-20
-20
-25
-30
-25
-32
-40
-41
-39
-33
-31
-28
-30
-33
-40
-42
-43
-45
-43
-47
-46
-46
-49
-47
-44
-38
-33
-31
-23
-21
-18
-15
-9
2
5
9
10
10
18
21
25
26
23
24
20
21
20
16
16
16
15
16
16
13
9
12
11
7
4
1
0
-3
-6
-4
-8
-6
-10
-7
-6
-6
-5
-5
3
8
11
11
10
8
6
2
8
6
1
1
-1
5
8
12
8
9
11
15
22
22
22
22
25
25
23
26
27
28
22
20
23
20
24
26
25
21
18
18
17
8
4
1
-6
-11
-17
-19
-20
-25
-34
-35
-33
-35
-29
-29
-23
-19
-22
-25
-27
-25
-28
-33
-34
-35
-28
-29
-28
-30
-33
-26
-26
-22
-18
-12
-7
-6
-3
-2
-2
-1
4
5
12
11
10
17
14
18
18
17
17
19
18
12
8
4
3
-1
0
4
-2
-2
0
0
-4
-7
-8
-13
-12
-13
-11
-3
-3
5
4
7
14
11
9
5
4
3
2
4
8
9
12
15
13
18
17
14
11
9
11
13
18
21
27
30
31
29
23
24
18
19
27
30
35
32
26
22
12
11
12
16
15
13
12
4
-3
-8
-8
-12
-13
-10
-13
-17
-15
-18
-18
-17
-18
-15
-20
-20
-21
-28
-27
-29
-26
-26
-21
-17
-15
-21
-25
-29
-36
-43
-42
-43
-42
-41
-41
-39
-39
-38
-39
-37
-38
-38
-32
-25
-24
-19
-6
-3
-2
-3
0
12
20
24
34
44
48
51
49
47
48
48
48
44
40
35
29
27
27
22
19
15
14
10
11
6
0
2
5
7
5
6
7
4
5
3
5
5
4
1
-3
-2
-9
-12
-10
-9
-14
-16
-12
-9
-2
-5
-1
2
-7
-9
-11
-14
-8
-3
0
3
7
8
12
14
17
15
20
23
20
20
21
24
27
25
23
17
11
7
1
4
2
0
0
-4
-8
-12
-13
-9
-11
-5
-6
-8
-10
-9
-8
-6
-7
-12
-12
-13
-16
-21
-24
-26
-26
-27
-32
-34
-30
-33
-39
-39
-42
-41
-40
-40
-36
-37
-30
-31
-27
-22
-21
-16
-18
-16
-12
-4
6
13
15
15
15
18
19
17
19
21
21
19
19
10
8
5
6
6
10
17
19
20
22
25
29
32
33
41
43
46
44
51
56
51
50
53
48
40
36
25
26
22
21
19
18
13
1
-2
-6
-7
-13
-14
-11
-13
-13
-16
-13
-10
-8
-3
-1
2
-2
-1
-1
-5
-2
-3
-4
-7
-14
-15
-18
-25
-31
-29
-29
-36
-33
-30
-39
-40
-29
-31
-29
-32
-33
-31
-41
-42
-37
-30
-29
-31
-29
-31
-26
-26
-25
-21
-28
-24
-27
-34
-29
-27
-17
-11
-3
7
7
10
12
11
8
14
21
26
29
28
29
34
40
44
39
41
40
39
39
44
49
48
45
37
35
28
26
24
22
21
15
13
12
9
8
4
-2
-9
-10
-4
1
-7
1
5
7
13
7
10
11
-2
-10
-8
-8
-4
-6
-4
-7
-11
-16
-15
-8
-7
-8
-15
-13
-6
-7
-8
-11
-15
-12
-8
-11
-2
7
7
4
4
0
-7
-11
-15
-11
-11
-7
-2
-2
2
4
2
4
0
2
7
0
2
6
8
12
11
8
7
0
-1
-3
-6
-12
-15
-20
-23
-23
-30
-30
-32
-29
-29
-30
-25
-22
-21
-21
-18
-15
-14
-13
-11
-5
2
1
3
9
7
16
20
23
21
18
18
10
6
3
3
3
3
3
0
1
-2
-6
-6
-9
-9
-17
-18
-16
-6
0
4
12
9
8
8
13
13
17
19
27
23
18
14
9
18
15
14
19
17
9
9
7
2
2
2
4
9
15
19
25
26
27
25
23
22
26
26
27
25
27
28
22
26
24
16
22
18
15
14
8
4
2
-3
-8
-11
-23
-23
-20
-24
-18
-20
-24
-28
-37
-36
-40
-41
-37
-38
-35
-35
-33
-31
-32
-30
-34
-36
-35
-36
-37
-42
-46
-44
-43
-43
-40
-40
-37
-31
-24
-14
-8
-8
-8
-6
-1
8
16
23
26
31
40
37
41
40
29
29
25
26
27
26
23
20
21
20
16
17
18
13
12
11
15
18
14
17
16
13
16
19
22
26
26
24
23
22
23
25
20
16
9
5
2
2
-1
-3
-1
-4
-7
-12
-16
-15
-16
-9
-12
-16
-14
-18
-14
-10
-4
0
-3
-1
-3
-3
0
5
5
6
11
10
5
2
2
3
8
9
8
6
-7
-8
-12
-21
-21
-25
-29
-30
-32
-28
-26
-27
-28
-21
-19
-23
-24
-23
-21
-14
-10
-4
-7
-9
-11
-12
-5
-6
0
3
2
3
6
9
13
15
16
22
22
21
15
15
16
13
16
17
21
26
21
14
10
1
-5
-12
-18
-11
-13
-9
-12
-16
-16
-18
-18
-13
-8
-7
-1
1
2
0
6
11
14
23
25
22
25
28
31
31
26
21
18
16
18
13
14
11
4
-3
-5
-6
-11
-11
-8
-5
-3
-2
5
9
10
12
15
12
6
4
1
4
3
10
11
9
10
8
8
3
-3
-3
-4
-7
-11
-15
-15
-20
-18
-16
-14
-19
-25
-31
-34
-40
-41
-37
-36
-35
-35
-32
-29
-29
-30
-29
-21
-18
-22
-22
-16
-11
-12
-12
-4
1
7
8
2
3
6
10
14
23
32
31
31
27
21
24
26
24
29
31
29
30
28
31
26
18
17
9
6
1
-4
-3
2
1
-4
-2
-3
-9
-9
-12
-13
-13
-15
-17
-11
-3
2
0
2
6
7
13
13
13
14
16
15
13
8
1
-3
-4
-3
1
4
7
6
5
7
11
13
11
13
11
9
5
-1
-2
-3
0
2
0
0
-3
-1
-4
-10
-10
-13
-16
-16
-15
-8
-3
-5
-8
-10
-11
-15
-18
-11
-7
2
5
8
10
7
10
3
5
4
3
-7
-11
-12
-16
-13
-17
-15
-15
-17
-11
-12
-5
-2
-4
1
-5
-9
-11
-4
5
12
15
18
16
18
21
16
19
15
14
11
4
5
4
-2
-1
0
1
-4
-15
-16
-13
-17
-15
-18
-21
-20
-27
-31
-33
-30
-24
-19
-14
-15
-13
-9
-3
-3
1
6
-1
3
6
6
15
17
17
13
12
11
4
1
-6
-10
-15
-20
-21
-13
-6
-4
2
5
4
7
