-34
-24
-20
-13
-12
-13
-20
-15
-4
-4
-5
-9
-14
-21
-14
-6
-4
3
4
3
-7
-3
9
4
2
2
0
1
2
4
2
2
-2
-11
-11
-2
0
2
1
0
1
-2
0
-3
4
1
-4
-4
-6
-3
-1
-3
4
0
-8
-7
-7
3
4
4
0
4
13
11
14
14
14
13
9
13
16
22
27
24
15
18
16
18
19
10
6
-2
-1
5
11
9
8
16
16
20
23
23
26
17
8
7
3
-6
1
1
-4
0
-5
-16
-13
-6
-15
-11
-12
-13
-6
-8
-1
4
6
10
8
-1
1
-1
1
12
15
16
14
12
13
12
12
2
-8
1
-3
-7
3
2
3
-5
-9
-6
-6
-8
-11
-12
-10
-9
-16
-10
-5
0
-4
-10
-4
-3
4
0
0
-4
-10
-10
-7
-7
-7
-10
-14
-10
-12
-12
-10
-11
-6
-4
-9
-2
2
3
1
3
7
-3
-6
-2
-6
0
3
1
3
4
14
18
19
15
11
11
3
1
3
6
1
-9
-12
-12
-14
-12
-12
-14
-15
-23
-24
-21
-14
-16
-16
-16
-18
-13
-15
-11
-16
-14
-4
-3
-2
-5
-4
-1
-5
-5
3
15
17
22
30
33
29
23
22
17
8
9
6
2
1
6
13
11
4
-1
-9
-16
-14
-6
5
11
9
7
-3
1
4
10
10
1
-2
0
12
8
9
7
1
-1
2
0
7
5
4
2
-1
7
8
8
11
7
-5
-6
-12
-13
-8
-11
-11
-10
-11
-13
-3
14
18
19
25
20
9
12
16
14
8
10
19
19
21
27
28
20
15
13
16
20
19
20
21
10
0
-1
-1
-1
-4
-8
-9
-9
-12
-5
-7
-1
-4
-11
-8
-3
-4
-16
-27
-29
-28
-30
-27
-25
-21
-27
-33
-41
-45
-35
-33
-31
-29
-24
-19
-21
-15
-17
-15
-14
-22
-26
-20
-11
0
10
15
12
7
3
-1
-5
-6
-2
-7
-2
-3
-9
-2
1
-2
-6
-10
-15
-8
4
8
9
7
6
-1
-1
11
7
9
13
14
19
28
36
33
29
20
8
10
16
20
22
18
16
13
7
2
-2
-4
-13
-8
-8
-7
6
1
0
-1
-3
-2
4
8
18
30
26
26
28
31
29
32
27
20
22
20
20
19
20
15
4
4
-1
-6
-4
-2
-2
-9
-11
-12
-12
-9
-13
-16
-21
-29
-22
-16
-3
8
3
3
1
2
5
3
4
2
1
-5
-6
-2
1
-4
-8
-14
-15
-14
-9
1
11
4
-6
-12
-8
-5
-9
-13
-8
-10
-19
-23
-20
-12
-10
-9
-2
5
5
6
10
11
7
1
8
5
-3
3
2
-4
-13
-16
-13
-6
-9
-11
-14
-19
-22
-23
-20
-23
-30
-33
-29
-23
-19
-16
-12
-11
-13
-19
-19
-14
-11
6
16
5
0
2
1
-1
0
4
7
-4
-12
2
5
1
-2
2
3
3
11
16
23
23
21
22
18
19
15
14
11
10
15
15
22
28
30
26
18
13
5
6
10
19
29
29
26
20
17
17
22
25
25
22
23
22
12
5
4
4
0
-3
0
-6
-4
-2
-7
-17
-19
-10
-5
-5
1
4
-7
-14
-12
-4
-4
-6
0
0
-5
-4
10
18
15
3
-4
-2
-9
-16
-8
3
-1
4
-8
-11
-3
-4
-11
-22
-21
-17
-17
-25
-20
-13
-13
-19
-23
-22
-16
-13
-18
-14
-11
-3
-1
-6
-4
-7
-14
-23
-22
-11
-3
-2
1
0
-4
-6
-7
-7
-8
-4
-10
-15
-12
-8
-1
5
4
9
9
6
10
13
8
-1
-2
-3
-2
6
13
18
17
9
10
12
10
5
2
10
7
9
13
13
22
19
13
14
10
14
20
18
17
8
5
-1
-5
-4
0
-2
-5
-7
-13
-9
-11
-9
-11
-13
-10
-20
-20
-16
-14
-14
-13
-9
-7
-5
-7
-10
-15
-14
0
-3
0
-1
-4
-3
-6
-1
-1
3
7
5
5
4
4
1
3
3
5
13
16
12
15
27
29
33
38
35
31
22
14
13
16
19
10
8
5
4
7
3
1
-1
-5
-9
-6
2
6
-9
-16
-7
-11
-1
5
13
13
6
5
5
7
6
11
9
4
2
2
5
8
13
13
7
10
6
0
4
-3
-3
1
-4
-6
-12
-14
-19
-18
-20
-20
-10
-10
-7
-4
-13
-15
-16
-14
-6
-16
-20
-19
-26
-22
-24
-26
-21
-29
-36
-32
-28
-30
-29
-27
-30
-32
-25
-22
-24
-22
-27
-25
-20
-14
-16
-16
-12
-5
3
7
6
1
5
10
14
9
13
4
7
6
6
17
18
8
-3
-7
-16
-13
2
8
13
13
4
0
0
13
12
19
21
22
25
28
36
37
44
42
43
49
52
48
39
32
24
26
31
33
30
33
34
26
18
21
23
13
5
-1
-4
-6
-5
-2
7
11
14
17
14
5
-5
-4
-1
-4
-5
-4
2
9
1
-5
-5
-9
-19
-25
-22
-24
-19
-14
-12
-13
-15
-11
-12
-5
-14
-22
-19
-18
-20
-14
-13
-25
-17
-11
-4
-2
-13
-14
-10
-17
-10
6
13
18
15
6
-5
-11
-9
-1
4
-5
-13
-15
-15
-20
-20
-23
-23
-23
-27
-20
-14
-8
-12
-18
-21
-24
-24
-21
-15
-13
-12
-15
-10
-9
-6
-5
-7
-9
-13
-8
-2
-1
-7
-4
-2
-10
-16
-20
-14
-7
-7
-8
-8
-7
-4
-7
-11
-7
-11
-11
-8
-6
-4
8
15
11
12
9
15
15
14
19
17
15
13
11
19
22
20
23
31
32
31
32
34
39
45
48
57
52
48
54
51
52
46
43
47
45
43
47
46
39
30
27
27
21
18
12
3
2
2
6
10
3
-4
-12
-17
-15
-12
-14
-14
-19
-32
-25
-20
-17
-22
-29
-29
-38
-43
-41
-35
-25
-23
-27
-29
-25
-24
-24
-23
-29
-30
-27
-23
-19
-19
-22
-24
-31
-39
-43
-36
-32
-33
-27
-23
-25
-20
-8
-3
-1
-4
-8
-2
-2
-8
-9
-11
-12
-3
4
8
14
14
17
20
20
16
13
15
12
8
1
-3
4
6
12
17
14
12
2
2
2
-3
-3
2
7
7
12
14
5
8
-1
-8
-10
-14
-5
-9
-10
-8
-9
-16
-23
-23
-19
-14
-9
-1
-1
2
4
3
1
-1
-2
-3
1
7
10
13
13
11
15
21
28
32
31
32
27
18
21
31
36
38
38
34
31
28
27
31
26
29
33
22
17
14
15
13
10
7
6
6
3
-6
-11
-15
-12
-6
-9
-9
-10
-17
-29
-40
-40
-29
-16
-13
-17
-16
-20
-25
-24
-19
-6
-3
0
2
3
7
3
-1
-8
-9
-13
-8
3
11
11
11
11
2
-3
-6
-8
-4
9
10
9
4
4
12
9
2
-10
-12
-16
-22
-20
-19
-14
-13
-17
-17
-15
-13
-12
-13
-13
-20
-27
-30
-18
-12
-16
-19
-11
-9
-3
1
1
7
2
0
-7
-8
3
5
7
2
4
9
11
13
9
7
7
-1
-9
-6
-3
-6
-6
-4
0
5
8
13
14
15
9
0
3
5
8
12
16
15
9
0
0
4
1
1
-1
2
-1
0
7
5
5
13
12
7
5
5
8
3
-3
-2
2
3
4
0
-1
-4
-5
-8
-9
-10
-12
-8
-4
0
4
6
-4
-2
-7
-17
-14
-12
-5
1
9
10
4
3
11
11
10
8
6
1
-3
3
9
14
8
12
22
15
7
13
16
11
7
3
-4
-7
0
13
23
23
15
13
15
8
9
12
9
8
12
14
27
33
32
32
25
22
22
21
19
16
15
7
4
2
1
-5
-10
-12
-16
-18
-14
-14
-19
-21
-30
-40
-44
-38
-27
-17
-13
-10
-15
-25
-32
-32
-25
-28
-37
-40
-35
-22
-13
-12
-16
-25
-17
-9
-20
-29
-27
-23
-23
-24
-15
-12
-16
-22
-24
-21
-20
-15
-7
-6
-5
-9
-11
-14
-19
-18
-24
-27
-21
-14
-3
5
15
17
11
4
3
1
-2
9
12
8
6
7
9
8
22
31
29
25
18
20
27
37
41
36
27
22
25
29
30
35
36
38
32
30
32
36
34
31
29
24
31
32
31
28
29
32
26
16
15
18
13
9
-3
-2
-2
-5
-5
-6
-7
-11
-14
-14
-10
-3
3
2
1
3
1
-2
-5
-3
-6
-8
-9
-13
-8
-10
-8
-6
-9
-5
1
6
11
15
5
2
0
-2
-2
0
1
-2
-8
-10
-5
3
7
4
-2
-12
-22
-21
-19
-25
-24
-26
-31
-36
-30
-28
-29
-28
-37
-37
-28
-26
-27
-20
-26
-34
-44
-44
-39
-36
-31
-31
-34
-34
-25
-21
-17
-17
-17
-18
-18
-22
-14
-3
-3
-4
-2
-3
3
1
1
8
10
10
5
8
15
14
19
25
32
35
37
36
35
30
23
20
18
16
12
17
25
31
29
24
21
23
21
14
10
12
7
5
11
12
15
19
13
9
6
9
11
7
5
2
-2
-4
0
10
12
16
18
14
17
17
11
5
5
8
7
12
19
23
25
20
14
14
15
7
9
15
19
17
14
21
20
13
1
-5
1
5
-3
-10
-7
-8
-8
-5
-9
-18
-20
-12
-13
-11
-9
-13
-21
-20
-15
-16
-16
-21
-21
-28
-28
-23
-14
-7
-12
-17
-21
-21
-21
-23
-24
-24
-24
-29
-27
-22
-14
-14
-16
-23
-21
-17
-17
-10
-5
-7
-8
-8
-7
-2
0
-4
-1
6
9
16
10
5
-3
-6
-5
-2
2
1
-1
-1
4
4
5
7
10
8
1
-1
-5
-2
0
-1
-6
-4
2
4
13
22
21
18
18
16
12
13
13
12
15
16
10
10
8
10
17
19
12
14
11
15
21
21
19
10
3
-4
-11
-11
-11
-9
-5
-10
-9
-2
8
2
-11
-21
-32
-41
-36
-25
-23
-20
-14
-14
-15
-13
-9
-14
-16
-18
-25
-20
-11
-5
-3
-1
-4
-5
-7
-8
-7
5
10
11
14
11
9
14
23
27
25
30
33
36
36
34
23
12
5
6
17
21
22
25
29
35
44
51
49
42
34
32
39
49
53
47
38
36
32
23
22
33
34
34
27
27
28
23
14
4
2
-13
-21
-23
-24
-25
-27
-28
-35
-43
-52
-58
-60
-65
-71
-71
-68
-63
-55
-52
-48
-51
-53
-60
-65
-62
-54
-53
-50
-43
-42
-39
-39
-34
-28
-29
-27
-28
-25
-22
-19
-16
-21
-23
-25
-25
-16
-10
-7
-2
0
1
3
-1
-4
-5
-3
-3
2
4
14
19
23
26
31
38
43
51
51
54
46
42
39
28
31
29
29
27
20
23
28
33
36
37
27
19
16
20
21
15
14
17
14
6
8
11
14
22
19
18
12
8
8
8
10
12
20
16
14
16
16
16
9
4
0
3
10
14
23
24
20
16
11
13
15
15
19
22
18
16
17
17
16
8
8
7
6
12
19
20
9
-2
-7
-10
-13
-20
-30
-34
-33
-33
-33
-23
-19
-20
-15
-22
-27
-28
-24
-18
-16
-11
-8
-9
-13
-19
-23
-25
-32
-40
-37
-30
-24
-25
-25
-27
-32
-42
-48
-53
-53
-51
-50
-51
-50
-45
-42
-43
-46
-43
-41
-31
-26
-20
-6
4
4
1
-7
-14
-12
-1
1
8
5
4
3
2
3
5
14
18
23
28
25
24
24
20
17
14
15
17
24
28
36
39
47
48
41
44
47
48
45
43
38
38
36
34
30
30
27
21
22
29
31
29
27
32
26
20
10
2
-1
1
10
11
12
11
13
14
11
8
11
15
13
9
4
-1
-5
-8
-6
-6
-15
-21
-21
-26
-28
-21
-17
-16
-15
-16
-17
-18
-17
-13
-13
-15
-15
-13
-7
-1
-4
-7
-4
1
7
14
17
14
11
6
4
4
5
3
-1
-16
-26
-31
-34
-36
-28
-21
-18
-20
-21
-15
-16
-9
-8
-11
-16
-21
-21
-15
-14
-11
-15
-19
-14
-4
-2
1
2
6
4
4
2
0
0
-3
-5
-9
-8
-9
-8
-7
-2
-7
-13
-6
-14
-6
4
3
1
-5
-8
-2
-3
-4
4
0
3
4
9
17
8
8
8
3
1
6
10
0
-2
3
12
13
10
12
8
5
5
5
8
10
8
6
5
3
5
8
9
12
10
14
18
8
7
-1
-2
-1
2
8
13
8
3
6
6
3
-2
-6
-7
-4
-8
-4
6
2
-5
1
8
-3
-2
-1
-4
0
5
10
18
16
0
3
13
8
1
-5
-3
-7
-9
-9
-9
-2
7
8
4
6
10
11
15
16
18
21
19
18
24
28
22
18
19
22
21
21
23
24
25
22
23
15
14
12
9
0
-4
-13
-19
-19
-22
-22
-33
-39
-38
-37
-35
-34
-31
-29
-27
-29
-32
-31
-30
-28
-28
-28
-21
-20
-17
-11
-19
-26
-30
-30
-27
-24
-16
-11
-5
6
8
5
4
1
4
3
0
2
3
7
8
3
0
-4
0
6
9
10
13
14
12
9
4
8
14
17
17
13
7
-1
-9
-12
-6
-6
-20
-23
-19
-11
2
5
6
4
1
-1
0
4
6
7
8
14
12
9
13
14
10
5
-2
0
8
5
6
2
-6
-6
-1
3
3
6
4
4
4
0
-6
-12
-10
-13
-13
-10
-5
3
13
27
30
34
35
30
19
11
9
12
13
12
11
13
13
11
14
15
13
14
13
16
12
5
-3
-5
-5
-2
3
2
3
5
8
12
11
17
17
15
14
13
16
19
15
13
20
24
25
23
16
16
13
4
2
6
3
1
-2
-5
-11
-17
-14
-18
-24
-28
-42
-38
-32
-30
-24
-23
-26
-31
-34
-34
-33
-30
-29
-29
-32
-30
-29
-28
-27
-31
-29
-31
-32
-30
-26
-27
-35
-33
-30
-33
-35
-30
-29
-27
-31
-40
-36
-29
-24
-21
-21
-17
-12
-11
-9
3
6
6
11
11
15
16
12
19
27
22
24
19
26
37
39
40
40
41
35
35
32
31
29
27
26
29
36
36
34
30
30
36
38
38
36
44
43
37
42
39
37
35
28
26
28
24
20
19
17
15
11
8
3
2
-1
-2
-1
-7
-10
-12
-14
-16
-17
-22
-22
-25
-25
-19
-17
-18
-19
-18
-19
-22
-25
-20
-17
-20
-18
-18
-19
-18
-21
-18
-15
-11
-14
-17
-15
-13
0
4
5
0
-7
-6
-1
0
6
16
11
1
-6
-3
2
1
-2
1
3
5
-1
3
11
8
6
1
-1
-4
-14
-20
-18
-20
-15
-9
3
11
5
-3
-9
-15
-22
-18
-15
-14
-14
-13
-16
-21
-25
-24
-19
-15
-9
-9
-7
-1
1
-2
-6
-14
-19
-13
-9
-10
-2
2
7
10
12
14
10
8
-3
-3
-5
-7
-4
-2
3
1
-4
-12
-12
-10
-6
-4
-8
-11
-13
-7
-2
0
-9
-11
-10
-12
0
13
23
26
28
23
18
22
24
33
40
42
41
41
41
36
36
31
23
22
19
24
33
30
21
17
19
21
22
27
28
25
24
20
19
20
16
8
14
20
25
25
22
19
6
1
-1
-5
-4
-8
-9
-9
-13
-10
-16
-16
-14
-13
-12
-21
-25
-24
-25
-23
-21
-22
-18
-17
-21
-21
-20
-23
-22
-26
-26
-29
-33
-32
-33
-27
-34
-41
-39
-36
-32
-34
-36
-44
-45
-46
-38
-29
-15
-6
-10
-10
-16
-20
-18
-21
-13
-11
-7
-4
-6
-2
1
1
-1
1
6
10
14
20
28
30
26
22
16
13
13
25
28
29
29
30
36
33
22
20
23
18
16
25
39
43
40
34
25
21
17
8
10
7
7
6
6
8
0
-3
-9
-7
-5
0
-1
-7
-9
-11
-12
-14
-7
-2
-1
-2
-2
4
8
1
-5
-7
-8
-12
-13
-6
1
7
10
9
10
3
-8
-14
-21
-18
-17
-12
-2
4
5
1
3
1
-3
-9
-13
-13
-12
-9
-11
-12
-9
0
5
4
7
13
10
12
10
16
22
18
16
11
6
11
19
23
30
30
24
16
12
12
8
7
3
-2
-4
-6
-5
-1
-7
-9
-11
-22
-32
-35
-32
-21
-17
-20
-21
-19
-13
-14
-14
-14
-12
-14
-12
-14
-14
-15
-17
-16
-22
-16
-10
-5
-3
-9
-14
-19
-20
-14
-10
-10
-10
-7
-1
6
11
17
16
9
5
4
8
15
19
20
20
21
17
16
13
13
10
4
5
12
16
15
15
20
16
12
8
3
1
2
5
10
10
11
14
13
10
9
6
-1
2
5
14
15
18
16
7
5
1
0
0
2
1
-3
-5
-6
-4
-1
5
0
-5
-10
-10
-6
-15
-23
-27
-28
-27
-29
-19
-24
-38
-30
-23
-28
-23
-21
-15
-13
-26
-29
-22
-18
-18
-16
-10
-13
-17
-12
-2
5
4
7
7
13
19
23
24
24
23
18
13
15
17
18
22
24
20
25
30
35
36
36
34
28
27
25
30
32
35
34
31
24
16
15
10
12
10
9
11
14
20
23
23
18
5
-12
-14
-17
-19
-12
-17
-29
-17
-13
-11
-9
-17
-23
-33
-37
-38
-27
-15
-19
-21
-24
-26
-24
-26
-26
-30
-32
-33
-34
-26
-18
-19
-19
-27
-33
-38
-43
-36
-26
-17
-13
-6
-2
8
4
-5
-6
-2
0
5
9
5
5
-1
-8
-5
-1
7
19
24
22
22
25
23
20
12
11
13
12
16
16
16
14
12
15
14
12
9
8
12
16
18
20
14
15
16
18
17
14
12
11
11
8
10
6
2
2
11
14
19
28
29
19
5
1
5
12
14
3
1
-8
-14
-16
-18
-14
-14
-17
-16
-15
-23
-32
-26
-17
-11
-9
-8
-8
-16
-18
-14
-5
-3
-1
11
13
8
0
-8
-4
-2
-7
-5
-8
-8
0
3
2
-3
-6
-11
-20
-18
-12
3
16
16
12
6
2
0
-1
5
11
8
1
0
6
7
5
9
15
5
0
10
14
13
9
16
17
7
0
-4
-3
4
9
10
16
16
6
-2
-2
-2
-8
-10
-3
-3
-16
-18
-10
-12
-16
-14
-4
4
2
0
4
1
-4
-2
-2
-6
-13
-18
-27
-22
-10
1
5
2
-6
-27
-33
-23
-10
-9
-11
-11
-21
-33
-35
-26
-23
-22
-24
-27
-30
-28
-17
-14
-27
-35
-31
-16
-2
1
6
4
3
4
4
13
15
22
26
30
27
26
30
36
46
45
34
27
31
35
34
38
43
42
39
38
46
44
35
31
21
16
27
42
40
39
51
48
29
22
33
31
8
2
21
27
11
-4
-10
-10
-1
11
21
22
0
-25
-45
-44
-41
-46
-45
-32
-17
-30
-52
-59
-58
-56
-55
-45
-35
-36
-49
-61
-54
-37
-28
-33
-45
-51
-48
-39
-24
-2
8
0
-14
-14
-7
-6
-12
-2
11
8
1
-13
-18
-20
-19
-13
-1
11
4
-15
-21
-1
18
21
20
23
12
0
3
17
25
22
26
27
23
22
22
28
39
53
61
53
29
13
7
21
41
48
47
29
-2
-13
4
25
35
29
22
16
1
6
17
31
37
34
33
17
-1
0
8
12
23
20
-1
-24
-41
-36
-26
-17
-22
-38
-43
-43
-42
-37
-32
-32
-48
-55
-42
-37
-44
-44
-35
-31
-29
-22
-21
-35
-44
-40
-17
3
5
4
7
-4
-7
-4
7
20
19
16
19
25
17
21
30
41
37
27
22
9
7
18
34
46
46
45
37
30
16
3
9
16
8
-3
1
12
5
-13
-3
20
8
-20
-20
-4
6
5
0
-3
-9
-11
-6
-3
-8
-14
-13
-14
-12
-4
-7
-9
-14
-19
-21
-25
-27
-26
-16
-6
-11
-22
-33
-29
-22
-32
-31
-19
-4
5
6
15
25
20
8
16
23
15
8
6
7
14
30
29
-3
-19
-15
-8
-15
-2
33
29
-3
-16
-2
14
7
-4
1
9
18
16
5
8
24
22
25
45
65
37
-5
3
31
38
33
33
9
-17
-19
-5
0
0
9
7
-16
-23
-8
-2
-16
-21
-11
-17
-32
-35
-29
-26
-10
1
-9
-17
-18
-25
-46
-47
-26
-10
-12
-21
-30
-42
-47
-41
-21
-12
-15
-30
-59
-71
-60
-37
-20
0
13
4
-22
-25
-5
5
16
20
18
1
-18
-16
-1
15
26
35
43
42
21
14
34
65
69
47
40
34
34
41
62
77
68
48
31
32
27
28
35
41
38
39
36
21
11
10
22
47
48
23
-2
-18
-24
-1
31
40
19
-2
-22
-34
-15
18
38
26
8
-13
-34
-46
-42
-23
-13
-11
-32
-61
-76
-77
-64
-45
-24
-22
-49
-73
-73
-63
-41
-6
12
-3
-25
-28
-37
-45
-29
-1
-1
-16
-12
-23
-46
-52
-40
-23
-18
-16
-19
-28
-34
-23
-12
6
13
0
-22
-37
-23
-3
17
45
60
44
25
25
39
61
85
83
60
26
5
3
6
21
51
53
19
-8
-13
-17
-29
-22
8
29
13
-1
-2
-1
-3
-6
9
17
13
11
11
5
-4
-5
1
15
29
33
27
15
7
0
19
39
22
5
-8
-8
-20
-21
6
24
31
12
-8
-21
-33
-26
8
56
76
57
18
-6
-9
24
51
46
21
-13
-34
-41
-14
24
19
-8
-35
-48
-40
-21
-6
5
9
1
1
-18
-21
-15
-4
10
0
-3
-17
-32
-36
-30
-21
7
2
-34
-50
-44
-46
-55
-20
12
-1
-32
-38
-30
-43
-37
-2
25
25
21
9
-13
-28
-16
0
17
45
46
-6
-36
-9
12
28
47
50
3
-57
-69
-49
-20
17
27
-1
-31
-38
-40
-46
-18
21
35
15
-10
-23
-37
-30
17
81
92
51
2
-20
-11
9
58
77
41
-5
-44
-40
-15
-2
-6
6
14
-1
-16
-13
-2
-5
-6
20
54
61
44
17
12
40
72
72
55
23
12
17
21
47
63
57
12
-22
1
28
10
-22
-13
6
-19
-56
-44
-25
-27
-34
-20
-2
0
-4
-3
12
37
39
4
-15
2
64
159
201
107
0
18
37
-32
-31
38
-42
-241
-328
-275
-241
-268
-280
-275
-251
-207
-177
-128
-56
-17
-5
39
109
128
102
118
221
351
420
413
355
287
286
388
494
487
374
245
164
104
76
73
32
-78
-200
-279
-322
-356
-409
-452
-457
-434
-433
-459
-465
-432
-362
-257
-131
-43
-34
-61
-52
30
133
192
186
127
59
38
58
55
21
-19
-69
-132
-182
-198
-207
-223
-224
-204
-171
-151
-155
-167
-135
-53
46
122
165
191
224
288
364
429
474
495
484
494
530
553
540
510
490
454
414
321
200
137
128
85
-19
-99
-186
-315
-410
-395
-292
-245
-277
-336
-340
-272
-174
-79
49
324
656
974
1214
1147
645
167
355
1004
1293
948
371
-196
-831
-1255
-991
-320
-169
-847
-1634
-1820
-1622
-1583
-1656
-1497
-1223
-1187
-1351
-1356
-1109
-902
-762
-332
412
881
665
208
193
745
1445
1833
1788
1451
1036
728
653
867
1142
1034
450
-179
-534
-732
-901
-935
-831
-841
-1051
-1280
-1327
-1205
-1001
-679
-260
112
287
262
241
437
860
1326
1618
1642
1462
1231
1116
1162
1260
1269
1117
825
494
192
-11
-121
-202
-285
-379
-516
-683
-829
-894
-832
-625
-411
-319
-301
-320
-348
-246
26
301
493
587
571
473
421
476
540
567
573
509
273
-4
-66
144
521
837
737
35
-749
-853
-270
263
297
-10
-525
-1285
-1886
-1676
-788
-196
-481
-1129
-1390
-1276
-1232
-1299
-1109
-698
-502
-614
-745
-717
-740
-774
-421
357
933
751
94
-275
60
781
1331
1438
1176
761
383
251
479
899
1079
772
259
-130
-376
-549
-552
-377
-252
-364
-646
-898
-998
-898
-609
-182
206
367
250
41
36
367
890
1292
1375
1188
915
759
817
1015
1188
1172
941
640
430
309
223
160
105
79
3
-183
-425
-595
-598
-495
-365
-318
-373
-481
-549
-450
-203
91
273
259
155
150
284
396
490
614
669
550
363
331
467
840
1462
1740
1017
-202
-626
3
599
564
332
-7
-1020
-2369
-2634
-1470
-398
-716
-1786
-2266
-2080
-2047
-2228
-1968
-1303
-998
-1233
-1325
-977
-789
-974
-807
193
1281
1388
584
-96
94
927
1699
1999
1791
1243
610
245
382
844
1134
882
241
-364
-730
-963
-1073
-919
-646
-608
-888
-1189
-1284
-1195
-926
-438
177
644
741
534
362
584
1216
1868
2127
1969
1641
1364
1239
1287
1451
1540
1360
909
424
139
37
-50
-181
-270
-320
-445
-714
-977
-1025
-810
-503
-355
-363
-437
-531
-497
-212
274
628
673
520
382
418
571
780
919
916
763
487
261
173
206
227
409
965
1333
689
-698
-1379
-727
248
506
210
-231
-1167
-2510
-2940
-1706
-165
-108
-1308
-2147
-2041
-1805
-1884
-1690
-991
-574
-917
-1380
-1259
-931
-975
-947
-154
969
1208
334
-572
-483
504
1530
1991
1805
1228
579
212
373
966
1513
1513
988
309
-230
-529
-582
-412
-171
-117
-354
-803
-1246
-1443
-1231
-643
20
403
350
8
-262
-101
590
1436
1886
1678
1133
824
977
1315
1523
1562
1490
1270
923
562
328
252
284
366
366
105
-438
-951
-1097
-848
-472
-277
-419
-809
-1103
-1046
-712
-309
55
269
172
-76
-160
80
457
727
847
810
668
466
360
394
508
716
932
1233
1482
1242
261
-689
-578
353
876
478
-231
-938
-1900
-2696
-2305
-883
-97
-901
-2274
-2769
-2361
-1940
-1738
-1333
-867
-959
-1529
-1772
-1338
-807
-545
-175
533
999
628
-136
-305
474
1562
2148
1986
1355
717
384
495
963
1444
1502
1002
234
-384
-675
-711
-599
-426
-371
-599
-1084
-1591
-1780
-1452
-751
-106
157
44
-198
-279
2
711
1561
2013
1761
1159
902
1251
1779
1954
1819
1699
1602
1294
817
511
569
754
680
328
-69
-427
-784
-952
-766
-427
-363
-655
-988
-1081
-898
-569
-248
-13
141
103
-46
-42
275
684
840
798
731
729
644
520
548
695
818
808
943
1345
1408
504
-656
-702
227
682
143
-516
-935
-1810
-2897
-2735
-1209
-283
-1175
-2644
-3013
-2475
-2152
-2138
-1731
-1126
-1229
-1933
-2148
-1451
-767
-694
-585
144
877
715
-13
-229
515
1613
2227
2120
1569
1045
802
897
1232
1623
1779
1350
450
-384
-629
-392
-148
-112
-337
-881
-1558
-1905
-1694
-1137
-620
-405
-512
-681
-649
-343
154
760
1377
1728
1585
1196
1130
1546
2091
2365
2291
2117
1925
1617
1268
1182
1313
1317
1000
506
40
-295
-472
-526
-431
-391
-579
-1002
-1322
-1263
-945
-608
-450
-469
-563
-610
-460
-165
194
487
618
567
440
455
717
1069
1256
1180
1088
1407
2027
2015
856
-296
-153
791
974
232
-438
-1016
-2182
-3278
-2814
-1225
-731
-2049
-3493
-3614
-3065
-2885
-2769
-2178
-1722
-2124
-2705
-2400
-1501
-1060
-1055
-552
511
1051
583
-15
219
1227
2245
2717
2521
1862
1232
1037
1350
1923
2368
2214
1212
-116
-870
-821
-535
-373
-357
-732
-1659
-2578
-2691
-1959
-1092
-612
-499
-558
-641
-621
-280
460
1386
2059
2166
1865
1625
1718
2109
2663
3120
3189
2714
1934
1371
1349
1656
1769
1433
790
114
-472
-885
-918
-589
-370
-644
-1274
-1665
-1669
-1431
-1085
-733
-430
-405
-544
-591
-311
218
610
878
1034
1145
1055
823
802
1166
1601
1647
1686
1957
1754
502
-718
-482
674
966
100
-807
-1540
-2738
-3726
-2991
-1218
-792
-2308
-3777
-3716
-3076
-2942
-2805
-2003
-1395
-1917
-2697
-2443
-1400
-853
-862
-364
711
1188
489
-295
51
1367
2584
2907
2389
1580
1064
1041
1422
2035
2487
2169
978
-226
-593
-297
-105
-264
-563
-1030
-1719
-2205
-2072
-1573
-1225
-1116
-1000
-795
-640
-547
-313
223
973
1580
1767
1618
1494
1663
2099
2609
2920
2880
2521
2008
1682
1761
2033
2006
1458
725
265
109
-73
-359
-541
-605
-779
-1130
-1423
-1507
-1433
-1291
-1097
-882
-764
-775
-775
-537
-37
455
725
842
940
996
1055
1321
2083
3035
3222
2030
413
25
1001
1846
1605
880
-7
-1613
-3372
-3415
-1633
-561
-1730
-3599
-4221
-4001
-4074
-3993
-3035
-2156
-2603
-3631
-3581
-2483
-1763
-1715
-1171
209
1131
681
-182
-20
1274
2704
3411
3299
2705
2090
1747
1871
2560
3389
3360
1927
82
-739
-440
-69
-160
-542
-1267
-2394
-3288
-3196
-2359
-1652
-1466
-1555
-1649
-1660
-1448
-866
19
922
1492
1562
1364
1339
1717
2427
3186
3589
3359
2710
2126
1993
2280
2617
2565
1970
1070
205
-244
-246
-87
-137
-573
-1201
-1738
-1942
-1845
-1561
-1249
-1157
-1253
-1272
-1043
-644
-272
143
646
1111
1307
1262
1318
1608
2321
3352
3896
2986
1295
629
1357
2042
1863
1411
699
-1024
-3122
-3391
-1636
-594
-1900
-3883
-4449
-4137
-4286
-4470
-3701
-2766
-3079
-4027
-3939
-2798
-2071
-2024
-1464
-93
878
638
22
200
1270
2548
3380
3511
3022
2387
2029
2101
2598
3200
3160
2058
580
-267
-387
-384
-588
-884
-1363
-2229
-3136
-3391
-2930
-2350
-2089
-2056
-1986
-1818
-1568
-1133
-395
503
1217
1526
1494
1506
1879
2539
3143
3407
3291
2912
2540
2382
2449
2522
2328
1798
1133
591
255
-41
-328
-476
-577
-826
-1275
-1634
-1683
-1519
-1286
-1124
-976
-909
-842
-684
-307
290
915
1305
1373
1320
1531
2517
3800
3989
2567
1215
1470
2481
2583
2022
1680
843
-1266
-2892
-2008
-178
-444
-2726
-4257
-4117
-3894
-4298
-4228
-3437
-3395
-4464
-4957
-3936
-2777
-2696
-2803
-1878
-487
23
-362
-483
329
1670
2815
3288
3070
2603
2419
2611
3086
3757
4041
3236
1658
588
529
710
385
-283
-1026
-1969
-2954
-3367
-3085
-2718
-2736
-3008
-3152
-2979
-2563
-2086
-1556
-849
-64
487
680
841
1379
2237
3001
3433
3609
3576
3316
2991
3015
3449
3638
3054
1984
1193
928
750
371
-69
-435
-891
-1522
-2037
-2094
-1900
-1802
-1890
-1847
-1669
-1577
-1505
-1067
-265
468
885
1134
1351
1736
2784
4090
4335
3114
2166
2743
3627
3377
2800
2674
1813
-513
-2103
-1036
521
-392
-2872
-3990
-3705
-4092
-5021
-4718
-3651
-3999
-5601
-5941
-4410
-3233
-3535
-3755
-2564
-997
-534
-860
-699
376
1756
2796
3242
3257
3152
3091
3126
3544
4453
4898
3859
2046
1152
1353
1347
601
-162
-697
-1620
-2925
-3672
-3465
-3058
-3198
-3681
-3910
-3678
-3254
-2886
-2493
-1797
-855
-135
120
285
880
1873
2782
3322
3651
3812
3727
3449
3451
3916
4320
4017
3054
2095
1551
1320
1067
687
83
-635
-1381
-1872
-2111
-2161
-2217
-2358
-2395
-2340
-2240
-2069
-1597
-899
-182
331
734
992
1523
2742
4015
4015
2838
2399
3372
4120
3595
2996
2842
1902
-121
-999
207
969
-646
-2958
-3595
-3296
-3838
-4679
-4481
-4021
-4766
-5956
-5742
-4449
-3955
-4376
-4149
-2783
-1559
-1326
-1444
-939
281
1672
2585
2842
2854
3107
3473
3658
4111
5019
5268
4008
2409
2042
2453
2199
1248
525
-53
-1204
-2571
-3063
-2679
-2532
-3103
-3772
-3926
-3710
-3548
-3413
-2947
-2162
-1522
-1264
-1084
-565
249
1067
1740
2341
2901
3277
3311
3232
3432
3937
4280
4065
3506
2914
2426
1999
1679
1422
1023
290
-539
-1148
-1496
-1731
-2034
-2248
-2370
-2465
-2557
-2532
-2260
-1696
-962
-331
0
118
820
2165
3151
2849
2137
2484
3550
3766
3200
3120
3148
1914
141
140
1520
1452
-686
-2429
-2529
-2570
-3516
-4060
-3599
-3665
-5059
-6170
-5551
-4331
-4195
-4723
-4450
-3252
-2262
-2078
-2124
-1505
-114
1369
2095
2121
2300
3021
3617
3806
4344
5310
5402
4098
2925
3062
3531
3003
1907
1211
622
-528
-1717
-2034
-1771
-1997
-2877
-3641
-3767
-3558
-3459
-3395
-3001
-2371
-1992
-1983
-1826
-1087
-66
674
1041
1428
1984
2436
2584
2798
3324
3819
3847
3400
2960
2827
2783
2499
2034
1558
1131
528
-237
-786
-1026
-1159
-1546
-2028
-2297
-2387
-2431
-2408
-2219
-1763
-1248
-822
-566
-295
630
1874
2348
1763
1437
2330
3384
3237
2795
2960
2718
1306
234
1114
2207
1187
-933
-1842
-1652
-2126
-3130
-3214
-2885
-3701
-5208
-5641
-4732
-4149
-4561
-4778
-4076
-3122
-2714
-2737
-2460
-1486
-51
1102
1420
1469
2010
2837
3326
3746
4693
5463
4920
3646
3223
3778
3989
3281
2440
1867
1034
-186
-1019
-995
-829
-1383
-2433
-3139
-3183
-3031
-3089
-3132
-2826
-2391
-2262
-2351
-2034
-1148
-263
180
410
915
1603
1990
2124
2403
2946
3359
3339
3057
2828
2708
2532
2214
1833
1564
1172
498
-244
-686
-767
-992
-1474
-1976
-2204
-2265
-2288
-2259
-2058
-1691
-1304
-1004
-859
-299
873
1807
1561
806
1135
2510
3236
2849
2629
2736
1978
595
642
2168
2509
591
-1302
-1476
-1151
-1816
-2595
-2518
-2638
-3871
-5072
-4915
-4109
-4044
-4541
-4480
-3811
-3272
-3170
-3110
-2522
-1340
-15
677
649
810
1696
2653
3187
3787
4684
4864
3809
2907
3377
4326
4274
3336
2478
1753
752
-26
19
394
44
-1226
-2468
-2860
-2547
-2228
-2314
-2575
-2647
-2592
-2579
-2385
-1739
-893
-385
-286
-92
480
1167
1640
1995
2436
2818
2910
2787
2716
2786
2796
2660
2358
1909
1404
975
610
188
-214
-583
-966
-1442
-1813
-1978
-2060
-2078
-2120
-2083
-1873
-1419
-952
-812
-421
594
1453
1097
397
940
2407
2919
2346
2252
2489
1747
526
910
2522
2533
462
-1128
-981
-726
-1484
-2054
-1841
-2272
-3871
-4913
-4359
-3517
-3769
-4485
-4447
-3870
-3481
-3418
-3287
-2624
-1511
-433
-69
-185
243
1379
2266
2630
3319
4275
4348
3314
2814
3646
4458
4084
3193
2746
2299
1269
400
559
1032
560
-837
-1941
-2101
-1846
-1871
-2165
-2314
-2298
-2477
-2794
-2673
-1879
-1047
-838
-970
-721
34
690
985
1294
1892
2439
2569
2442
2521
2845
3007
2867
2567
2241
1897
1549
1227
945
579
79
-471
-932
-1243
-1527
-1742
-1821
-1895
-2077
-2115
-1811
-1334
-1198
-1128
-353
658
733
-16
65
1374
2314
1996
1719
2018
1762
675
572
2079
2760
1207
-590
-715
-194
-650
-1463
-1479
-1582
-2820
-4069
-3990
-3207
-3242
-4001
-4302
-3960
-3611
-3486
-3399
-2976
-2156
-1223
-714
-753
-462
578
1542
1910
2352
3260
3759
3292
2922
3533
4205
3954
3230
3023
3051
2450
1559
1196
1251
968
147
-618
-893
-1015
-1357
-1812
-2018
-1907
-1879
-2167
-2469
-2305
-1726
-1321
-1309
-1215
-694
-78
222
390
856
1491
1883
1970
2083
2387
2570
2483
2344
2335
2355
2131
1662
1224
984
768
435
-64
-517
-818
-1121
-1410
-1648
-1664
-1612
-1693
-1808
-1620
-1286
-1038
-576
116
489
-2
-303
546
1715
1870
1458
1530
1548
757
273
1370
2514
1725
-109
-739
-262
-365
-1066
-1166
-1095
-2096
-3586
-3894
-3087
-2800
-3425
-3947
-3869
-3647
-3516
-3331
-3008
-2508
-1794
-1121
-913
-801
-153
760
1321
1754
2523
3124
2922
2619
3068
3798
3829
3315
3009
2913
2504
1969
1789
1782
1413
660
2
-262
-378
-644
-1036
-1323
-1406
-1509
-1805
-2115
-2081
-1706
-1418
-1376
-1263
-919
-608
-463
-160
537
1191
1336
1287
1517
1950
2220
2243
2317
2450
2399
2142
1852
1718
1644
1388
935
464
134
-118
-478
-801
-882
-928
-1168
-1564
-1832
-1699
-1394
-1098
-1128
-1183
-640
170
217
-487
-519
627
1558
1221
927
1321
1211
226
79
1581
2441
1005
-758
-785
-56
-314
-1090
-1145
-1255
-2493
-3723
-3489
-2520
-2481
-3501
-4241
-4052
-3537
-3198
-3202
-3084
-2391
-1508
-1237
-1540
-1241
72
1099
1146
1306
2210
2896
2621
2471
3406
4258
3790
2820
2732
3301
3305
2601
2164
2051
1579
780
316
450
470
-143
-930
-1302
-1242
-1208
-1510
-1857
-1895
-1661
-1466
-1498
-1467
-1172
-818
-523
-152
320
645
616
684
1220
1920
2225
2034
1766
1796
2042
2180
2138
1892
1553
1182
847
592
469
306
-68
-564
-864
-950
-1057
-1279
-1452
-1552
-1607
-1611
-1449
-1173
-1103
-802
-116
291
-161
-589
63
1225
1533
1220
1325
1371
600
-52
931
2389
1890
-61
-927
-366
-119
-789
-1156
-987
-1642
-3078
-3652
-2941
-2395
-2941
-3794
-3965
-3567
-3167
-3094
-3192
-2817
-1940
-1257
-1293
-1395
-613
532
946
1078
1839
2711
2693
2297
2834
3948
4143
3348
2856
3165
3379
2919
2408
2272
2025
1325
563
317
489
297
-439
-1171
-1382
-1224
-1263
-1632
-1896
-1814
-1609
-1557
-1543
-1250
-859
-673
-540
-217
272
634
770
979
1297
1589
1750
1773
1800
1869
1872
1733
1560
1429
1364
1131
706
344
97
-39
-269
-551
-821
-1033
-1295
-1411
-1398
-1388
-1453
-1513
-1349
-1099
-944
-777
-108
684
787
54
-135
842
1891
1913
1544
1583
1345
447
173
1393
2266
1199
-569
-1025
-589
-664
-1126
-1190
-1369
-2475
-3592
-3493
-2703
-2609
-3295
-3822
-3745
-3387
-3111
-3018
-2839
-2248
-1508
-1168
-1238
-942
5
822
1097
1532
2326
2665
2366
2433
3361
4097
3713
2915
2770
3068
2978
2510
2255
2146
1594
675
120
259
487
60
-768
-1218
-1123
-1005
-1244
-1515
-1379
-1157
-1314
-1537
-1249
-601
-333
-534
-504
37
510
549
569
918
1265
1244
1118
1224
1499
1570
1301
1025
973
974
786
472
228
83
-134
-448
-664
-679
-740
-977
-1169
-1196
-1039
-911
-857
-845
-810
-661
-361
33
241
276
638
1369
1582
974
592
1173
2002
1907
1393
1332
1061
77
-420
494
1344
366
-1352
-1733
-1187
-1274
-1888
-1912
-1700
-2467
-3657
-3597
-2546
-2142
-2810
-3413
-3076
-2358
-2050
-2131
-2031
-1327
-487
-250
-438
-204
665
1305
1272
1425
2144
2449
1969
1731
2418
3138
2793
1921
1616
1838
1850
1495
1244
1221
948
297
-159
-48
358
327
-241
-666
-550
-266
-282
-518
-543
-337
-315
-439
-371
-108
-48
-238
-180
210
420
193
-89
17
375
515
368
203
141
116
67
63
175
190
-23
-246
-205
13
8
-152
-153
42
166
124
140
356
510
402
399
635
904
913
656
571
752
922
890
711
697
1068
1218
696
-107
-207
471
773
246
-223
-376
-874
-1599
-1427
-184
176
-1184
-2423
-2096
-1190
-1039
-1336
-1216
-1209
-1934
-2424
-1816
-837
-747
-1537
-2017
-1710
-1137
-865
-1060
-1234
-900
-462
-464
-763
-691
-141
103
-59
116
566
554
149
249
1077
1553
1141
689
863
1293
1333
1231
1516
1799
1456
852
844
1483
1849
1427
905
846
948
762
428
397
568
332
-326
-773
-624
-342
-552
-996
-1086
-965
-1098
-1357
-1215
-681
-486
-782
-940
-610
-146
71
170
435
725
823
863
1087
1478
1706
1694
1694
1789
1810
1721
1602
1611
1653
1508
1141
779
567
461
290
40
-136
-348
-737
-1196
-1255
-998
-926
-1312
-1485
-959
-498
-867
-1533
-1246
-215
271
-46
-99
189
-2
-430
66
1286
1526
403
-451
-134
386
323
39
-85
-515
-1333
-1750
-1507
-1303
-1672
-2315
-2705
-2723
-2588
-2566
-2826
-3004
-2645
-2103
-1986
-2211
-2019
-1305
-819
-645
-177
518
754
616
933
1850
2462
2280
2001
2203
2566
2613
2509
2584
2549
2062
1469
1332
1574
1552
928
200
-91
-68
-155
-495
-808
-925
-1097
-1384
-1424
-1116
-891
-1050
-1155
-784
-289
-152
-148
212
850
1213
1206
1314
1662
2003
2184
2273
2351
2359
2186
1964
1886
1916
1846
1514
989
531
307
239
89
-232
-614
-950
-1195
-1336
-1382
-1368
-1357
-1427
-1479
-1453
-1309
-1142
-930
-655
-345
-129
-88
3
301
938
1499
1481
930
606
925
1448
1520
1263
998
429
-460
-824
-189
378
-264
-1558
-2161
-2077
-2086
-2302
-2254
-2168
-2714
-3524
-3553
-2832
-2395
-2656
-2959
-2691
-2194
-2012
-2076
-1890
-1246
-588
-400
-494
-337
101
353
400
802
1490
1579
932
507
908
1515
1520
1188
1083
1053
712
359
590
1166
1264
762
385
530
846
924
940
1207
1429
1274
1004
1145
1670
1986
1813
1631
1817
1989
1778
1508
1696
2048
1902
1385
1113
1171
1070
678
469
614
530
-47
-595
-623
-367
-445
-820
-976
-897
-951
-1168
-1164
-775
-455
-546
-765
-657
-260
36
107
233
506
616
460
423
750
1117
1058
701
555
586
506
269
141
165
38
-365
-769
-952
-1006
-1086
-1197
-1167
-1107
-1359
-1885
-2107
-1763
-1299
-1238
-1374
-1384
-1494
-1800
-1816
-1164
-458
-513
-1069
-1285
-1073
-908
-877
-733
-558
-782
-1329
-1609
-1449
-1208
-1229
-1446
-1549
-1521
-1590
-1821
-1956
-1678
-1160
-884
-935
-973
-764
-455
-167
319
983
1374
1332
1259
1592
2208
2654
2851
3003
3095
3013
2880
2994
3353
3557
3367
2964
2635
2455
2322
2202
2106
1904
1475
985
682
565
462
270
95
-31
-246
-503
-606
-468
-305
-314
-380
-310
-171
-121
-131
-21
221
393
399
350
435
570
608
567
602
657
533
334
242
254
201
0
-196
-334
-486
-620
-729
-843
-987
-1125
-1209
-1285
-1373
-1403
-1376
-1370
-1407
-1474
-1488
-1413
-1321
-1242
-1244
-1271
-1237
-1159
-1117
-1149
-1156
-1116
-1107
-1196
-1259
-1215
-1177
-1247
-1319
-1269
-1211
-1278
-1388
-1367
-1206
-1095
-1105
-1104
-1053
-975
-854
-628
-374
-221
-149
-70
110
370
613
802
969
1114
1199
1227
1261
1417
1616
1659
1532
1418
1423
1421
1332
1258
1246
1182
1038
913
898
869
766
721
778
806
722
649
688
784
786
738
762
859
932
934
926
985
1053
1051
1016
1023
1094
1143
1099
1005
939
908
866
769
645
568
518
412
214
37
-40
-72
-162
-299
-402
-459
-522
-619
-681
-653
-595
-605
-673
-715
-708
-667
-627
-589
-586
-621
-655
-670
-671
-683
-692
-689
-703
-778
-913
-1048
-1088
-1046
-1023
-1102
-1250
-1391
-1468
-1465
-1390
-1306
-1317
-1443
-1549
-1470
-1252
-1077
-1038
-1018
-936
-822
-706
-523
-269
-72
-8
5
101
296
464
544
575
591
590
577
584
603
593
517
426
362
319
263
195
131
95
94
103
84
33
25
123
281
371
373
382
473
641
816
949
1028
1084
1166
1242
1290
1362
1482
1572
1519
1366
1310
1375
1398
1264
1076
967
875
714
526
425
383
284
104
-81
-181
-229
-287
-356
-394
-415
-480
-555
-538
-431
-368
-414
-464
-412
-328
-318
-328
-301
-262
-319
-420
-425
-350
-353
-483
-582
-562
-547
-661
-812
-835
-773
-792
-905
-972
-924
-877
-901
-902
-791
-647
-586
-579
-496
-304
-102
35
128
269
407
460
500
665
893
1003
940
846
859
892
853
771
710
609
377
127
18
37
-14
-242
-509
-682
-791
-899
-961
-949
-949
-1043
-1164
-1157
-1004
-825
-732
-689
-592
-434
-286
-161
-1
241
484
629
696
778
892
1007
1103
1197
1273
1241
1110
997
960
947
893
796
682
519
324
152
67
46
-11
-130
-258
-346
-399
-433
-438
-386
-327
-341
-394
-393
-303
-201
-148
-133
-126
-132
-139
-118
-78
-46
-41
-85
-191
-296
-337
-308
-308
-395
-514
-614
-665
-665
-632
-622
-664
-714
-719
-658
-546
-422
-318
-260
-203
-79
77
236
391
535
652
739
808
900
1028
1151
1208
1186
1147
1129
1126
1100
1031
952
838
665
494
387
341
227
6
-209
-321
-375
-480
-624
-739
-808
-857
-885
-879
-848
-834
-870
-855
-720
-533
-421
-396
-356
-238
-61
93
209
286
354
414
466
541
628
705
722
688
683
687
665
618
581
566
515
426
345
291
239
172
129
122
72
-31
-111
-135
-144
-178
-233
-295
-343
-371
-363
-359
-411
-495
-555
-578
-602
-622
-655
-709
-770
-819
-844
-889
-955
-995
-988
-971
-985
-1002
-990
-950
-910
-870
-792
-655
-514
-433
-374
-272
-115
47
163
254
370
495
584
632
686
799
902
914
858
852
921
948
890
819
808
807
723
595
534
534
507
418
340
310
280
214
151
141
145
108
58
60
108
141
139
127
116
93
94
150
219
228
177
129
117
124
106
71
48
35
1
-68
-99
-60
-13
-40
-105
-113
-59
-31
-37
8
98
145
138
151
229
320
360
378
400
430
435
434
461
476
444
371
304
244
169
61
-43
-127
-230
-351
-478
-582
-679
-806
-952
-1054
-1085
-1099
-1139
-1190
-1213
-1190
-1162
-1143
-1096
-1012
-924
-847
-745
-599
-450
-361
-299
-191
-40
100
190
283
387
425
416
454
554
621
590
534
540
556
491
399
384
384
324
207
135
115
78
28
21
18
-24
-91
-137
-121
-66
-2
21
-22
-69
-41
46
118
148
176
180
130
96
153
250
255
175
117
125
147
127
98
85
80
47
4
-5
19
33
29
26
51
80
91
127
191
255
288
302
331
376
433
493
518
520
519
523
514
500
510
525
473
362
299
302
280
180
65
-5
-57
-141
-235
-280
-319
-422
-540
-595
-591
-594
-627
-661
-651
-615
-606
-636
-655
-606
-510
-451
-465
-460
-377
-291
-269
-277
-234
-164
-160
-203
-174
-66
-2
-44
-109
-100
-43
-16
-21
-6
29
35
22
41
91
143
161
148
158
215
289
326
329
322
347
377
382
381
374
375
358
330
296
248
188
155
151
123
65
-21
-81
-117
-149
-156
-154
-182
-251
-309
-286
-219
-183
-184
-179
-149
-120
-88
-32
33
77
102
116
152
211
271
315
314
286
276
286
300
310
293
246
192
149
118
49
-38
-68
-68
-130
-241
-297
-267
-247
-299
-335
-311
-301
-327
-313
-228
-152
-151
-170
-144
-73
-29
-4
38
79
94
86
101
152
204
185
116
77
90
91
37
-20
-58
-93
-156
-227
-265
-281
-288
-315
-358
-390
-392
-385
-389
-375
-305
-229
-220
-231
-178
-67
17
56
106
176
223
242
283
339
357
352
358
363
348
334
337
331
282
229
212
206
180
138
105
69
17
-9
27
72
67
30
5
35
76
97
117
156
187
204
240
285
315
290
275
300
325
296
224
174
160
158
126
69
4
-42
-86
-150
-210
-234
-243
-280
-332
-345
-309
-294
-303
-289
-250
-216
-211
-183
-106
-35
-14
-17
19
97
145
166
182
201
202
172
163
175
170
144
87
13
-50
-74
-92
-141
-233
-314
-360
-387
-397
-403
-431
-488
-534
-527
-479
-438
-427
-421
-401
-383
-360
-311
-247
-203
-191
-171
-129
-99
-83
-59
-33
-13
-18
-18
8
38
61
74
75
63
39
36
52
72
103
131
158
179
190
207
247
298
332
357
376
399
432
475
509
518
496
462
458
474
471
431
368
299
244
207
175
129
50
-36
-105
-153
-186
-205
-209
-232
-266
-296
-303
-285
-249
-198
-164
-151
-119
-51
14
60
120
194
248
256
267
329
395
419
397
384
388
377
355
340
318
279
230
190
149
95
22
-48
-96
-141
-171
-189
-216
-265
-308
-318
-303
-307
-330
-341
-333
-328
-327
-309
-299
-307
-306
-279
-264
-295
-328
-311
-273
-283
-328
-357
-358
-356
-391
-414
-373
-327
-332
-373
-375
-306
-226
-184
-154
-88
-9
43
88
184
299
380
412
428
472
557
628
658
657
655
644
615
573
541
503
419
312
209
131
56
-35
-127
-221
-338
-448
-522
-571
-631
-704
-745
-737
-727
-725
-705
-655
-583
-521
-448
-356
-259
-167
-75
36
152
232
287
349
419
486
538
595
642
620
563
560
581
569
491
413
389
354
277
203
180
173
126
52
15
29
45
30
18
36
57
51
34
63
132
166
147
127
157
205
202
159
138
133
109
60
24
3
-58
-157
-247
-276
-286
-338
-422
-483
-501
-521
-556
-555
-511
-484
-498
-495
-407
-288
-220
-181
-92
34
136
207
293
394
465
512
560
621
662
657
638
627
627
609
530
421
334
275
202
99
-6
-102
-211
-338
-434
-472
-505
-579
-668
-708
-705
-714
-732
-712
-658
-616
-601
-559
-463
-374
-324
-279
-214
-130
-63
-1
76
132
165
179
194
215
243
259
254
216
160
140
145
129
105
84
54
11
-46
-40
4
21
-3
-25
-11
9
35
71
103
116
122
154
195
230
256
289
316
308
289
287
282
249
221
227
218
160
85
43
37
12
-49
-99
-112
-118
-153
-192
-178
-137
-131
-158
-152
-94
-42
-17
13
67
110
136
157
192
234
262
272
275
274
270
265
251
237
217
178
126
82
52
11
-45
-92
-120
-159
-222
-259
-261
-258
-286
-317
-320
-305
-296
-287
-260
-231
-206
-186
-170
-149
-124
-80
-24
8
-3
-15
3
26
31
22
20
16
-15
-48
-55
-52
-64
-77
-93
-115
-135
-128
-100
-92
-91
-71
-40
-45
-66
-37
38
82
80
79
112
156
168
173
192
197
176
162
177
186
169
154
152
148
125
77
46
37
31
8
-16
-26
-26
-45
-69
-67
-41
-22
-29
-27
0
38
69
86
100
123
140
145
150
162
174
167
149
129
114
90
47
-2
-44
-84
-112
-136
-175
-237
-292
-324
-329
-329
-339
-355
-372
-375
-363
-336
-314
-289
-258
-229
-199
-159
-95
-45
-7
21
57
118
155
174
194
227
246
234
217
223
240
223
191
167
160
136
91
67
59
42
10
-27
-42
-43
-39
-33
-29
-35
-47
-42
-31
-9
23
38
34
26
34
57
69
63
64
81
96
92
62
45
54
61
52
32
15
-3
-12
-8
13
41
52
44
41
69
112
138
150
164
186
207
236
269
304
335
348
357
369
368
364
361
347
312
249
179
130
94
39
-51
-136
-197
-254
-310
-375
-434
-493
-558
-607
-632
-637
-637
-644
-663
-675
-659
-603
-539
-493
-459
-408
-340
-284
-222
-130
-41
5
19
51
107
151
171
200
235
229
193
168
172
187
189
177
145
101
75
68
60
46
30
28
17
1
11
48
81
80
87
130
178
178
156
177
231
257
242
225
233
239
217
179
158
146
118
64
16
-15
-38
-79
-136
-176
-196
-224
-258
-269
-254
-236
-237
-234
-207
-165
-123
-73
-4
72
132
187
256
334
396
427
451
503
560
587
582
591
613
609
564
514
488
457
382
303
241
162
67
-21
-91
-159
-241
-315
-380
-443
-496
-539
-576
-621
-644
-626
-607
-609
-602
-562
-502
-463
-433
-383
-326
-274
-241
-201
-140
-103
-95
-87
-65
-38
-17
-14
-25
-34
-37
-43
-60
-73
-75
-77
-100
-127
-120
-86
-64
-73
-66
-35
0
19
41
92
150
193
221
247
282
313
345
387
406
415
413
418
424
402
378
352
322
277
217
171
134
92
29
-36
-72
-102
-152
-210
-225
-208
-212
-244
-263
-240
-215
-203
-170
-108
-67
-61
-41
11
81
134
161
176
195
224
257
280
294
298
292
267
241
232
223
194
141
94
61
25
-19
-63
-93
-132
-172
-194
-199
-198
-220
-236
-239
-229
-226
-236
-224
-207
-188
-177
-167
-148
-127
-117
-121
-118
-119
-111
-93
-83
-88
-106
-130
-137
-130
-136
-142
-148
-146
-152
-176
-196
-183
-156
-134
-132
-126
-94
-62
-41
-19
17
54
84
98
125
175
215
245
270
295
321
332
332
339
344
350
344
335
328
313
298
283
259
216
173
142
126
111
88
59
34
0
-29
-39
-43
-49
-61
-75
-92
-91
-82
-74
-82
-103
-113
-117
-116
-118
-114
-101
-103
-122
-124
-114
-121
-138
-152
-144
-150
-165
-161
-153
-137
-132
-130
-116
-110
-109
-101
-83
-68
-56
-34
-8
7
21
41
61
75
81
87
96
103
109
109
106
97
73
51
38
36
31
12
-23
-58
-84
-102
-120
-138
-159
-176
-185
-197
-205
-208
-190
-162
-158
-166
-152
-120
-94
-75
-56
-30
-9
4
25
48
79
108
132
140
128
142
178
203
212
203
194
201
198
189
189
201
211
209
204
217
238
258
267
255
242
238
240
246
252
270
276
253
232
216
210
193
162
128
93
53
13
-12
-35
-73
-130
-187
-225
-258
-285
-316
-357
-395
-417
-416
-418
-439
-449
-438
-411
-388
-367
-330
-294
-268
-246
-222
-188
-141
-101
-67
-31
1
22
53
72
79
102
114
104
97
105
116
98
49
16
12
4
-22
-38
-35
-46
-73
-106
-100
-77
-71
-87
-102
-84
-61
-56
-54
-34
-15
-8
1
23
48
61
66
71
86
100
109
117
119
127
133
130
139
154
158
149
138
135
135
132
138
152
166
178
187
207
229
248
260
269
290
308
324
325
333
349
353
342
326
325
316
296
251
211
190
158
103
40
-6
-50
-112
-183
-234
-270
-309
-360
-396
-420
-450
-481
-498
-503
-505
-511
-520
-509
-476
-435
-393
-366
-345
-308
-257
-209
-170
-133
-94
-67
-45
-5
51
91
99
94
94
101
115
125
118
100
96
96
95
99
96
82
57
33
31
38
46
46
31
16
13
14
15
13
6
0
-1
-6
-8
-14
-24
-35
-49
-57
-68
-84
-94
-98
-101
-108
-123
-131
-132
-125
-116
-112
-102
-79
-55
-33
-6
26
64
106
137
170
210
248
284
331
388
428
439
444
454
475
491
488
483
478
463
443
424
400
361
307
259
215
173
125
79
38
-5
-52
-95
-146
-183
-214
-242
-271
-300
-310
-319
-336
-370
-386
-373
-352
-355
-360
-345
-327
-316
-322
-314
-295
-289
-300
-306
-283
-246
-221
-226
-222
-204
-191
-179
-162
-128
-89
-74
-64
-40
3
53
77
89
106
137
153
168
184
204
207
192
187
192
202
186
147
122
107
84
49
21
-4
-30
-56
-76
-80
-105
-145
-163
-172
-190
-203
-207
-192
-169
-145
-112
-77
-40
-12
23
60
101
133
164
201
237
285
319
340
356
366
375
381
382
372
352
323
294
274
243
218
195
162
127
85
60
48
36
22
1
-23
-48
-74
-84
-75
-67
-76
-99
-115
-108
-93
-85
-86
-94
-110
-123
-130
-132
-130
-146
-173
-202
-219
-213
-215
-229
-244
-248
-255
-278
-291
-289
-274
-265
-267
-265
-248
-219
-186
-144
-99
-62
-25
1
32
71
107
122
130
139
164
179
190
190
195
198
185
173
130
351
411
48
-42
136
79
-230
-179
11
-200
-234
-115
-119
-282
-405
-379
-338
-254
-205
-140
-171
-287
-177
-54
-68
53
341
342
183
336
394
252
295
383
418
557
546
359
317
354
320
506
603
532
371
226
116
-100
-65
-103
-49
19
-174
-208
-182
-190
-228
-97
44
-78
197
296
-23
-17
26
11
-153
5
111
35
-10
-82
-52
24
-77
-199
54
67
-88
-274
-111
-251
-375
-285
-363
-214
-350
-422
-262
-278
-344
-201
-173
-196
-312
-139
-31
-453
-173
-48
-211
-156
-116
76
-33
-296
-92
-49
-175
-99
-54
-13
-221
-138
-50
-134
-171
30
186
-13
18
162
126
15
49
243
224
43
226
196
73
251
217
246
275
189
275
117
102
210
120
214
29
93
360
116
128
226
112
103
57
167
232
98
145
127
96
121
28
147
30
87
167
84
92
85
55
-79
29
147
109
1
169
176
-37
-94
-24
111
-120
-72
272
208
-114
-180
50
-129
-222
78
141
107
-78
-196
-133
-71
-7
-142
28
59
-106
-222
-107
-58
-270
-321
-119
195
-132
-267
-92
-96
-331
-306
30
51
-144
-203
-150
-159
-344
-321
-70
-144
-209
-141
-46
-225
-368
-224
-186
-281
-157
-7
21
-134
-336
-88
-22
-245
-51
179
148
-72
-61
190
36
-40
196
302
178
236
306
124
12
123
266
137
244
362
243
-26
-60
281
245
115
94
270
305
-50
-67
136
8
-18
91
84
89
67
-27
-62
-21
64
82
26
69
16
9
-15
-88
-81
83
85
-48
83
192
71
-10
-17
150
164
15
39
176
78
12
27
49
89
-55
79
100
38
72
4
-27
-2
68
108
55
90
69
-80
-144
-46
-28
-104
-53
-50
-59
-140
-167
-184
-236
-237
-312
-271
-248
-211
-250
-329
-327
-319
-324
-343
-260
-176
-192
-160
-185
-205
-209
-235
-120
-111
87
166
55
138
83
71
105
188
356
343
270
263
234
170
79
157
235
223
188
146
102
112
32
51
169
235
254
125
136
161
67
70
105
148
158
55
2
18
-29
-15
51
117
139
101
83
-36
-30
-2
18
30
21
13
-121
-227
-264
-241
-136
-115
-39
-16
-72
-83
-171
-131
-145
-79
43
77
18
-113
-93
-79
-179
-122
80
60
26
23
31
17
-104
-139
19
99
-12
-50
7
-59
-264
-238
-83
-116
-117
-99
-85
-68
-174
-253
-172
-138
-151
-81
-5
-11
-151
-201
-111
-49
-66
-102
-51
37
-83
-137
-38
5
-14
-60
4
78
79
86
127
237
215
209
213
186
200
161
160
139
253
269
210
207
184
193
204
182
198
236
285
262
144
78
97
82
42
86
152
184
43
-26
62
62
76
82
72
151
121
68
19
-24
-19
-21
-8
30
66
17
-78
-176
-141
-76
-71
-1
-23
-102
-144
-222
-253
-244
-162
-63
-76
-99
-126
-136
-196
-216
-143
-46
36
24
10
-64
-139
-163
-153
-63
22
43
32
-33
-129
-183
-181
-191
-175
-69
-51
-93
-126
-250
-321
-282
-221
-168
-135
-124
-119
-185
-241
-234
-149
-62
-53
25
112
77
-17
-30
-58
-5
31
32
116
136
98
2
16
81
133
148
193
228
248
220
105
85
43
62
116
149
199
240
213
111
65
149
233
205
211
242
238
148
61
93
129
151
165
201
217
164
87
28
16
72
134
183
174
144
145
79
-16
-52
31
94
62
68
78
28
-72
-141
-141
-104
-36
-28
-67
-93
-126
-145
-190
-218
-146
-74
-71
-91
-104
-143
-179
-211
-208
-134
-60
-68
-111
-109
-106
-88
-105
-118
-81
-80
-81
-101
-107
-130
-188
-239
-246
-190
-124
-91
-161
-164
-116
-110
-126
-105
-74
-51
-51
-15
32
33
34
19
28
65
91
86
96
60
79
107
87
111
104
63
29
42
58
73
53
21
-18
-51
-59
-75
-5
50
41
64
103
145
142
140
189
264
312
326
349
351
367
352
284
278
312
314
266
241
228
179
98
6
1
12
-32
-74
-96
-123
-172
-208
-246
-263
-265
-280
-294
-303
-287
-311
-301
-274
-254
-208
-167
-120
-64
-27
-15
-29
-39
-6
13
27
33
-8
-73
-114
-120
-118
-122
-111
-104
-111
-127
-115
-125
-146
-134
-93
-74
-68
-24
2
-21
-55
-36
21
56
37
47
94
129
141
156
187
203
200
170
155
147
136
94
52
68
80
85
50
16
-29
-60
-66
-88
-37
-21
-39
-50
-54
-41
-43
-6
31
60
100
126
129
127
107
99
135
164
175
191
186
152
130
104
104
147
160
146
139
104
77
41
24
16
19
50
58
49
2
-30
-47
-60
-53
-10
53
89
76
59
42
1
-24
-51
-77
-63
-55
-94
-140
-164
-163
-210
-232
-205
-183
-164
-188
-200
-214
-243
-249
-244
-222
-199
-175
-202
-225
-191
-162
-153
-152
-101
-54
-45
-26
-5
-8
-5
7
17
34
55
38
9
-6
-9
-21
-23
-20
-51
-31
0
-13
-18
-10
-6
-3
12
14
25
27
15
21
10
11
16
3
3
6
38
59
63
79
97
121
156
182
190
187
153
138
133
130
143
154
160
156
165
177
176
195
217
218
224
248
254
222
206
193
166
150
148
132
124
123
116
122
107
80
47
41
30
11
9
10
5
-16
-37
-75
-106
-103
-110
-125
-121
-143
-168
-189
-213
-228
-255
-256
-232
-225
-230
-247
-261
-272
-298
-301
-286
-248
-220
-221
-219
-213
-194
-158
-119
-77
-36
-1
9
-24
-29
-4
5
20
36
75
113
112
100
78
73
85
76
73
67
59
59
10
-28
-27
-38
-58
-63
-44
-38
-42
-39
-40
-18
16
35
59
67
70
55
37
38
33
28
18
11
27
43
48
45
48
68
62
55
75
80
81
91
92
83
89
109
104
92
110
114
111
129
133
144
145
152
171
190
214
229
225
190
156
144
119
101
91
69
37
3
-39
-69
-92
-107
-120
-124
-127
-147
-148
-151
-174
-198
-196
-204
-219
-217
-227
-233
-220
-211
-195
-183
-173
-148
-132
-130
-102
-64
-53
-47
-30
10
26
29
32
25
23
26
14
3
6
11
15
11
30
43
45
47
60
67
61
68
55
41
34
29
33
37
32
28
14
-9
0
-1
-12
2
22
39
35
32
35
39
20
-11
-6
-1
6
3
-11
0
-7
-30
-15
26
38
62
85
100
106
102
92
80
70
60
67
97
116
106
89
81
76
81
94
103
116
124
107
82
59
22
1
-2
0
7
12
12
-19
-42
-57
-70
-70
-78
-66
-57
-74
-109
-138
-160
-163
-151
-130
-109
-96
-98
-121
-132
-142
-133
-120
-117
-109
-118
-126
-133
-140
-137
-135
-122
-78
-48
-29
2
0
-15
-27
-36
-32
-4
7
8
24
13
-6
-13
-6
6
35
53
70
75
67
59
37
11
-4
11
32
30
37
46
34
19
14
21
22
38
73
95
114
124
129
131
125
104
101
111
97
95
96
82
67
51
48
56
60
86
109
105
100
89
65
60
57
55
62
66
73
69
49
33
22
24
19
13
33
45
28
20
3
-19
-27
-18
-2
5
6
-11
-39
-59
-78
-83
-76
-66
-51
-29
-24
-42
-62
-77
-94
-90
-71
-64
-47
-34
-51
-66
-92
-120
-125
-119
-111
-110
-114
-132
-143
-146
-146
-144
-135
-116
-87
-80
-83
-69
-64
-79
-92
-84
-76
-64
-54
-38
-32
-36
-40
-37
-29
-29
-8
21
31
25
33
50
52
52
56
56
53
57
43
36
34
27
20
27
42
47
59
68
79
98
108
96
104
106
108
129
158
157
95
78
86
91
73
72
118
94
38
7
17
65
81
71
62
63
33
23
38
56
50
19
-3
-14
4
26
27
29
34
28
30
38
51
59
52
30
21
22
9
3
-4
-9
-10
-24
-24
-17
-28
-51
-60
-54
-60
-86
-96
-92
-83
-76
-79
-80
-91
-92
-77
-68
-75
-83
-70
-57
-62
-79
-82
-92
-95
-95
-107
-107
-108
-112
-116
-114
-108
-103
-85
-81
-81
-60
-41
-25
-10
9
14
21
25
27
35
35
42
42
43
57
82
107
108
100
97
89
86
97
101
94
81
70
67
46
25
15
9
14
11
4
-2
-13
-20
-24
-22
-11
-1
15
32
41
48
32
16
14
27
42
46
45
39
33
34
34
38
57
72
73
68
57
53
48
37
20
12
16
17
14
17
10
5
1
-18
-30
-28
-28
-30
-26
-25
-21
-28
-39
-42
-42
-57
-69
-74
-74
-67
-62
-65
-69
-80
-101
-120
-128
-116
-101
-83
-71
-66
-63
-62
-60
-56
-49
-31
-21
-20
-12
-8
-10
-6
1
2
12
39
46
43
45
32
24
30
32
32
41
42
27
18
22
36
52
63
75
85
86
75
78
88
80
74
85
82
84
85
77
64
51
39
33
22
16
17
17
9
-10
-25
-33
-39
-34
-32
-26
-19
-27
-24
-20
-11
-14
-17
-11
-16
-16
-1
17
36
37
31
45
53
53
57
58
45
44
41
29
21
3
-21
-38
-46
-60
-60
-63
-73
-68
-67
-78
-90
-91
-98
-97
-77
-92
-100
-87
-91
-101
-97
-84
-77
-74
-74
-66
-53
-52
-45
-32
-27
-27
-15
-12
-12
-10
-19
-29
-33
-24
-15
-8
3
2
0
5
11
17
31
44
52
59
60
72
85
84
86
99
112
123
115
104
104
100
94
92
94
95
86
82
68
45
39
36
29
27
28
20
-2
-17
-28
-27
-21
-8
10
16
14
9
5
-5
-9
-9
0
5
13
13
-4
-13
-18
-26
-30
-25
-21
-17
-30
-32
-36
-46
-49
-35
-11
-10
-8
-7
-16
-30
-29
-24
-19
-22
-29
-33
-39
-37
-25
-17
-20
-25
-30
-33
-35
-37
-33
-27
-14
-8
-9
-7
-10
-15
-30
-44
-40
-37
-32
-24
-26
-21
-24
-29
-30
-28
-16
-10
-10
-16
-25
-27
-20
-19
-16
-1
8
4
4
11
15
18
16
16
21
39
55
56
61
60
44
26
20
28
32
26
22
28
30
21
21
24
20
23
25
18
24
38
35
35
48
57
50
41
39
40
41
44
35
34
38
43
49
45
42
28
13
5
4
11
8
13
8
-16
-23
-16
-14
-9
-15
-26
-28
-37
-54
-72
-75
-69
-64
-62
-55
-58
-66
-59
-58
-56
-45
-36
-28
-23
-17
-9
-8
-12
-15
-16
-17
-16
-12
-13
-13
-21
-22
-18
-24
-21
-24
-29
-36
-44
-48
-48
-45
-49
-50
-45
-24
-16
-21
-14
-11
-1
7
13
15
15
20
17
22
28
20
23
17
7
3
6
7
6
8
8
5
11
23
22
28
39
41
40
44
56
70
81
88
97
108
121
124
119
124
123
116
108
96
90
96
87
76
74
68
52
47
43
35
31
20
3
-10
-27
-40
-36
-46
-56
-63
-66
-63
-68
-64
-63
-71
-82
-84
-88
-90
-83
-82
-84
-82
-75
-78
-73
-66
-70
-68
-58
-58
-58
-53
-45
-39
-42
-43
-47
-45
-43
-44
-41
-42
-37
-37
-44
-38
-28
-26
-19
-14
-6
2
9
15
15
16
18
20
26
24
21
26
19
1
-12
-13
-8
-5
-5
-10
-14
-20
-34
-35
-28
-27
-28
-32
-30
-32
-38
-33
-25
-17
-8
-2
6
16
26
45
55
56
68
83
91
96
111
120
124
119
125
133
140
134
128
129
114
105
111
113
117
114
104
102
95
85
74
63
58
53
45
36
14
-1
-17
-35
-46
-53
-42
-31
-29
-39
-49
-60
-70
-81
-77
-72
-76
-77
-88
-94
-97
-100
-95
-94
-90
-90
-91
-84
-74
-83
-89
-86
-89
-89
-74
-53
-54
-67
-57
-51
-51
-47
-49
-31
-21
-21
-8
0
4
3
5
9
-1
-16
-15
-8
-8
-14
-14
-5
-5
-12
-14
-13
-17
-18
-18
-11
-7
-5
-2
-10
-14
-10
-5
-3
7
15
17
11
9
7
15
25
37
49
49
56
53
47
48
51
57
58
57
66
80
85
88
89
75
71
77
82
85
86
84
75
72
81
90
97
94
89
79
65
48
35
34
28
16
9
3
-12
-24
-25
-25
-31
-28
-28
-44
-51
-50
-58
-62
-67
-73
-70
-69
-65
-63
-64
-63
-66
-69
-69
-65
-62
-64
-63
-55
-48
-37
-31
-27
-21
-17
-13
-11
-18
-9
0
1
11
15
13
9
3
5
4
-1
-2
3
11
-2
-13
-13
-21
-21
-21
-15
-15
-27
-39
-50
-55
-50
-45
-47
-48
-54
-56
-62
-68
-63
-56
-47
-48
-45
-34
-18
-13
-14
-8
-5
7
21
25
28
36
44
50
63
75
86
85
84
89
88
81
82
91
93
97
101
102
101
95
97
96
85
80
79
70
51
42
52
55
57
54
47
44
37
35
39
29
20
22
22
17
6
-4
-16
-32
-35
-36
-44
-47
-45
-46
-59
-68
-73
-75
-70
-60
-56
-60
-73
-82
-88
-88
-85
-76
-67
-70
-66
-57
-59
-55
-49
-51
-54
-52
-45
-39
-35
-34
-31
-35
-37
-32
-30
-31
-34
-44
-44
-36
-24
-18
-25
-26
-29
-45
-56
-44
-39
-34
-20
-5
6
2
0
4
2
4
8
13
24
39
51
50
48
51
48
47
55
59
56
46
48
46
48
51
51
56
59
64
54
58
69
72
78
81
81
80
75
70
74
71
72
80
79
80
81
79
72
63
59
58
53
51
46
35
23
10
2
-1
-3
-12
-21
-28
-32
-34
-38
-46
-48
-53
-60
-65
-73
-78
-77
-64
-58
-66
-71
-78
-85
-83
-84
-83
-70
-68
-60
-54
-50
-51
-62
-64
-65
-65
-64
-55
-46
-48
-39
-29
-19
-21
-24
-16
-18
-28
-28
-21
-15
-5
3
3
-2
-4
2
9
17
25
27
27
29
25
14
20
21
13
11
2
5
7
4
7
5
5
-3
-8
-5
-3
-6
-8
-7
-8
-7
-4
0
-4
-11
-1
10
21
36
48
47
48
41
40
45
47
50
61
66
61
65
67
65
64
62
61
65
65
70
79
86
85
75
67
58
53
44
43
42
37
28
17
17
14
11
3
-11
-22
-27
-27
-26
-25
-28
-34
-46
-55
-59
-62
-60
-61
-68
-74
-68
-64
-61
-56
-55
-59
-61
-58
-52
-53
-52
-49
-47
-40
-38
-29
-24
-26
-34
-48
-50
-48
-39
-25
-27
-28
-39
-43
-32
-23
-20
-15
-14
-16
-28
-31
-20
-18
-18
-15
-8
-3
-2
-6
-11
-13
-11
-8
-8
-5
5
10
11
16
24
21
14
15
25
37
43
41
43
57
68
76
86
92
85
75
70
63
63
69
73
81
87
92
98
92
87
79
68
66
68
67
61
50
51
51
45
40
31
21
7
0
-7
-12
-14
-14
-11
-18
-23
-38
-53
-63
-72
-76
-84
-83
-83
-85
-87
-92
-94
-90
-87
-87
-86
-80
-86
-95
-95
-93
-84
-76
-63
-52
-54
-60
-63
-60
-59
-47
-40
-30
-23
-17
-19
-21
-16
-12
-11
-7
-9
-7
2
8
21
34
33
28
29
29
37
42
46
48
43
42
41
46
44
47
53
54
52
49
44
36
36
33
37
34
29
31
28
35
38
37
33
25
19
18
23
27
27
30
41
52
49
35
26
24
25
32
49
63
60
44
38
43
45
48
43
36
31
19
13
16
27
36
35
29
23
18
4
-13
-18
-24
-30
-39
-39
-39
-38
-41
-53
-59
-60
-57
-61
-67
-68
-77
-77
-78
-83
-80
-78
-73
-71
-65
-55
-55
-55
-42
-38
-37
-43
-50
-51
-60
-66
-70
-66
-53
-51
-45
-42
-39
-31
-26
-21
-2
10
15
14
12
15
15
17
17
22
21
28
30
24
18
11
17
21
26
29
24
26
23
18
21
26
28
23
13
15
14
4
-2
-4
11
19
23
29
32
32
29
29
36
41
44
53
58
65
68
67
64
66
69
64
61
61
66
65
62
60
55
46
30
25
27
34
39
40
38
34
23
13
8
5
6
3
-7
-2
5
3
2
-2
-9
-17
-30
-33
-23
-22
-21
-30
-45
-57
-66
-64
-62
-55
-50
-49
-57
-58
-62
-66
-71
-81
-87
-87
-87
-73
-53
-49
-47
-58
-63
-62
-61
-55
-51
-48
-44
-41
-35
-31
-25
-19
-14
-9
-6
2
6
11
14
11
11
13
17
20
20
36
33
18
25
28
25
25
24
32
32
30
42
50
45
32
26
17
16
17
17
14
17
20
12
3
2
8
21
26
20
22
22
15
9
2
3
4
-4
2
9
18
28
30
39
38
40
45
45
49
46
49
42
28
36
43
42
42
35
35
28
25
19
16
12
-2
-17
-16
-7
-6
-8
-11
-6
-16
-35
-30
-31
-34
-36
-35
-28
-28
-34
-34
-32
-36
-43
-53
-54
-48
-47
-44
-41
-37
-33
-32
-34
-43
-48
-54
-57
-54
-55
-48
-42
-33
-28
-26
-17
-12
-5
-1
1
10
14
20
21
27
30
26
29
32
31
32
41
51
54
55
41
26
21
17
21
22
24
26
29
33
29
22
15
8
-4
-9
-10
-1
12
8
-5
-12
-18
-19
-18
-12
1
4
4
3
1
2
11
16
22
26
36
41
46
51
46
39
23
12
17
22
23
21
17
15
10
10
14
13
5
-2
-11
-20
-28
-24
-17
-24
-34
-37
-36
-29
-20
-20
-31
-36
-45
-48
-45
-54
-55
-59
-61
-53
-48
-44
-52
-63
-73
-80
-80
-75
-66
-49
-33
-28
-30
-20
-14
-13
-5
0
11
22
30
41
48
50
50
40
32
33
36
39
41
48
48
40
39
44
44
38
30
40
53
51
48
49
57
60
49
46
36
31
24
23
28
22
19
15
16
16
21
11
5
-5
-6
6
15
27
21
14
1
-4
-5
-8
-7
-9
-14
-10
-17
-19
-24
-38
-41
-34
-29
-25
-21
-25
-23
-17
-18
-25
-35
-34
-22
-11
-8
-8
-5
-3
-8
-15
-14
-14
-10
-4
1
3
1
1
0
-6
-12
-19
-22
-20
-21
-28
-36
-35
-33
-34
-33
-32
-24
-20
-17
-4
-3
-9
-18
-30
-37
-34
-26
-17
-5
3
5
5
3
9
6
-1
-2
-1
10
3
0
7
12
14
16
15
23
31
35
45
44
49
43
37
37
38
43
43
36
35
23
23
33
35
34
25
24
18
6
-2
-2
3
9
2
5
15
15
15
6
1
-1
-2
5
5
1
3
-1
-11
-14
-18
-15
-16
-12
-4
-4
-10
-14
-12
-9
-15
-21
-20
-20
-9
-7
-5
-9
-14
-19
-19
-20
-24
-18
-24
-25
-22
-23
-26
-24
-17
-17
-14
-14
-17
-17
-18
-20
-24
-29
-31
-26
-23
-21
-18
-12
-12
-13
-3
6
10
8
2
4
1
-1
7
13
23
18
6
12
17
15
14
15
20
19
15
16
18
24
31
36
36
38
35
33
35
37
37
35
35
37
45
43
40
34
24
15
11
8
16
26
20
12
5
2
4
5
12
16
13
10
5
9
8
3
-6
-11
-15
-19
-16
-10
-9
-18
-19
-15
-17
-26
-33
-43
-47
-44
-43
-37
-26
-25
-25
-24
-29
-33
-37
-34
-32
-38
-49
-55
-50
-46
-39
-34
-31
-31
-29
-23
-27
-27
-26
-20
-21
-29
-31
-38
-33
-23
-15
-5
-2
-6
-3
2
-1
-1
-5
-1
2
9
16
25
28
20
17
19
14
13
16
12
7
4
1
0
10
25
32
39
39
32
32
40
43
41
45
43
46
48
50
49
42
38
41
50
54
53
49
50
51
47
42
37
40
40
41
43
41
46
41
41
42
36
32
23
21
23
25
26
24
23
13
12
10
13
7
-8
-23
-33
-31
-27
-29
-33
-30
-27
-21
-27
-40
-53
-66
-72
-76
-82
-84
-88
-84
-75
-68
-71
-77
-74
-70
-66
-60
-58
-59
-71
-77
-77
-76
-75
-73
-70
-59
-47
-37
-24
-24
-28
-30
-28
-21
-15
-10
-2
5
10
18
17
13
4
8
13
8
14
20
33
38
30
32
33
38
47
58
59
51
41
37
37
39
37
34
40
37
32
34
35
48
56
53
62
62
57
59
62
73
65
62
69
70
70
59
57
49
47
41
34
32
27
27
17
13
15
14
6
-4
-9
-12
-16
-17
-18
-15
-18
-26
-31
-36
-36
-34
-33
-29
-24
-25
-34
-42
-47
-49
-56
-61
-70
-67
-64
-58
-50
-40
-40
-52
-52
-46
-45
-41
-41
-38
-30
-34
-39
-35
-36
-33
-33
-32
-26
-18
-6
1
6
5
-2
-10
-12
-7
0
7
14
16
16
24
28
29
31
33
37
34
41
44
39
42
48
48
43
42
38
39
39
34
27
19
31
32
36
42
39
28
14
13
11
14
18
14
17
18
20
14
9
4
-3
-8
-15
-7
1
0
-1
-4
-6
-15
-17
-21
-28
-31
-35
-34
-33
-29
-28
-26
-32
-37
-35
-32
-28
-22
-17
-13
-14
-17
-27
-36
-42
-44
-42
-44
-36
-29
-38
-32
-18
-17
-15
-15
-16
-14
-21
-23
-18
-10
-10
-12
-4
-3
-5
-9
-4
5
8
17
24
23
17
21
31
41
44
48
55
58
51
42
42
39
39
35
30
29
30
30
28
30
27
24
14
8
2
2
7
4
3
3
4
10
18
20
18
8
3
2
5
16
22
23
18
12
4
4
2
-6
-4
-2
3
-1
-7
-3
3
2
-5
-9
-8
-14
-17
-12
-5
2
-2
-1
2
-1
3
1
-3
3
12
15
11
1
-5
-13
-19
-21
-19
-10
-6
-12
-21
-27
-30
-30
-29
-30
-34
-34
-28
-24
-22
-25
-23
-22
-21
-17
-20
-24
-28
-21
-7
-2
-3
-5
-13
-22
-20
-21
-17
-14
-13
-2
6
9
5
-8
-17
-22
-28
-27
-21
-10
-3
2
-2
-11
-18
-28
-27
-24
-23
-15
-15
-19
-13
-14
-9
-8
-8
-11
-13
-5
-2
1
2
2
5
11
20
27
30
21
17
16
24
29
30
41
50
57
64
71
75
74
67
54
50
55
64
65
66
66
64
58
54
56
60
55
39
28
19
9
8
7
10
9
12
15
11
10
6
3
-4
-5
-7
-9
-12
-16
-20
-27
-25
-26
-26
-25
-21
-23
-31
-30
-33
-35
-35
-32
-30
-27
-21
-13
-8
-13
-19
-29
-37
-42
-48
-37
-31
-30
-29
-32
-33
-37
-43
-50
-46
-46
-50
-44
-39
-37
-42
-41
-40
-41
-39
-36
-37
-41
-37
-35
-30
-24
-12
-1
6
12
10
2
-6
-7
0
9
20
23
20
19
13
7
3
4
6
-1
3
5
9
12
11
16
21
25
31
32
32
33
27
27
30
33
41
49
53
62
66
68
68
63
64
61
53
41
33
36
38
34
30
27
29
26
21
16
14
12
7
3
0
1
2
5
-5
-9
-22
-28
-23
-24
-21
-21
-17
-9
-8
-8
-8
-12
-12
-12
-17
-22
-32
-41
-45
-44
-43
-47
-52
-52
-47
-42
-38
-43
-41
-41
-40
-36
-40
-37
-36
-34
-26
-17
-10
-2
5
17
16
14
17
16
19
14
19
17
18
19
20
20
18
15
14
19
22
21
19
22
16
13
14
12
12
12
10
7
8
9
19
18
10
5
-3
-7
-5
-3
4
8
12
11
3
-4
-10
-12
-6
-2
-2
4
7
8
9
9
8
11
11
15
16
