27
14
-5
-9
0
11
19
22
9
-7
-3
5
13
31
43
40
28
16
-6
-4
14
19
13
7
25
39
48
43
34
29
12
1
-2
3
9
6
-13
-22
-10
14
21
14
19
21
17
10
-8
-20
-12
-2
10
14
3
1
-1
-1
-6
-6
-1
8
7
-10
-23
-16
-4
-4
-13
-30
-23
-3
13
7
-7
-11
-11
-10
-17
-18
-15
-20
-37
-60
-65
-54
-28
-20
-36
-64
-71
-34
15
29
1
-20
-16
-16
-35
-36
-16
-3
-10
-33
-51
-49
-42
-45
-46
-43
-37
-29
-29
-29
-29
-27
-25
-20
-13
-3
6
13
13
2
9
37
49
41
28
18
20
31
36
37
38
41
48
45
37
33
40
40
30
24
31
41
41
27
12
19
27
19
1
-14
-15
-14
-8
-8
5
19
19
22
26
36
50
50
47
33
19
11
1
1
-11
-26
-19
3
21
18
16
18
13
10
8
3
2
3
5
-1
-8
3
9
7
0
-2
-1
-1
0
-3
-13
-12
0
8
8
-1
-2
-2
-14
-20
-16
-5
7
8
-7
-6
0
-9
-16
-17
-18
-23
-28
-25
-14
-11
-12
-23
-20
-4
-13
-31
-40
-34
-25
-28
-31
-29
-22
-18
-9
-3
-7
-6
-12
-26
-27
-29
-30
-12
4
0
-28
-45
-25
4
13
-6
-21
-15
-5
-12
-25
-29
-18
2
7
-3
-2
7
17
19
16
10
14
35
55
52
27
4
8
17
13
9
20
39
48
34
11
3
2
4
-2
-16
-15
-13
-13
-8
-7
-1
17
31
34
25
24
20
9
-9
-19
-13
-6
0
-13
-27
-21
5
32
36
26
22
33
27
9
-12
-24
-16
3
8
-3
-12
-33
-40
-21
-9
2
14
28
28
11
5
10
21
29
22
1
-10
-1
16
16
7
-12
-10
14
26
11
-7
-27
-45
-32
-12
0
-1
5
6
13
16
12
11
10
6
-1
7
14
7
7
3
-3
-1
14
25
17
-1
-3
1
0
-6
-13
-19
-29
-34
-32
-23
-23
-23
-12
2
9
6
4
0
-2
-11
-10
16
37
26
2
-16
-11
10
14
5
-5
-5
-11
-17
-24
-33
-31
-20
-4
15
19
8
-7
-22
-13
4
16
19
20
5
-21
-33
-31
-11
7
4
-17
-23
-14
-10
-4
-7
-20
-32
-45
-39
-41
-51
-46
-23
0
-1
-9
-17
-17
-5
11
15
1
-9
-1
11
13
8
5
14
34
31
22
23
43
51
34
16
11
18
19
7
-8
0
9
4
-11
-25
-19
3
17
13
-3
-14
-1
12
3
-14
-6
20
39
33
9
-2
14
26
28
28
26
9
-7
-3
25
53
51
38
28
31
38
37
32
21
31
37
32
25
10
-5
-13
-14
-10
-2
8
5
-12
-13
0
13
16
20
14
7
9
0
-20
-45
-45
-31
-29
-46
-63
-61
-35
-22
-34
-58
-64
-48
-38
-30
-29
-31
-22
-5
-3
10
19
16
-1
-21
-12
-1
-8
-2
26
34
26
24
31
37
29
3
-13
-15
-9
-16
-29
-36
-32
-27
-21
-11
5
10
-12
-30
-38
-19
5
4
0
0
-4
-9
-22
-19
-10
-2
-3
-15
-20
1
24
10
-14
-22
-4
11
9
1
-7
-10
-5
5
8
1
0
0
-11
-3
3
8
23
42
47
35
18
0
-15
-19
-16
-15
-17
-12
-3
-3
-1
4
11
17
22
18
14
28
37
30
27
29
15
5
8
27
45
38
22
30
61
80
65
35
9
2
9
21
30
33
33
28
20
15
20
32
25
-7
-26
-21
-3
-5
-35
-43
-29
-13
-8
-17
-18
-28
-32
-32
-24
-15
-7
-2
-13
-11
-4
6
-1
-34
-46
-29
4
16
3
-11
-7
7
9
3
0
-6
-14
-15
-5
9
3
-11
-24
-33
-31
-20
-13
-21
-41
-46
-46
-46
-36
-21
3
9
2
-8
-21
-32
-35
-29
-12
4
15
19
3
-12
-14
-7
9
16
10
8
1
9
17
15
13
9
11
17
6
-19
-31
-23
1
8
-11
-40
-53
-38
-24
-13
-4
9
11
3
-5
-9
-17
-18
-15
-13
-15
-23
-2
18
9
-5
3
19
33
43
39
35
29
30
41
36
31
34
44
45
32
33
33
23
25
29
37
37
34
45
57
66
61
42
26
21
38
56
44
26
23
21
2
-16
-23
-17
5
24
26
17
-3
-28
-33
-34
-40
-49
-48
-46
-49
-48
-34
-17
-5
-8
-25
-38
-36
-26
-22
-31
-48
-52
-42
-20
-3
12
23
8
-13
-27
-29
-7
18
14
0
-5
-2
7
-4
-10
-1
6
0
-14
-19
-9
8
18
7
-14
-30
-39
-34
-35
-34
-4
12
-1
-22
-28
0
21
15
-7
-22
-13
0
2
-14
-17
4
23
8
-13
-16
-1
11
6
-11
-5
7
7
7
-7
-9
10
12
-6
-15
-3
14
12
10
9
7
1
0
-6
-22
-22
-14
0
9
9
13
3
-3
2
7
18
26
22
6
-2
6
6
-11
-16
1
18
22
19
29
42
44
45
45
66
80
62
25
-5
-2
20
20
12
26
28
15
-4
-32
-35
-20
3
23
15
-15
-36
-22
-3
-6
-12
-13
-12
-12
-9
-3
0
-5
-10
-22
-29
-27
-18
-7
-6
-4
0
-5
-4
3
0
-5
-10
-5
-2
-1
1
11
16
8
-1
-7
-6
9
26
26
6
-10
-16
-16
-13
-9
1
18
23
28
25
22
10
-11
-22
-24
-11
2
-6
-24
-28
-12
0
0
-5
-3
9
15
-1
-15
-6
13
17
5
-13
-18
-13
1
18
16
9
0
6
2
-4
-10
-14
-12
-26
-47
-52
-49
-41
-29
-27
-39
-41
-49
-55
-46
-37
-23
-18
-25
-36
-26
-11
-15
-22
-12
15
36
36
19
1
-11
-16
-11
-6
2
5
13
24
21
15
8
4
12
23
39
43
20
-5
-9
16
39
39
29
27
33
38
33
19
23
47
70
59
31
26
29
37
28
10
17
37
44
31
7
-4
-4
-3
2
1
1
7
13
6
-9
-9
-9
-23
-24
-26
-25
-7
13
26
35
33
16
3
-8
-7
7
18
21
12
13
12
1
-6
-9
-3
11
11
4
-1
-8
-11
-5
5
3
1
-4
-20
-45
-56
-41
-12
1
-3
-3
-11
-15
-23
-28
-24
-21
-7
-5
-9
-22
-35
-27
-20
-21
-20
-10
-7
-18
-35
-51
-60
-61
-62
-49
-28
-13
-10
-21
-37
-41
-17
4
-2
-16
-24
-17
-4
-4
-15
-9
5
16
10
-10
-29
-30
-14
-6
-3
-9
-16
-11
-10
-20
-25
-24
0
19
25
16
6
8
19
32
31
27
28
43
41
22
20
30
34
26
17
27
39
50
58
55
60
61
56
55
64
56
28
-4
-16
6
31
47
44
37
18
0
-13
-29
-19
0
18
25
22
19
15
22
30
25
14
12
28
46
37
8
-2
17
43
34
3
-24
-31
-13
-10
-23
-27
-24
-14
-10
-30
-61
-54
-33
-39
-53
-56
-51
-35
-18
-10
-13
-16
-19
-22
-31
-40
-27
-11
-14
-22
-24
-12
-1
-2
-5
0
8
17
19
12
11
12
4
-11
-12
-5
3
14
6
-1
-16
-24
-18
-18
-12
-6
-17
-24
-28
-31
-33
-29
-22
-29
-32
-24
-16
-12
-13
-18
-19
-27
-29
-22
-11
-9
-14
-14
-8
2
8
14
12
14
16
18
18
10
11
20
20
14
6
9
16
13
2
-7
-9
1
15
21
7
5
9
17
30
33
19
14
18
10
2
2
13
16
8
-7
-6
5
18
26
14
7
10
23
37
37
30
12
-6
3
23
39
51
33
12
9
24
37
42
30
18
37
43
22
-2
-15
-11
-6
-5
-9
-13
-5
-2
-20
-40
-38
-3
27
22
1
-2
13
17
6
-19
-36
-24
-3
5
-5
-10
-7
1
5
2
3
13
22
12
-9
-22
-3
31
49
25
-24
-29
0
21
10
-12
-27
-52
-64
-63
-53
-34
-17
-15
-21
-16
0
12
-2
-33
-47
-44
-32
-24
-27
-37
-30
-15
-8
-4
-8
-15
-31
-39
-38
-24
-9
-10
-15
-13
-8
-14
-25
-35
-35
-25
-25
-23
-19
-16
-7
12
11
-5
-5
0
2
-1
-4
2
20
34
42
28
8
5
10
19
17
4
-4
8
13
2
1
2
11
15
1
11
39
51
37
16
12
26
41
43
33
26
29
31
36
44
50
61
64
52
35
22
29
39
36
31
27
35
38
14
2
7
17
9
-3
-10
-7
11
11
1
-9
-2
4
-7
-25
-36
-26
-19
-23
-34
-44
-36
-16
-8
-16
-26
-27
-18
-7
-2
4
-4
-26
-30
-22
-15
-7
0
4
2
-15
-26
-14
-7
-12
-20
-15
2
3
-19
-33
-17
-1
4
-5
-12
-8
-8
-4
4
10
7
4
-3
-3
7
15
1
-21
-15
4
24
30
10
1
4
-12
-34
-40
-30
-5
18
29
9
-11
3
24
27
9
3
-7
-21
-31
-27
-21
-26
-24
-18
-28
-37
-32
-32
-40
-47
-39
-22
-7
-5
-20
-32
-35
-35
-29
-19
-14
0
16
14
1
1
7
1
-5
-11
-12
-6
9
21
23
8
-5
2
30
42
28
19
26
48
39
20
17
22
18
20
34
42
25
4
15
36
49
32
9
6
28
46
38
28
25
29
36
31
31
42
47
52
43
21
17
19
24
27
27
28
18
14
8
7
22
32
31
28
25
30
14
-6
-13
-21
-25
-18
-16
-6
-4
-7
-7
-7
-19
-39
-43
-32
-22
-33
-53
-69
-73
-61
-37
-25
-26
-32
-30
-35
-43
-45
-42
-34
-36
-29
-14
-11
-23
-37
-36
-14
1
0
-6
-8
-4
-9
-26
-52
-62
-37
-4
4
-15
-32
-23
3
3
-17
-21
-3
8
5
-18
-43
-32
-4
21
22
2
0
17
24
14
-2
-14
-18
-22
-23
-25
-19
-1
-2
-7
-6
10
27
32
30
36
40
23
16
12
25
42
34
29
38
50
57
45
25
30
47
39
28
28
26
29
23
10
11
18
24
28
23
1
-10
3
16
14
3
6
10
12
8
10
27
30
30
17
-1
7
26
33
18
5
10
26
24
14
10
-1
-16
-18
-23
-37
-32
-15
-7
-12
-20
-18
-7
-9
-22
-32
-32
-33
-43
-50
-51
-42
-19
-7
1
15
1
-21
-23
-20
-6
8
11
3
-9
-31
-36
-25
-21
-26
-21
-8
-6
-3
-6
-2
19
39
33
8
-8
-12
-8
-6
3
3
7
0
-15
-22
-25
-12
-10
-8
-9
-17
-18
-12
-8
1
6
11
15
5
-11
-12
6
17
15
6
-9
-16
-7
6
12
17
14
5
-4
-14
-6
11
9
-8
-1
20
35
39
25
4
11
20
9
6
9
9
12
12
5
-1
-20
-25
-19
-26
-28
-20
-11
-3
1
0
-8
-20
-30
-31
-15
-4
-12
-29
-41
-29
-8
-12
-31
-53
-49
-26
-1
19
24
21
16
16
15
11
21
40
49
50
45
39
44
40
35
39
47
51
42
25
21
30
26
19
16
16
25
28
19
2
-4
5
20
24
14
6
7
6
4
8
9
-1
-10
-3
8
20
20
-5
-27
-30
-15
-6
-12
-29
-35
-13
13
26
13
-6
-12
-3
4
-13
-39
-47
-32
-14
-17
-14
-10
-3
4
-8
-21
-19
-12
-15
-22
-10
-3
-18
-34
-28
-10
1
-7
-25
-31
-26
-23
-24
-19
-13
-4
-4
-13
-26
-41
-37
-28
-8
8
10
6
3
13
17
13
13
10
7
2
0
-4
-12
-22
-32
-27
-10
10
18
14
4
-1
3
-3
-15
-26
-32
-21
-3
-1
-8
-16
-6
7
1
-19
-25
-10
-3
-3
5
15
20
10
-13
-19
-6
14
35
37
21
9
15
31
41
34
31
38
46
46
37
31
28
18
16
23
32
29
21
13
4
10
32
39
34
19
10
8
8
10
17
21
15
9
-2
-9
-4
-2
-22
-40
-35
-17
6
14
-2
-16
-3
9
12
17
23
24
38
35
-3
-20
-15
4
5
-5
-3
15
32
37
23
0
-20
-22
-17
-16
-17
-21
-31
-35
-23
5
32
19
-17
-41
-31
-13
-14
-32
-49
-61
-57
-39
-17
2
11
2
-19
-34
-35
-23
-7
-11
-25
-27
-16
4
14
1
-7
-10
-6
-2
-6
-1
13
22
15
2
-14
-17
-18
-14
-9
-3
11
3
-18
-32
-34
-19
-4
-22
-41
-32
-9
-4
-27
-42
-34
-26
-22
-32
-37
-20
2
5
-11
-26
-37
-23
11
36
41
28
19
18
18
19
21
22
24
14
4
19
32
33
33
39
57
72
58
36
27
28
30
20
6
11
22
22
16
16
20
27
25
9
-6
-5
13
29
21
2
-8
9
36
44
31
25
23
24
25
25
30
32
30
15
-4
-13
2
23
20
0
-3
17
34
43
40
27
11
-17
-31
-22
-12
-1
4
2
-11
-20
-18
-13
-19
-29
-31
-28
-34
-46
-46
-46
-51
-56
-51
-41
-20
-1
-2
-16
-35
-20
-4
-11
-38
-48
-29
-8
1
-8
-17
-10
1
0
-7
-8
-8
-12
-18
-20
-27
-33
-31
-22
-16
-21
-17
-12
-13
-19
-24
-17
-5
-3
-8
-6
-6
-12
-11
-2
11
7
-3
-17
-31
-29
-23
-20
-22
-27
-26
-29
-35
-26
1
23
26
28
27
32
44
46
34
8
-6
-2
16
33
33
41
46
38
12
8
23
25
20
20
20
15
16
29
29
16
9
15
29
40
30
27
34
28
20
15
23
32
27
14
8
14
19
14
1
-7
-11
2
11
5
5
10
11
4
0
6
9
13
7
-7
-14
-5
18
20
8
9
17
15
1
-14
-24
-16
-6
0
7
9
-2
-10
-3
0
-10
-20
-18
-14
-19
-20
-20
-18
-12
-19
-25
-19
-6
-2
0
0
-3
-5
-4
16
16
-13
-14
7
6
-7
-3
27
44
24
-2
-5
3
5
-8
-6
-3
-18
-33
-33
-23
-19
-23
-35
-38
-31
-37
-43
-45
-36
-20
-17
-22
-33
-32
-26
-21
-22
-23
-29
-18
-1
7
0
-21
-33
-25
-12
-20
-31
-27
-19
-18
-25
-42
-44
-20
1
-3
-9
-5
-1
-19
-27
-30
-42
-15
18
30
32
21
23
41
48
42
46
52
46
27
18
19
22
28
22
14
13
15
28
44
60
68
63
46
27
21
39
51
35
22
21
33
46
48
36
30
27
27
27
22
20
14
13
11
12
26
35
36
38
41
24
7
11
5
-7
-19
-30
-36
-34
-23
-17
-28
-28
-27
-13
9
10
-10
-29
-33
-10
23
27
8
-7
-15
-1
16
0
-23
-33
-18
-6
-14
-23
-19
-12
-19
-35
-40
-21
-16
-30
-38
-48
-63
-60
-48
-30
-13
-14
-26
-44
-39
-16
-8
-13
-22
-27
-15
2
0
-15
-32
-23
1
9
0
-17
-20
-2
25
18
0
-1
3
-3
-20
-39
-47
-39
-23
-2
8
10
15
24
18
0
-3
-1
-1
0
-8
-14
-12
-2
2
6
4
5
16
23
41
55
37
10
-19
-27
-9
8
21
26
30
35
44
62
56
23
0
-12
-19
-13
2
6
6
11
16
20
12
4
7
12
21
15
-3
0
25
42
42
34
31
35
47
39
27
24
12
6
6
6
9
5
0
-10
-21
-20
-14
1
5
-16
-26
-22
-10
4
2
-2
-10
-18
-29
-38
-29
-2
13
9
6
2
-4
-7
-9
-15
-25
-15
7
15
1
-20
-28
-15
-4
-1
-12
-8
11
22
14
-1
6
7
7
4
-5
2
8
-12
-22
-18
-17
1
15
19
11
13
21
17
13
20
21
22
19
14
9
12
11
1
-8
-17
-18
-18
-20
-37
-42
-26
-10
-3
-8
-16
-19
-18
-16
-21
-14
-14
-25
-24
-12
1
6
6
-4
-15
-17
-9
-2
-4
-20
-29
-23
-22
-27
-36
-26
-13
-19
-42
-41
-16
-3
-13
-36
-44
-34
-16
-13
-21
-16
-9
-9
-13
-18
-11
0
0
5
4
1
1
9
13
3
-7
-12
11
30
27
22
23
18
18
16
12
18
19
30
30
35
51
65
74
71
53
40
42
54
57
45
36
38
43
39
30
27
37
38
29
25
23
17
25
23
19
34
37
23
13
1
-13
-24
-19
-7
-1
-9
-14
-1
6
12
7
-8
-19
-17
-10
-6
0
0
-1
-1
-9
-21
-31
-23
3
12
5
-3
-6
-12
-20
-18
-19
-25
-23
-23
-25
-27
-31
-21
-8
-6
-18
-31
-37
-31
-15
-16
-21
-20
-23
-31
-37
-41
-34
-15
-16
-33
-37
-31
-21
-20
-25
-26
-32
-36
-32
-26
-10
4
9
10
-2
-12
-12
-12
-13
-11
-9
-8
-20
-37
-51
-44
-24
-25
-28
-18
-23
-37
-40
-31
-27
-32
-48
-55
-24
7
29
33
18
8
23
49
61
33
-3
-2
28
54
51
40
34
46
76
86
80
74
78
71
52
38
24
36
34
28
27
30
51
71
76
63
48
45
51
44
23
9
24
34
32
11
2
19
24
12
-10
-24
-25
-14
3
-2
-6
8
-3
-12
-14
-17
-13
-9
-11
-29
-36
-44
-54
-59
-53
-20
10
15
-8
-22
-11
3
5
-18
-47
-49
-38
-23
-20
-18
-7
2
5
-6
-11
-9
-5
-17
-31
-21
-10
-3
-9
-6
1
-6
-10
-6
-6
-5
7
-6
-33
-37
-21
11
27
13
-15
-24
-6
-3
-9
-23
-33
-30
-19
-21
-24
-16
-8
3
8
-7
-23
-30
-28
-11
2
-7
-36
-43
-20
12
27
15
0
0
7
22
22
-3
-27
-24
-1
8
-7
-18
-11
10
14
10
4
9
11
-12
-26
-29
-17
-1
24
34
34
39
41
37
19
12
15
18
15
15
20
16
8
-2
-2
6
27
26
5
0
-2
-5
-3
3
1
-1
6
9
16
30
32
33
29
13
0
7
23
30
30
24
19
20
23
30
31
21
5
-1
11
12
22
27
13
-1
-4
14
30
22
2
0
6
9
3
-17
-25
-13
-9
-15
-11
-8
-5
-13
-28
-21
-9
8
14
-6
-17
-3
19
17
-1
-27
-53
-54
-35
-13
-19
-22
2
17
10
3
-6
-8
-14
-20
-15
-8
-2
-5
1
12
3
6
17
11
-16
-42
-34
-17
-2
3
-8
-26
-34
-38
-40
-39
-43
-47
-52
-63
-63
-55
-44
-42
-34
-27
-33
-28
-15
3
12
3
-8
-2
9
6
-1
-3
-12
-22
-8
10
12
2
1
10
30
45
36
31
26
22
20
32
33
16
11
5
2
14
35
60
57
37
22
25
49
53
29
10
13
10
1
2
9
17
22
25
12
-10
-4
22
28
10
-8
-6
7
20
28
25
6
-16
-17
-2
15
16
3
-3
1
15
24
31
21
4
0
7
6
2
6
13
16
5
-10
-9
-2
6
1
-19
-30
-29
-16
-13
-29
-40
-28
-18
2
23
25
18
4
-8
-8
11
18
0
-15
1
35
47
29
-1
-11
-2
2
-7
-12
-7
-4
-12
-3
-3
-23
-27
-29
-37
-46
-51
-35
-22
-25
-22
-5
2
-10
-25
-37
-29
-17
-23
-34
-40
-31
-14
3
5
1
-14
-22
-15
-14
-21
-31
-33
-24
-22
-18
-13
-18
-17
-14
-11
1
15
16
1
-13
-12
8
23
25
19
9
7
10
15
24
25
21
16
12
15
11
-6
-20
-22
-15
-6
15
20
14
2
0
16
19
10
-6
-14
-7
17
44
69
62
49
37
28
34
44
55
46
28
19
17
14
17
28
30
15
-2
-1
4
11
11
-3
-13
-12
-8
1
4
7
-2
-24
-29
-13
1
14
8
-7
-13
-21
-11
8
17
10
-6
-12
-14
-17
-13
0
8
5
-6
-3
-8
-11
3
15
20
1
-17
-14
9
17
8
0
-1
8
16
2
-14
-11
3
8
5
-7
0
20
23
12
-4
-11
-17
-21
-31
-32
-11
-13
-37
-47
-35
-21
-28
-40
-27
-12
-7
-16
-21
-28
-23
13
43
23
-11
-16
-5
4
-12
-32
-27
-25
-31
-31
-24
2
13
-5
-31
-40
-32
-16
-22
-56
-70
-33
7
11
2
-2
9
18
13
9
20
28
20
11
3
-7
7
16
-1
-15
-15
1
9
13
15
20
23
24
28
13
-4
-4
8
29
39
40
31
10
10
19
21
11
10
26
37
34
28
42
51
37
16
10
19
28
32
33
29
14
-4
-11
-2
4
-5
-24
-34
-22
-7
5
-1
-10
-15
-19
-16
-12
-1
21
43
50
36
4
6
31
35
29
12
13
41
55
47
12
-12
-4
5
7
1
-6
-7
-10
-24
-27
-14
-7
-8
-24
-24
-18
-10
-6
-19
-31
-36
-18
-3
-13
-30
-31
-21
-23
-31
-42
-40
-22
-18
-23
-20
-18
-12
-3
-17
-30
-26
-23
-32
-41
-41
-37
-24
-12
-17
-27
-30
-35
-38
-26
-17
-11
-16
-21
-18
-17
-15
-14
-19
-25
-23
-13
-4
3
-3
-9
-3
5
17
28
27
3
-16
-19
-15
-8
18
42
47
42
35
33
37
39
40
47
46
39
23
11
6
27
50
55
45
35
33
25
25
24
25
16
-3
-4
18
36
24
4
2
3
3
11
7
-1
-2
-4
-17
-23
-15
-13
-10
-2
-1
-1
0
8
22
28
12
6
14
17
13
9
8
11
13
20
24
13
3
7
6
-3
-3
4
6
-3
-16
-9
5
12
11
2
6
14
3
-16
-23
-22
-13
-9
-14
-11
4
5
-12
-25
-22
-6
2
2
-7
-22
-24
-32
-31
-29
-43
-43
-31
-15
1
11
6
-13
-34
-37
-35
-26
-23
-27
-32
-38
-20
-4
-1
-3
3
-3
-16
-21
-29
-31
-35
-28
-23
-21
-22
-27
-29
-20
-5
-3
6
9
-10
-20
-18
-7
1
6
8
13
19
14
22
20
12
15
24
27
11
20
53
71
59
26
15
30
54
44
12
-6
-8
6
18
28
27
13
7
10
12
23
27
20
14
24
18
-1
-7
-9
-3
2
23
19
3
-20
-21
-11
-3
5
2
-6
-8
-8
-25
-34
-42
-19
0
8
10
16
16
22
18
19
19
6
-9
5
20
26
11
-11
-16
0
26
10
-8
-2
32
42
34
7
-5
-7
-11
3
13
12
19
25
15
1
-24
-21
-5
-7
-23
-25
-13
1
1
-4
-15
-20
-13
-19
-22
-29
-13
-1
-1
-10
-26
-24
-11
-3
-8
-4
-6
1
-5
-2
-7
-11
0
0
8
11
15
-12
-29
-50
-46
-39
-34
-41
-41
-33
-31
-13
-1
13
5
26
14
0
-8
3
-21
-45
-43
-14
28
49
49
23
6
-15
-9
-10
-16
-26
-26
-30
-28
-39
-20
-5
13
-9
-1
-3
11
20
27
5
-13
-15
-14
3
-5
-14
-10
9
10
24
30
47
31
22
28
13
8
21
9
20
31
54
60
57
53
62
48
53
18
-6
-2
15
36
34
16
25
26
8
13
14
22
8
1
-8
4
-2
4
-16
-23
-17
-9
2
-9
-8
8
28
11
-29
-49
-43
-21
-11
-30
-49
-38
-16
-17
-18
-14
13
18
28
39
34
22
8
-3
-1
7
-5
-1
-7
11
15
9
17
4
-7
-32
-20
4
9
0
-20
-16
-26
-15
-20
-23
-18
-22
-21
-22
-44
-22
-23
-44
-60
-75
-44
-5
34
20
-12
-45
-40
-20
-3
5
-5
-23
-19
-3
4
9
1
2
-1
15
24
39
20
17
-3
-11
-4
-16
18
25
54
47
22
-22
-21
-21
-10
-18
-19
-18
-7
11
-11
-23
-34
-4
14
35
35
15
3
-2
-16
2
-3
9
-1
20
26
54
63
35
3
-16
13
19
26
12
4
15
20
1
-19
-37
-31
-4
-3
10
16
36
41
35
-2
-21
-35
-22
-10
-6
6
-6
-3
-5
-29
-31
-17
-10
39
43
40
17
-18
-9
1
8
2
2
-5
25
33
75
58
57
38
11
13
17
1
-9
-11
-20
10
8
31
-1
-4
-13
-2
29
25
-3
0
-6
1
-5
-9
-12
-15
-24
-11
-15
1
15
7
1
-26
-3
-6
-7
24
11
-15
-29
-38
-33
-47
-80
-92
-78
-52
-30
-29
-5
34
33
5
-17
-44
-17
12
-2
-23
-57
-51
-22
8
0
-4
-5
-33
-12
1
-13
1
-19
11
14
15
31
20
17
-24
-20
-9
23
23
67
42
-4
-25
-36
-8
17
13
-4
7
-5
11
-3
14
11
7
-41
-46
-12
12
-16
-55
-54
-63
-32
5
38
50
21
-21
-19
17
40
43
30
10
20
17
33
36
9
27
-9
-4
25
62
76
70
41
18
38
61
79
34
42
20
-20
-5
-17
15
-2
-26
14
29
60
42
19
5
21
-3
7
17
26
85
27
48
9
3
-9
2
14
53
45
15
-20
-60
-44
-53
-49
-58
-62
-49
-32
-18
-27
-55
-75
-62
-54
-42
-27
-49
-23
-30
-21
-24
-17
-17
-21
-46
-47
-39
-6
5
14
-2
11
-16
-53
-6
-36
5
-7
15
15
-7
-20
-14
-9
-2
4
20
26
16
21
-3
-17
-22
-1
-8
29
39
45
32
16
20
-12
53
42
35
4
-23
-50
-17
-16
7
-3
-20
-7
-41
7
18
32
-12
4
-31
-11
-48
-62
14
-11
-2
-26
1
-11
13
37
-6
-53
-29
13
-10
6
-15
-50
-16
53
99
51
31
15
8
-42
0
13
28
23
-26
-29
-5
67
27
66
45
58
54
44
59
27
1
-58
-36
47
93
108
49
66
21
49
10
-31
-24
-56
-21
-3
50
73
87
-5
-28
-69
-15
10
26
59
40
-1
-39
-4
-22
-8
-102
-102
-65
-7
77
63
-17
-14
-29
-51
-51
-22
12
20
16
28
35
28
77
-7
-22
-58
-61
-48
-21
-9
-61
-90
-34
13
39
19
-48
-77
-93
-71
-76
-16
-15
-13
-32
-60
-2
-15
-35
-38
-23
-25
-21
14
35
-14
-3
12
52
16
13
-16
-22
5
-27
-7
17
44
40
-13
-55
-6
-9
0
-6
50
25
35
-18
10
19
-7
-25
-42
-21
-2
22
36
35
0
26
-4
35
25
67
51
37
5
-16
-38
-31
-8
17
34
17
6
6
9
26
1
35
-1
18
-1
1
-4
28
34
34
56
-1
8
-58
5
54
86
63
27
-8
-20
-30
4
36
62
51
-19
34
-16
13
12
74
48
21
12
-19
17
-10
-1
-20
-18
4
20
-17
26
26
30
0
-13
-11
-56
-14
-55
-18
-31
-23
26
11
11
-67
-64
-64
-61
-28
-11
21
11
12
-33
-51
-85
-133
-104
-60
-36
-28
-34
-1
30
5
8
-46
24
9
2
45
76
49
-20
-10
-29
-13
7
6
58
52
34
-45
-45
46
30
-21
-70
-43
6
15
-31
-39
-27
27
23
6
9
-5
-1
-26
-29
-37
-10
6
-1
50
77
91
62
50
64
36
5
-39
-44
-57
-9
-2
-14
-12
29
38
7
-42
-66
-63
-8
23
0
-23
-66
-21
-19
-13
-4
-17
3
2
10
-5
-65
-34
-18
4
-18
-49
22
80
92
76
18
31
83
93
40
18
2
-35
-14
-15
80
52
53
34
-19
44
27
25
17
32
-3
-50
-83
7
44
39
-30
-44
9
43
29
3
61
37
43
-85
-33
-33
-24
-41
-46
6
28
33
-12
27
16
0
-90
-11
53
41
40
54
72
56
36
-5
19
40
40
-22
-92
-23
7
0
-8
-38
-6
-48
-43
-17
-3
-13
-44
-48
-52
-59
-48
-48
-77
-39
-35
-53
-49
-14
13
13
50
15
48
54
13
-47
-67
-21
-24
14
71
43
-19
-75
-87
-73
-54
9
26
42
39
7
-65
-73
-90
-52
9
-2
47
72
103
54
-47
-68
-105
-100
-22
49
100
25
47
34
26
-68
-85
-69
-44
-12
5
22
39
54
2
-55
-99
5
10
18
-10
-14
12
-2
39
86
83
72
73
30
39
39
45
25
-17
21
51
3
-8
33
52
48
23
15
16
22
66
15
11
10
44
47
10
-19
-17
69
102
84
24
-3
-37
-52
-6
18
9
39
18
-18
13
15
25
58
52
18
12
27
20
-33
-139
-99
-20
6
30
-4
8
42
23
-19
-1
-22
-55
-104
-135
-103
-38
-38
-5
25
34
-34
-66
-41
-34
20
-53
-47
-39
-32
-28
-24
-8
36
-26
-55
-17
-46
-48
-51
2
9
57
38
6
14
24
59
26
-31
2
-1
-48
-20
-13
-36
-54
-68
-56
-34
0
46
70
75
42
23
-13
-29
18
3
-39
-58
-48
12
29
-4
12
-17
-52
-14
4
-7
-26
-44
-8
16
44
36
-12
-23
-2
12
2
-10
8
29
-11
3
-23
8
37
44
53
5
26
107
102
62
13
-28
-27
-4
-9
0
78
109
55
9
-7
-21
2
-27
-49
-1
48
91
81
18
10
14
36
61
77
89
58
22
20
68
175
136
7
-62
-144
-146
-134
-62
50
65
-20
-112
-133
-48
19
-20
-55
-84
-40
-10
-11
37
-14
-39
-103
-62
29
59
90
41
33
37
41
45
19
-37
-77
-120
-54
30
100
73
6
-53
-98
-62
-83
-45
-12
-36
-82
-73
-44
27
59
18
-2
4
32
13
36
23
22
15
22
46
31
9
-33
27
-8
-11
43
73
81
56
9
-33
-63
-81
-89
-42
-45
-26
-28
-8
16
-66
-93
-119
-24
37
22
1
73
85
24
-6
-36
-26
-10
-66
-79
-69
-43
-29
-45
1
11
2
-7
-14
27
22
21
13
22
31
17
6
-22
14
88
45
-24
-46
-11
-3
-23
-33
26
78
64
39
30
72
-6
-22
16
36
82
78
47
45
33
32
-12
-16
26
16
-44
13
87
136
164
49
-5
-8
-10
16
41
45
2
-37
-44
23
200
193
38
-115
-179
-147
-169
-139
-25
22
55
-5
-51
-47
11
-27
-36
-17
-41
-30
-24
33
1
-34
-98
-71
44
100
57
3
-6
3
1
16
20
21
7
0
-17
-36
-8
-3
6
11
-10
7
5
-33
-95
-133
-133
-109
-44
-2
40
86
79
33
19
3
8
-6
17
25
-18
-23
-16
30
48
24
26
41
43
5
-24
-43
-53
-67
-58
-24
-1
27
27
5
-29
-47
-18
51
57
36
10
-46
-108
-102
-70
-65
-6
61
85
92
80
70
22
-37
-30
-9
19
16
-15
-36
-43
-37
-29
-16
-20
-12
19
50
62
56
3
-40
-37
-29
-41
-41
-30
-4
23
21
-2
-46
-44
-31
-18
-6
25
43
38
41
2
-3
14
42
72
65
10
-48
-21
32
39
40
45
66
97
79
45
27
14
-11
-32
1
10
-10
-15
-3
11
8
-5
3
43
78
41
-17
-18
27
51
19
-28
-51
-29
-23
-35
-18
28
60
58
42
7
-17
-10
3
-27
-48
-44
-37
-16
-23
-31
-18
2
-1
13
20
-2
-8
-1
2
1
24
35
31
29
33
13
-34
-62
-57
-23
11
45
68
59
30
21
19
0
-24
-23
-16
-39
-35
-30
-21
-19
-26
-21
-37
-33
-10
17
19
-8
-30
-52
-63
-72
-68
-62
-43
-25
-12
-10
-14
-25
-24
-4
-10
-50
-79
-75
-75
-79
-87
-96
-80
-84
-95
-81
-79
-105
-125
-113
-85
-64
-68
-99
-120
-111
-84
-85
-84
-42
-3
22
23
20
54
95
85
88
93
92
104
110
110
101
115
128
151
186
184
156
118
108
101
93
107
124
136
113
128
176
264
311
283
259
259
289
275
264
281
254
178
111
115
138
138
108
70
105
196
255
290
356
386
469
659
781
696
532
479
416
163
-187
-363
-440
-696
-1133
-1455
-1481
-1425
-1528
-1649
-1558
-1342
-1172
-1083
-995
-825
-733
-814
-887
-803
-626
-567
-631
-571
-308
-2
203
388
686
968
1067
1050
1120
1201
1124
884
644
498
377
230
68
-65
-135
-142
-162
-159
-118
-44
-2
-25
-37
31
134
168
187
304
476
582
662
780
917
982
966
957
976
965
877
724
603
530
433
307
209
196
194
139
84
156
356
517
568
596
668
889
1213
1367
1204
1007
1025
871
295
-297
-467
-558
-1111
-1960
-2466
-2420
-2352
-2626
-2965
-2982
-2787
-2687
-2675
-2586
-2325
-2132
-2180
-2217
-1906
-1370
-956
-683
-275
363
1011
1500
1941
2417
2738
2776
2682
2556
2347
1977
1474
916
339
-171
-564
-872
-1161
-1420
-1567
-1612
-1604
-1522
-1347
-1185
-1109
-1026
-830
-548
-288
-49
249
661
1082
1417
1734
2127
2498
2703
2731
2704
2664
2532
2258
1908
1564
1209
795
373
58
-156
-360
-616
-842
-923
-910
-933
-978
-923
-749
-628
-526
-294
200
763
1190
1739
2527
3166
3183
3059
3249
3274
2624
1625
941
421
-486
-1760
-2689
-3027
-3344
-3944
-4469
-4463
-4150
-3979
-4017
-3981
-3673
-3428
-3446
-3479
-3189
-2711
-2391
-2068
-1456
-567
363
1244
2155
3041
3770
4298
4676
4763
4479
4000
3422
2644
1628
634
-182
-929
-1727
-2456
-2878
-2996
-3060
-3136
-3027
-2725
-2432
-2246
-2022
-1645
-1248
-979
-734
-273
357
932
1418
1992
2661
3232
3599
3863
4081
4110
3867
3421
2948
2493
1967
1302
626
100
-314
-718
-1124
-1385
-1464
-1523
-1651
-1706
-1575
-1361
-1232
-1122
-798
-192
483
1072
1840
2867
3689
3903
4014
4384
4472
3845
2910
2194
1478
314
-1132
-2201
-2785
-3406
-4197
-4739
-4801
-4633
-4487
-4388
-4225
-3928
-3724
-3706
-3654
-3324
-2896
-2596
-2244
-1585
-672
284
1256
2257
3243
4099
4765
5228
5487
5466
5025
4228
3284
2268
1109
-71
-1160
-2171
-3080
-3772
-4148
-4295
-4277
-4122
-3850
-3514
-3157
-2681
-2123
-1637
-1292
-917
-366
221
758
1351
2071
2785
3349
3813
4263
4617
4732
4583
4261
3802
3169
2422
1657
904
176
-531
-1151
-1603
-1908
-2130
-2281
-2320
-2266
-2105
-1860
-1594
-1290
-759
-60
695
1671
2759
3549
3874
4294
4860
5004
4541
3925
3462
2654
1279
-165
-1142
-1882
-2929
-4057
-4771
-4986
-5069
-5147
-5120
-4957
-4708
-4572
-4488
-4254
-3789
-3334
-3036
-2640
-1889
-904
55
1033
2085
3100
3928
4638
5342
5821
5882
5615
5147
4331
3152
1961
843
-431
-1828
-3051
-3909
-4476
-4911
-5169
-5120
-4812
-4446
-4025
-3372
-2551
-1848
-1330
-831
-199
493
1065
1540
2088
2782
3427
3884
4307
4798
5124
5094
4780
4384
3920
3230
2351
1449
595
-272
-1069
-1695
-2155
-2503
-2702
-2715
-2664
-2488
-2129
-1600
-1087
-520
194
1113
2234
3214
3772
4058
4633
5164
5046
4459
4003
3626
2678
1170
-222
-1067
-1861
-3128
-4380
-5070
-5282
-5503
-5769
-5856
-5694
-5446
-5325
-5167
-4748
-4072
-3512
-3111
-2552
-1626
-522
492
1477
2481
3412
4193
4849
5422
5797
5867
5620
5082
4229
3160
2076
925
-443
-1882
-3074
-3968
-4715
-5337
-5652
-5593
-5347
-4994
-4433
-3578
-2620
-1804
-1077
-317
448
1096
1657
2198
2769
3304
3752
4131
4511
4885
5107
5083
4883
4610
4154
3467
2628
1732
809
-127
-1049
-1951
-2652
-3051
-3269
-3452
-3515
-3201
-2609
-2002
-1378
-570
522
1833
2997
3689
3997
4539
5177
5197
4564
4000
3772
3133
1724
231
-598
-1163
-2228
-3623
-4561
-4871
-5120
-5565
-5918
-5943
-5800
-5775
-5818
-5612
-5026
-4329
-3796
-3261
-2381
-1172
71
1162
2217
3291
4273
5083
5697
6043
6186
6197
5894
5173
4227
3311
2289
970
-538
-1898
-2943
-3865
-4782
-5494
-5750
-5703
-5621
-5394
-4764
-3843
-2976
-2222
-1382
-348
626
1316
1881
2569
3290
3769
4046
4375
4789
5062
5085
4970
4812
4548
4025
3287
2530
1801
953
-34
-968
-1756
-2512
-3144
-3515
-3714
-3755
-3597
-3167
-2571
-1697
-679
553
1977
3184
3853
4310
5077
5567
5306
4652
4168
3676
2583
1059
-190
-877
-1672
-2972
-4163
-4697
-4802
-5076
-5504
-5766
-5720
-5652
-5790
-5833
-5486
-4935
-4529
-4143
-3436
-2344
-1120
98
1295
2484
3559
4531
5449
6120
6389
6392
6276
5823
4941
3915
2973
1865
354
-1240
-2474
-3364
-4274
-5197
-5814
-5976
-5912
-5772
-5378
-4635
-3732
-2872
-2010
-1007
98
1097
1892
2589
3310
3969
4454
4809
5116
5364
5476
5351
5068
4758
4376
3775
2918
2071
1307
485
-485
-1481
-2293
-2931
-3423
-3851
-4095
-4016
-3677
-3252
-2699
-1789
-503
1077
2497
3425
4081
5039
6003
6151
5662
5241
4975
4167
2624
1092
108
-706
-1998
-3493
-4534
-4946
-5205
-5665
-6105
-6265
-6178
-6202
-6328
-6216
-5742
-5203
-4841
-4394
-3516
-2302
-1037
188
1423
2660
3840
4975
5953
6564
6829
6905
6764
6199
5240
4209
3205
1884
141
-1507
-2678
-3660
-4753
-5724
-6242
-6399
-6371
-6167
-5646
-4808
-3913
-3037
-2044
-865
294
1284
2129
2922
3687
4343
4810
5135
5417
5636
5668
5471
5183
4865
4392
3674
2808
1981
1174
265
-716
-1645
-2459
-3176
-3782
-4180
-4339
-4270
-3996
-3450
-2618
-1528
-68
1547
2901
3748
4649
5810
6461
6306
5860
5618
5079
3747
2119
879
-5
-1229
-2823
-4146
-4843
-5238
-5726
-6231
-6554
-6615
-6664
-6806
-6822
-6492
-6003
-5629
-5249
-4513
-3377
-2081
-780
584
1984
3302
4598
5842
6801
7315
7548
7544
7136
6339
5450
4558
3267
1475
-278
-1620
-2845
-4141
-5260
-5967
-6367
-6708
-6852
-6510
-5727
-4892
-4153
-3273
-2074
-772
391
1454
2478
3450
4240
4827
5359
5856
6145
6131
5937
5684
5378
4950
4339
3592
2812
1938
980
62
-790
-1642
-2519
-3329
-4046
-4494
-4641
-4560
-4344
-3885
-3050
-1799
-181
1354
2552
3633
4942
6058
6445
6369
6312
6118
5186
3582
2090
1041
-63
-1679
-3325
-4421
-4999
-5525
-6121
-6517
-6632
-6638
-6793
-6948
-6756
-6260
-5857
-5661
-5275
-4410
-3270
-2098
-882
480
1897
3268
4640
5932
6928
7587
7965
7962
7483
6720
5829
4747
3337
1601
-206
-1719
-2935
-4223
-5476
-6260
-6607
-6843
-6928
-6610
-5885
-4990
-4114
-3232
-2109
-773
488
1565
2600
3618
4487
5158
5642
6014
6331
6452
6196
5767
5405
4979
4267
3411
2615
1809
875
-123
-981
-1734
-2548
-3394
-4052
-4414
-4606
-4670
-4463
-3883
-2994
-1695
-201
1091
2132
3400
4837
5688
5851
5925
6147
5862
4622
3103
1993
1075
-355
-2149
-3549
-4356
-4955
-5672
-6274
-6551
-6565
-6616
-6782
-6762
-6395
-5922
-5662
-5445
-4873
-3929
-2867
-1827
-660
683
2060
3453
4834
6058
6973
7652
8043
7949
7473
6857
6076
4806
3148
1519
7
-1516
-2986
-4205
-5232
-6060
-6553
-6697
-6537
-6173
-5639
-4922
-3988
-2898
-1807
-668
525
1668
2718
3665
4497
5209
5782
6119
6240
6254
6114
5779
5293
4713
4030
3254
2404
1527
699
-131
-1021
-1888
-2709
-3402
-3942
-4323
-4578
-4697
-4407
-3793
-2806
-1545
-316
724
1813
3283
4506
5106
5423
5806
5938
5196
3927
2823
2028
893
-857
-2502
-3562
-4249
-5054
-5841
-6296
-6468
-6589
-6801
-6836
-6523
-6078
-5823
-5688
-5295
-4540
-3591
-2636
-1638
-510
683
1998
3427
4799
5911
6789
7496
7822
7719
7401
6947
6060
4583
2918
1426
17
-1526
-3045
-4275
-5256
-6081
-6602
-6634
-6291
-5829
-5326
-4620
-3592
-2384
-1203
-108
944
1996
3013
3953
4753
5411
5927
6215
6269
6218
6111
5864
5378
4693
3945
3201
2387
1468
586
-262
-1193
-2156
-2974
-3537
-3976
-4337
-4585
-4614
-4255
-3502
-2277
-939
132
956
2169
3684
4650
4989
5277
5676
5511
4498
3318
2518
1774
354
-1492
-2923
-3735
-4434
-5323
-6084
-6523
-6732
-6967
-7161
-7032
-6590
-6208
-6102
-5890
-5235
-4267
-3250
-2266
-1204
-61
1160
2524
3984
5269
6215
6970
7542
7733
7570
7287
6789
5707
4083
2411
1036
-283
-1825
-3413
-4664
-5511
-6209
-6691
-6701
-6268
-5747
-5274
-4571
-3444
-2089
-843
206
1227
2323
3414
4354
5144
5843
6344
6541
6498
6399
6316
6043
5418
4595
3783
3013
2210
1326
454
-454
-1405
-2257
-2908
-3384
-3835
-4238
-4542
-4635
-4402
-3925
-3054
-1708
-402
477
1295
2744
4322
5162
5357
5586
5927
5566
4367
3169
2410
1388
-498
-2507
-3806
-4527
-5350
-6330
-7031
-7361
-7484
-7568
-7454
-7016
-6441
-6036
-5779
-5285
-4376
-3305
-2355
-1460
-462
620
1792
3127
4508
5601
6340
6958
7491
7710
7560
7215
6602
5406
3755
2203
960
-383
-2099
-3766
-4951
-5774
-6496
-6926
-6791
-6276
-5788
-5279
-4331
-2839
-1295
-83
953
2124
3410
4477
5245
5887
6457
6729
6594
6360
6256
6065
5511
4675
3840
3074
2316
1493
631
-248
-1191
-2113
-2871
-3436
-3903
-4252
-4483
-4626
-4430
-3835
-2861
-1612
-310
740
1609
2871
4254
5148
5474
5646
5750
5293
4205
2997
2095
1061
-688
-2623
-3986
-4792
-5615
-6515
-7209
-7623
-7814
-7893
-7762
-7365
-6844
-6429
-6097
-5521
-4591
-3469
-2363
-1306
-197
970
2224
3629
5068
6194
6886
7384
7804
7956
7686
7134
6346
5086
3381
1666
234
-1152
-2719
-4286
-5484
-6188
-6623
-6824
-6621
-6043
-5405
-4739
-3765
-2414
-1003
178
1191
2250
3409
4437
5209
5847
6421
6770
6819
6755
6700
6520
6019
5243
4355
3474
2567
1592
569
-479
-1503
-2448
-3281
-3984
-4487
-4796
-4998
-5056
-4810
-4232
-3477
-2609
-1368
209
1624
2564
3580
5006
6054
6200
6004
6054
5891
4793
3114
1752
783
-613
-2600
-4336
-5350
-6024
-6818
-7552
-7951
-8010
-7976
-7960
-7713
-7124
-6452
-5940
-5428
-4625
-3551
-2379
-1178
53
1284
2463
3703
5074
6329
7139
7682
8144
8249
7841
7173
6480
5425
3744
1783
111
-1268
-2765
-4337
-5578
-6309
-6787
-7081
-6941
-6318
-5496
-4709
-3766
-2462
-955
400
1542
2637
3715
4654
5380
5980
6503
6821
6837
6660
6409
6094
5609
4905
4047
3095
2100
1089
98
-865
-1831
-2788
-3661
-4277
-4660
-4910
-5034
-4984
-4675
-4174
-3414
-2442
-1160
472
1965
2971
3815
5084
6283
6612
6317
6059
5855
4927
3254
1654
519
-759
-2733
-4697
-5930
-6564
-7229
-7945
-8369
-8434
-8300
-8100
-7695
-7017
-6241
-5575
-4968
-4131
-2966
-1680
-452
688
1801
2902
4090
5398
6590
7325
7661
7919
8037
7737
7007
6119
5069
3543
1626
-156
-1518
-2835
-4389
-5804
-6645
-6954
-6999
-6785
-6191
-5293
-4286
-3206
-1908
-392
1062
2255
3225
4111
4925
5609
6105
6361
6413
6319
6117
5802
5443
5028
4438
3603
2612
1708
910
16
-1045
-2042
-2861
-3607
-4264
-4710
-4900
-5008
-5070
-4893
-4382
-3617
-2804
-1924
-909
428
2098
3614
4622
5294
6227
7067
7099
6513
5956
5443
4187
2153
220
-1139
-2463
-4350
-6229
-7424
-7932
-8299
-8632
-8665
-8359
-7865
-7357
-6702
-5766
-4683
-3830
-3216
-2448
-1360
-201
823
1812
2815
3686
4507
5498
6529
7154
7296
7312
7264
6835
5959
4955
3906
2448
509
-1371
-2729
-3843
-5117
-6272
-6854
-6885
-6674
-6276
-5487
-4305
-3014
-1832
-610
837
2315
3447
4159
4725
5289
5755
5934
5853
5690
5487
5137
4649
4163
3654
2994
2167
1299
488
-302
-1128
-1924
-2597
-3215
-3786
-4158
-4300
-4305
-4265
-4065
-3585
-2930
-2235
-1525
-632
441
1598
2913
4152
4995
5400
5859
6348
6261
5532
4657
3878
2714
864
-1069
-2489
-3562
-4989
-6623
-7752
-8097
-8057
-8025
-7881
-7456
-6710
-5890
-5069
-4147
-3086
-2137
-1487
-852
43
1035
1863
2568
3287
3924
4464
5079
5794
6267
6209
5926
5692
5282
4452
3433
2469
1249
-414
-2056
-3136
-3881
-4761
-5649
-6084
-5960
-5546
-4883
-3886
-2709
-1583
-472
761
2018
3104
3921
4486
4818
4926
4905
4849
4718
4369
3824
3284
2792
2342
1905
1424
847
194
-415
-939
-1399
-1866
-2377
-2887
-3269
-3472
-3525
-3445
-3252
-2961
-2576
-2042
-1395
-661
166
947
1638
2295
3157
4200
4917
4991
4724
4718
4648
3925
2763
1785
966
-386
-2243
-3756
-4478
-5061
-6148
-7209
-7482
-7043
-6566
-6181
-5618
-4816
-3992
-3298
-2554
-1630
-750
-208
112
559
1201
1845
2421
2938
3364
3660
3985
4495
5000
5073
4723
4329
3974
3404
2563
1728
932
-133
-1480
-2582
-3091
-3373
-3846
-4293
-4283
-3768
-3045
-2322
-1525
-571
342
1029
1653
2390
3083
3449
3440
3259
3179
3213
3076
2675
2242
1949
1679
1338
1009
760
512
100
-429
-833
-1059
-1295
-1674
-2071
-2330
-2393
-2338
-2243
-2095
-1896
-1628
-1232
-713
-209
207
621
963
1206
1485
2028
2758
3110
2855
2442
2515
2668
2198
1299
627
170
-705
-1949
-2839
-3104
-3390
-4228
-5028
-5103
-4577
-4135
-3903
-3601
-3102
-2533
-2040
-1514
-927
-431
-189
-37
276
754
1230
1626
1947
2169
2326
2664
3209
3657
3683
3442
3336
3291
2999
2481
2001
1495
710
-290
-1061
-1384
-1652
-2238
-2872
-3031
-2740
-2315
-1917
-1503
-1036
-525
-27
437
955
1393
1566
1495
1339
1252
1284
1332
1176
879
687
695
792
853
854
784
633
414
219
125
24
-254
-685
-1063
-1274
-1385
-1455
-1455
-1464
-1544
-1484
-1170
-803
-539
-311
-106
72
323
853
1645
2230
2222
1956
2184
2656
2540
1982
1618
1440
820
-218
-969
-1138
-1344
-2184
-3135
-3508
-3291
-3092
-3084
-3083
-3013
-2899
-2758
-2433
-1912
-1495
-1456
-1473
-1125
-527
4
487
1048
1554
1881
2281
3052
3914
4281
4162
4120
4289
4233
3812
3339
2836
1974
797
-221
-812
-1311
-2112
-3041
-3615
-3734
-3621
-3401
-3121
-2833
-2480
-2007
-1469
-894
-347
64
277
404
609
981
1400
1588
1544
1592
1876
2180
2320
2338
2316
2217
1968
1628
1370
1163
748
73
-608
-1086
-1430
-1769
-2143
-2498
-2759
-2844
-2738
-2542
-2342
-2126
-1880
-1590
-1226
-752
-151
526
1336
2167
2784
3168
3716
4445
4743
4418
4030
3942
3658
2642
1321
381
-232
-1246
-2668
-3720
-4092
-4304
-4743
-5042
-4949
-4627
-4348
-4061
-3608
-3011
-2490
-2135
-1710
-1070
-370
270
940
1662
2307
2915
3684
4567
5242
5533
5668
5818
5770
5306
4601
3857
2870
1456
-133
-1508
-2620
-3715
-4880
-5859
-6385
-6487
-6299
-5879
-5265
-4501
-3560
-2512
-1502
-503
480
1318
1924
2353
2734
3114
3434
3578
3580
3576
3616
3618
3526
3345
3065
2664
2139
1510
818
89
-754
-1703
-2568
-3241
-3806
-4293
-4621
-4770
-4732
-4465
-3946
-3245
-2439
-1622
-767
141
1071
1929
2655
3321
3944
4649
5353
5763
5714
5584
5694
5539
4792
3858
3203
2491
1172
-453
-1732
-2505
-3418
-4710
-5802
-6218
-6205
-6190
-6051
-5681
-5118
-4495
-3783
-2890
-1886
-967
-252
389
1080
1775
2429
3072
3641
4033
4276
4560
4959
5230
5078
4620
4138
3601
2780
1679
509
-701
-2087
-3590
-4885
-5780
-6440
-7015
-7374
-7318
-6802
-5939
-4836
-3545
-2200
-914
358
1627
2732
3519
4070
4427
4559
4509
4381
4189
3903
3510
3026
2594
2281
1968
1538
1036
459
-185
-806
-1420
-2104
-2803
-3370
-3835
-4182
-4318
-4199
-3841
-3339
-2731
-1956
-983
48
986
1861
2693
3391
3867
4126
4251
4201
4008
3744
3545
3565
3638
3460
2973
2673
2695
2519
1876
1176
764
217
-856
-2058
-2820
-3208
-3851
-4804
-5426
-5370
-4990
-4608
-4120
-3522
-2850
-2121
-1342
-569
103
549
751
872
1008
1131
1238
1317
1275
1095
948
1031
1333
1536
1398
1118
966
818
425
-79
-548
-1159
-2005
-2872
-3438
-3673
-3849
-4084
-4138
-3814
-3181
-2336
-1364
-403
519
1444
2286
2939
3464
3859
3978
3753
3366
3069
2833
2448
1859
1315
960
679
368
96
-74
-234
-474
-730
-892
-993
-1125
-1296
-1449
-1511
-1452
-1291
-1056
-762
-388
52
522
1001
1475
1915
2207
2322
2360
2344
2267
2052
1721
1337
1022
753
498
325
342
741
1302
1563
1499
1727
2330
2533
2074
1614
1545
1245
197
-1068
-1749
-2004
-2677
-3745
-4443
-4441
-4204
-4064
-3916
-3679
-3410
-3183
-2942
-2653
-2411
-2369
-2487
-2543
-2448
-2263
-1952
-1478
-928
-437
88
904
1995
2918
3375
3617
3887
3991
3731
3279
2767
1989
821
-423
-1314
-1868
-2446
-3112
-3590
-3691
-3446
-2951
-2336
-1711
-1074
-371
352
990
1525
2015
2374
2433
2281
2248
2417
2520
2354
2076
1954
1990
1994
1890
1784
1697
1479
1134
833
608
350
-69
-605
-1054
-1290
-1378
-1453
-1506
-1471
-1268
-902
-468
-42
345
746
1117
1400
1593
1763
1909
1909
1742
1539
1438
1358
1163
872
639
564
725
1197
1644
1638
1338
1382
1700
1588
894
275
-12
-609
-1845
-3027
-3458
-3612
-4347
-5376
-5757
-5355
-4864
-4575
-4241
-3721
-3238
-2852
-2355
-1703
-1166
-993
-959
-714
-281
120
524
1042
1526
1798
2085
2696
3456
3811
3640
3368
3226
2905
2233
1496
809
-82
-1239
-2254
-2752
-2931
-3189
-3512
-3557
-3228
-2680
-1981
-1208
-508
76
659
1331
2010
2509
2795
2958
3029
2984
2935
2984
3028
2882
2554
2259
2088
1923
1604
1184
755
308
-142
-509
-751
-953
-1218
-1490
-1612
-1540
-1364
-1171
-965
-754
-492
-156
196
503
728
855
918
940
909
884
863
742
524
315
176
38
-94
-259
-405
-491
-489
-432
-248
264
809
911
661
767
1229
1325
793
260
146
-117
-997
-1990
-2375
-2414
-2907
-3718
-4067
-3756
-3368
-3148
-2914
-2555
-2187
-1901
-1562
-1150
-830
-740
-712
-524
-228
57
406
891
1339
1580
1841
2388
3044
3308
3118
2894
2789
2504
1898
1251
674
-63
-1021
-1840
-2195
-2270
-2401
-2580
-2524
-2130
-1550
-890
-199
441
984
1468
1944
2433
2821
2991
2939
2795
2653
2537
2432
2275
2016
1681
1331
1028
811
586
227
-233
-645
-961
-1237
-1489
-1678
-1857
-2068
-2231
-2210
-1983
-1719
-1555
-1400
-1069
-609
-164
224
592
918
1158
1307
1434
1563
1581
1440
1163
844
516
253
18
-295
-666
-1019
-1253
-1376
-1434
-1433
-1365
-1041
-397
314
712
895
1319
1894
2067
1717
1484
1561
1335
462
-468
-815
-909
-1427
-2240
-2666
-2544
-2347
-2343
-2381
-2319
-2241
-2241
-2236
-2172
-2095
-2110
-2182
-2172
-1972
-1554
-968
-298
331
904
1563
2387
3247
3826
4033
4070
4065
3861
3407
2890
2364
1633
633
-305
-877
-1194
-1568
-2008
-2294
-2330
-2221
-2025
-1769
-1527
-1326
-1145
-913
-600
-238
141
462
679
872
1187
1622
2026
2262
2369
2442
2482
2434
2276
2077
1808
1386
877
467
206
-63
-391
-679
-850
-990
-1164
-1285
-1280
-1262
-1340
-1405
-1301
-1077
-873
-683
-463
-225
-32
152
347
522
577
560
573
593
520
363
315
280
163
15
41
214
337
398
479
883
1627
2246
2251
1963
2085
2360
2064
1190
567
377
-176
-1453
-2665
-2966
-2881
-3352
-4218
-4524
-4048
-3463
-3153
-2963
-2630
-2243
-2036
-1964
-1730
-1308
-1036
-964
-826
-426
203
936
1655
2233
2610
2908
3295
3664
3650
3185
2599
2024
1206
171
-674
-1227
-1876
-2789
-3522
-3638
-3347
-3154
-3055
-2687
-2014
-1351
-786
-136
611
1237
1631
1950
2360
2845
3317
3688
3902
3998
4051
4060
3978
3705
3221
2580
1832
1007
152
-603
-1229
-1821
-2383
-2747
-2801
-2631
-2407
-2180
-1885
-1539
-1226
-1001
-750
-426
-171
-46
58
239
511
862
1240
1559
1801
1994
2133
2166
2031
1741
1313
778
199
-283
-689
-1084
-1430
-1607
-1657
-1673
-1542
-1217
-830
-583
-313
78
668
1427
2076
2224
2017
2048
2255
2039
1299
730
613
197
-1023
-2315
-2687
-2595
-3093
-4095
-4573
-4180
-3638
-3464
-3422
-3018
-2427
-2156
-2143
-1837
-1153
-626
-464
-292
202
876
1481
2020
2522
2854
2985
3125
3311
3200
2729
2253
1809
1066
94
-566
-859
-1310
-2131
-2780
-2778
-2456
-2353
-2369
-2048
-1430
-874
-464
21
674
1330
1815
2150
2512
2958
3336
3492
3500
3491
3423
3151
2675
2115
1563
990
314
-393
-947
-1335
-1680
-1989
-2139
-2088
-1962
-1853
-1722
-1505
-1248
-1044
-890
-736
-571
-407
-184
111
419
735
1082
1443
1772
2027
2151
2138
1983
1667
1243
824
374
-181
-762
-1204
-1490
-1673
-1775
-1760
-1617
-1389
-1167
-976
-725
-518
-399
-323
-193
-52
327
1194
2064
2283
2097
2399
3034
2954
2052
1425
1438
941
-632
-2143
-2425
-2168
-2733
-3846
-4160
-3369
-2566
-2405
-2372
-1922
-1429
-1531
-1923
-1871
-1449
-1351
-1632
-1625
-1082
-368
286
955
1599
1964
2119
2348
2551
2323
1707
1173
743
77
-643
-839
-594
-603
-988
-1088
-572
-6
95
1
156
412
399
247
329
665
959
1109
1352
1818
2351
2736
2906
2925
2797
2469
1942
1318
650
-38
-693
-1301
-1791
-2018
-1944
-1769
-1644
-1470
-1147
-758
-457
-302
-211
-150
-158
-205
-172
-25
142
312
519
780
1043
1290
1480
1556
1518
1369
1177
968
733
476
219
-4
-202
-362
-505
-655
-780
-866
-958
-1048
-979
-826
-769
-722
-539
-290
-123
27
181
297
379
605
1232
2045
2315
1871
1582
1849
1776
868
6
-83
-175
-1202
-2640
-3191
-2812
-2841
-3768
-4512
-4224
-3494
-3235
-3356
-3234
-2825
-2695
-2968
-2894
-2142
-1424
-1232
-1044
-207
1053
2196
3001
3544
3895
4033
4045
3984
3647
2930
2161
1536
862
172
-163
-176
-447
-1144
-1704
-1691
-1468
-1644
-2083
-2242
-2040
-1780
-1485
-934
-138
623
1214
1812
2591
3418
3978
4113
3972
3790
3628
3390
2980
2470
2012
1633
1238
855
600
400
17
-538
-1003
-1266
-1504
-1850
-2207
-2387
-2341
-2200
-2009
-1696
-1249
-768
-328
84
497
909
1250
1466
1562
1572
1585
1637
1654
1536
1271
1002
776
496
75
-431
-908
-1343
-1815
-2265
-2561
-2705
-2813
-2892
-2805
-2546
-2238
-1938
-1626
-1335
-1112
-924
-763
-634
-511
-349
136
1222
2426
2885
2798
3067
3551
3191
2023
1251
1127
452
-1258
-2755
-3025
-2831
-3348
-4331
-4737
-4320
-3693
-3362
-3201
-2920
-2627
-2653
-2838
-2488
-1473
-483
7
449
1482
3004
4369
5192
5572
5655
5436
5028
4575
4017
3259
2382
1438
554
100
193
303
-172
-1034
-1596
-1692
-1748
-2039
-2364
-2535
-2610
-2496
-1916
-907
132
951
1653
2409
3197
3877
4322
4383
4043
3522
3032
2607
2174
1663
1089
496
-103
-603
-894
-1114
-1525
-2130
-2642
-2921
-3041
-3051
-2961
-2827
-2706
-2502
-2056
-1411
-838
-508
-274
21
299
480
640
848
962
890
802
885
1064
1089
911
709
537
273
-90
-412
-678
-1005
-1399
-1681
-1716
-1559
-1444
-1450
-1394
-1190
-923
-675
-427
-263
-213
-179
-124
-94
-73
-2
93
341
1048
2031
2515
2325
2258
2519
2324
1452
802
733
337
-752
-1661
-1702
-1394
-1492
-1902
-2128
-1968
-1567
-1230
-1066
-990
-937
-1100
-1458
-1483
-900
-273
-129
-96
472
1498
2372
2869
3158
3192
2829
2295
1950
1712
1309
750
154
-381
-591
-355
-69
-236
-736
-1070
-1119
-1162
-1261
-1239
-1161
-1221
-1229
-818
-68
611
1018
1239
1371
1477
1585
1596
1388
979
496
65
-265
-451
-523
-659
-963
-1338
-1554
-1507
-1424
-1534
-1731
-1808
-1692
-1417
-994
-470
20
401
732
1096
1493
1809
1958
1953
1794
1572
1454
1502
1534
1365
1054
857
842
775
556
305
68
-278
-711
-992
-1071
-1136
-1293
-1411
-1344
-1133
-888
-665
-458
-261
-124
-18
97
146
105
27
-31
-91
-168
-186
-142
-124
-207
-314
-317
-215
-141
-149
-123
141
625
949
951
1020
1329
1434
1115
873
960
882
290
-381
-678
-730
-870
-1118
-1325
-1403
-1356
-1241
-1183
-1173
-1097
-1050
-1210
-1368
-1200
-857
-748
-868
-860
-634
-342
-16
353
619
705
731
827
923
930
859
661
268
-152
-330
-324
-452
-747
-950
-971
-979
-957
-735
-443
-321
-281
-78
263
570
837
1115
1282
1288
1301
1474
1681
1720
1620
1495
1367
1252
1206
1149
982
759
584
466
387
390
416
342
178
53
57
118
132
113
124
146
142
168
233
245
139
-11
-137
-260
-375
-459
-553
-744
-979
-1102
-1092
-1104
-1194
-1243
-1171
-1042
-940
-827
-661
-451
-301
-179
17
274
459
533
603
707
769
723
647
604
529
357
182
80
-43
-251
-445
-571
-696
-867
-1004
-1060
-1109
-1194
-1240
-1156
-979
-807
-646
-450
-221
37
308
553
749
907
990
997
990
977
926
824
644
432
289
217
101
-129
-398
-595
-729
-851
-979
-1081
-1151
-1205
-1191
-1066
-882
-725
-596
-428
-229
-31
198
450
647
743
804
922
1027
1035
983
960
912
767
606
522
467
339
147
-20
-112
-156
-199
-245
-268
-282
-264
-201
-117
-20
91
184
262
374
544
742
927
1039
1092
1125
1138
1125
1051
887
696
514
298
49
-191
-396
-580
-761
-944
-1074
-1132
-1171
-1203
-1193
-1121
-989
-838
-707
-579
-402
-189
50
289
516
735
935
1093
1211
1309
1367
1324
1181
1014
858
652
340
-5
-306
-562
-826
-1100
-1297
-1391
-1449
-1518
-1551
-1503
-1387
-1243
-1100
-945
-757
-540
-290
-6
257
491
739
969
1132
1237
1308
1292
1156
965
791
591
334
55
-219
-531
-883
-1157
-1297
-1399
-1556
-1648
-1594
-1466
-1325
-1113
-795
-463
-188
124
524
921
1243
1508
1718
1793
1748
1701
1618
1407
1079
750
463
149
-184
-461
-695
-894
-1076
-1232
-1335
-1381
-1355
-1294
-1230
-1140
-967
-721
-482
-248
49
400
733
1025
1303
1561
1772
1925
1989
1940
1800
1585
1312
981
594
205
-124
-399
-662
-896
-1056
-1150
-1239
-1294
-1282
-1228
-1180
-1119
-983
-802
-628
-441
-227
52
371
650
892
1106
1284
1409
1491
1521
1471
1339
1154
929
712
514
314
116
-73
-247
-415
-578
-738
-882
-1018
-1121
-1164
-1167
-1142
-1050
-885
-723
-581
-396
-183
-14
130
290
410
442
436
455
476
452
399
379
371
321
252
200
149
58
-84
-221
-328
-446
-574
-668
-740
-789
-784
-721
-622
-507
-386
-273
-143
-27
70
197
333
440
505
560
636
724
738
677
638
622
547
394
233
94
-35
-198
-365
-477
-536
-628
-777
-892
-936
-949
-990
-1050
-1085
-1076
-1016
-921
-783
-611
-426
-199
81
341
546
727
890
1006
1067
1108
1126
1083
990
881
766
653
528
419
309
152
-4
-114
-205
-323
-442
-504
-524
-556
-585
-529
-389
-263
-177
-65
90
261
453
649
807
913
1009
1076
1104
1083
1073
1088
1044
900
724
595
483
319
71
-182
-371
-553
-753
-919
-1030
-1123
-1206
-1220
-1162
-1077
-959
-783
-578
-366
-164
39
251
440
599
727
852
931
951
942
928
889
786
659
541
406
202
-27
-198
-327
-489
-679
-832
-947
-1038
-1111
-1158
-1171
-1156
-1124
-1067
-976
-859
-727
-585
-431
-261
-80
101
241
346
440
522
578
587
565
518
436
310
178
53
-52
-168
-320
-460
-548
-581
-621
-684
-713
-676
-613
-550
-470
-368
-238
-113
5
102
204
314
402
455
468
494
536
564
563
543
526
526
522
516
538
567
551
485
444
436
417
362
315
311
315
288
280
336
380
386
377
400
433
458
492
495
466
432
394
328
231
130
49
-28
-150
-301
-423
-526
-619
-691
-707
-684
-651
-603
-561
-520
-462
-394
-340
-307
-259
-193
-152
-136
-100
-47
14
84
160
226
252
251
268
275
227
128
15
-89
-217
-333
-398
-423
-436
-459
-476
-475
-454
-417
-370
-307
-250
-208
-180
-157
-107
-36
42
124
174
203
241
299
362
376
315
234
166
86
12
-33
-59
-109
-168
-195
-176
-151
-153
-177
-199
-196
-193
-160
-86
7
65
100
201
361
520
646
758
840
863
837
813
797
737
622
505
408
329
253
167
78
-13
-108
-214
-337
-483
-626
-762
-912
-1071
-1183
-1228
-1231
-1165
-1040
-891
-735
-554
-354
-188
-54
65
190
299
360
417
498
588
653
695
730
759
745
702
626
512
400
284
142
-6
-108
-177
-233
-263
-275
-265
-222
-163
-133
-113
-95
-59
-3
36
80
134
190
216
234
266
298
318
310
268
202
138
62
-18
-102
-167
-213
-258
-288
-321
-339
-328
-290
-234
-182
-135
-86
-29
38
108
155
202
236
257
285
302
293
259
238
220
174
101
37
-1
-36
-109
-196
-227
-258
-335
-416
-439
-405
-375
-367
-328
-239
-147
-85
-33
43
122
179
220
251
296
352
391
376
307
239
191
130
23
-109
-229
-340
-443
-519
-556
-585
-621
-638
-627
-586
-521
-460
-396
-332
-264
-180
-78
34
133
224
311
396
482
572
648
683
693
686
686
671
615
543
482
413
306
174
44
-69
-178
-275
-358
-418
-456
-477
-469
-443
-387
-303
-225
-162
-76
18
111
175
221
292
379
432
446
449
451
444
425
381
318
248
162
53
-64
-173
-268
-345
-414
-466
-488
-494
-499
-503
-489
-444
-384
-318
-270
-211
-114
-33
22
94
224
352
407
410
418
432
431
387
308
223
136
73
13
-69
-157
-225
-244
-248
-262
-272
-265
-263
-264
-248
-194
-117
-72
-36
33
122
210
280
368
453
482
478
488
509
502
437
343
245
141
31
-90
-219
-343
-451
-536
-594
-635
-650
-651
-652
-642
-605
-527
-422
-314
-199
-79
42
151
250
349
431
468
477
482
507
510
453
354
260
197
135
67
10
-66
-179
-295
-391
-452
-522
-575
-594
-585
-544
-458
-331
-194
-62
64
212
351
458
534
586
608
594
571
542
511
471
415
328
228
139
52
-65
-209
-342
-465
-594
-707
-782
-827
-849
-824
-749
-634
-485
-342
-194
-19
168
327
442
533
625
700
746
771
784
785
771
745
708
639
538
445
367
275
141
-6
-117
-194
-255
-317
-377
-387
-363
-345
-325
-272
-200
-135
-77
10
101
148
170
210
284
332
326
310
296
271
213
130
38
-66
-152
-215
-279
-348
-416
-446
-469
-508
-547
-571
-572
-575
-590
-616
-624
-599
-539
-481
-456
-442
-386
-309
-264
-238
-198
-126
-71
-41
-8
38
85
137
192
237
285
334
369
380
385
408
438
439
393
330
289
261
232
200
161
127
108
78
48
17
-22
-50
-69
-82
-83
-76
-65
-53
-42
-15
32
84
114
144
192
239
290
334
366
390
412
427
421
389
356
341
312
252
194
177
186
163
109
56
20
7
-11
-58
-106
-123
-118
-119
-150
-168
-151
-132
-115
-113
-121
-121
-125
-138
-170
-203
-213
-192
-173
-176
-194
-201
-185
-187
-183
-151
-126
-127
-134
-134
-135
-135
-151
-166
-177
-208
-258
-298
-315
-329
-337
-351
-375
-391
-401
-414
-406
-383
-364
-351
-345
-310
-237
-138
-54
9
92
207
315
388
453
535
613
638
632
630
633
622
580
525
461
374
272
196
127
58
0
-44
-74
-102
-130
-163
-206
-247
-276
-294
-280
-247
-220
-187
-143
-81
-11
55
105
127
162
211
248
274
283
295
304
287
241
215
209
189
144
88
47
12
-14
-35
-47
-54
-50
-43
-54
-77
-78
-51
-24
-18
-27
-12
17
53
78
108
150
160
167
183
196
188
153
117
86
52
-14
-94
-162
-199
-231
-277
-329
-373
-396
-422
-439
-448
-465
-487
-484
-438
-376
-331
-286
-220
-140
-95
-64
-17
19
27
7
-1
9
21
30
39
37
38
44
34
-3
-63
-112
-159
-191
-204
-189
-167
-164
-146
-95
-21
60
160
290
404
476
522
578
634
645
622
591
570
539
492
435
379
311
214
116
32
-57
-152
-220
-259
-301
-333
-329
-299
-269
-252
-228
-173
-114
-70
-39
-5
36
68
92
124
153
164
168
161
144
124
92
37
-45
-132
-209
-254
-298
-368
-413
-419
-410
-383
-332
-260
-180
-100
-22
69
173
267
346
397
434
470
511
540
540
534
512
456
364
262
183
113
13
-106
-209
-299
-362
-411
-450
-492
-543
-575
-568
-527
-479
-439
-410
-378
-359
-337
-285
-232
-183
-146
-122
-86
-42
4
46
73
89
109
116
106
93
75
51
23
0
-28
-48
-47
-32
-20
0
37
84
135
176
238
300
344
384
415
439
449
456
460
465
457
431
407
396
374
319
253
202
160
95
33
-17
-61
-119
-192
-261
-320
-371
-419
-434
-430
-418
-418
-401
-337
-265
-212
-173
-99
6
83
144
210
259
286
286
278
275
254
208
154
87
13
-52
-106
-155
-202
-248
-304
-344
-352
-333
-312
-305
-297
-264
-204
-132
-71
-32
9
81
167
213
225
243
271
276
228
178
172
177
113
-1
-95
-150
-183
-229
-272
-306
-324
-334
-331
-316
-319
-329
-331
-301
-260
-216
-164
-106
-35
30
89
163
253
340
408
443
462
496
530
525
469
393
345
310
261
209
142
87
56
21
-16
-40
-54
-78
-103
-102
-83
-72
-61
-42
-31
-12
14
42
70
87
109
127
142
152
153
168
176
176
169
152
137
117
72
-8
-85
-123
-160
-229
-313
-367
-386
-405
-431
-451
-458
-444
-420
-402
-371
-320
-260
-215
-165
-119
-65
14
83
119
132
150
166
179
170
150
139
130
116
95
61
38
31
1
-35
-45
-45
-58
-84
-102
-119
-138
-131
-114
-101
-95
-87
-52
5
46
52
65
106
136
156
163
174
193
191
183
182
179
181
170
138
106
84
84
96
93
83
87
100
123
138
124
125
158
194
220
245
269
269
247
219
216
224
201
159
116
78
55
42
24
-9
-39
-54
-71
-117
-177
-221
-238
-259
-289
-293
-295
-314
-336
-353
-344
-326
-315
-309
-313
-315
-285
-243
-222
-209
-199
-179
-161
-157
-141
-118
-111
-119
-117
-103
-97
-82
-51
-11
25
51
80
116
139
142
139
133
141
140
113
80
46
28
35
40
35
38
42
44
50
50
58
68
43
11
-20
-32
-14
6
11
23
64
100
114
124
147
159
160
165
166
158
141
129
118
98
77
79
92
83
61
59
82
87
66
71
102
123
118
121
150
183
195
196
208
219
228
215
180
151
130
116
93
47
1
-16
-22
-47
-87
-122
-138
-159
-176
-175
-181
-188
-180
-175
-179
-183
-173
-143
-134
-152
-165
-150
-134
-149
-180
-203
-202
-202
-207
-201
-187
-182
-186
-184
-184
-182
-176
-166
-161
-162
-153
-126
-106
-98
-82
-42
17
57
81
104
116
121
114
100
103
119
114
93
82
76
65
56
38
10
-2
-25
-59
-75
-77
-55
-28
-7
-7
-3
24
69
101
108
114
132
154
154
151
154
153
143
134
131
121
106
78
49
21
-7
-38
-61
-78
-94
-102
-98
-92
-94
-98
-88
-64
-41
-14
14
42
79
113
140
161
197
238
265
276
278
282
283
289
298
287
255
208
164
136
92
24
-38
-68
-85
-130
-178
-192
-190
-203
-232
-249
-247
-235
-212
-174
-151
-134
-121
-100
-75
-47
-12
8
16
19
16
19
28
16
-5
-21
-41
-55
-63
-77
-97
-112
-117
-107
-102
-103
-104
-96
-94
-100
-96
-73
-43
-28
-36
-38
-22
3
33
68
107
117
98
74
52
44
39
16
-20
-39
-42
-54
-65
-78
-79
-77
-91
-105
-105
-100
-82
-53
-43
-47
-35
-7
15
25
28
27
43
68
91
101
84
55
37
28
20
21
27
34
32
14
3
4
14
32
34
27
33
45
57
59
58
70
92
102
100
111
138
155
160
152
136
120
108
107
93
51
9
-7
-17
-46
-78
-81
-48
-16
-3
1
0
0
10
36
52
61
85
114
125
118
109
102
101
66
0
-48
-76
-103
-140
-164
-177
-208
-240
-259
-262
-259
-267
-257
-234
-199
-161
-141
-137
-120
-77
-27
18
42
67
118
162
183
184
178
175
167
138
97
83
87
90
72
46
20
1
-4
-8
-9
-21
-33
-40
-38
-35
-17
7
18
30
44
54
60
73
71
74
80
74
54
33
5
-37
-71
-91
-102
-94
-84
-91
-115
-133
-131
-112
-83
-76
-77
-57
-18
30
60
71
91
110
128
158
172
162
149
152
164
157
131
104
67
21
-25
-67
-76
-70
-94
-131
-154
-161
-163
-169
-180
-194
-188
-183
-186
-194
-199
-190
-173
-159
-160
-157
-130
-76
-44
-58
-77
-60
-20
-9
-16
-20
-9
16
37
42
43
49
53
63
70
75
90
111
129
142
163
181
184
184
182
182
202
220
222
209
194
184
160
135
121
124
120
101
83
80
81
70
45
23
15
20
32
41
45
41
32
24
23
19
11
10
-1
-34
-65
-73
-65
-75
-110
-134
-141
-160
-180
-175
-166
-164
-142
-130
-129
-135
-129
-101
-79
-69
-47
-6
22
32
35
64
101
133
151
138
127
130
144
144
113
71
47
25
-15
-60
-75
-81
-117
-166
-185
-179
-174
-164
-167
-170
-173
-172
-147
-119
-112
-104
-83
-64
-39
-9
15
31
45
57
52
33
19
22
16
-13
-48
-58
-52
-62
-78
-85
-89
-93
-112
-138
-145
-125
-85
-68
-76
-72
-48
-12
16
41
74
121
151
164
186
229
261
242
225
228
245
250
231
212
212
221
202
164
131
100
69
55
31
-13
-45
-63
-65
-68
-63
-64
-68
-64
-54
-42
-39
-42
-35
-15
1
3
6
11
11
10
23
46
55
51
35
21
6
-14
-15
-4
13
16
11
2
-3
2
4
-3
-20
-28
-22
-13
-17
-28
-32
-36
-27
-10
-3
-20
-47
-50
-43
-40
-53
-61
-64
-72
-83
-93
-89
-77
-73
-79
-84
-73
-59
-55
-46
-38
-31
-20
-19
-19
-12
3
0
-15
-5
15
20
9
1
-1
-1
1
10
20
11
-16
-21
-7
-10
-28
-35
-24
-10
-10
-17
-11
9
20
3
-13
-10
0
5
-4
-24
-25
-7
15
23
19
38
61
76
86
106
126
137
136
132
134
141
133
98
57
30
6
-18
-48
-81
-103
-113
-121
-119
-107
-96
-86
-83
-73
-82
-76
-41
-21
-29
-44
-31
-3
37
56
43
43
49
63
77
72
58
64
75
48
13
-3
5
5
-16
-59
-91
-85
-71
-69
-66
-51
-26
2
24
40
34
28
30
36
30
34
41
42
52
51
62
77
65
32
-1
-28
-54
-66
-67
-57
-45
-46
-52
-59
-51
-29
-9
6
3
3
17
19
28
26
26
40
64
91
107
109
113
122
117
108
91
79
69
53
43
39
54
60
53
39
28
26
21
15
6
0
-3
6
9
2
1
-1
-5
-11
-24
-20
-14
-13
-7
-1
-9
-33
-55
-66
-82
-100
-111
-119
-125
-136
-147
-146
-151
-161
-175
-177
-164
-152
-136
-122
-112
-101
-88
-75
-49
-17
7
27
28
26
33
56
76
77
61
39
19
-16
-43
-50
-43
-41
-64
-92
-106
-120
-136
-149
-169
-170
-144
-112
-79
-46
-19
14
45
49
57
86
122
152
170
169
166
187
196
176
157
147
151
149
114
87
69
54
45
49
57
51
51
55
66
81
105
135
156
165
169
172
187
205
217
215
207
206
200
192
179
154
126
122
109
77
42
11
-27
-65
-81
-86
-101
-131
-146
-151
-164
-180
-185
-191
-198
-179
-162
-159
-158
-148
-137
-130
-112
-103
-96
-89
-92
-89
-91
-110
-137
-148
-145
-142
-152
-167
-174
-168
-161
-152
-143
-150
-156
-157
-156
-140
-107
-78
-69
-62
-40
-6
28
54
74
92
115
130
142
146
149
143
123
106
111
138
136
108
70
36
24
29
26
9
-3
-6
-17
-27
-30
-24
-13
-7
6
15
24
45
65
76
77
73
73
82
96
109
113
112
107
95
90
91
81
69
59
71
74
62
38
11
15
28
40
43
44
47
61
74
68
55
41
35
58
66
52
35
13
-1
-18
-23
-42
-67
-92
-119
-142
-156
-162
-184
-204
-209
-196
-188
-186
-177
-161
-131
-118
-120
-116
-90
-53
-34
-13
13
41
65
81
96
117
128
132
132
98
64
53
44
19
-14
-40
-56
-46
-35
-48
-55
-44
-30
-13
-10
-17
-9
11
25
39
59
87
113
122
121
119
115
106
102
99
84
59
32
20
3
-30
-61
-68
-69
-89
-101
-84
-55
-56
-84
-106
-96
-58
-23
-4
0
9
33
56
65
82
105
118
114
106
105
100
85
69
54
32
29
34
31
4
-20
-19
-25
-52
-88
-99
-91
-95
-105
-110
-101
-81
-71
-67
-70
-79
-76
-55
-47
-66
-91
-91
-76
-50
-20
4
6
-12
-34
-55
-67
-56
-26
-3
5
0
-14
-18
-19
-21
-8
-8
-12
-9
11
41
60
60
43
36
42
52
57
68
85
92
87
63
44
46
61
71
58
42
46
59
53
21
-6
0
25
38
32
16
3
-11
-7
19
31
27
28
40
44
37
28
21
32
31
3
-13
-2
0
-10
-30
-48
-48
-50
-45
-34
-29
-27
-38
-36
-23
-11
-9
-25
-35
-24
5
38
62
65
62
74
87
102
98
84
72
57
53
48
44
59
62
40
10
-9
-14
-22
-37
-53
-66
-76
-97
-112
-105
-95
-87
-90
-97
-88
-72
-55
-40
-37
-36
-39
-42
-33
-35
-58
-84
-73
-48
-54
-76
-78
-62
-54
-46
-46
-37
-22
-23
-33
-42
-31
-13
-2
8
22
30
35
36
28
39
59
70
53
43
53
53
47
36
25
16
26
29
22
4
-21
-33
-33
-31
-30
-22
-25
-39
-48
-41
-30
-18
-1
-4
-9
-15
-10
11
21
10
6
17
22
30
49
63
73
83
99
100
95
103
106
96
78
73
80
89
90
85
76
69
71
70
65
74
83
82
75
56
40
28
28
30
29
23
15
14
15
16
24
23
7
-8
-21
-21
-31
-60
-89
-106
-101
-93
-108
-127
-128
-112
-111
-129
-139
-109
-76
-88
-113
-111
-84
-58
-53
-53
-39
-24
-22
-37
-44
-53
-58
-49
-39
-32
-27
-17
-14
-10
-17
-28
-37
-38
-35
-31
-20
-17
-11
-14
-35
-43
-36
-25
-1
21
41
71
95
99
94
88
75
72
85
88
81
78
75
75
79
65
48
40
26
11
-15
-27
-13
-2
-8
-27
-35
-25
-15
-7
-16
-24
-25
-18
0
13
29
33
19
11
26
40
39
28
19
22
26
29
26
33
34
24
4
-17
-24
-20
-7
-1
-20
-27
3
32
24
-1
-10
9
37
54
41
10
5
27
45
48
50
57
54
53
45
24
6
0
10
-3
-40
-70
-71
-58
-63
-76
-77
-68
-65
-68
-53
-39
-50
-57
-61
-60
-50
-33
-22
-28
-24
-13
-1
-1
-5
1
4
-5
-3
5
8
3
-16
-32
-28
-22
-15
-26
-39
-23
-5
-2
-15
-20
-19
-6
11
6
6
32
63
84
84
64
60
73
73
60
46
41
44
39
25
12
0
-4
-11
-19
-23
-28
-28
-26
-27
-32
-38
-34
-35
-35
-31
-23
-5
8
22
32
35
55
67
54
33
35
52
47
30
11
-3
-13
-19
-18
-17
-33
-61
-73
-72
-60
-41
-40
-48
-45
-35
-16
9
31
30
7
7
31
59
75
76
65
45
21
10
7
7
5
1
-2
-5
-12
-22
-34
-44
-56
-71
-73
-65
-63
-54
-29
0
20
19
10
9
21
28
31
36
39
45
49
49
53
48
19
-8
-11
-9
-7
-6
-25
-41
-43
-46
-51
-62
-81
-82
-71
-59
-58
-67
-61
-35
-16
0
15
22
29
22
23
38
49
57
65
68
78
89
89
77
61
51
51
47
37
27
24
32
37
35
26
28
34
26
9
-8
-6
4
1
-1
7
29
45
44
35
8
-12
-7
6
14
7
1
-19
-33
-49
-52
-29
-12
-14
-41
-62
-71
-66
-61
-70
-88
-84
-62
-52
-82
-97
-61
-30
-30
-51
-56
-27
-1
-5
-25
-21
-6
4
-3
-2
8
17
21
10
-3
-13
-1
16
12
1
-7
6
24
18
2
-17
-15
8
11
-8
-4
25
43
27
6
6
28
53
46
24
18
30
38
22
-5
-19
-16
-12
-1
6
20
36
17
-2
-10
-16
-8
8
19
22
23
33
38
38
52
76
87
67
44
54
76
88
76
50
52
57
43
30
25
29
21
3
-21
-30
-36
-51
-67
-58
-47
-41
-41
-47
-44
-45
-48
-44
-24
-8
-3
-8
-11
-14
-25
-39
-45
-39
-32
-38
-61
-66
-51
-39
-42
-56
-65
-56
-46
-53
-61
-55
-41
-19
-8
1
9
24
26
15
6
6
21
23
25
43
58
52
40
41
52
63
69
63
61
56
51
53
57
52
25
14
6
-10
-7
7
21
24
11
-2
-7
-10
-13
-26
-42
-40
-26
-13
-5
-1
6
24
32
25
20
25
25
15
1
-18
-30
-30
-20
-16
-35
-53
-53
-62
-68
-67
-64
-65
-79
-90
-90
-88
-81
-76
-59
-24
-8
-16
-21
-8
22
46
60
47
35
34
42
51
51
55
61
65
64
55
51
45
35
25
8
-14
-27
-18
-12
-3
2
-1
-13
-24
-9
9
25
36
40
34
30
29
33
26
22
24
16
18
15
6
1
5
10
6
6
3
4
7
6
1
-1
3
-5
-9
-17
-16
8
22
15
-6
-9
18
46
46
28
20
25
28
25
28
20
4
1
0
2
3
10
6
-11
-20
-16
-19
-18
-32
-44
-35
-18
-8
-30
-54
-46
-18
-3
-19
-42
-37
-11
-1
-14
-25
-20
-11
-19
-33
-22
-5
-5
-28
-50
-61
-58
-62
-73
-68
-66
-58
-47
-51
-54
-48
-35
-9
-6
-20
-23
-12
-2
5
17
22
28
33
30
40
56
69
78
71
57
46
40
48
48
31
18
17
9
-3
-8
-9
4
25
31
8
-22
-29
-19
-2
2
1
7
24
37
36
16
-3
2
5
-3
-11
-8
0
-12
-27
-41
-39
-18
-1
4
-2
0
10
20
27
41
49
43
45
45
48
69
82
80
76
67
68
86
83
65
56
59
52
20
-5
-19
-22
-25
-33
-50
-65
-63
-53
-56
-77
-92
-80
-67
-59
-52
-27
-6
-16
-32
-30
2
38
43
24
12
8
9
4
1
-15
-35
-34
-38
-45
-52
-61
-62
-60
-65
-51
-35
-35
-51
-57
-38
-24
-17
-8
5
15
30
50
62
71
81
90
90
81
63
60
70
60
30
4
7
3
-1
-4
-18
-17
-19
-34
-55
-79
-99
-99
-88
-90
-80
-46
-48
-65
-59
-44
-30
-22
-26
-39
-36
-26
-20
-12
-6
-5
-7
-13
-11
3
22
29
10
-18
-17
10
41
36
14
12
16
25
35
48
53
43
49
72
82
83
89
88
77
74
87
103
110
106
79
63
63
66
59
38
13
13
25
11
-8
-15
-22
-27
-29
-30
-25
-25
-32
-45
-53
-48
-31
-15
-15
-24
-15
2
8
16
23
17
4
-4
-3
-2
-4
1
6
-7
-16
-15
-16
-22
-43
-61
-62
-45
-33
-48
-62
-60
-39
-24
-30
-33
-10
1
-13
-24
-22
4
15
0
-25
-30
-13
13
18
7
-6
-28
-44
-47
-34
-44
-63
-55
-40
-40
-50
-47
-39
-37
-36
-33
-18
1
2
6
13
29
38
40
39
34
31
36
50
56
61
57
53
56
51
53
48
30
18
12
11
12
19
19
17
28
33
19
7
12
29
34
21
-4
-4
11
12
9
5
9
17
20
3
-23
-40
-40
-27
-22
-16
-16
-19
-15
-15
-32
-37
-21
-6
2
-18
-28
-22
-10
1
14
26
23
9
-5
-18
-16
-13
-5
0
-1
4
2
-16
-44
-46
-11
18
7
-4
0
11
18
2
-18
-14
0
14
18
17
19
23
27
29
35
28
16
21
34
42
38
27
9
0
-17
-22
-11
-13
-17
-25
-32
-22
-17
-25
-43
-54
-38
-19
-18
-15
-16
-3
20
26
16
6
-3
-1
1
-5
8
38
72
65
48
40
38
37
32
23
15
12
9
11
10
11
18
24
24
22
17
9
9
21
20
8
-1
2
18
21
21
17
13
5
-16
-28
-24
-23
-33
-50
-61
-57
-51
-60
-76
-79
-72
-68
-74
-87
-98
-84
-72
-74
-73
-71
-54
-31
-39
-49
-38
-22
-10
-10
-8
6
14
20
27
24
19
16
30
42
44
38
13
-2
-6
-14
-12
4
15
11
6
15
33
28
8
3
11
12
19
30
26
21
20
21
24
32
38
51
56
42
27
20
16
17
29
34
38
36
35
28
16
14
30
55
67
62
46
32
19
16
28
55
65
57
46
41
45
44
38
31
28
24
24
29
36
39
34
16
4
5
17
27
13
-7
-17
-20
-13
-15
-39
-47
-36
-23
-29
-49
-66
-67
-51
-38
-37
-36
-30
-31
-32
-38
-53
-74
-71
-58
-52
-47
-47
-40
-30
-39
-52
-45
-35
-43
-61
-65
-58
-53
-56
-61
-59
-60
-54
-45
-46
-54
-56
-48
-35
-17
-2
2
-13
-29
-34
-27
-18
-13
-15
-13
-10
-15
-8
-5
4
10
0
-11
-5
18
27
21
-3
-11
9
20
17
17
24
37
47
48
49
64
81
83
81
70
64
74
79
68
59
68
82
81
76
71
65
78
97
100
80
59
64
64
59
62
74
86
82
63
40
28
38
55
53
49
49
47
30
-6
-39
-52
-42
-24
-31
-39
-47
-52
-54
-55
-54
-61
-70
-75
-71
-67
-63
-62
-65
-75
-80
-75
-65
-61
-69
-77
-73
-65
-61
-44
-36
-43
-54
-73
-70
-47
-43
-52
-55
-40
-5
7
-17
-36
-34
-14
12
23
24
28
31
38
48
53
45
34
33
40
39
32
33
28
15
18
19
12
14
18
16
1
-15
-16
-5
-8
-26
-42
-38
-21
-6
-6
-22
-24
-17
-24
-24
-17
-8
8
14
0
-3
9
14
27
33
42
49
42
34
34
48
59
61
59
57
55
51
43
35
26
15
13
24
21
6
-1
-1
-6
-21
-43
-51
-48
-33
-29
-36
-40
-45
-47
-46
-50
-60
-60
-55
-28
-7
-15
-36
-37
-19
5
15
7
1
-1
2
9
17
18
17
38
55
39
19
24
36
35
26
19
17
22
24
18
-1
-17
-20
-12
-2
15
27
20
11
-4
-17
-11
9
26
32
32
33
32
49
51
19
-2
10
23
30
25
13
19
32
27
11
1
-7
-11
-29
-42
-44
-31
-24
-22
-19
-33
-38
-27
-19
-7
1
-1
-6
-19
-30
-8
18
17
7
22
38
45
39
17
8
11
11
-1
-24
-43
-32
-21
-30
-40
-34
-34
-34
-20
-28
-50
-67
-65
-51
-31
-11
7
7
-15
-35
-32
-11
0
-5
-7
-18
-17
-6
-5
-13
-19
-19
-25
-37
-43
-31
-17
-28
-39
-35
-28
-33
-37
-34
-22
-8
-2
4
-1
-1
4
15
25
26
27
27
37
42
44
48
55
43
32
34
15
14
34
38
33
11
-4
9
32
35
30
35
45
37
32
29
20
29
39
27
9
-7
8
49
65
62
64
58
53
50
46
41
42
46
46
48
54
51
36
23
-1
-13
-11
-6
1
-9
-22
-20
-23
-36
-41
-28
-17
-17
-19
-26
-25
-17
-8
-3
-9
-14
-4
2
-13
-36
-25
-1
-9
-25
-24
-9
-9
-19
-35
-49
-44
-44
-42
-45
-48
-41
-36
-42
-51
-57
-69
-67
-52
-39
-36
-40
-47
-49
-33
-23
-26
-26
-19
-3
1
-9
-31
-47
-40
-21
-8
-5
-15
-34
-34
-19
-8
-2
4
17
20
8
8
14
27
26
12
11
14
28
35
29
30
36
38
50
47
37
51
57
45
28
13
0
3
13
20
28
32
36
33
13
-4
7
12
-1
-11
-7
8
25
30
14
-1
1
7
11
14
9
9
20
28
29
34
31
19
18
14
15
21
18
20
16
15
22
21
13
11
13
14
6
-15
-35
-29
-14
-4
8
14
20
21
21
31
28
11
-1
9
19
15
6
11
17
18
21
12
-5
-20
-25
-17
-14
-22
-35
-41
-44
-51
-57
-58
-59
-57
-48
-46
-50
-49
-49
-52
-58
-58
-47
-35
-25
-15
-9
-4
-3
-5
3
13
3
-12
-14
-1
17
13
5
6
14
10
-3
-8
11
31
34
37
21
8
13
25
28
25
17
11
23
20
8
9
17
17
11
4
0
-6
-23
-37
-40
-41
-34
-24
-18
-14
-12
-3
-11
-19
-16
-17
-11
-13
-15
-6
-5
-19
-21
-6
2
-7
-15
-11
-8
0
23
32
18
2
-10
-11
-6
3
7
7
13
27
38
40
22
5
4
17
31
36
30
14
9
17
21
10
-7
-17
-16
-6
-2
-13
-10
3
11
20
21
24
24
16
10
3
0
0
9
27
35
32
24
25
23
14
25
37
35
29
13
8
14
12
2
5
21
26
32
36
20
16
14
11
20
30
33
33
25
28
33
21
9
4
1
-5
-7
9
35
36
5
-11
-1
9
-2
-36
-75
-74
-54
-55
-59
-49
-42
-38
-56
-71
-60
-61
-58
-52
-46
-59
-71
-70
-61
-45
-46
-34
-16
-18
-31
-45
-49
-39
-28
-30
-34
-31
-34
-42
-50
-41
-16
-2
-12
-35
-43
-33
-18
-9
-3
2
13
14
2
1
2
13
14
19
39
54
56
42
28
23
25
34
37
32
29
29
20
3
-13
-5
12
18
10
-10
2
31
40
28
18
16
30
48
46
40
39
35
29
28
36
55
67
65
59
56
58
56
54
54
52
44
45
58
57
46
37
29
21
23
29
42
49
43
30
34
40
28
21
16
9
-2
-6
-12
-9
0
5
0
-20
-36
-52
-57
-55
-49
-46
-49
-49
-58
-74
-90
-76
-61
-66
-80
-88
-71
-46
-32
-39
-52
-63
-62
-49
-42
-39
-32
-19
-18
-30
-35
-32
-26
-24
-28
-39
-44
-36
-20
-9
-2
-7
-25
-36
-37
-30
-16
0
3
1
-5
-4
15
27
37
39
42
47
42
27
2
-13
-10
13
23
27
37
31
14
-3
-1
16
34
34
22
12
14
24
18
10
8
10
8
14
25
27
28
29
35
35
37
38
30
18
3
9
31
37
16
-4
7
22
27
25
19
26
33
16
-5
-15
-15
-7
1
-1
-12
-10
-3
-9
-20
-18
-7
9
-1
-28
-29
-12
5
10
-10
-23
-11
1
6
6
3
1
12
9
-6
-3
7
16
27
17
-10
-12
-1
-2
-5
-17
-30
-27
-15
0
6
15
23
13
6
-2
-14
-19
-15
-11
-10
-8
-9
-4
-8
-20
-17
4
10
2
-4
-20
-39
-41
-29
-9
-3
-13
-6
-1
-20
-28
-27
-18
-6
10
21
13
3
-3
12
32
23
16
24
34
37
24
8
0
2
12
12
-1
-2
6
12
10
6
17
29
25
11
-3
0
11
17
18
14
11
11
17
13
-1
-20
-28
-25
-17
-18
-30
-38
-38
-23
-10
-13
-20
-34
-44
-40
-29
-16
-26
-46
-43
-31
-28
-34
-39
-37
-22
2
9
-8
-25
-24
-23
-21
-23
-24
-17
-6
-20
-44
-39
-10
15
25
8
-14
-2
13
19
19
9
9
19
21
13
15
30
47
55
50
32
40
59
53
33
26
30
42
51
46
45
45
39
19
8
17
24
29
27
24
19
19
22
14
11
32
46
48
51
32
12
16
27
33
40
48
41
33
30
22
15
6
3
19
29
13
-2
-13
-18
-22
-29
-46
-57
-56
-52
-48
-51
-59
-66
-74
-68
-55
-42
-29
-15
-25
-45
-46
-47
-40
-28
-28
-37
-46
-35
-13
-13
-29
-41
-37
-23
-20
-30
-40
-37
-29
-29
-25
-25
-5
14
7
-3
3
16
23
31
25
14
9
17
22
19
20
15
4
8
12
0
3
6
-1
-19
-34
-40
-25
-3
-6
-18
-24
-22
-3
20
32
26
12
-12
-30
-22
-10
10
17
8
1
3
16
15
-3
-9
9
31
27
21
25
19
2
-7
-3
8
29
56
59
48
37
28
35
44
55
61
48
37
41
52
62
56
45
28
24
35
39
27
11
4
-2
5
11
6
0
6
9
0
-1
0
0
-7
-23
-25
-22
-12
-11
-20
-24
-32
-34
-43
-46
-35
-19
-5
-5
-32
-53
-46
-34
-28
-30
-38
-37
-22
-14
-21
-30
-29
-28
-27
-22
-18
-8
6
11
10
22
30
18
7
-2
0
4
0
-13
-15
4
26
40
30
-1
-18
-3
13
-5
-46
-62
-47
-32
-32
-37
-31
-15
-14
-8
0
-2
-6
-12
-11
-18
-15
11
20
6
1
6
12
19
21
29
34
35
24
19
19
18
23
37
29
8
5
15
16
8
7
20
28
15
-2
-7
-10
-7
-20
-37
-36
-21
0
3
-1
-9
-10
-11
-13
-11
1
6
-9
-25
-27
-26
-9
-1
-5
-11
-20
-4
19
14
0
-5
2
11
-1
-10
-6
19
43
49
42
26
13
14
17
16
25
38
32
16
24
32
39
39
26
11
4
15
21
17
5
2
0
-14
-14
-9
-1
4
18
16
11
16
6
-8
-30
-47
-51
-40
-25
-16
-16
-28
-28
