68
65
60
57
58
57
53
46
41
43
40
32
27
24
24
25
29
29
25
23
25
17
18
22
19
14
16
15
11
6
3
1
-2
-7
-7
-3
-8
-12
-14
-19
-26
-24
-23
-24
-18
-20
-30
-30
-28
-24
-23
-22
-14
-10
-10
-8
-4
2
5
14
18
20
21
17
18
16
17
8
1
4
-5
-5
-4
-9
-7
-3
-7
-11
-9
-13
-13
-13
-9
-2
-5
-3
-18
-19
-15
-18
-6
-5
-5
-3
-4
-1
0
2
-2
-12
-15
-10
-15
-19
-12
-21
-27
-28
-24
-14
-8
-4
-4
0
6
7
6
3
-3
-12
-15
-25
-26
-18
-23
-26
-30
-28
-27
-26
-25
-24
-15
-11
1
6
4
6
7
5
0
-6
-13
-21
-26
-31
-34
-29
-23
-19
-8
4
12
13
16
24
29
36
35
37
34
26
26
30
25
23
21
12
13
15
20
22
21
25
26
27
25
20
20
18
19
17
16
14
12
17
11
10
8
11
14
16
25
23
23
22
26
30
31
32
35
31
17
10
3
-6
-8
-13
-14
-9
-7
-7
-2
-7
-3
0
-5
-2
-8
-11
-5
-7
-6
-10
-21
-17
-18
-23
-25
-30
-26
-25
-22
-21
-14
-9
-6
-5
0
3
0
-2
-4
-3
-11
-11
-19
-21
-23
-27
-29
-34
-30
-23
-23
-17
-16
-20
-9
-7
4
6
8
7
3
7
7
1
-5
-7
-13
-9
-9
2
11
12
13
16
15
15
18
22
23
21
27
25
16
8
6
1
-9
-17
-18
-15
-6
-3
4
6
5
6
6
7
11
14
14
16
11
2
-6
-18
-21
-21
-27
-21
-24
-22
-17
-20
-17
-18
-16
-14
-18
-16
-23
-26
-23
-24
-22
-25
-20
-28
-34
-36
-35
-36
-32
-27
-25
-23
-28
-18
-22
-18
-12
-12
-5
0
9
15
21
29
32
33
39
42
42
41
37
44
49
41
38
40
45
54
51
53
53
51
59
56
56
61
56
49
43
42
45
40
34
34
35
38
41
47
52
48
42
41
39
44
41
40
35
27
26
12
8
5
-3
-14
-23
-24
-29
-31
-26
-19
-12
-18
-28
-37
-42
-53
-57
-63
-68
-70
-81
-87
-84
-79
-68
-73
-69
-66
-66
-59
-56
-53
-54
-61
-71
-70
-68
-71
-69
-65
-66
-61
-56
-53
-53
-48
-46
-47
-37
-31
-24
-14
-19
-8
3
4
4
3
5
4
10
20
30
37
36
39
44
51
57
53
50
54
48
46
50
52
57
56
55
54
45
36
36
37
37
37
31
24
25
25
24
20
17
22
27
25
29
32
32
34
41
42
41
39
35
28
17
15
14
14
19
18
9
5
-4
-7
-3
2
8
9
3
-2
-9
-12
-13
-23
-25
-23
-26
-24
-27
-26
-25
-29
-25
-27
-27
-18
-14
-15
-10
-4
0
2
3
10
11
11
6
8
15
14
13
9
2
5
10
12
14
12
6
-2
-2
-3
3
2
2
3
-6
-7
-13
-16
-14
-19
-20
-10
-12
-20
-21
-19
-15
-19
-24
-25
-25
-20
-20
-26
-23
-23
-26
-24
-24
-25
-20
-22
-24
-22
-18
-13
-14
-12
-13
-17
-19
-22
-21
-16
-18
-15
-12
-12
-15
-21
-27
-34
-34
-36
-38
-32
-29
-27
-19
-21
-25
-26
-25
-13
-4
-4
-3
-5
-2
-2
4
15
19
25
27
29
34
40
34
35
37
32
37
42
46
54
60
67
71
67
62
58
55
52
53
57
52
55
60
55
52
51
51
54
63
60
59
58
49
47
40
29
18
14
3
-11
-9
-15
-24
-27
-34
-37
-43
-38
-30
-29
-28
-30
-28
-26
-30
-36
-37
-40
-44
-55
-59
-57
-61
-54
-50
-44
-31
-22
-15
-12
-8
-8
-7
-10
-7
-9
-16
-22
-20
-30
-41
-40
-44
-37
-27
-26
-17
-13
-20
-25
-21
-20
-13
-16
-19
-10
-10
-15
-20
-22
-17
-20
-17
-9
0
8
16
20
19
34
41
45
46
50
54
54
58
63
58
53
57
55
46
40
31
22
21
13
8
7
8
-3
-1
1
-2
0
1
5
2
3
6
-1
-3
0
-2
-3
-4
-1
-7
-13
-14
-12
-19
-26
-21
-22
-29
-27
-29
-37
-38
-42
-42
-35
-40
-51
-53
-51
-56
-62
-58
-47
-39
-32
-31
-26
-20
-17
-7
-3
-2
1
2
11
18
22
26
22
24
26
34
38
33
36
44
52
44
41
38
38
39
34
39
41
35
32
37
39
36
37
39
47
45
42
48
51
53
53
49
43
35
31
36
23
16
13
9
9
3
1
-1
7
-1
-10
0
2
-8
-15
-14
-21
-21
-23
-25
-30
-28
-28
-45
-41
-33
-31
-30
-27
-18
-19
-23
-24
-25
-27
-31
-41
-43
-41
-46
-51
-54
-51
-46
-46
-43
-42
-36
-31
-31
-28
-25
-25
-27
-32
-32
-38
-41
-42
-46
-43
-36
-38
-30
-21
-14
-4
-7
2
2
-14
-15
-2
1
1
6
15
10
6
15
17
19
25
25
27
40
55
58
65
72
70
63
64
60
50
41
34
33
33
32
27
31
36
34
36
31
32
29
27
23
18
24
22
26
25
27
22
18
16
12
10
7
1
-5
-3
-5
-1
0
2
4
-3
-6
-10
-14
-16
-15
-12
-6
-1
-13
-20
-23
-31
-28
-29
-32
-34
-37
-34
-33
-28
-27
-23
-23
-25
-19
-13
-6
0
11
10
12
10
4
5
-2
-4
-2
3
2
4
-2
-9
-8
-9
-13
-8
-4
-2
-4
-4
-8
-12
-15
-24
-25
-23
-19
-13
-10
-9
-10
-14
-12
-13
-12
-8
-9
-8
-2
-1
-3
-6
-10
-9
-14
-16
-10
-4
-7
-2
8
8
9
7
5
11
15
18
22
26
23
23
21
26
33
31
30
31
35
35
27
25
24
22
21
17
19
14
3
-3
-15
-19
-23
-28
-25
-21
-25
-30
-30
-28
-26
-28
-25
-24
-32
-24
-25
-24
-19
-15
-14
-12
-7
-3
5
12
13
15
18
14
15
18
20
19
20
24
27
33
34
35
31
40
31
24
23
16
10
0
-2
-1
5
11
13
13
14
6
1
3
2
9
10
6
2
-1
-6
-7
-9
-14
-16
-24
-24
-21
-23
-20
-21
-21
-15
-14
-15
-11
-10
-7
-11
-14
-14
-24
-33
-35
-32
-30
-28
-27
-30
-26
-24
-20
-15
-14
-13
-9
1
7
12
14
13
11
19
20
22
26
23
26
22
19
20
16
19
24
25
25
26
26
24
28
29
21
17
17
10
10
11
10
12
10
7
12
15
19
16
12
13
7
7
6
2
8
11
10
11
8
1
-1
2
7
6
5
1
0
2
-8
-23
-32
-47
-58
-54
-52
-54
-52
-51
-53
-51
-43
-41
-45
-53
-59
-59
-57
-49
-46
-39
-32
-30
-29
-21
-15
-16
-8
-8
-4
-1
-5
0
1
0
9
10
11
11
13
13
10
8
8
9
9
9
11
19
27
32
39
38
46
51
51
49
43
45
44
50
58
60
64
65
69
68
70
73
71
69
64
54
45
40
37
31
29
23
21
17
20
20
10
11
6
1
1
7
6
-1
-1
-9
-16
-19
-26
-32
-35
-36
-43
-43
-43
-46
-48
-55
-56
-51
-51
-44
-35
-39
-40
-39
-50
-56
-59
-60
-65
-59
-57
-57
-53
-52
-51
-50
-52
-48
-32
-24
-21
-18
-19
-23
-22
-21
-26
-25
-21
-22
-25
-15
-3
5
12
15
14
10
4
9
11
15
18
18
19
12
18
18
19
25
34
45
51
55
54
52
53
52
47
42
32
26
28
26
21
20
18
12
12
18
17
16
19
24
28
33
35
30
29
28
29
24
20
22
22
23
20
19
15
15
15
11
14
8
10
9
11
4
-4
-6
-15
-15
-20
-23
-22
-26
-34
-33
-35
-37
-38
-38
-33
-33
-33
-39
-39
-41
-37
-30
-28
-24
-23
-17
-10
-6
0
5
16
16
13
11
10
6
-1
-1
3
3
1
1
2
-8
-11
-3
0
3
4
9
12
13
12
4
-2
0
-1
-5
0
-3
2
2
-2
4
-1
-3
-3
-1
0
3
9
11
8
7
6
-2
-4
-6
-8
-12
-18
-17
-15
-15
-16
-15
-12
-9
-12
-7
3
3
5
7
5
1
-2
-2
-1
-8
-8
-10
-10
-5
-7
-12
-9
-13
-13
-14
-18
-21
-33
-38
-42
-39
-28
-24
-23
-16
-12
-1
9
9
16
21
14
11
11
21
27
20
24
27
26
27
19
22
24
17
24
29
37
42
36
29
35
33
28
31
27
26
19
9
9
8
11
18
18
24
31
35
40
41
39
40
33
24
22
21
19
12
9
6
5
4
5
8
7
6
1
-2
-4
-8
-13
-18
-24
-32
-31
-30
-30
-37
-41
-44
-45
-42
-49
-37
-35
-46
-36
-32
-29
-26
-27
-27
-28
-36
-38
-34
-35
-34
-41
-40
-36
-37
-35
-34
-28
-27
-24
-19
-8
-2
2
5
5
4
-1
-2
2
4
7
14
16
16
17
22
23
23
28
27
33
35
31
29
23
17
10
1
-2
-9
-4
-2
-1
6
10
13
20
25
30
32
32
35
30
25
10
9
13
3
-9
-11
-5
-3
-7
-7
2
3
-1
-11
1
1
-6
-3
-5
-7
-7
-7
-12
-11
-10
-11
-18
-16
-15
-13
-9
-2
-5
-7
-8
-14
-10
-9
-4
-3
-2
-1
-5
-10
-14
-13
-12
-10
-5
3
9
13
22
30
28
31
34
34
32
26
28
26
30
40
48
47
46
49
52
56
62
68
65
55
44
38
34
28
23
16
8
8
0
-4
-6
-4
-4
-7
-6
-6
-8
-10
-12
-19
-29
-30
-37
-42
-45
-54
-59
-60
-56
-54
-58
-54
-56
-50
-49
-58
-57
-56
-59
-56
-57
-47
-41
-42
-33
-31
-25
-25
-30
-29
-28
-27
-31
-33
-27
-24
-34
-30
-24
-23
-24
-27
-26
-26
-22
-22
-13
-7
-2
2
1
1
2
-1
-2
-3
0
4
5
9
11
18
25
28
27
28
34
37
39
44
44
46
47
50
49
56
56
57
43
67
99
25
110
93
20
90
69
86
66
47
86
65
76
69
56
27
50
44
38
56
3
39
49
32
35
26
20
19
-6
-32
-12
-15
-39
-30
-45
-67
-47
-29
-19
-14
-22
-26
-32
-14
-3
-29
-35
-32
-53
-54
-45
-42
-43
-64
-73
-71
-75
-70
-62
-55
-60
-60
-53
-50
-47
-47
-40
-37
-40
-34
-46
-49
-41
-52
-53
-48
-51
-49
-39
-23
-24
-11
-5
-8
3
2
8
6
6
20
21
24
27
25
26
22
25
32
43
52
53
52
42
38
33
32
29
18
18
25
25
22
24
28
23
14
4
7
6
11
18
14
15
17
22
12
10
8
3
1
2
8
9
15
15
15
7
5
11
15
14
15
21
13
8
3
-2
-10
-9
-6
-10
-18
-19
-18
-13
-15
-12
-9
-9
-1
-1
5
9
13
14
10
9
8
8
1
2
5
9
12
2
7
4
2
8
10
16
13
13
13
7
7
7
4
0
2
-1
-10
-12
-17
-18
-16
-16
-13
-15
-15
-15
-8
1
-3
-3
-3
-8
-5
-12
-12
-13
-14
-17
-21
-19
-14
-12
-14
-12
-11
-10
-17
-20
-20
-20
-18
-18
-17
-9
-9
-11
-7
-5
4
6
1
4
5
3
1
7
13
18
22
16
19
13
13
13
12
12
11
12
-1
-2
1
-1
1
-3
0
2
-8
-5
-12
-14
-15
-15
-12
-11
-7
1
12
17
24
21
20
18
13
11
10
16
17
16
14
12
14
10
6
3
-5
-6
0
0
1
6
5
4
4
2
2
1
-3
0
-2
-8
-17
-24
-28
-35
-32
-38
-33
-29
-27
-20
-16
-21
-23
-18
-13
-11
-22
-22
-20
-22
-24
-26
-22
-22
-23
-24
-20
-23
-24
-18
-12
-6
1
7
12
19
22
24
29
27
30
31
30
31
34
40
43
43
43
41
40
45
42
38
43
35
33
37
37
36
30
25
28
22
15
14
14
19
22
23
26
27
24
20
18
22
17
14
15
16
11
13
11
9
7
10
12
15
16
9
7
8
6
1
-5
-8
-11
-17
-22
-30
-30
-33
-34
-33
-38
-34
-41
-46
-50
-54
-53
-51
-57
-63
-72
-81
-86
-78
-72
-72
-69
-75
-73
-75
-78
-78
-74
-68
-65
-58
-52
-48
-45
-38
-34
-24
-19
-15
-11
-12
-1
2
6
15
18
19
25
18
16
21
17
26
34
37
39
46
39
41
45
36
38
41
52
54
63
70
74
75
73
74
75
85
81
80
74
68
68
61
62
61
60
66
67
67
58
55
58
50
43
39
33
23
18
11
5
-1
-6
-9
-12
-10
-13
-17
-18
-24
-20
-20
-23
-19
-25
-31
-28
-35
-40
-36
-42
-42
-44
-49
-45
-48
-46
-42
-37
-40
-43
-44
-41
-39
-45
-45
-47
-47
-47
-50
-40
-37
-39
-36
-35
-32
-26
-23
-22
-17
-24
-20
-15
-13
-12
-2
-5
-3
2
1
10
14
19
16
16
20
20
20
18
10
7
2
6
5
3
-2
-3
-8
-14
-7
-5
5
5
2
7
5
2
3
6
10
11
15
14
9
17
18
20
23
21
20
18
15
16
16
13
17
15
15
14
9
8
6
4
9
10
12
12
7
5
11
8
3
7
0
-9
-20
-25
-21
-23
-21
-14
-14
-9
-11
-15
-5
-4
-18
-21
-4
-9
-8
-12
-13
-4
-14
-12
-4
5
4
5
13
15
21
33
40
43
49
45
41
40
38
32
24
23
21
14
12
7
7
14
9
3
1
0
3
11
7
4
5
7
0
-9
-9
-9
-10
-16
-15
-11
-12
-11
-12
-8
-12
-11
-11
-11
-9
-10
-12
-18
-19
-18
-14
-15
-12
-5
3
-1
1
6
13
16
6
13
19
13
7
3
4
-6
-22
-33
-34
-30
-27
-20
-17
-14
-11
-15
-17
-10
-5
-3
-6
-3
-1
-9
-17
-17
-14
-16
-15
-11
-9
-8
-12
-9
-6
0
5
10
12
13
17
13
9
7
1
-2
-9
-18
-25
-27
-24
-23
-20
-11
-11
-11
-7
-9
-13
-19
-19
-16
-16
-15
-18
-25
-18
-15
-14
-7
1
2
-1
6
12
15
11
12
15
24
27
23
23
20
18
25
31
30
34
28
20
17
17
25
27
24
21
20
21
22
14
15
14
17
26
25
20
10
16
15
13
13
5
9
9
11
10
13
20
22
27
27
28
23
16
20
16
17
12
8
13
8
15
18
19
29
32
29
26
26
25
25
18
18
13
11
9
1
-6
-16
-13
-18
-20
-19
-24
-31
-34
-40
-47
-44
-44
-44
-46
-51
-50
-48
-53
-61
-62
-58
-53
-50
-49
-44
-42
-40
-42
-43
-37
-36
-37
-38
-33
-23
-22
-27
-28
-30
-25
-25
-22
-19
-20
-13
-11
-13
-13
-14
-6
-8
-4
0
-5
3
2
-2
-2
-7
-9
-9
-13
-7
-2
3
7
8
16
24
25
21
26
32
32
35
32
34
31
31
33
30
31
36
44
47
61
63
63
62
60
67
60
52
55
54
50
46
33
25
28
26
24
24
24
29
23
24
22
23
22
13
13
14
9
1
0
1
-1
-5
-2
0
-4
-12
-15
-4
5
11
9
9
17
11
0
-3
-6
-11
-14
-16
-13
-17
-22
-26
-29
-41
-48
-53
-56
-46
-51
-51
-47
-51
-46
-54
-50
-50
-48
-48
-48
-40
-39
-33
-32
-26
-22
-18
-12
-9
-8
-10
-2
-2
-10
-9
-11
-15
-16
-8
1
3
9
11
11
11
4
10
17
14
13
12
9
6
3
3
4
-3
2
7
9
12
13
15
15
19
20
20
24
27
23
26
27
20
12
7
-1
3
6
6
5
0
0
-3
-4
-1
2
7
7
0
-6
-2
0
-11
-17
-16
-18
-19
-12
-11
-7
-13
-16
-16
-17
-13
-10
-7
0
4
7
7
5
7
-2
-7
-1
2
11
16
17
14
14
14
19
16
15
19
16
12
18
18
13
6
9
11
11
20
21
30
32
30
25
24
27
24
20
22
21
19
18
14
12
11
8
5
17
19
18
11
12
19
19
20
18
16
7
6
2
-5
-8
-11
-10
-13
-17
-22
-26
-30
-34
-33
-33
-34
-27
-21
-19
-19
-22
-23
-32
-33
-35
-31
-30
-35
-39
-41
-37
-40
-43
-41
-36
-34
-36
-29
-24
-8
0
-6
0
-1
-1
-2
0
1
-4
-4
-9
-9
-1
6
11
14
15
22
25
22
21
18
12
9
5
5
3
-7
-8
-10
-8
-14
-14
-13
-15
-10
-3
7
13
13
11
10
15
16
10
6
4
2
-1
-1
0
4
8
10
16
17
13
12
14
11
12
17
17
13
10
11
4
2
-5
-12
-14
-23
-24
-20
-9
5
8
12
10
13
19
18
25
29
24
21
14
15
9
12
20
18
23
28
29
30
28
20
23
23
20
23
22
23
22
17
13
2
0
8
13
10
9
15
12
9
7
2
2
3
-4
-2
-9
-14
-14
-19
-22
-25
-30
-24
-26
-23
-18
-13
-8
-8
-7
-12
-13
-14
-18
-16
-17
-22
-26
-28
-26
-24
-33
-37
-31
-24
-16
-14
-8
-7
-9
-5
-1
5
4
-2
-4
-11
-14
-16
-22
-24
-31
-30
-23
-23
-19
-7
-7
-9
-11
-10
-11
-15
-18
-21
-20
-28
-29
-26
-23
-23
-19
-13
-15
-10
-10
-13
1
12
11
13
18
20
15
15
22
23
16
20
21
19
21
26
32
33
30
27
23
23
29
29
25
19
19
14
8
8
9
15
18
16
19
17
24
22
28
29
25
31
25
17
20
5
6
9
7
14
12
24
31
30
33
32
33
34
41
40
36
36
31
21
7
-7
-17
-31
-34
-28
-31
-30
-33
-29
-23
-20
-8
-12
-15
-8
-10
-13
-17
-24
-27
-32
-38
-43
-47
-47
-48
-42
-39
-43
-47
-39
-27
-22
-13
-4
4
10
9
10
9
-6
-4
-7
-4
-3
-3
0
1
-2
-7
5
4
1
8
17
28
32
18
6
12
10
6
1
1
-6
1
-2
-3
7
1
6
3
6
9
11
13
6
9
14
12
10
6
7
3
9
1
0
-10
-17
-9
-13
-5
-15
-11
-4
-4
-7
-7
-14
-21
-12
-27
-14
-25
-24
-22
-32
-31
-30
-25
-22
-18
-24
-4
-15
-16
-23
-9
-15
-17
-20
-9
-6
-6
-4
4
14
13
11
19
26
15
26
8
30
30
38
27
36
37
38
28
25
22
20
25
30
27
26
30
26
23
23
33
36
34
31
32
31
32
20
25
14
19
14
16
22
10
11
13
22
24
22
27
21
13
5
3
-6
-5
-10
-7
-11
-7
-6
-15
-8
-5
-14
-5
-6
-1
-10
-24
-31
-27
-29
-36
-40
-42
-49
-44
-52
-50
-51
-52
-55
-51
-38
-35
-24
-17
-9
-12
-15
-10
-14
-3
-12
8
-15
4
-5
-5
4
-2
4
-7
5
-1
0
7
11
4
-7
-9
-16
-14
-14
-27
-12
-31
-14
-17
-9
-26
-22
-17
-5
-11
-19
1
4
1
-4
-9
-2
-12
-13
-9
7
18
20
30
35
45
24
37
11
32
20
37
21
27
30
29
33
9
26
6
18
2
24
7
17
13
19
24
26
24
17
13
-3
0
-9
4
-10
-15
-22
-14
-4
-7
-5
8
9
28
36
27
28
25
32
20
35
16
24
19
31
22
19
2
-2
6
23
20
23
21
10
7
2
-3
-8
-5
-21
-17
-31
-12
-25
-6
-19
-14
-24
-23
-27
-26
-26
-26
-37
-11
-28
-14
-21
-9
-2
-12
-20
-29
-23
-20
-27
-28
-18
-13
-17
-18
-16
-21
-30
-12
-16
-6
-5
-14
20
-3
14
6
7
2
-4
-7
-8
-13
-9
-13
1
-4
-8
-3
4
-2
5
12
8
10
-8
-5
4
9
3
10
10
11
-2
-4
-8
-11
-12
-5
7
11
15
17
19
11
8
-10
-13
-14
2
5
3
-10
0
-5
11
7
17
18
20
32
21
28
11
6
-6
-6
-24
-9
-16
1
-7
-9
-21
-12
-20
-6
-5
8
10
13
7
4
3
-2
-10
0
5
1
16
2
9
13
7
12
4
14
15
31
25
22
31
11
22
20
25
19
23
9
10
8
7
6
2
8
5
25
5
26
20
14
19
4
-1
-9
-11
-3
-12
7
-18
0
-24
-12
-22
-8
-9
-30
-7
-32
-3
-32
-6
-33
-19
-38
-41
-28
-32
-8
-27
7
-10
-6
-7
-7
-17
-12
-17
-10
-8
-1
-7
-2
-4
3
-1
6
18
2
29
0
34
5
33
7
3
-10
-17
-10
-30
4
-28
16
-17
3
6
10
14
4
5
3
21
2
9
4
12
7
13
-2
-9
-10
6
-20
3
-10
1
2
-8
7
-5
21
0
17
-4
8
-9
-6
-7
-25
-7
-2
4
-12
0
-21
-11
-20
-26
-15
-8
-9
-16
-22
-18
-35
-28
-9
-18
12
4
-5
5
0
0
-2
6
6
4
8
13
7
17
8
24
25
30
23
35
27
26
24
10
18
13
26
18
20
23
25
37
35
32
47
47
39
31
36
10
10
5
16
11
16
28
25
30
14
14
-5
-5
-3
-17
-5
-18
-18
-36
-20
-50
-31
-37
-42
-28
-53
-40
-66
-54
-67
-58
-38
-42
-25
-4
-16
-6
-6
2
-4
3
3
5
-3
-5
5
-13
-15
-10
-7
-17
0
12
12
20
7
17
15
15
7
14
10
27
43
28
24
8
-19
-21
-42
-34
-17
-31
-10
-38
-12
-36
-13
-26
6
5
35
52
45
45
25
46
7
13
3
28
23
11
15
-15
-6
-3
7
21
7
21
25
-8
20
-2
12
3
6
-32
-40
-62
-49
-55
-61
-60
-75
-65
-65
-47
-48
-32
-16
18
31
72
75
95
74
63
49
40
55
35
21
-3
0
-3
-6
-5
19
25
33
50
42
52
40
32
9
-10
-29
-35
-44
-56
-73
-79
-96
-77
-85
-51
-50
-19
2
14
11
15
46
27
57
25
61
38
65
55
41
53
17
28
-6
6
-7
-5
11
8
22
13
18
0
9
-7
13
6
3
14
-2
-1
-21
-16
-17
-27
-14
-26
-36
-40
-42
-46
-55
-37
-27
-2
9
16
13
13
36
26
37
23
26
16
-37
-53
-91
-88
-81
-51
-23
2
32
66
60
77
74
67
43
59
42
27
8
-9
-27
-46
-52
-52
-47
-45
-22
-23
-18
-30
-3
13
-17
12
-12
7
-19
-29
-14
-33
-39
-43
-46
-36
-5
-17
-11
-7
32
-3
5
5
37
25
12
5
5
-5
-2
25
26
19
52
50
48
26
18
7
3
5
33
38
11
9
-6
-10
-7
10
-2
10
4
9
-6
-12
-31
-5
-15
-11
-5
3
-2
14
-8
-9
-27
7
7
13
42
15
44
19
40
0
20
-3
-2
-1
-15
-16
-17
5
-8
-1
-20
-21
11
-6
8
0
7
-22
3
10
-25
-26
-40
1
-55
9
-28
-2
-15
2
12
1
9
30
17
18
-10
-18
-2
10
-14
-3
4
7
19
8
15
-7
33
4
29
11
20
27
33
12
21
3
14
-7
12
10
16
8
-24
-16
-32
-14
-3
22
16
9
-4
-13
0
-7
9
14
8
-2
-15
-39
-39
-35
-48
-49
-39
-11
-1
6
-3
-19
-25
-32
-26
-3
-1
20
3
13
-19
-18
-21
-22
-4
-27
-17
-3
6
1
10
-11
4
-39
-26
-36
-31
4
3
-2
-11
-24
4
-14
-25
-4
-11
8
-3
0
1
3
-13
3
-14
16
43
36
70
28
51
20
27
0
41
33
30
48
7
58
4
32
0
-8
-6
17
29
21
27
31
14
33
30
20
10
19
6
7
2
-4
16
8
7
13
-1
16
28
33
18
30
0
6
4
-10
-27
-51
-34
-15
-12
-10
-3
-4
-1
8
-19
-6
-25
8
-8
-33
-8
-38
-8
-75
-31
-43
-29
3
20
12
-15
9
-7
3
-17
-6
-27
-8
1
-23
-31
-52
-33
-47
-36
-15
12
8
9
-16
0
-3
18
-2
18
4
-5
-1
-15
-2
-14
8
-25
-14
-8
-6
-17
-4
-3
-8
17
10
18
6
11
-20
-11
-5
-6
-25
0
-20
-4
-3
0
2
4
11
6
26
30
40
20
39
43
8
13
8
-19
-15
-17
2
-1
24
38
42
33
45
29
10
20
18
9
30
0
35
11
10
-6
16
-2
9
-8
10
-3
23
26
-4
21
-22
10
-46
0
-57
-1
-27
-16
12
-22
-13
-18
9
16
21
45
24
31
19
-11
-19
-47
-3
-58
-26
-63
-14
-11
9
7
-11
27
27
16
-22
37
-19
-1
-23
-26
3
-6
2
-16
-8
-15
9
14
11
-13
-3
-36
-7
-12
-7
-47
-14
-3
-3
36
-19
25
-26
-12
-48
4
-40
28
1
-14
17
-23
24
-1
18
-13
-15
-3
0
66
11
20
-8
18
-15
-9
24
3
43
-8
25
-19
-10
-13
-18
-12
-14
20
17
13
6
22
-11
2
0
10
-7
-34
-9
1
-13
-10
-2
-34
6
-14
-5
41
34
25
11
33
12
31
-2
-16
21
11
14
7
18
11
20
-4
13
-2
32
11
-2
-1
-18
12
22
-40
71
-12
25
19
-33
20
4
9
-2
-16
-6
26
-7
-8
-82
-57
-76
-21
-20
14
12
6
-3
-27
-34
-62
-9
-5
9
-2
9
-29
-1
-8
-24
-21
-64
5
19
15
-12
-1
-35
-28
-27
-38
26
0
60
40
14
35
44
-5
9
-30
40
59
20
73
-11
38
5
4
31
17
-1
39
45
31
-25
-29
-35
-35
-17
-43
-25
3
37
-6
-41
-52
8
14
5
-7
2
22
-6
24
-28
-23
-25
5
38
35
40
47
21
-34
30
-11
14
55
35
-12
11
11
-29
-31
-28
-18
-2
32
-15
6
19
-2
11
-19
19
27
21
-9
-88
-11
-20
-31
-2
-12
-35
-32
-34
12
-29
-9
3
-24
-2
-27
6
-12
26
-41
-1
-25
44
94
4
-32
-77
-59
-94
-59
-51
11
0
19
-6
-2
-19
16
24
59
69
101
82
44
64
35
-41
-10
27
39
48
26
56
26
19
26
-20
-1
-5
-6
47
17
25
-62
-38
-108
-63
-57
-30
0
-34
-1
-27
-3
-26
-7
-52
13
12
-27
-34
-32
-5
-18
-61
-39
-39
35
37
-2
-3
-3
33
34
31
15
11
2
36
24
35
12
20
29
37
19
33
53
13
15
23
-10
-15
9
-28
-15
-28
-9
-1
43
40
38
41
3
11
-37
-7
12
42
20
31
39
-18
26
19
-16
-3
23
32
63
35
15
-35
-84
-49
-10
63
40
123
47
-35
-154
-237
-260
-324
-269
-254
-132
-57
-24
-50
-3
35
127
92
91
193
133
136
81
51
85
82
144
160
172
147
106
33
-25
-15
-49
-16
-38
-44
-105
-99
-94
-90
-59
-78
-86
-52
-28
-66
-142
-188
-146
-73
32
101
150
140
143
105
83
83
85
87
85
144
116
106
79
89
2
-40
-66
-75
-76
-125
-110
-120
-77
-100
-101
-95
-65
-50
-27
24
10
-49
-53
-53
-39
-38
-15
-9
-15
10
34
28
8
13
-20
-24
-31
-25
18
53
37
11
12
29
50
26
62
58
29
5
-2
8
27
49
43
5
-1
43
33
8
-34
-38
-16
-4
27
56
55
44
58
79
79
64
60
65
64
50
44
33
32
20
14
22
31
33
11
-19
4
-13
-17
-42
-67
-63
-76
-83
-67
-9
-8
-4
-20
-23
-12
-37
-34
-47
-42
-31
-34
-11
-8
-22
-22
-32
-66
-51
-65
-70
-62
-51
-47
-37
-33
-65
-80
-76
-48
-26
-40
-55
-57
-42
-21
-31
-13
-3
-10
5
33
32
51
58
50
69
76
56
34
41
52
26
12
34
43
23
17
34
58
92
61
59
61
58
41
31
37
4
-6
-7
-26
-33
-23
-31
-52
-24
2
-7
13
39
26
10
8
12
14
9
-11
-14
28
29
30
44
45
35
30
40
31
38
15
-27
-55
-53
-62
-75
-80
-68
-35
-9
-13
-8
15
-1
-17
-7
-10
-43
-43
-7
-1
-14
-16
-2
-13
-32
-30
-47
-86
-110
-145
-179
-157
-120
-102
-70
14
98
135
205
327
407
404
435
523
558
513
485
470
421
363
286
206
149
78
-20
-132
-216
-272
-362
-469
-533
-558
-619
-673
-658
-648
-666
-702
-669
-585
-549
-510
-432
-339
-264
-168
-91
-18
39
74
67
49
57
59
23
-4
24
58
73
86
131
156
123
108
116
113
92
92
101
106
163
224
321
454
597
689
711
731
713
625
539
497
423
380
345
256
221
276
264
200
260
341
325
228
107
77
114
113
248
754
1531
2113
2248
2143
2066
1805
1028
-79
-992
-1636
-2503
-3580
-4155
-3991
-3627
-3424
-3170
-2544
-1540
-635
-241
-187
-108
-172
-487
-668
-487
-144
96
346
881
1631
2169
2272
2061
1754
1390
872
228
-309
-729
-1191
-1579
-1611
-1244
-877
-813
-779
-492
-187
-96
-97
-107
-107
-43
77
334
788
1184
1222
1156
1396
1665
1497
1112
938
897
738
593
687
841
814
693
663
696
624
331
-85
-444
-656
-816
-995
-1054
-945
-775
-630
-334
114
427
586
763
948
1039
971
825
678
442
160
-3
-98
-234
-371
-524
-617
-603
-502
-296
102
664
1136
1724
2731
3466
3190
2475
2048
1546
352
-1332
-2643
-3247
-3827
-4820
-5531
-5202
-4195
-3512
-3268
-2702
-1465
-332
-33
-211
-106
51
-195
-399
-64
472
789
1021
1363
1726
1977
1868
1259
520
-28
-536
-1048
-1360
-1413
-1318
-1119
-728
-98
603
998
1004
900
910
914
641
156
-123
-59
36
60
362
914
1139
1007
1118
1447
1470
1183
966
930
988
1013
945
949
1092
1051
665
307
207
-29
-641
-1162
-1203
-1043
-1005
-854
-315
339
751
1074
1475
1695
1579
1329
1022
680
319
-108
-514
-739
-854
-984
-1111
-1094
-968
-901
-834
-640
-398
-171
109
356
544
687
746
695
526
422
499
634
739
935
1532
2467
2974
2602
2012
1664
1002
-529
-2386
-3581
-4153
-4975
-6076
-6370
-5361
-3906
-2916
-2238
-1163
399
1554
1689
1315
1012
551
-156
-592
-483
-235
-169
-70
271
662
822
520
-191
-917
-1434
-1764
-1870
-1745
-1366
-765
-46
840
1938
2827
2904
2445
2053
1693
1033
123
-637
-1015
-1106
-1032
-693
-49
582
856
1000
1402
1825
1797
1461
1323
1441
1467
1222
1056
1224
1270
864
423
251
49
-417
-858
-990
-894
-711
-423
59
665
1168
1434
1605
1727
1603
1174
654
201
-231
-660
-1021
-1196
-1239
-1337
-1419
-1256
-957
-737
-468
-120
267
603
762
871
997
861
542
351
56
-384
-688
-875
-767
-223
389
896
1673
2894
3694
3268
2196
1421
599
-1084
-3235
-4628
-4923
-5040
-5585
-5722
-4543
-2602
-1288
-918
-458
725
1660
1306
393
17
-231
-813
-1097
-774
-261
51
182
298
454
464
44
-724
-1371
-1548
-1352
-947
-353
434
1272
1920
2412
2884
3010
2397
1432
734
306
-263
-1013
-1478
-1416
-1131
-870
-465
234
858
951
863
1234
1774
1799
1465
1355
1624
1855
1677
1311
1099
799
120
-485
-651
-724
-1041
-1328
-1154
-593
-21
382
695
1042
1371
1476
1389
1245
895
296
-254
-589
-774
-982
-1284
-1479
-1339
-1057
-887
-676
-298
39
280
640
1044
1193
1065
818
491
196
-51
-462
-846
-889
-836
-795
-540
-117
475
1198
1782
2158
2568
3190
3547
2924
1655
726
70
-1126
-2824
-3953
-4055
-4054
-4732
-5192
-4418
-2901
-1928
-1803
-1454
-155
1068
1127
699
700
674
184
-211
-118
55
-138
-526
-690
-587
-569
-847
-1274
-1471
-1308
-968
-523
25
586
1039
1288
1493
1786
1900
1407
586
231
260
-111
-747
-1003
-897
-750
-632
-286
422
1082
1232
1310
1871
2542
2698
2358
2072
2130
2124
1607
921
460
-102
-862
-1297
-1238
-1214
-1360
-1203
-552
282
966
1446
1806
2187
2399
2267
1951
1555
882
33
-569
-859
-1092
-1400
-1647
-1567
-1192
-962
-840
-496
-163
-87
102
482
652
592
488
308
91
-6
-30
-176
-389
-500
-452
-290
-146
-102
56
468
936
1204
1431
2078
2733
2273
905
-25
-402
-1424
-3245
-4560
-4666
-4330
-4480
-4766
-4133
-2459
-1021
-728
-665
433
1816
1971
1130
600
551
222
-465
-880
-840
-806
-1053
-1275
-1257
-1093
-1054
-1321
-1577
-1336
-681
-76
409
1016
1689
2080
2207
2317
2304
1825
1014
389
296
390
39
-510
-469
-89
-55
-12
522
1182
1495
1568
1848
2469
2839
2503
1917
1712
1734
1359
553
-81
-415
-947
-1625
-1676
-1138
-825
-745
-162
876
1634
1930
2048
2053
1917
1625
1091
519
96
-371
-935
-1206
-1172
-1187
-1311
-1349
-1134
-763
-428
-165
150
476
611
619
713
712
256
-369
-690
-879
-1123
-1182
-1139
-1100
-867
-513
-208
63
299
565
877
1159
1386
1774
2429
2715
1974
787
69
-533
-1815
-3499
-4439
-4325
-4238
-4815
-4932
-3670
-1951
-1124
-999
-372
1088
2122
1834
999
597
263
-431
-1021
-1107
-1043
-1177
-1333
-1308
-1082
-814
-847
-1146
-1175
-735
-71
650
1372
1959
2365
2653
2869
2938
2624
1831
922
341
163
-30
-547
-988
-885
-571
-395
-81
586
1158
1287
1389
1877
2471
2548
2087
1650
1595
1586
1070
262
-203
-413
-833
-1221
-1038
-593
-439
-330
237
1041
1464
1440
1383
1382
1248
908
437
-33
-377
-679
-1022
-1143
-1019
-1047
-1184
-1035
-627
-280
-112
42
270
427
401
306
205
-13
-357
-633
-674
-622
-746
-884
-767
-425
-74
95
127
181
225
335
629
977
1207
1475
2106
2739
2476
1370
378
-322
-1461
-3123
-4213
-4082
-3683
-4130
-4620
-3702
-1823
-739
-771
-656
389
1511
1592
866
322
-12
-610
-1211
-1322
-1155
-1271
-1583
-1661
-1401
-983
-731
-828
-847
-367
391
1130
1847
2370
2537
2461
2392
2422
2327
1647
592
-32
-77
-34
-300
-755
-922
-711
-604
-542
-5
720
1031
1152
1656
2431
2799
2474
1958
1752
1579
1007
231
-301
-570
-949
-1434
-1479
-978
-614
-522
-99
680
1283
1513
1580
1727
1817
1572
1131
798
564
172
-444
-946
-1095
-1194
-1504
-1668
-1411
-1020
-719
-478
-175
224
520
570
501
454
377
195
-72
-210
-227
-278
-355
-392
-354
-235
-211
-250
-145
52
275
665
1064
1401
2096
2829
2509
1213
149
-430
-1323
-2800
-3905
-3923
-3504
-3640
-4028
-3606
-2257
-1269
-1441
-1636
-581
821
1033
345
-21
-40
-382
-847
-938
-904
-1061
-1219
-1185
-922
-541
-385
-555
-578
-192
362
877
1341
1655
1774
1784
1832
1939
1896
1456
828
584
784
701
61
-458
-502
-463
-431
-56
667
1321
1623
1738
2150
2789
2926
2310
1704
1650
1649
1075
204
-383
-841
-1420
-1696
-1469
-1174
-958
-546
167
975
1587
1869
1950
2023
2084
1905
1513
1121
630
-141
-897
-1301
-1530
-1878
-2210
-2190
-1816
-1433
-1165
-835
-474
-213
-31
141
330
436
354
186
124
153
47
-249
-464
-517
-565
-673
-789
-773
-474
62
633
1085
1317
1743
2505
2551
1286
14
-424
-878
-2125
-3508
-3765
-2973
-2742
-3650
-4171
-3119
-1591
-1296
-1889
-1520
47
1058
832
400
414
360
-114
-570
-522
-306
-417
-774
-952
-733
-390
-433
-725
-679
-269
203
771
1422
1912
2083
2083
2236
2573
2626
2107
1532
1336
1353
1229
832
372
186
87
-239
-330
157
561
485
491
956
1538
1768
1623
1453
1495
1491
1126
609
308
52
-512
-1035
-925
-510
-443
-449
45
692
896
937
1169
1276
1054
782
504
197
-50
-495
-1165
-1541
-1621
-1922
-2272
-2161
-1841
-1671
-1448
-969
-387
3
231
524
827
886
770
682
578
286
-160
-513
-668
-785
-954
-1041
-863
-361
211
707
1109
1608
2568
3313
2646
1120
236
-121
-965
-2343
-3220
-2986
-2545
-3161
-4103
-3787
-2509
-2012
-2629
-2676
-1132
592
975
567
463
566
348
-38
-146
-43
-97
-312
-419
-302
-85
-169
-679
-1037
-852
-383
194
883
1410
1604
1680
1963
2340
2383
1954
1517
1491
1652
1558
1217
940
687
251
-169
-242
-59
53
-93
-201
251
1061
1481
1370
1271
1431
1535
1352
1051
807
536
154
-194
-311
-335
-549
-976
-1221
-981
-502
-246
-125
259
758
964
916
850
624
155
-336
-629
-781
-925
-1097
-1322
-1399
-1267
-1219
-1322
-1164
-684
-258
97
617
1056
1034
884
856
732
501
193
-432
-882
-692
-390
-330
-129
318
711
897
1318
2459
3279
2520
1076
393
93
-669
-1790
-2433
-2365
-2578
-3638
-4267
-3418
-2279
-2491
-3448
-3094
-1202
229
284
-96
-197
-212
-300
-196
318
704
446
37
78
370
362
-241
-1134
-1531
-1287
-794
-147
598
968
727
391
677
1360
1495
923
673
1309
2115
2280
2042
1949
1643
709
-104
75
687
727
279
206
710
1085
799
235
38
238
407
588
1102
1645
1532
862
421
299
-85
-758
-1119
-1005
-690
-305
39
249
380
417
277
194
438
583
354
276
576
674
279
-206
-575
-956
-1407
-1732
-1678
-1360
-1164
-975
-424
227
491
444
385
537
743
656
552
760
821
542
393
564
858
894
578
871
2262
3094
2089
503
-150
-356
-1253
-2401
-2414
-1677
-2022
-3670
-4599
-3692
-2475
-2857
-4080
-3771
-1792
-324
-304
-572
-401
-438
-859
-593
570
1381
1219
767
658
911
959
175
-1023
-1587
-1419
-1091
-630
102
522
29
-768
-645
289
797
593
639
1440
2361
2713
2708
2773
2472
1519
812
1098
1692
1653
1098
751
797
605
-88
-645
-632
-438
-334
71
936
1647
1603
1053
636
475
322
92
-144
-224
-60
97
83
84
128
-58
-372
-317
55
300
371
476
586
579
454
144
-329
-789
-1152
-1426
-1552
-1465
-1236
-1098
-1054
-826
-502
-305
16
484
681
739
997
1174
1106
1060
1075
1110
1137
1353
2099
2828
2314
763
-355
-681
-1142
-2032
-2318
-1543
-1266
-2772
-4508
-4392
-3135
-2759
-3387
-3402
-2165
-898
-702
-1134
-1353
-1430
-1524
-1071
321
1661
1835
1274
904
774
701
747
697
454
154
-63
-36
230
252
-411
-1353
-1605
-907
-184
-48
-82
129
421
729
1261
1907
2240
2095
1779
1806
2343
2771
2508
2033
1944
1809
1286
797
629
444
-6
-358
-204
133
166
-44
-245
-281
-57
212
227
151
104
-142
-470
-423
-44
108
-51
-18
281
378
243
217
187
5
10
234
290
48
-316
-702
-992
-1152
-1228
-1184
-1091
-1049
-1048
-948
-758
-488
-95
392
762
929
1095
1429
1827
1996
2146
3044
4245
3817
1543
-101
-26
-15
-1096
-1761
-1054
-762
-2575
-5027
-5548
-4280
-3461
-3925
-4060
-2520
-866
-1174
-2534
-2899
-2449
-2175
-1563
112
1877
2286
1516
717
552
971
1540
1763
1793
1911
1625
769
125
-77
-630
-1585
-1885
-1159
-488
-835
-1678
-2040
-1831
-1542
-1171
-256
1083
1820
1586
1551
2453
3192
2871
2453
2960
3612
3340
2557
2231
2198
1703
876
499
674
703
177
-437
-555
-424
-565
-809
-668
-355
-419
-745
-722
-272
53
8
4
251
473
500
520
646
743
709
539
423
422
273
-186
-532
-564
-627
-828
-1000
-1176
-1357
-1359
-1213
-983
-740
-535
-451
-413
-203
542
1476
2003
2693
4025
4523
3013
1288
1252
1795
1064
-172
-204
256
-1022
-3931
-5735
-5022
-3694
-3792
-4509
-4067
-3029
-3220
-4360
-4497
-3381
-2498
-1990
-793
705
1061
363
-28
413
1193
2057
2914
3436
3424
2871
1919
1230
1301
1454
831
-84
-318
-267
-999
-2218
-2761
-2585
-2547
-2714
-2411
-1649
-1241
-1455
-1367
-226
1307
2144
2305
2639
3352
3778
3764
3989
4568
4712
4051
3152
2649
2344
1743
1044
712
534
76
-494
-952
-1346
-1712
-2002
-2068
-1728
-1190
-931
-1027
-1064
-756
-369
-56
389
861
896
624
547
765
977
1031
1069
1099
1017
771
375
-186
-591
-665
-713
-746
-577
-639
-1141
-1647
-1692
-1211
-477
496
1931
2877
1960
308
251
1493
2008
1601
1742
2356
1454
-1457
-3576
-2978
-1585
-1853
-3207
-3620
-3014
-3186
-4751
-5854
-5322
-4300
-3726
-2862
-1442
-858
-1605
-2145
-1254
272
1498
2354
2739
2602
2289
2165
2356
2969
3535
3278
2263
1469
1369
1126
192
-620
-657
-624
-1194
-2005
-2509
-2713
-2998
-3188
-2584
-1304
-552
-775
-1011
-496
413
1153
1873
2882
3811
4079
3894
4046
4569
4599
3968
3546
3653
3514
2597
1425
753
543
119
-557
-1009
-1280
-1794
-2389
-2535
-2192
-1751
-1559
-1469
-1246
-959
-831
-770
-522
-109
201
294
381
622
913
1005
890
802
991
1176
994
714
709
795
481
30
-103
-8
106
584
1392
1035
-762
-1677
-586
415
-189
-638
87
325
-1331
-3257
-2953
-1021
-229
-1505
-2778
-2539
-1953
-2694
-4056
-4207
-3403
-3079
-3114
-2553
-1963
-2183
-2521
-1945
-703
421
1213
1599
1586
1578
1982
2535
2949
3317
3371
2773
1939
1601
1655
1390
796
520
497
16
-909
-1547
-1596
-1492
-1590
-1685
-1500
-1297
-1438
-1663
-1313
-326
481
555
503
1043
1687
1791
1882
2662
3566
3615
3127
3066
3406
3362
2911
2611
2510
2238
1636
802
34
-402
-658
-969
-1267
-1460
-1682
-1979
-2137
-1995
-1672
-1439
-1337
-1217
-929
-704
-603
-420
-20
388
498
452
439
604
653
638
812
1088
1113
742
541
742
1113
1598
2283
2488
1137
-662
-798
450
884
92
-282
-120
-891
-2666
-3390
-2207
-975
-1467
-2853
-3220
-2382
-2074
-3125
-4119
-3734
-2776
-2616
-2990
-3067
-3033
-3129
-2861
-1831
-620
94
213
131
489
1435
2518
3113
3298
3509
3603
3319
2940
2993
3074
2575
1854
1578
1424
570
-668
-1274
-1071
-948
-1396
-1967
-2314
-2525
-2579
-2361
-1815
-1172
-813
-932
-917
-203
608
870
1015
1662
2354
2485
2443
2783
3251
3289
3086
3178
3454
3359
2835
2257
1945
1762
1321
587
-6
-253
-495
-920
-1368
-1670
-1892
-2148
-2337
-2257
-1962
-1696
-1634
-1539
-1205
-762
-544
-445
-68
504
803
727
855
1348
1653
1328
903
1050
1505
2016
2685
3109
2258
658
322
1355
1830
1016
340
188
-724
-2479
-3178
-2024
-928
-1689
-3420
-4138
-3541
-3003
-3565
-4523
-4645
-4010
-3572
-3491
-3293
-3202
-3416
-3342
-2450
-1254
-731
-909
-1016
-451
611
1663
2337
2628
2857
3120
3204
3342
3866
4354
4078
3381
3083
3037
2449
1372
728
705
527
-296
-1282
-1920
-2250
-2442
-2529
-2474
-2397
-2454
-2581
-2357
-1544
-626
-232
-254
40
729
1340
1720
2099
2393
2511
2728
3061
3308
3299
3067
2857
2854
2818
2448
1814
1299
1222
1382
1225
581
-188
-786
-1206
-1449
-1561
-1659
-1869
-2130
-2221
-2094
-1838
-1712
-1696
-1611
-1214
-709
-380
-107
390
917
1050
1038
1238
1676
2195
2908
3518
3166
1781
899
1545
2429
2201
1625
1584
1020
-870
-2506
-2127
-773
-836
-2495
-3854
-3789
-3275
-3566
-4537
-5167
-4992
-4607
-4453
-4414
-4405
-4478
-4269
-3411
-2240
-1547
-1502
-1573
-1261
-439
702
1717
2174
2274
2346
2415
2691
3422
4109
4080
3689
3644
3815
3500
2789
2377
2393
2205
1540
922
387
-418
-1317
-1494
-1055
-1065
-1941
-2888
-3132
-2821
-2387
-2040
-1688
-1271
-854
-601
-313
286
994
1371
1467
1785
2265
2496
2535
2679
2827
2769
2663
2541
2266
2005
2048
2197
2058
1644
1159
671
340
246
121
-301
-857
-1200
-1432
-1683
-1882
-1898
-1803
-1779
-1780
-1690
-1433
-1135
-935
-790
-342
342
1213
2307
2976
2466
1200
1184
2673
3558
2708
1957
2232
1899
53
-1275
-401
1005
434
-1806
-3272
-3050
-2439
-2832
-3997
-4734
-4659
-4563
-4852
-5069
-5029
-5055
-4994
-4485
-3707
-3209
-3066
-2921
-2292
-1285
-196
535
794
967
1273
1622
2285
3297
3891
3741
3372
3511
3883
3834
3396
3295
3559
3421
2749
2049
1614
1260
828
387
121
29
-246
-898
-1504
-1514
-1288
-1570
-2269
-2482
-1980
-1408
-1202
-1088
-744
-395
-246
0
675
1400
1642
1595
1671
1831
1876
1947
2141
2303
2392
2424
2269
1818
1445
1370
1302
1028
824
687
235
-450
-735
-535
-466
-880
-1361
-1474
-1475
-1616
-1684
-1448
-1315
-1377
-1277
-934
-542
-21
940
1874
1900
941
610
1822
3129
2876
1952
2078
2558
1623
-178
-533
624
985
-490
-2213
-2647
-2338
-2508
-3442
-4356
-4516
-4176
-4195
-4730
-5063
-4900
-4580
-4317
-3829
-3167
-2787
-2731
-2503
-1771
-833
-144
236
565
933
1240
1611
2245
2909
3140
2946
2844
3020
3119
2992
2999
3198
3164
2749
2308
2036
1880
1741
1483
1088
806
699
362
-248
-565
-409
-330
-724
-1239
-1357
-1072
-843
-980
-1247
-1243
-882
-526
-357
-172
111
286
365
577
870
1000
1037
1233
1616
1889
1842
1557
1413
1583
1730
1548
1223
1001
707
317
135
218
176
-196
-618
-792
-802
-894
-1045
-1066
-945
-934
-1032
-1028
-900
-811
-608
-131
546
1297
1810
1593
646
417
1558
2655
2332
1653
1847
1891
606
-726
-329
824
683
-871
-2277
-2687
-2570
-2766
-3473
-4107
-4167
-4003
-4300
-4859
-4945
-4487
-4009
-3750
-3454
-3128
-2866
-2644
-2254
-1477
-452
298
471
447
705
1251
1859
2381
2739
2786
2592
2549
2826
3032
2849
2604
2567
2541
2294
1977
1824
1841
1859
1715
1372
1014
778
554
377
429
619
433
-276
-833
-600
-15
21
-494
-780
-589
-413
-476
-482
-360
-336
-351
-151
115
167
166
340
544
706
920
1016
838
756
1100
1422
1266
963
928
912
706
546
539
341
-11
-229
-246
-230
-328
-580
-912
-978
-713
-470
-570
-820
-850
-568
-153
305
599
778
1148
1458
1083
503
985
2049
1994
912
550
1021
767
-336
-708
-129
-65
-1132
-2322
-2697
-2422
-2301
-2879
-3783
-4169
-3910
-3705
-3944
-4126
-3908
-3651
-3569
-3343
-2832
-2341
-2039
-1801
-1323
-559
133
354
344
612
1153
1653
2064
2396
2397
2049
1938
2344
2668
2429
2106
2178
2242
1952
1761
1932
2088
2038
1858
1614
1420
1516
1557
1189
917
1166
1218
526
-146
-54
401
474
83
-379
-586
-508
-449
-581
-621
-415
-334
-549
-665
-465
-224
-141
-14
166
232
182
201
308
485
746
922
867
696
561
450
485
692
778
462
32
-72
50
41
-141
-211
-195
-183
-231
-302
-313
-268
-160
-168
-169
125
662
985
1011
938
596
8
36
850
1269
754
248
130
-427
-1415
-1516
-518
-66
-1100
-2439
-2703
-2146
-1864
-2295
-2849
-3052
-3016
-3125
-3329
-3284
-3040
-2868
-2776
-2595
-2390
-2323
-2273
-1954
-1341
-632
-141
-70
-204
-65
419
969
1428
1811
1912
1631
1490
1845
2284
2242
2052
2203
2424
2269
2027
2121
2300
2423
2589
2622
2285
1901
1795
1797
1855
2001
1922
1366
712
407
495
692
608
145
-345
-489
-513
-663
-712
-572
-689
-1092
-1164
-878
-789
-968
-900
-555
-405
-490
-465
-337
-252
-49
290
422
277
186
331
545
693
734
550
290
244
467
632
546
341
223
136
4
-8
179
312
69
-311
-449
-493
-543
-318
200
458
349
71
-331
-821
-710
221
746
74
-717
-532
-329
-1052
-1590
-818
112
-329
-1636
-2255
-1723
-1070
-1197
-1790
-2094
-1943
-1890
-2221
-2474
-2260
-1942
-1945
-2165
-2254
-2173
-2054
-1844
-1513
-1120
-781
-664
-750
-619
-104
405
675
965
1300
1339
1176
1373
1949
2289
2184
2203
2533
2629
2415
2438
2777
2990
3023
3051
2954
2654
2452
2460
2425
2343
2237
1818
1008
431
503
719
474
-130
-667
-989
-1092
-1074
-1129
-1315
-1470
-1565
-1671
-1664
-1482
-1304
-1249
-1208
-1077
-928
-855
-782
-508
-96
190
250
272
427
646
804
898
997
1030
927
796
821
1041
1223
1075
610
188
61
93
222
243
87
-290
-659
-854
-926
-885
-762
-648
-740
-790
-506
-139
-454
-1179
-979
213
769
-79
-750
-153
386
-406
-1202
-462
742
574
-768
-1487
-1033
-378
-453
-1143
-1715
-1762
-1640
-1873
-2230
-2282
-2159
-2299
-2624
-2717
-2510
-2299
-2238
-2114
-1740
-1317
-1206
-1264
-1009
-459
-16
309
736
1099
1139
1134
1571
2295
2699
2656
2617
2825
3076
3224
3386
3572
3605
3563
3579
3447
2980
2673
2773
2739
2283
1891
1688
1194
533
294
392
176
-378
-859
-1142
-1278
-1278
-1299
-1502
-1753
-1911
-2001
-1993
-1836
-1671
-1618
-1618
-1518
-1327
-1157
-997
-727
-354
-24
165
289
469
738
945
1003
1089
1256
1309
1118
1003
1066
1071
899
687
546
390
175
-70
-287
-469
-542
-588
-780
-1042
-1150
-1149
-1256
-1333
-990
-583
-652
-763
-335
-1
-450
-778
69
1133
869
10
37
634
454
-193
2
812
827
-115
-871
-831
-485
-578
-1161
-1763
-2019
-1983
-2097
-2469
-2754
-2757
-2666
-2765
-3006
-3056
-2806
-2557
-2410
-2143
-1604
-1131
-1014
-927
-460
237
743
1112
1526
1870
2070
2344
2790
3210
3420
3504
3598
3675
3707
3759
3787
3758
3765
3736
3501
3038
2646
2413
2196
1950
1749
1472
915
212
-281
-393
-442
-706
-1179
-1590
-1782
-1877
-1977
-2031
-2005
-2057
-2227
-2339
-2191
-1893
-1703
-1634
-1487
-1138
-825
-759
-744
-434
81
366
349
401
689
949
1029
1054
1122
1110
956
879
899
841
688
585
532
348
7
-243
-328
-329
-374
-463
-519
-675
-954
-1120
-997
-796
-720
-722
-497
-265
-306
-227
193
428
36
-187
453
1088
695
139
418
800
227
-684
-574
185
265
-522
-1276
-1401
-1197
-1288
-1839
-2417
-2584
-2385
-2360
-2665
-2911
-2874
-2681
-2607
-2577
-2324
-1902
-1591
-1482
-1253
-676
-65
247
441
780
1167
1487
1929
2465
2757
2807
2966
3316
3484
3371
3347
3601
3706
3492
3264
3218
3078
2791
2813
2856
2320
1546
1292
1317
1004
524
399
241
-396
-949
-1023
-922
-1036
-1362
-1700
-1910
-1899
-1773
-1843
-2046
-2107
-2063
-1983
-1837
-1672
-1559
-1554
-1474
-1213
-902
-642
-495
-363
-93
237
420
494
655
911
1022
1026
1113
1160
1053
947
1025
1132
1066
840
615
464
405
417
396
289
99
-33
-114
-247
-379
-391
-351
-428
-536
-515
-525
-702
-766
-577
-320
-79
33
-296
-962
-1072
-314
179
-321
-843
-574
-393
-1066
-1668
-1156
-316
-477
-1360
-1807
-1492
-1083
-1128
-1494
-1714
-1550
-1268
-1298
-1553
-1571
-1272
-958
-846
-829
-706
-495
-349
-250
51
603
997
914
705
850
1282
1647
1820
1918
1980
2022
2106
2226
2276
2251
2244
2279
2275
2203
2099
1957
1784
1835
2022
1813
1172
794
922
985
681
362
207
-72
-436
-619
-586
-508
-607
-1026
-1558
-1619
-1205
-1005
-1325
-1655
-1699
-1735
-1783
-1557
-1129
-1024
-1288
-1402
-1123
-726
-461
-248
60
378
487
456
556
900
1246
1371
1390
1481
1518
1301
1097
1268
1623
1613
1192
781
634
635
569
455
312
103
-219
-622
-875
-930
-995
-1168
-1421
-1577
-1650
-1790
-1933
-1960
-1836
-1606
-1584
-1598
-1251
-830
-958
-1473
-1375
-487
32
-293
-543
-178
90
-271
-496
206
1075
1059
347
-98
227
763
854
500
50
-120
7
33
-189
-490
-595
-537
-659
-859
-795
-603
-631
-798
-634
-156
48
-127
-257
-78
260
548
774
886
770
640
752
1037
1248
1277
1289
1327
1286
1314
1481
1629
1757
1794
1620
1366
1307
1402
1319
1058
993
1058
849
355
-84
-111
163
247
-144
-711
-872
-662
-612
-808
-941
-1022
-1141
-1235
-1186
-1033
-966
-963
-968
-896
-646
-334
-234
-248
-15
416
632
562
602
856
1060
1117
1171
1262
1216
1013
810
767
811
710
400
99
-49
-136
-251
-457
-754
-973
-1060
-1137
-1263
-1374
-1441
-1616
-1902
-1968
-1716
-1525
-1663
-1845
-1655
-1188
-953
-907
-568
92
370
-25
-293
322
1202
1263
781
855
1455
1428
684
464
1162
1775
1426
548
53
188
500
449
-72
-555
-586
-518
-782
-1198
-1276
-1058
-1088
-1489
-1766
-1614
-1337
-1357
-1551
-1525
-1210
-904
-867
-998
-964
-633
-154
178
247
306
513
725
876
1137
1541
1791
1672
1518
1730
2173
2406
2329
2347
2436
2213
1879
1843
2021
2034
1849
1703
1484
1007
577
472
570
625
433
-38
-594
-859
-781
-743
-919
-1101
-1252
-1493
-1742
-1692
-1347
-1194
-1338
-1397
-1199
-961
-851
-760
-541
-264
-44
69
91
169
357
566
721
807
842
740
536
489
632
713
617
420
233
12
-170
-194
-188
-245
-434
-728
-974
-1037
-1002
-968
-1040
-1096
-1101
-1158
-1201
-1118
-940
-767
-673
-559
-323
-34
305
499
337
89
277
878
1234
1094
1026
1249
1224
748
463
850
1381
1315
736
152
-66
31
47
-297
-860
-1281
-1407
-1522
-1821
-2099
-2140
-2150
-2403
-2704
-2593
-2159
-1961
-2192
-2336
-1965
-1347
-990
-915
-838
-559
-104
360
774
1098
1355
1600
1800
1959
2265
2750
3132
3148
2985
3017
3175
3241
3314
3418
3277
2784
2275
2080
2046
1928
1719
1353
758
109
-297
-384
-387
-527
-863
-1378
-1791
-1919
-1922
-1968
-2042
-2102
-2166
-2244
-2187
-1971
-1764
-1585
-1410
-1224
-963
-646
-343
-134
11
280
644
944
1116
1159
1161
1202
1258
1367
1466
1462
1281
956
711
608
530
421
322
159
-144
-522
-754
-794
-765
-730
-794
-1021
-1331
-1498
-1376
-1123
-1007
-997
-964
-897
-816
-740
-570
-339
-175
-30
358
875
998
537
108
275
750
939
925
989
868
218
-562
-680
-26
603
466
-350
-1132
-1377
-1172
-976
-1097
-1368
-1568
-1774
-2083
-2270
-2032
-1582
-1530
-1950
-2220
-1855
-1175
-807
-861
-887
-569
-69
370
714
1010
1240
1391
1477
1641
2058
2587
2813
2553
2162
2141
2458
2670
2593
2393
2238
2065
1793
1546
1604
1817
1654
1027
450
265
262
159
49
41
-62
-452
-974
-1268
-1104
-700
-510
-756
-1113
-1170
-1025
-999
-1108
-1148
-1002
-784
-653
-604
-578
-541
-514
-518
-372
51
512
634
399
228
382
675
893
1042
1120
1026
747
534
582
768
895
805
493
192
59
44
11
-50
-67
-186
-468
-744
-850
-844
-877
-1010
-1160
-1262
-1319
-1358
-1436
-1507
-1491
-1360
-1178
-1077
-1093
-1102
-1061
-964
-804
-456
105
521
388
-109
-352
-14
461
677
826
1101
1114
517
-178
-191
355
747
674
357
39
-232
-441
-597
-769
-874
-819
-786
-980
-1243
-1256
-1131
-1296
-1711
-1755
-1204
-581
-429
-651
-829
-783
-607
-342
66
564
939
980
780
686
960
1495
1947
2095
2005
1921
1962
1998
1998
2082
2253
2310
2099
1846
1788
1963
2065
1798
1353
1096
1034
976
802
694
670
424
-79
-555
-716
-560
-358
-420
-780
-1115
-1161
-1034
-1020
-1118
-1141
-1058
-1011
-1002
-836
-526
-293
-277
-396
-401
-176
153
419
481
432
437
463
415
340
326
357
264
64
-89
-177
-241
-386
-615
-819
-948
-991
-990
-973
-948
-1051
-1286
-1423
-1341
-1129
-916
-774
-732
-852
-1006
-1000
-818
-619
-466
-311
-168
-122
-128
-122
-83
-70
-40
207
715
1090
1004
619
362
274
148
140
530
1023
995
421
-106
-266
-277
-311
-293
-206
-179
-250
-419
-710
-1060
-1273
-1285
-1229
-1181
-1023
-721
-557
-749
-1135
-1368
-1243
-837
-401
-94
139
348
455
348
168
254
692
1172
1383
1366
1455
1711
1805
1588
1394
1546
1842
1952
1923
2012
2190
2168
1861
1544
1596
1958
2150
1934
1609
1478
1420
1160
828
764
883
790
353
-112
-250
-153
-202
-534
-908
-1089
-1110
-1194
-1397
-1541
-1581
-1693
-1935
-2057
-1872
-1545
-1386
-1473
-1600
-1555
-1341
-1069
-829
-597
-341
-157
-94
-54
76
310
458
430
357
396
534
583
483
318
179
117
64
10
-15
-29
-126
-351
-549
-574
-512
-505
-630
-814
-950
-986
-934
-905
-944
-986
-952
-962
-1024
-974
-735
-479
-432
-507
-524
-438
-290
-112
61
251
490
743
863
811
784
876
908
833
855
1130
1380
1268
911
682
661
583
347
156
177
250
127
-197
-544
-786
-940
-1096
-1269
-1345
-1254
-1060
-978
-1104
-1234
-1159
-964
-844
-787
-578
-181
211
472
642
828
1048
1233
1330
1453
1751
2186
2505
2526
2370
2276
2304
2329
2260
2142
2024
1863
1606
1328
1174
1182
1146
808
230
-266
-497
-597
-712
-799
-855
-1026
-1363
-1693
-1822
-1714
-1513
-1426
-1490
-1538
-1407
-1174
-1012
-965
-937
-838
-726
-651
-508
-234
71
206
160
83
129
224
288
308
314
360
384
403
323
198
44
-72
-165
-270
-283
-231
-189
-315
-551
-715
-735
-681
-625
-579
-541
-512
-563
-605
-570
-476
-411
-445
-502
-526
-450
-338
-243
-244
-246
-193
-147
-147
-137
-17
125
203
188
185
234
288
324
377
529
749
923
944
864
793
742
632
488
498
644
714
545
313
219
196
75
-139
-241
-212
-218
-352
-518
-615
-683
-766
-832
-872
-912
-914
-858
-805
-760
-645
-454
-310
-296
-304
-204
-6
238
500
724
878
955
971
962
1011
1184
1403
1516
1415
1237
1177
1215
1206
1110
989
837
641
457
345
277
174
58
-44
-184
-348
-439
-438
-466
-554
-643
-684
-701
-697
-610
-459
-354
-308
-269
-206
-122
-31
94
206
278
343
394
373
317
303
337
305
244
259
343
353
201
45
-63
-128
-202
-259
-282
-325
-390
-540
-690
-813
-901
-927
-970
-1014
-1059
-1043
-1065
-1122
-1117
-988
-850
-768
-765
-711
-594
-446
-301
-176
-42
19
72
142
262
404
528
602
592
577
633
700
706
654
639
643
600
524
438
376
303
218
166
191
316
372
256
60
-78
-130
-219
-307
-291
-226
-284
-451
-517
-405
-250
-215
-304
-411
-430
-358
-273
-263
-305
-313
-288
-344
-445
-427
-287
-143
-112
-123
-84
21
133
174
158
185
301
453
548
574
639
720
699
540
388
430
603
711
660
566
543
550
489
382
371
437
471
412
343
367
434
452
390
351
419
526
582
582
561
531
497
437
346
283
309
322
245
112
23
-37
-147
-255
-365
-434
-494
-554
-658
-752
-847
-890
-907
-958
-984
-978
-903
-852
-813
-781
-727
-628
-567
-517
-473
-394
-299
-212
-120
-50
11
28
50
99
199
299
311
268
239
285
317
333
284
261
197
129
40
-18
-11
-53
-124
-241
-357
-441
-492
-480
-448
-431
-458
-503
-534
-515
-476
-437
-429
-430
-431
-431
-405
-352
-269
-173
-43
113
234
257
270
330
376
385
434
550
642
614
571
610
703
777
791
726
599
504
497
502
476
388
277
172
59
-36
-76
-45
6
27
-44
-143
-154
-88
-72
-140
-140
-36
28
-15
-54
-18
37
28
-32
-64
-42
-9
-6
-42
-78
-48
8
45
17
-23
-60
-102
-124
-106
-38
17
21
-1
4
41
127
219
286
261
201
213
270
281
267
291
317
305
247
237
274
284
280
262
220
199
173
188
192
163
58
-43
-94
-94
-77
-52
-67
-138
-208
-275
-229
-187
-167
-207
-245
-308
-364
-368
-332
-295
-306
-363
-423
-493
-550
-558
-525
-498
-502
-514
-510
-556
-594
-636
-642
-614
-564
-522
-485
-478
-469
-413
-367
-326
-291
-226
-168
-138
-138
-31
119
210
248
340
460
565
624
713
826
871
856
875
925
963
1008
1100
1178
1147
1042
956
917
828
683
563
487
373
215
59
-35
-77
-118
-235
-424
-614
-732
-802
-888
-998
-1109
-1180
-1232
-1277
-1291
-1232
-1117
-1027
-989
-977
-922
-788
-665
-580
-493
-341
-177
-66
7
119
262
390
448
498
549
604
697
774
829
826
861
879
857
803
778
761
743
688
636
583
521
464
392
360
338
314
272
226
199
168
174
171
127
63
26
16
-21
-55
-37
3
26
36
34
57
70
61
19
42
85
134
145
109
47
16
5
-4
-30
-39
-43
-90
-149
-197
-170
-140
-176
-250
-334
-369
-387
-391
-374
-365
-347
-373
-422
-442
-400
-340
-339
-340
-331
-314
-285
-307
-313
-322
-290
-259
-213
-197
-162
-136
-123
-143
-134
-114
-86
-100
-143
-170
-169
-143
-111
-101
-95
-119
-143
-164
-206
-235
-242
-210
-219
-210
-163
-46
75
158
205
241
272
262
187
135
155
216
225
177
167
235
294
255
173
135
160
184
168
98
3
-72
-111
-142
-157
-139
-96
-85
-133
-185
-168
-78
-37
-76
-153
-178
-137
-50
-5
7
13
33
69
64
70
101
138
119
38
-10
37
106
140
130
138
174
191
183
172
235
354
483
528
554
610
688
746
776
825
918
990
1001
985
990
1007
980
914
843
810
769
705
652
601
552
488
421
315
194
60
-78
-204
-324
-422
-512
-613
-744
-843
-927
-983
-1025
-1049
-1079
-1102
-1164
-1214
-1268
-1280
-1222
-1148
-1106
-1086
-1091
-1047
-987
-898
-777
-697
-594
-552
-442
-358
-231
-133
-58
-6
42
86
126
173
205
214
219
211
197
193
139
100
84
64
77
77
76
75
45
39
55
93
97
97
91
82
50
57
188
392
520
507
469
489
512
493
451
461
497
455
348
286
321
379
347
220
107
61
48
-11
-137
-268
-370
-444
-488
-511
-496
-488
-486
-497
-527
-514
-450
-378
-374
-417
-409
-288
-159
-76
-11
94
197
263
281
338
425
505
545
551
576
645
716
750
769
781
836
855
822
746
708
724
728
708
682
676
674
616
533
465
464
451
389
283
186
118
60
-16
-108
-181
-229
-273
-340
-345
-329
-296
-337
-418
-436
-434
-404
-405
-400
-396
-385
-398
-447
-432
-405
-352
-360
-386
-389
-360
-330
-337
-312
-297
-293
-326
-305
-307
-292
-329
-373
-380
-435
-439
-468
-462
-490
-530
-532
-530
-521
-552
-521
-476
-452
-440
-382
-302
-250
-249
-239
-175
-96
-37
1
69
127
170
241
311
407
450
479
485
477
525
558
563
572
635
726
729
630
583
582
518
353
229
208
176
52
-67
-102
-103
-144
-236
-328
-388
-412
-447
-565
-733
-842
-831
-783
-758
-716
-614
-504
-444
-410
-346
-225
-104
-59
-84
-90
10
199
349
423
463
521
593
603
607
631
679
715
644
546
525
609
653
597
521
490
473
418
361
329
336
344
322
270
265
304
333
333
325
385
446
463
417
385
395
403
370
339
331
330
268
182
164
174
193
167
117
52
-7
-50
-63
-75
-76
-70
-95
-182
-282
-301
-319
-332
-405
-436
-471
-489
-473
-503
-490
-522
-583
-623
-667
-677
-650
-638
-634
-668
-664
-642
-631
-620
-608
-567
-540
-518
-484
-461
-407
-376
-312
-274
-246
-184
-135
-81
-59
-33
-9
-56
-35
-1
42
60
38
48
51
75
98
90
80
87
87
85
125
191
198
136
76
93
97
19
-64
-108
-160
-241
-300
-253
-187
-147
-170
-234
-261
-242
-184
-186
-268
-331
-322
-265
-180
-86
28
138
226
250
287
419
587
646
579
500
546
655
700
711
740
768
717
630
557
546
528
457
326
193
153
201
240
202
152
137
119
95
66
84
125
139
108
108
173
276
366
383
400
452
539
621
649
620
603
612
614
614
621
603
553
452
346
273
208
142
64
-33
-137
-208
-227
-240
-272
-352
-408
-437
-476
-536
-560
-571
-602
-650
-678
-612
-590
-576
-587
-591
-561
-525
-478
-481
-480
-487
-506
-477
-460
-406
-394
-418
-457
-453
-460
-483
-490
-514
-561
-585
-600
-579
-523
-521
-550
-590
-582
-552
-531
-497
-496
-492
-470
-451
-402
-336
-254
-176
-86
-7
67
129
185
236
335
503
659
715
695
722
785
784
707
691
741
720
577
458
487
551
518
409
314
280
305
273
144
-44
-187
-247
-294
-327
-327
-266
-211
-209
-251
-214
-87
4
-27
-141
-164
-91
3
52
77
117
173
195
189
211
248
276
233
134
85
131
208
222
198
196
237
277
297
293
295
317
331
332
368
481
596
634
610
623
718
803
819
789
763
741
713
689
680
681
632
522
393
302
233
145
32
-78
-163
-244
-300
-312
-344
-385
-434
-484
-481
-502
-520
-573
-652
-733
-763
-760
-761
-753
-739
-689
-655
-619
-563
-497
-498
-516
-513
-481
-450
-412
-381
-389
-408
-420
-398
-396
-434
-438
-438
-449
-471
-442
-391
-350
-351
-348
-292
-222
-173
-140
-140
-158
-158
-140
-117
-75
-12
35
120
201
275
365
428
450
482
526
537
519
483
435
393
335
312
314
287
254
242
222
170
91
-3
-122
-273
-354
-325
-291
-324
-363
-356
-359
-395
-392
-332
-271
-275
-352
-402
-336
-211
-110
-78
-53
59
203
300
355
381
383
347
278
236
245
299
343
344
363
445
540
558
515
465
437
423
397
369
340
322
302
306
361
450
525
546
510
451
450
465
461
425
388
393
404
421
472
542
567
548
503
447
405
364
296
221
148
82
56
66
63
59
56
38
3
-50
-104
-168
-238
-292
-323
-355
-384
-406
-439
-483
-485
-495
-478
-500
-536
-572
-592
-586
-565
-524
-510
-518
-547
-545
-546
-548
-583
-636
-667
-720
-723
-688
-650
-629
-599
-571
-551
-503
-494
-491
-476
-461
-454
-430
-396
-331
-251
-220
-219
-202
-154
-134
-130
-140
-107
-76
-50
-14
22
72
135
197
255
309
342
345
338
335
331
359
404
470
540
580
639
705
692
629
566
520
488
425
298
160
70
-21
-139
-249
-317
-343
-362
-411
-428
-390
-330
-244
-178
-140
-109
-53
-2
-51
-169
-244
-234
-201
-185
-102
77
288
469
627
783
924
997
962
857
734
603
480
353
233
186
246
419
621
778
897
1014
1064
987
836
699
606
520
392
304
339
425
476
499
527
590
591
514
397
266
138
-2
-141
-274
-347
-364
-418
-489
-526
-535
-532
-600
-695
-758
-805
-837
-816
-773
-701
-609
-577
-578
-574
-572
-595
-654
-701
-742
-698
-671
-625
-550
-522
-430
-356
-316
-326
-317
-320
-338
-339
-332
-339
-324
-334
-342
-344
-342
-315
-310
-304
-294
-291
-300
-292
-266
-246
-201
-99
-52
-21
-41
-38
-51
-80
-77
-73
-15
26
57
62
36
64
95
130
119
115
135
136
160
208
253
274
299
291
306
331
319
309
321
314
302
314
331
341
347
362
413
462
509
494
438
391
372
362
349
357
359
363
345
323
344
387
413
403
379
349
306
257
195
139
87
47
-3
-31
-45
-47
-60
-90
-98
-105
-110
-123
-114
-97
-98
-117
-141
-126
-107
-99
-64
-36
-5
26
54
101
127
138
130
146
183
186
194
241
255
245
244
250
239
220
223
198
155
121
105
128
108
73
84
101
110
109
107
128
121
96
33
-21
-72
-144
-209
-260
-276
-299
-326
-373
-398
-430
-492
-541
-580
-627
-635
-645
-669
-683
-697
-671
-657
-676
-649
-616
-618
-649
-620
-567
-490
-421
-349
-260
-188
-161
-123
-79
-83
-98
-87
-47
-25
-12
13
50
95
127
164
180
207
221
213
208
206
189
173
140
88
64
42
27
25
18
-24
-49
-62
-92
-115
-129
-122
-102
-94
-117
-105
-87
-88
-87
-82
-34
39
91
109
163
201
216
253
288
321
326
357
354
351
379
386
404
377
354
368
416
398
360
308
268
220
213
300
363
434
440
438
448
430
408
379
365
353
322
319
330
379
428
447
478
513
528
526
515
473
436
389
350
305
236
156
118
111
79
119
131
116
126
128
57
-37
-90
-155
-181
-230
-273
-292
-322
-382
-413
-467
-527
-533
-526
-526
-487
-465
-441
-476
-529
-566
-536
-527
-596
-642
-643
-615
-595
-599
-578
-555
-578
-583
-560
-524
-480
-435
-450
-463
-460
-447
-415
-416
-389
-342
-329
-290
-239
-217
-209
-232
-225
-187
-124
-96
-105
-103
-125
-136
-130
-122
-127
-133
-128
-88
-36
-18
-7
-6
7
42
110
187
241
285
306
343
387
423
428
435
455
481
521
525
526
506
480
449
406
386
385
377
345
305
257
232
182
105
73
69
71
53
62
59
39
21
55
101
140
151
131
126
109
115
136
158
178
186
212
226
231
262
307
342
357
383
434
477
491
499
515
523
512
474
446
429
434
433
414
401
378
353
327
297
244
213
182
140
76
-2
-59
-102
-152
-215
-265
-307
-329
-344
-350
-366
-369
-370
-390
-423
-455
-465
-469
-457
-438
-435
-455
-456
-453
-485
-522
-552
-535
-505
-517
-511
-477
-451
-446
-434
-401
-384
-372
-357
-347
-335
-340
-356
-368
-370
-368
-378
-393
-412
-414
-381
-365
-361
-324
-294
-275
-250
-212
-176
-129
-79
-46
-3
27
32
51
79
105
132
160
185
209
240
281
316
353
378
391
381
360
347
317
294
276
261
241
199
162
137
112
86
58
40
39
27
15
26
43
60
49
49
60
72
86
85
115
181
245
290
338
377
397
424
441
469
478
473
442
418
407
378
361
358
359
358
356
358
369
369
341
309
281
249
196
151
106
51
7
-17
-28
-40
-55
-70
-74
-69
-67
-77
-88
-104
-124
-138
-152
-153
-158
-150
-152
-162
-172
-170
-150
-136
-119
-106
-83
-71
-77
-84
-89
-76
-69
-60
-48
-54
-73
-78
-95
-125
-147
-170
-185
-200
-209
-208
-212
-217
-222
-225
-239
-266
-299
-328
-360
-398
-423
-454
-476
-477
-457
-422
-379
-318
-248
-188
-150
-120
-92
-83
-98
-112
-107
-103
-114
-112
-95
-66
-48
-43
-20
15
30
40
32
34
59
67
70
67
76
91
90
82
85
99
94
70
58
68
73
91
115
125
131
136
152
155
138
124
123
109
85
56
47
56
51
48
44
39
40
31
7
-15
-17
-10
-11
-29
-31
-18
3
23
42
75
102
116
121
144
171
179
170
163
150
156
169
172
199
237
264
278
270
247
244
257
274
282
308
344
359
360
348
344
350
327
279
255
247
247
229
221
218
202
188
167
173
194
195
184
166
117
54
-9
-64
-100
-128
-170
-200
-223
-239
-240
-260
-285
-301
-300
-303
-328
-359
-378
-390
-417
-454
-468
-463
-454
-435
-412
-377
-332
-285
-248
-239
-230
-221
-227
-234
-243
-237
-221
-207
-197
-188
-163
-138
-122
-102
-80
-50
-20
1
5
-1
-11
-8
11
11
15
26
28
7
-24
-24
-8
-2
0
-5
7
28
52
51
38
17
-22
-60
-100
-113
-106
-97
-108
-110
-97
-72
-41
-31
-11
-6
-7
-10
-14
-8
-5
-12
-15
-11
-5
13
46
72
94
119
144
157
152
136
117
110
125
150
166
188
212
234
242
238
239
268
281
265
245
224
208
181
154
142
139
148
157
169
191
209
225
246
260
258
257
275
290
286
276
257
235
210
186
163
157
163
158
147
133
134
137
126
99
67
45
16
-34
-79
-100
-110
-127
-147
-149
-138
-125
-124
-132
-133
-134
-126
-107
-87
-74
-61
-56
-73
-101
-136
-170
-201
-233
-266
-297
-308
-312
-314
-313
-299
-268
-225
-197
-187
-182
-184
-193
-225
-254
-281
-288
-282
-257
-218
-180
-142
-125
-126
-136
-142
-149
-153
-165
-179
-189
-201
-202
-193
-159
-126
-101
-93
-101
-114
-113
-104
-113
-111
-104
-93
-55
-8
48
106
148
171
176
167
151
137
125
102
78
78
74
80
95
131
173
199
207
203
179
142
106
61
26
18
21
50
73
91
119
144
174
179
173
168
146
118
107
96
83
98
119
153
186
206
224
234
228
226
215
203
189
181
195
207
220
233
252
254
235
227
219
200
173
156
140
118
100
87
82
82
86
99
107
101
85
59
22
-19
-52
-72
-79
-88
-90
-84
-84
-87
-93
-97
-92
-93
-102
-110
-106
-117
-139
-160
-183
-217
-260
-299
-321
-341
-345
-340
-342
-330
-311
-296
-288
-278
-264
-247
-237
-255
-275
-281
-285
-270
-244
-218
-184
-155
-127
-94
-59
-37
-27
-12
10
31
54
84
122
157
169
169
160
137
121
107
100
103
104
114
128
131
138
155
168
170
156
121
97
67
26
-18
-64
-86
-95
-84
-59
-39
-22
-19
-32
-49
-63
-83
-90
-102
-120
-120
-122
-119
-119
-127
-125
-120
-107
-79
-52
-30
1
23
24
30
48
69
86
86
76
81
87
74
63
61
69
71
61
68
78
94
105
103
114
136
157
179
206
227
252
267
262
245
248
266
264
264
268
288
299
276
259
256
263
264
250
239
223
199
167
138
107
86
59
28
6
-6
-9
-18
-26
-50
-66
-65
-69
-84
-109
-134
-155
-183
-209
-213
-217
-226
-230
-224
-225
-231
-239
-256
-266
-274
-282
-282
-289
-292
-294
-302
-311
-313
-309
-299
-285
-263
-245
-228
-212
-191
-160
-139
-118
-90
-62
-48
-58
-60
-53
-43
-31
-35
-20
1
4
25
59
87
113
128
138
149
158
155
154
156
147
147
139
126
121
113
107
95
92
100
96
77
57
42
38
18
-5
-22
-40
-69
-93
-103
-113
-118
-123
-133
-141
-145
-136
-118
-105
-98
-82
-70
-66
-52
-45
-29
-15
1
30
54
86
103
122
134
153
183
216
247
272
297
318
337
345
356
357
357
353
345
326
305
273
263
253
242
226
210
207
192
176
137
125
86
71
47
24
24
-13
-23
-48
-85
-104
-126
-147
-174
-174
-187
-197
-208
-214
-225
-235
-234
-238
-224
-218
-223
-235
-238
-242
-242
-238
-235
-219
-209
-206
-206
-195
-190
-176
-175
-174
-157
-142
-117
-104
-78
-62
-46
-38
-41
-28
-19
-13
-11
-9
-3
4
14
30
40
57
73
83
85
83
86
88
88
72
62
59
54
52
38
27
25
11
-13
-23
-24
-27
-36
-44
-47
-52
-43
-45
-47
-44
-49
-56
-62
-59
-61
-59
-51
-43
-26
-6
20
41
56
77
96
118
122
116
114
103
88
80
74
75
74
80
91
104
126
145
149
141
136
135
132
127
124
115
106
89
73
61
56
55
56
55
49
37
26
14
-1
0
1
2
9
17
29
36
31
28
22
10
5
-2
-4
-11
-14
-14
-15
-10
-7
-4
0
2
2
-6
-20
-26
-27
-35
-28
-23
-19
-3
4
19
25
25
20
8
0
-13
-18
-25
-37
-50
-59
-72
-82
-89
-91
-108
-126
-136
-149
-164
-181
-188
-191
-196
-207
-204
-197
-204
-208
-219
-226
-226
-220
-207
-194
-171
-145
-123
-91
-64
-43
-31
-25
-11
15
41
60
79
105
131
160
179
196
214
232
232
233
230
217
210
202
204
206
212
220
224
225
221
214
199
191
175
149
127
105
80
62
53
40
33
19
0
-17
-37
-58
-74
-97
-116
-128
-142
-155
-162
-167
-175
-178
-188
-188
-189
-200
-205
-206
-209
-208
-200
-189
-171
-157
-144
-128
-113
-112
-106
-89
-82
-59
-40
-13
17
35
57
68
91
113
129
142
148
151
146
146
152
162
166
174
173
178
185
188
191
188
192
189
180
171
168
158
144
123
110
97
87
83
76
66
56
51
38
21
9
-7
-20
-31
-39
-50
-63
-69
-74
-78
-89
-102
-109
-110
-107
-99
-94
-90
-92
-92
-93
-98
-105
-116
-128
-129
-126
-126
-126
-124
-115
-108
-96
-77
-69
-66
-53
-38
-37
-32
-20
-8
-5
-2
-6
-15
-23
-29
-28
-37
-48
-54
-52
-46
-51
-56
-53
-51
-47
-28
-10
-6
-13
-25
-39
-48
-55
-59
-55
-57
-50
-41
-27
-12
8
26
37
54
60
64
63
64
62
65
63
56
64
71
75
79
80
80
72
58
52
43
36
34
33
29
27
22
14
4
-7
-11
-22
-36
-41
-51
-59
-47
-38
-26
-20
-10
9
24
30
38
51
62
69
69
80
93
103
104
111
125
138
146
158
166
179
194
198
192
183
175
173
170
155
147
135
119
103
82
70
61
51
47
35
25
19
19
17
7
-13
-37
-51
-74
-85
-93
-101
-105
-112
-125
-142
-152
-158
-167
-174
-183
-191
-193
-199
-201
-193
-187
-190
-191
-196
-199
-195
-196
-198
-198
-201
-193
-179
-177
-161
-145
-131
-123
-117
-103
-99
-88
-78
-62
-50
-42
-27
-16
-2
17
37
54
65
73
77
72
61
62
65
69
70
76
84
95
97
84
93
99
90
92
95
90
85
87
86
83
83
76
70
64
52
44
29
21
10
7
7
-3
-9
-11
-2
5
16
28
33
38
33
36
35
37
49
50
52
60
78
90
103
118
126
133
132
134
132
136
133
131
128
120
118
115
117
119
117
118
119
111
97
86
77
61
40
22
8
-10
-19
-27
-32
-33
-36
-44
-49
-55
-58
-59
-73
-81
-79
-83
-80
-74
-76
-75
-66
-68
-71
-78
-100
-109
-117
-123
-124
-124
-115
-117
-115
-111
-111
-107
-104
-110
-116
-125
-140
-148
-158
-165
-168
-166
-166
-158
-143
-136
-128
-126
-125
-115
-104
-90
-76
-60
-46
-32
-19
-17
-6
-6
-2
2
2
10
11
17
31
40
52
63
74
88
93
102
101
104
112
113
113
119
119
120
124
126
128
126
130
126
110
101
92
87
86
88
97
97
84
81
90
87
86
87
91
84
71
65
58
58
50
41
39
42
42
39
30
15
3
-7
-26
-43
-58
-66
-69
-73
-73
-75
-66
-64
-64
-66
-64
-66
-69
-67
-68
-70
-71
-63
-60
-52
-54
-44
-40
-38
-32
-24
-17
-11
-2
9
22
29
39
46
51
44
37
38
26
20
21
26
39
47
48
56
63
53
45
42
46
42
36
32
33
37
42
42
41
47
49
43
34
27
13
11
5
-10
-20
-29
-39
-45
-48
-59
-65
-71
-78
-81
-86
-96
-101
-108
-113
-115
-113
-103
-100
-96
-89
-88
-82
-78
-79
-77
-74
-66
-61
-56
-52
-38
-27
-23
-20
-9
3
10
16
14
14
5
-3
-9
-18
-25
-28
-25
-20
-21
-21
-18
-16
-1
13
14
28
39
42
46
44
48
56
58
60
62
58
52
49
43
33
37
33
28
35
36
32
33
28
31
33
28
30
28
29
30
32
40
45
40
39
46
58
61
62
61
59
48
41
37
39
39
29
31
33
41
41
49
59
60
67
66
60
53
50
49
45
39
33
27
18
7
-1
0
1
-2
1
-1
-8
-13
-13
-13
-6
0
-7
-10
-10
-13
-21
-28
-38
-45
-49
-54
-59
-55
-54
-43
-36
-39
-33
-40
-43
-45
-47
-44
-44
-45
-42
-39
-42
-46
-44
-36
-35
-40
-45
-45
-48
-51
-46
-50
-55
-53
-52
-56
-65
-69
-71
-65
-65
-64
-70
-70
-63
-59
-52
-48
-47
-56
-61
-62
-57
-60
-59
-56
-53
-47
-53
-49
-43
-36
-26
-16
-3
7
14
24
39
53
64
74
83
88
86
85
83
87
93
86
88
90
92
91
87
90
92
98
101
106
108
106
103
102
95
80
70
53
37
29
21
12
4
-7
-15
-20
-22
-12
-7
-2
1
5
12
5
4
-1
-8
-9
-16
-15
-16
-21
-27
-33
-26
-25
-27
-21
-16
-9
-3
4
10
16
14
19
16
19
18
18
19
22
27
29
38
37
45
40
33
30
24
26
23
21
20
18
9
1
-6
-8
-2
-5
-12
-14
-21
-23
-23
-29
-37
-48
-57
-66
-74
-82
-88
-99
-110
-124
-134
-133
-132
-126
-118
-112
-107
-106
-91
-77
-70
-55
-43
-47
-53
-46
-36
-28
-15
-9
-4
3
15
20
22
28
37
48
59
65
68
73
71
71
74
76
75
76
71
66
63
52
46
46
39
33
28
30
35
30
26
22
20
14
16
16
17
15
12
13
6
5
9
7
4
-9
-14
-8
-13
-12
-7
-10
-19
-27
-31
-31
-30
-26
-19
-19
-18
-17
-13
-4
-4
3
3
5
1
-1
-2
-9
-9
-11
-3
10
13
22
24
20
23
21
19
25
32
31
27
20
17
10
5
7
-6
-16
-26
-29
-28
-25
-24
-24
-35
-34
-29
-27
-20
-13
-1
-3
-1
3
6
10
13
22
32
38
48
61
66
65
59
52
57
57
55
60
61
60
58
52
46
48
47
40
39
38
38
40
41
37
29
17
6
3
-9
-17
-17
-18
-21
-31
-40
-46
-52
-56
-61
-66
-69
-73
-72
-73
-76
-75
-74
-80
-88
-100
-105
-102
-102
-98
-94
-94
-101
-106
-109
-110
-101
-97
-88
-79
-74
-70
-63
-50
-41
-27
-16
-3
7
18
29
27
32
31
36
44
54
58
57
63
65
68
67
66
66
69
69
69
64
64
61
53
46
44
41
37
35
30
29
25
19
15
7
4
3
1
4
11
15
13
14
19
20
22
29
38
44
55
60
57
63
59
57
54
44
53
50
42
37
30
31
35
39
46
46
45
46
45
51
50
48
43
38
29
16
11
12
9
10
7
6
5
-5
-7
-17
-22
-27
-38
-44
-50
-53
-60
-66
-66
-75
-85
-94
-99
-93
-94
-99
-104
-96
-91
-100
-110
-117
-99
-88
-84
-88
-73
-61
-63
-63
-55
-32
-28
-24
-26
-22
2
14
14
14
19
27
31
31
27
24
23
25
24
27
26
27
31
33
31
36
43
43
37
24
22
24
18
4
0
-2
-5
-9
-17
-21
-15
-14
-13
-12
-14
-14
-5
-3
1
5
7
15
16
13
18
26
29
31
27
26
27
36
49
54
64
74
79
84
81
82
77
79
76
64
62
50
47
41
34
24
17
14
9
3
-5
-3
-5
-5
-15
-22
-22
-29
-31
-35
-37
-39
-47
-52
-57
-53
-52
-53
-50
-43
-44
-44
-40
-47
-44
-39
-32
-26
-29
-32
-30
-29
-28
-25
-27
-25
-15
-9
-4
-2
1
9
14
14
11
17
19
25
28
27
28
24
20
17
15
13
13
12
22
17
7
15
12
3
1
6
11
5
-8
-10
-4
-10
-17
-12
-10
-7
-4
-5
-10
-18
-18
-17
-23
-22
-18
-11
-16
-22
-21
-13
-8
-9
-6
-6
-5
-14
-8
-3
-6
-4
-5
-7
-13
-15
-10
-6
-3
1
4
7
9
13
17
19
23
31
33
33
37
40
40
42
45
44
39
38
29
18
27
38
28
21
22
26
32
32
34
33
24
8
3
-3
-6
-14
-20
-17
-17
-19
-26
-28
-37
-39
-44
-47
-52
-51
-43
-49
-44
-35
-35
-32
-29
-25
-18
-24
-27
-24
-21
-18
-20
-22
-21
-17
-14
-8
-9
-6
-11
-15
-15
-13
-7
0
3
-1
1
1
0
-6
-11
-10
-14
-17
-17
-19
-14
-9
4
13
17
23
24
29
32
34
37
38
35
40
44
48
54
55
60
58
60
68
67
65
61
59
65
62
64
59
57
55
52
49
40
38
31
24
16
12
10
1
-7
-12
-11
-24
-31
-36
-46
-50
-53
-58
-58
-66
-68
-67
-69
-65
-66
-63
-64
-60
-58
-56
-55
-52
-51
-52
-50
-49
-46
-51
-54
-53
-48
-45
-39
-32
-25
-19
-18
-14
-15
-14
-13
-12
-11
-4
-1
10
16
16
21
19
23
22
29
32
34
36
35
36
33
33
36
33
30
27
16
12
15
22
25
27
32
28
29
33
33
38
38
37
41
34
32
33
25
26
27
29
33
34
38
40
40
40
38
25
18
16
1
-11
-15
-18
-21
-33
-33
-31
-34
-40
-43
-38
-37
-31
-32
-39
-37
-45
-43
-38
-40
-37
-35
-33
-35
-31
-20
-12
-7
-2
4
8
14
13
10
7
8
8
8
3
-5
-7
-9
2
6
15
13
11
16
16
13
13
16
13
14
19
19
16
17
16
14
13
20
18
16
17
19
23
16
9
7
2
-2
-4
-4
-6
-12
-17
-16
-19
-23
-22
-17
-17
-22
-28
-29
-29
-29
-30
-30
-27
-29
-36
-34
-36
-37
-33
-27
-24
-21
-15
-18
-21
-16
-8
-8
-8
-12
-11
-4
-3
0
10
19
28
34
39
46
51
62
60
68
71
60
56
52
47
44
40
40
39
32
27
26
22
17
17
18
25
25
18
14
13
10
4
-3
-5
-11
-17
-20
-26
-27
-29
-34
-35
-34
-36
-33
-23
-15
-9
-5
-9
-13
-20
-31
-28
-30
-28
-22
-21
-19
-28
-30
-33
-36
-36
-32
-29
-23
-28
-29
-30
-32
-33
-32
-25
-27
-34
-34
-30
-29
-31
-22
-22
-21
-13
-4
13
22
31
39
41
42
38
39
36
36
41
39
47
50
47
49
51
48
41
42
38
34
28
23
17
12
5
2
1
-8
-10
-13
-12
-19
-24
-23
-21
-18
-16
-9
-8
-7
-7
-6
-5
-9
-2
-6
-10
-9
-5
-4
-7
0
2
2
9
12
13
18
16
13
8
5
5
5
9
14
19
16
17
22
23
24
26
29
24
28
27
27
35
35
33
35
25
19
16
14
13
14
13
7
6
-3
-3
-8
-21
-20
-23
-29
-35
-43
-47
-54
-54
-54
-55
-57
-64
-63
-64
-64
-60
-54
-48
-46
-47
-50
-52
-54
-52
-49
-51
-49
-42
-48
-46
-40
-36
-33
-31
-26
-7
-1
0
11
8
16
18
19
23
25
26
23
26
30
34
33
33
31
35
40
46
53
56
62
66
71
72
73
65
59
56
52
53
52
53
53
47
41
38
36
37
38
36
33
32
24
23
22
16
14
10
7
5
6
1
1
-2
-2
-6
-15
-22
-30
-39
-41
-36
-35
-39
-37
-33
-38
-43
-54
-63
-65
-68
-67
-60
-61
-61
-54
-44
-43
-37
-30
-29
-26
-18
-14
-6
1
4
6
2
1
-3
-4
6
6
9
18
25
31
28
29
26
21
17
20
20
27
35
34
39
30
22
14
9
12
10
11
18
17
15
17
18
15
11
17
14
9
4
-2
-3
-5
-10
-12
-21
-30
-37
-37
-33
-28
-32
-39
-36
-41
-44
-41
-40
-39
-37
-35
-26
-20
-17
-15
-15
-10
-5
-3
3
3
1
2
4
6
8
12
15
23
22
23
26
24
29
29
27
30
27
29
27
23
18
19
24
20
20
18
11
9
4
7
6
7
16
18
15
17
15
11
9
1
-1
4
12
19
16
19
17
15
16
12
9
12
4
-2
2
3
3
-8
-13
-16
-17
-16
-19
-22
-29
-35
-34
-26
-24
-22
-23
-23
-22
-27
-28
-26
-23
-26
-20
-13
-12
-15
-13
-9
-1
4
7
19
27
29
35
32
23
20
18
15
15
11
6
-1
-8
-10
-14
-15
-14
-13
-6
-21
-26
-16
-14
-11
-15
-13
-6
-9
-15
-15
-16
-12
-7
-6
3
4
2
11
9
4
1
1
-1
1
5
16
27
20
21
20
13
15
16
16
21
20
15
19
18
22
17
7
5
7
6
6
6
1
4
4
6
3
4
7
0
-2
-9
-17
-26
-30
-38
-36
-27
-23
-21
-16
-11
-13
0
12
8
13
19
19
20
15
12
15
13
2
1
3
2
-2
-5
-1
2
0
1
4
10
9
3
-1
-4
-6
-11
-16
-19
-26
-29
-33
-36
-29
-23
-17
-17
-17
-12
-15
-14
-11
-3
-3
-6
-2
1
-2
-6
-1
-7
-9
-4
-3
4
10
21
24
23
25
16
11
6
5
5
0
-4
-8
0
1
1
6
4
7
10
7
20
32
30
28
23
18
15
14
10
12
15
10
10
14
18
24
25
20
20
18
18
24
22
24
22
21
24
20
18
7
-1
-8
-17
-19
-24
-26
-28
-34
-36
-33
-38
-37
-35
-34
-26
-24
-23
-18
-12
-8
-3
-5
-11
-15
-11
-15
-14
-14
-21
-23
-19
-22
-15
-14
-12
-4
-2
5
5
11
18
15
17
12
9
12
10
8
9
12
17
18
21
22
22
19
16
19
8
2
4
2
1
3
2
2
4
-2
-5
-4
-13
-12
-21
