27
31
36
37
33
34
23
19
15
12
10
12
9
10
10
11
13
11
7
3
4
0
4
6
9
6
6
1
4
9
4
5
3
-4
-5
-6
-9
-10
-12
-13
-14
-12
-8
-5
-6
-5
-1
-10
-13
-16
-23
-22
-20
-14
-17
-17
-13
-15
-11
-2
0
0
-4
-6
-5
-12
-9
-12
-17
-21
-25
-30
-34
-34
-33
-26
-24
-15
-8
-2
6
8
10
9
13
16
15
13
10
9
7
9
7
9
11
10
8
5
1
-5
-6
-3
-4
-2
-3
-1
2
-4
-8
-13
-18
-24
-31
-34
-38
-41
-38
-34
-37
-32
-23
-25
-17
-19
-11
-2
-4
2
-2
-1
-2
-6
-3
-4
-1
0
1
1
3
11
16
20
20
17
23
20
19
19
21
21
22
23
23
26
22
24
22
22
26
27
29
27
27
31
39
49
42
34
33
26
26
22
21
18
14
11
10
8
7
8
4
7
8
5
7
6
1
-2
-7
-6
-5
-11
-11
-13
-14
-18
-20
-15
-14
-8
-5
-8
-5
-5
-6
-2
-6
-4
-1
-4
3
-4
-5
0
-6
-4
-12
-16
-15
-26
-22
-25
-33
-28
-32
-31
-29
-33
-29
-38
-40
-38
-42
-34
-31
-35
-28
-27
-26
-17
-15
-5
-2
-3
3
2
5
7
11
15
14
18
17
14
15
17
21
22
18
19
18
19
19
17
19
21
23
22
20
18
14
11
15
12
9
10
9
10
4
2
0
2
-3
-10
-6
-12
-14
-17
-19
-15
-16
-21
-17
-14
-14
-14
-15
-13
-14
-12
-16
-11
-4
-3
-1
-3
4
9
7
3
2
-1
-5
2
8
9
12
20
21
23
21
19
19
10
16
15
8
14
14
12
11
8
12
15
11
10
8
8
11
10
10
7
9
14
11
14
15
16
18
21
20
19
17
14
7
2
1
2
5
-2
-3
-4
-10
-8
-14
-11
-11
-14
-14
-17
-17
-17
-21
-24
-20
-20
-15
-11
-10
-16
-14
-14
-23
-21
-24
-20
-21
-18
-14
-14
-15
-16
-18
-15
-16
-19
-10
-7
1
1
-1
2
0
1
-3
-7
-5
-4
-8
-14
-15
-11
-11
-6
-4
-3
5
3
7
13
17
20
21
20
24
25
23
23
22
26
25
25
24
23
22
15
19
20
16
17
20
20
23
17
9
8
-2
-7
-19
-23
-19
-26
-27
-30
-29
-27
-25
-25
-29
-35
-35
-30
-28
-25
-27
-23
-10
-8
-10
-12
-8
-8
-3
0
0
4
7
15
15
12
17
16
17
15
18
13
10
7
1
3
-10
-11
-11
-11
-4
-11
-4
-1
4
7
4
3
4
-3
-2
2
7
13
14
27
32
37
43
51
50
50
44
35
32
24
18
15
15
18
18
17
18
16
12
11
6
3
-1
-1
-1
-3
-3
-5
0
6
8
13
10
3
1
2
-2
-2
-10
-8
-10
-11
-10
-6
1
-7
-11
-12
-17
-26
-26
-32
-37
-42
-44
-49
-52
-48
-52
-54
-47
-47
-49
-43
-40
-38
-33
-33
-36
-35
-31
-29
-29
-24
-17
-12
-6
-1
2
4
8
11
21
26
26
23
19
20
23
27
25
25
21
21
25
19
18
18
15
16
7
5
5
1
1
-1
-5
0
-1
-6
-2
-2
0
-1
0
1
-1
1
1
7
7
7
7
16
23
24
28
28
26
24
17
12
10
13
10
8
8
5
9
14
18
17
21
24
13
11
18
11
0
-8
-8
-2
0
4
15
23
23
28
35
33
25
21
18
13
11
13
11
14
15
11
13
4
0
1
-6
-8
-8
-11
-10
-5
-3
4
6
5
4
2
-3
-8
-13
-15
-11
-14
-16
-15
-17
-16
-13
-18
-20
-19
-25
-26
-32
-33
-34
-35
-23
-22
-26
-23
-25
-34
-35
-27
-27
-40
-38
-37
-34
-32
-37
-30
-24
-28
-30
-28
-17
-21
-25
-25
-23
-22
-26
-21
-21
-22
-19
-19
-24
-23
-22
-18
-19
-10
-1
3
8
14
22
25
24
21
22
25
22
17
15
9
10
19
24
27
33
36
39
40
42
44
44
43
41
39
36
34
35
36
33
38
44
43
41
40
37
40
38
35
38
44
48
46
45
45
38
34
31
29
28
23
26
21
17
14
11
9
5
6
3
7
9
7
8
4
1
-1
-5
-9
-13
-25
-31
-34
-41
-50
-52
-53
-58
-58
-59
-54
-54
-54
-52
-49
-50
-52
-48
-46
-50
-54
-54
-47
-46
-41
-40
-35
-31
-29
-23
-20
-18
-17
-18
-16
-13
-11
-9
-10
-7
-6
-7
-9
-7
-12
-12
-10
-12
-9
-8
-6
-9
-9
-11
-12
-8
-7
-2
0
0
6
10
17
24
28
35
30
31
32
30
36
29
26
27
26
27
29
33
37
40
40
40
37
32
27
21
23
28
26
26
25
23
22
18
17
18
20
18
12
11
11
15
13
11
13
12
14
15
8
13
11
5
3
2
6
-3
-5
-3
-5
-7
-13
-17
-13
-18
-19
-15
-13
-13
-17
-21
-20
-18
-14
-13
-13
-9
-11
-15
-22
-21
-11
-15
-9
-6
-6
-11
-8
-7
-8
-4
-1
2
0
1
-1
-4
-8
-12
-17
-17
-19
-21
-17
-14
-21
-25
-21
-26
-22
-19
-15
-4
-5
-8
-1
-4
-9
-10
-8
-3
1
1
2
4
4
6
4
-1
1
2
7
13
14
14
14
13
10
12
14
13
14
17
20
15
17
20
25
26
26
27
25
22
18
14
20
14
12
10
10
8
8
9
7
13
12
12
6
5
3
1
3
5
1
-2
-8
-13
-15
-20
-21
-26
-29
-35
-39
-37
-30
-27
-25
-21
-18
-15
-18
-19
-20
-20
-21
-24
-26
-27
-23
-25
-22
-17
-14
-12
-11
-9
-6
-5
-5
-4
0
1
3
0
1
5
12
9
10
12
8
9
10
18
24
21
21
27
19
18
21
16
15
16
13
12
12
9
11
14
8
4
10
7
10
10
16
17
19
23
22
23
23
28
31
32
25
22
20
23
19
11
16
7
8
9
12
15
19
23
20
21
10
3
1
-3
-1
-4
-9
-9
-18
-25
-28
-25
-22
-24
-26
-19
-16
-19
-18
-19
-16
-24
-19
-20
-26
-24
-21
-18
-15
-13
-9
-10
-12
-11
-12
-9
-5
-1
3
4
6
4
6
5
4
9
12
6
-1
-2
-6
-4
-17
-25
-25
-24
-20
-27
-30
-27
-31
-31
-25
-24
-22
-19
-22
-22
-24
-26
-28
-22
-19
-18
-13
-12
-10
-11
-11
-9
-8
-11
-11
-8
-7
2
10
7
6
6
10
7
4
6
2
2
-2
-1
5
3
5
6
15
19
19
21
22
22
19
20
23
27
31
30
36
43
44
49
48
55
58
55
53
48
50
49
42
40
38
41
39
36
37
37
38
39
36
31
32
26
24
20
15
16
10
3
0
-3
-4
-9
-11
-15
-16
-17
-16
-18
-21
-21
-18
-19
-21
-25
-32
-31
-36
-35
-28
-25
-22
-18
-19
-17
-21
-23
-27
-36
-32
-33
-32
-31
-30
-31
-33
-35
-34
-37
-39
-42
-43
-46
-47
-46
-48
-46
-45
-43
-43
-41
-37
-35
-29
-31
-34
-26
-30
-27
-23
-16
-6
-2
7
17
23
26
26
33
32
33
31
23
25
16
13
14
7
11
13
11
15
16
13
12
13
7
8
4
1
7
-1
-1
-3
-8
-3
2
5
8
11
14
21
19
19
20
18
22
25
27
27
26
29
33
34
33
32
31
25
24
21
23
21
17
18
16
20
16
20
23
22
25
24
25
24
19
23
27
27
34
28
33
30
26
20
13
8
5
2
-3
-9
-14
-16
-22
-22
-26
-26
-24
-25
-24
-23
-22
-18
-19
-18
-15
-10
-7
-8
-10
-12
-11
-18
-15
-20
-20
-17
-16
-12
-15
-16
-23
-25
-28
-26
-29
-31
-30
-34
-37
-35
-35
-35
-30
-26
-30
-25
-20
-16
-10
-6
0
2
4
5
8
10
16
15
17
11
7
11
7
8
4
0
0
-4
-6
-6
-2
-4
-11
-10
0
-11
-11
1
-1
-5
-10
-10
-7
-10
-11
-4
-3
-4
-6
-1
7
5
7
10
15
15
12
10
7
3
0
-2
-2
-4
-8
-8
-11
-7
-3
7
12
14
18
20
18
14
14
10
6
0
-5
-1
-1
0
-1
-1
0
-1
6
8
14
18
18
19
18
20
20
26
31
29
28
28
29
20
27
28
16
13
17
19
24
25
30
39
34
27
26
30
27
16
12
7
3
2
-4
-4
-7
-10
-13
-14
-17
-23
-23
-24
-22
-19
-18
-22
-26
-27
-25
-31
-29
-29
-32
-28
-25
-23
-19
-12
-11
-10
-9
-7
-2
1
-2
-1
5
5
11
11
12
10
12
12
11
12
8
8
5
12
12
14
17
16
17
13
11
14
13
8
11
6
1
-3
-8
-8
-17
-25
-30
-31
-29
-32
-32
-30
-31
-34
-33
-32
-33
-32
-33
-30
-37
-37
-40
-43
-45
-47
-49
-48
-37
-35
-33
-27
-30
-27
-19
-18
-14
-9
-9
-11
-9
-5
3
3
2
2
8
15
17
15
14
16
11
12
13
18
18
21
26
26
27
27
33
34
32
39
40
40
39
35
35
31
28
27
27
28
31
36
41
44
47
42
37
32
28
28
27
26
24
34
40
39
38
31
36
33
34
34
34
36
31
28
28
26
20
25
26
26
24
18
16
11
7
0
-6
-7
-10
-12
-15
-17
-14
-16
-17
-22
-27
-28
-30
-37
-40
-40
-38
-35
-36
-37
-42
-44
-45
-44
-42
-41
-39
-41
-39
-38
-38
-41
-44
-41
-40
-38
-36
-32
-26
-25
-21
-17
-16
-15
-16
-11
-10
-9
-8
-14
-14
-17
-21
-24
-24
-26
-25
-26
-33
-29
-33
-35
-39
-42
-40
-41
-37
-39
-36
-36
-33
-30
-29
-22
-17
-11
-3
1
2
7
11
9
9
13
17
17
18
24
25
29
33
30
36
32
32
38
37
46
55
60
59
64
59
53
62
68
73
79
77
81
76
71
65
63
61
60
61
52
48
48
48
43
37
36
30
27
22
17
16
14
10
3
0
-7
-12
-18
-21
-23
-30
-31
-31
-28
-30
-32
-27
-28
-28
-29
-32
-34
-36
-40
-41
-33
-33
-27
-26
-23
-22
-16
-9
-9
-7
-10
-7
-8
-8
-5
-8
-14
-14
-17
-23
-23
-21
-17
-17
-17
-16
-19
-18
-22
-21
-16
-14
-15
-13
-12
-11
-13
-21
-26
-26
-25
-21
-22
-18
-12
-9
-1
2
-2
2
0
2
2
7
8
6
9
8
7
2
-3
-3
-1
-5
-6
-10
-14
-14
-21
-23
-23
-21
-17
-14
-15
-7
-3
-3
-5
-6
-6
-9
-8
-8
-7
-1
-6
-6
-7
-13
-11
-12
-7
-5
-5
-3
-3
4
3
8
10
13
21
14
15
22
25
28
29
27
24
23
32
30
30
39
38
36
35
33
29
30
32
35
39
36
39
39
42
38
34
37
38
34
30
27
27
24
21
19
15
11
6
6
3
2
-4
-8
-9
-10
-8
-12
-14
-18
-21
-23
-21
-20
-22
-23
-16
-8
-7
-2
-8
-9
-14
-16
-14
-15
-14
-17
-16
-20
-19
-18
-15
-14
-15
-16
-19
-23
-25
-21
-17
-18
-14
-6
-6
-9
-6
-6
-4
-6
-5
3
9
13
13
14
9
4
0
1
3
3
2
4
7
4
5
-3
-5
-9
-11
-15
-18
-16
-15
-14
-14
-14
-16
-11
-9
-9
-4
-1
-3
-4
-4
-9
-14
-14
-15
-18
-17
-15
-15
-14
-14
-17
-19
-19
-15
-21
-26
-30
-30
-30
-34
-39
-37
-41
-38
-34
-34
-30
-28
-20
-16
-13
-11
-10
-4
1
7
8
14
18
25
29
37
38
33
34
32
28
27
28
27
32
37
40
42
46
47
54
57
61
60
54
47
39
29
26
32
27
27
31
32
34
26
31
37
33
33
30
32
25
18
14
8
5
0
-1
2
6
4
7
6
1
5
5
-1
-3
0
6
8
6
1
-3
-9
-11
-11
-3
0
5
9
3
3
-5
-10
-12
-16
-16
-22
-19
-15
-21
-19
-20
-15
-15
-21
-22
-23
-26
-28
-31
-31
-34
-37
-40
-37
-34
-39
-43
-45
-42
-42
-47
-51
-54
-54
-53
-56
-51
-45
-38
-30
-26
-26
-18
-17
-23
-23
-27
-25
-25
-16
-9
-7
-10
-11
-11
-13
-16
-19
-21
-17
-13
-22
-13
-6
-3
6
9
17
17
17
19
19
23
19
19
26
26
31
37
36
36
34
36
41
39
34
26
22
21
25
28
27
24
24
24
22
24
24
32
37
36
35
39
47
45
50
49
51
50
48
46
44
44
41
37
36
34
24
26
25
16
13
16
12
3
-1
-2
-1
-13
-23
-22
-23
-28
-31
-31
-26
-30
-30
-30
-35
-34
-29
-25
-21
-20
-16
-8
-9
-2
1
4
8
8
6
6
2
-1
-1
-6
-4
-3
-5
-12
-11
-9
-12
-15
-13
-16
-19
-19
-18
-15
-9
-10
-3
-3
-9
-12
-18
-17
-17
-17
-10
-2
-5
-4
-11
-13
-5
-6
-16
-24
-25
-25
-29
-37
-37
-31
-43
-45
-38
-37
-40
-45
-43
-42
-41
-45
-39
-31
-23
-19
-14
-7
-5
2
3
5
9
11
13
15
20
22
23
27
22
26
24
22
25
23
19
18
19
19
18
19
18
22
23
19
17
11
11
6
6
7
9
11
15
20
15
22
24
22
25
26
33
27
29
31
28
25
19
24
23
18
15
16
16
12
12
6
3
4
4
7
10
16
17
15
18
22
19
13
9
-3
-8
-10
-17
-15
-17
-16
-13
-14
-9
-9
-7
-6
-15
-17
-18
-19
-21
-22
-21
-21
-21
-22
-17
-10
-9
-6
2
7
3
3
3
2
2
8
9
11
9
18
20
18
24
25
26
27
21
16
20
20
18
15
15
11
7
5
-2
-2
1
1
-1
-5
-7
-9
-12
-13
-13
-15
-15
-18
-16
-20
-27
-28
-30
-32
-33
-32
-36
-36
-39
-36
-39
-44
-38
-38
-36
-32
-28
-32
-35
-38
-39
-38
-34
-30
-31
-31
-34
-37
-32
-24
-23
-19
-20
-19
-16
-16
-12
-7
-3
-3
-1
0
4
1
5
11
7
11
13
13
17
22
24
22
23
24
31
32
29
31
31
41
43
42
49
40
36
40
35
39
40
42
48
48
46
43
43
41
39
36
36
32
29
29
22
22
23
20
21
17
17
16
12
12
9
11
17
20
21
22
31
27
31
27
22
27
26
20
15
13
6
8
9
5
-5
-9
-8
-11
-16
-15
-19
-24
-37
-43
-46
-55
-60
-62
-58
-54
-52
-45
-38
-38
-40
-38
-33
-32
-34
-32
-29
-24
-20
-16
-12
-9
-5
-2
0
2
-2
-5
-7
-8
-14
-19
-20
-19
-18
-26
-24
-27
-29
-26
-23
-18
-22
-28
-26
-31
-32
-33
-32
-32
-25
-21
-16
-9
-7
-4
-7
-9
-6
-7
-6
-1
1
8
5
11
17
17
17
20
18
9
11
9
7
10
9
8
10
12
17
18
21
23
24
24
24
21
20
15
6
9
12
15
19
24
30
36
38
39
38
34
30
24
25
26
25
24
23
29
30
29
28
20
13
8
2
1
-3
-5
-2
7
4
1
4
6
3
0
5
6
7
13
19
18
12
13
16
6
10
15
19
17
14
18
15
14
13
13
10
9
11
8
10
11
9
1
-4
-4
-7
-16
-18
-17
-23
-23
-13
-10
-15
-20
-21
-22
-30
-28
-26
-32
-37
-38
-41
-50
-51
-49
-52
-51
-47
-42
-38
-45
-43
-39
-42
-42
-43
-40
-33
-25
-20
-24
-19
-13
-11
-16
-14
-9
-10
1
7
7
6
8
21
30
28
24
25
23
26
28
24
17
11
13
11
7
0
1
2
3
12
11
3
-3
-8
-9
-5
-4
1
1
0
7
7
4
0
1
10
6
8
6
-3
-2
4
10
12
11
21
17
12
14
10
11
14
18
22
18
12
4
2
6
7
6
5
6
10
16
12
9
4
8
6
4
4
0
0
3
12
15
13
9
10
8
14
16
13
14
24
26
24
24
19
23
17
20
27
24
22
17
16
8
5
14
20
18
20
20
12
10
7
0
-4
-1
0
-7
-14
-13
-8
-9
-8
-9
-15
-18
-16
-18
-25
-24
-20
-16
-14
-15
-17
-21
-26
-27
-29
-36
-39
-40
-41
-46
-45
-38
-33
-28
-26
-27
-27
-25
-24
-23
-13
-8
-11
-16
-13
-12
-12
-7
-3
2
2
1
3
3
1
6
8
10
6
7
13
7
5
1
-8
-7
-7
-8
-5
-7
-12
-12
-13
-14
-20
-26
-18
-15
-17
-20
-15
-20
-19
-16
-8
3
4
13
20
28
38
35
33
26
16
22
30
33
36
32
29
36
37
40
35
29
27
20
19
10
6
1
-2
1
-2
-4
0
-5
-9
-10
-13
-8
-16
-13
-13
-13
-5
-2
10
19
25
31
38
35
25
18
15
23
30
25
29
32
31
32
29
30
26
20
18
16
20
16
9
10
8
3
1
4
0
-1
-5
-8
-12
-13
-7
-12
-14
-10
-6
-7
-13
-20
-18
-14
-17
-14
-12
-17
-14
-12
-11
-15
-23
-29
-30
-32
-34
-35
-43
-41
-36
-35
-27
-24
-21
-20
-11
-7
-15
-11
-9
-16
-21
-23
-23
-20
-20
-18
-6
-5
-13
-10
-4
1
-4
-1
-2
-12
-10
-9
-13
-15
-15
-7
-1
5
7
4
3
4
3
6
4
3
4
2
5
4
7
8
7
10
12
12
11
6
-3
-4
-6
-8
-1
2
3
5
3
-1
-5
-10
-8
-4
0
1
2
7
8
6
11
24
16
8
15
20
33
35
31
36
38
36
34
31
27
18
21
27
24
24
20
21
26
27
24
14
6
7
9
6
1
-2
-2
-1
5
10
8
8
-2
1
11
6
4
-5
-4
3
3
5
-4
-10
-12
-10
-1
3
-3
-7
-9
-4
0
1
-4
-7
-3
4
8
5
0
-7
-4
1
2
1
-5
-4
0
9
8
-2
-9
-13
-12
-11
-17
-17
-17
-16
-14
-19
-26
-33
-35
-35
-33
-37
-31
-26
-25
-15
-15
-14
-16
-20
-23
-20
-21
-21
-18
-18
-21
-24
-24
-28
-27
-23
-24
-21
-16
-15
-4
-3
-4
-2
3
9
11
10
17
25
27
21
19
19
16
21
23
16
12
4
0
-8
-17
-21
-29
-26
-19
-15
-16
-14
-9
-11
-7
-3
-5
-2
-3
-4
-4
-4
1
5
6
11
18
21
25
32
36
41
38
36
34
35
36
37
36
36
37
30
32
33
30
24
23
26
29
36
32
29
27
24
20
17
14
8
5
7
12
10
13
15
13
11
12
9
0
-5
-5
1
-2
0
-4
-11
-14
-11
-12
-16
-17
-14
-7
-3
-4
-5
-2
-10
-9
-9
-8
-8
-13
-10
-9
-7
-4
-16
-20
-20
-24
-28
-28
-28
-28
-27
-25
-21
-25
-30
-24
-21
-16
-16
-15
-13
-17
-15
-18
-25
-22
-20
-22
-20
-23
-18
-14
-10
-7
-7
-9
-8
-10
-9
-10
-16
-18
-18
-19
-20
-22
-24
-17
-6
-6
-12
-13
-12
-11
-14
-12
-7
-5
-4
-5
-8
-8
-4
-9
-2
1
0
-3
-6
0
5
6
10
13
21
24
23
27
31
31
27
28
31
39
39
37
37
38
32
31
30
26
26
25
28
31
32
36
29
20
24
19
13
24
26
30
24
19
19
19
21
19
25
26
28
23
23
18
13
14
12
17
6
6
10
12
10
8
1
-9
-12
-15
-21
-27
-30
-30
-24
-25
-20
-14
-17
-24
-28
-26
-20
-23
-26
-30
-26
-24
-24
-17
-5
-5
-12
-3
1
8
1
-5
-12
-18
-18
-22
-25
-23
-20
-23
-21
-24
-27
-32
-37
-31
-21
-21
-23
-25
-24
-12
-14
-14
-18
-20
-9
-5
-2
-1
-6
-9
-13
-6
3
3
-2
-5
6
10
8
12
10
7
4
9
11
7
-5
-9
-7
-3
2
1
2
1
11
15
14
11
-2
-7
-10
-8
-3
-1
-7
-4
-3
3
4
-3
-8
-4
9
14
18
24
25
28
26
29
29
23
21
27
37
40
38
32
29
28
24
24
22
19
15
9
10
14
15
11
6
12
15
8
4
3
4
2
4
2
-6
-12
-11
-9
-7
0
0
4
2
4
6
0
0
0
2
4
5
3
-2
-8
-14
-9
-6
-11
-13
-11
-6
-9
-13
-13
-16
-17
-21
-16
-14
-13
-9
-13
-9
-3
-2
-7
-9
-3
1
1
2
1
-4
-6
-8
-10
-5
-6
-5
-9
-10
-10
-7
-7
-14
-13
-11
-12
-13
-10
-10
-8
-15
-12
-10
-9
-8
-8
-3
3
3
-2
-7
-10
-7
-10
-4
-6
-5
-2
2
4
7
8
6
4
-6
-3
1
3
3
-2
1
2
-2
1
-1
-5
-1
3
-3
1
-8
-9
-8
-9
-10
-18
-18
-16
-15
-14
-10
-9
-11
-17
-12
-9
-4
-3
2
5
17
23
27
28
27
31
37
38
33
30
31
32
33
37
38
42
35
29
27
22
19
15
10
9
8
5
2
-1
-5
-12
-15
-10
-5
-2
-3
-3
2
-3
-6
-6
2
4
2
-3
2
2
-2
-5
-11
-10
-8
-10
-16
-16
-18
-18
-16
-18
-10
-4
-4
4
11
13
6
4
4
4
3
2
9
17
20
12
14
25
33
26
20
13
8
5
-4
-6
-5
-4
-1
1
-6
-4
3
1
1
5
4
-4
-12
-13
-13
-16
-21
-22
-21
-21
-17
-22
-23
-21
-25
-23
-26
-23
-25
-29
-30
-27
-14
-9
-4
-3
-6
-6
-13
-11
-8
-11
-12
-14
-14
-13
-17
-21
-23
-29
-25
-20
-27
-28
-26
-29
-33
-33
-31
-28
-25
-26
-24
-22
-21
-22
-24
-27
-25
-26
-25
-20
-16
-8
0
2
0
-2
-2
-6
-10
-7
-8
-7
-9
-7
0
0
2
7
16
22
20
26
37
37
40
62
74
82
88
95
106
108
112
115
116
117
121
130
133
130
128
132
127
120
124
123
122
112
103
96
79
69
64
67
57
50
32
18
16
13
14
6
2
-4
-12
-17
-25
-35
-40
-42
-45
-42
-40
-46
-41
-34
-22
-7
-3
-1
-5
-14
-22
-30
-41
-49
-62
-85
-99
-116
-136
-164
-186
-201
-226
-246
-269
-288
-314
-345
-370
-399
-434
-473
-506
-523
-530
-531
-515
-503
-488
-468
-441
-397
-351
-299
-243
-185
-116
-46
19
84
148
209
271
328
386
443
496
530
556
567
592
606
611
638
623
639
621
624
600
593
585
553
557
488
475
413
382
372
338
330
289
262
221
199
184
157
171
140
144
121
62
42
-29
-27
-70
-96
-130
-175
-185
-234
-233
-277
-274
-282
-273
-235
-231
-229
-256
-276
-282
-262
-266
-270
-271
-264
-247
-256
-272
-293
-304
-329
-348
-372
-383
-386
-419
-465
-512
-554
-598
-650
-692
-722
-719
-696
-682
-662
-653
-627
-593
-548
-477
-415
-338
-261
-175
-86
-8
65
129
192
241
298
353
410
470
515
563
608
649
676
687
687
685
687
691
695
692
691
689
671
647
619
587
559
535
510
505
499
478
465
436
397
372
338
315
310
294
251
247
190
180
162
96
81
8
-38
-76
-79
-138
-127
-157
-191
-225
-286
-314
-318
-330
-351
-365
-416
-424
-431
-428
-437
-440
-472
-468
-479
-459
-441
-438
-409
-386
-377
-356
-320
-319
-243
-228
-180
-154
-149
-130
-106
-73
-82
-42
-22
33
76
50
49
40
72
70
50
18
1
1
-40
-84
-141
-184
-230
-274
-326
-352
-365
-375
-388
-412
-420
-410
-400
-393
-383
-363
-315
-262
-219
-173
-129
-78
-25
21
77
126
176
229
279
337
384
433
473
495
526
548
576
600
613
615
621
618
609
596
577
568
548
546
521
511
482
453
444
421
441
394
384
360
300
301
248
241
180
173
136
101
92
55
82
25
39
-9
-37
-3
-46
-60
-111
-139
-149
-187
-175
-234
-218
-243
-266
-237
-286
-259
-294
-290
-305
-313
-293
-322
-299
-329
-303
-308
-297
-305
-305
-287
-270
-236
-233
-244
-267
-242
-255
-242
-255
-233
-213
-204
-226
-254
-238
-237
-234
-270
-300
-307
-299
-334
-363
-419
-438
-460
-492
-503
-531
-508
-506
-493
-491
-475
-436
-412
-375
-368
-325
-263
-196
-140
-89
-29
23
79
130
180
237
288
335
393
452
506
558
594
634
659
685
717
724
726
708
730
733
747
747
731
706
701
689
652
665
610
644
596
572
554
522
489
438
407
351
365
307
299
257
230
249
160
168
98
92
56
42
7
-28
-43
-118
-118
-183
-216
-239
-269
-291
-295
-334
-338
-371
-383
-418
-403
-457
-430
-431
-439
-385
-456
-373
-433
-369
-411
-372
-370
-323
-261
-280
-211
-266
-214
-248
-205
-217
-208
-172
-149
-121
-168
-167
-170
-161
-179
-218
-267
-278
-293
-328
-368
-428
-453
-505
-539
-575
-591
-598
-593
-594
-610
-591
-575
-541
-538
-516
-485
-425
-365
-313
-260
-201
-130
-75
-5
50
119
171
238
319
398
489
558
623
666
705
729
751
762
788
801
835
860
865
861
849
842
791
844
751
836
756
771
771
697
726
612
665
490
561
439
467
461
417
421
306
304
242
218
183
139
79
33
12
7
-83
-59
-227
-154
-243
-261
-253
-374
-292
-423
-324
-438
-357
-454
-412
-440
-489
-444
-516
-430
-499
-420
-472
-408
-435
-394
-358
-357
-314
-340
-321
-314
-275
-316
-284
-311
-244
-257
-261
-284
-289
-261
-256
-274
-334
-312
-350
-336
-399
-440
-479
-512
-547
-582
-597
-608
-577
-600
-586
-578
-549
-512
-487
-460
-431
-358
-296
-224
-179
-114
-60
-5
56
115
187
261
316
389
463
539
611
665
718
747
781
780
813
825
821
854
848
858
857
846
791
790
753
761
735
734
705
664
634
545
600
471
486
353
381
306
343
323
193
236
131
142
91
66
-11
-3
-33
-55
-85
-133
-205
-191
-243
-221
-254
-265
-242
-331
-235
-342
-303
-332
-366
-371
-374
-387
-405
-332
-399
-372
-374
-375
-348
-316
-311
-306
-223
-237
-182
-227
-217
-217
-206
-192
-212
-172
-140
-102
-136
-142
-181
-134
-155
-198
-245
-279
-293
-312
-357
-448
-476
-540
-587
-653
-688
-696
-698
-678
-714
-691
-679
-627
-609
-605
-565
-511
-435
-373
-312
-264
-175
-109
-30
40
120
196
263
351
429
549
629
696
751
758
789
841
836
915
882
931
934
933
960
900
916
872
880
834
891
806
815
774
731
716
670
621
570
525
480
479
420
416
312
320
261
242
182
37
62
-39
-29
-97
-163
-187
-275
-254
-312
-332
-384
-375
-392
-410
-407
-461
-447
-478
-472
-516
-468
-502
-473
-456
-487
-464
-458
-447
-360
-365
-326
-325
-318
-278
-277
-199
-268
-177
-228
-163
-173
-181
-138
-144
-79
-157
-138
-211
-134
-180
-210
-243
-321
-292
-350
-388
-473
-523
-579
-601
-672
-679
-693
-710
-690
-738
-699
-693
-638
-615
-610
-560
-513
-433
-375
-305
-228
-148
-68
20
97
190
302
391
481
562
643
710
743
803
821
879
916
929
947
939
936
943
950
940
974
932
972
922
843
878
778
785
735
673
680
652
668
580
581
448
500
458
394
430
302
309
285
207
131
101
-5
-16
-45
-110
-118
-112
-220
-173
-311
-286
-332
-348
-340
-406
-403
-459
-447
-550
-465
-612
-501
-542
-508
-501
-481
-479
-497
-378
-493
-380
-428
-389
-359
-319
-294
-252
-270
-286
-267
-249
-248
-247
-227
-195
-148
-191
-187
-279
-211
-253
-287
-334
-404
-400
-458
-468
-587
-583
-665
-684
-731
-781
-770
-784
-746
-797
-744
-733
-662
-627
-622
-573
-510
-401
-308
-215
-128
-7
86
203
293
407
499
592
633
721
781
869
915
983
960
1009
1020
1013
1060
996
1066
989
1074
973
1029
902
909
841
796
778
713
732
655
692
623
590
568
520
467
496
392
410
319
337
194
234
89
92
38
-22
14
-107
-70
-223
-118
-276
-193
-325
-321
-351
-392
-406
-422
-481
-441
-503
-495
-472
-522
-464
-519
-463
-547
-417
-581
-445
-481
-462
-437
-458
-458
-416
-369
-392
-279
-335
-232
-234
-202
-231
-168
-179
-177
-155
-209
-97
-109
-69
-111
-125
-142
-113
-155
-212
-224
-278
-249
-314
-358
-421
-449
-531
-553
-606
-622
-596
-620
-600
-620
-575
-536
-493
-481
-432
-368
-265
-149
-86
16
97
181
227
311
351
429
486
571
574
656
711
738
811
744
817
797
845
813
841
759
800
776
718
710
662
687
602
627
550
552
576
542
461
520
449
462
460
332
270
244
195
223
201
111
121
78
40
20
-41
-113
-49
-78
-101
-107
-220
-205
-296
-262
-292
-299
-301
-286
-282
-375
-230
-408
-258
-358
-327
-275
-245
-268
-323
-250
-409
-138
-341
-211
-257
-231
-228
-180
-218
-221
-151
-175
-102
-148
-128
-183
-120
-165
-113
-192
-145
-215
-151
-159
-181
-178
-297
-203
-300
-234
-389
-346
-420
-411
-421
-490
-504
-573
-565
-656
-645
-692
-626
-621
-606
-570
-557
-450
-407
-351
-311
-224
-137
-27
40
112
193
270
319
386
458
526
593
630
662
707
749
788
879
751
861
730
791
723
714
661
604
662
581
629
584
558
510
477
462
545
423
431
350
405
317
380
157
294
220
275
279
155
127
159
105
179
19
3
71
-34
87
-206
-26
-227
31
-145
-194
-240
-266
-95
-273
-147
-298
-227
-178
-274
-201
-324
-240
-259
-231
-229
-366
-149
-338
-236
-265
-318
-211
-289
-282
-277
-301
-316
-317
-331
-333
-248
-351
-287
-371
-387
-273
-403
-246
-397
-284
-401
-284
-352
-314
-307
-384
-334
-335
-348
-366
-358
-452
-337
-409
-384
-366
-429
-418
-441
-459
-444
-409
-387
-310
-292
-234
-194
-96
-78
-2
51
83
224
231
337
381
443
487
574
529
687
631
677
731
671
809
723
783
773
730
677
646
620
535
643
473
566
559
485
565
379
432
320
409
350
373
408
261
426
204
391
211
255
261
155
211
131
218
144
260
29
107
-46
-26
44
-30
28
-3
-66
-94
-88
-221
-150
-272
-90
-188
-128
-242
-161
-295
-156
-320
-270
-260
-371
-251
-325
-296
-443
-301
-498
-370
-489
-433
-438
-475
-424
-530
-448
-543
-487
-573
-519
-543
-496
-474
-454
-431
-439
-460
-396
-413
-376
-372
-334
-275
-288
-209
-316
-222
-237
-193
-233
-221
-231
-192
-184
-220
-226
-258
-234
-258
-267
-254
-214
-151
-137
-113
-59
-12
95
132
117
181
196
306
370
419
459
525
544
595
598
599
671
690
684
701
649
701
736
708
675
556
598
451
573
481
520
525
465
486
365
362
335
336
305
408
252
394
309
303
305
243
227
317
199
218
263
64
216
26
124
72
65
93
-7
-30
-65
-46
-94
-37
-92
-61
-83
-51
-167
-118
-147
-167
-153
-258
-283
-221
-242
-303
-200
-367
-326
-349
-387
-303
-452
-402
-507
-470
-497
-525
-586
-572
-555
-591
-535
-626
-567
-572
-493
-460
-353
-421
-442
-405
-418
-382
-337
-291
-259
-122
-215
-173
-229
-178
-164
-151
-217
-242
-184
-200
-179
-266
-291
-338
-348
-413
-388
-388
-339
-262
-259
-206
-161
-86
-84
-60
-92
43
130
209
348
346
470
456
515
493
572
606
628
679
630
718
688
700
682
631
599
590
537
527
564
552
599
572
562
518
458
410
354
395
458
436
491
482
471
458
377
399
382
398
449
427
400
375
311
275
235
188
205
208
207
206
141
70
2
-65
-130
-103
-82
-225
-197
-295
-305
-253
-304
-275
-318
-373
-399
-367
-427
-441
-473
-554
-532
-610
-625
-615
-616
-599
-624
-643
-672
-644
-675
-613
-533
-440
-372
-384
-420
-422
-377
-372
-299
-288
-186
-142
-162
-225
-227
-190
-173
-181
-247
-235
-231
-203
-254
-343
-416
-480
-534
-599
-616
-611
-552
-485
-523
-481
-418
-335
-240
-261
-236
-114
25
169
287
328
468
552
581
625
650
726
775
794
818
845
913
943
898
821
700
595
547
545
553
613
620
600
481
412
280
221
198
181
313
352
386
366
345
265
332
271
292
336
359
432
456
463
460
433
372
342
251
256
259
274
260
206
109
42
-52
-127
-159
-171
-192
-136
-118
-147
-171
-239
-315
-349
-390
-433
-389
-415
-366
-392
-428
-391
-422
-424
-412
-445
-458
-426
-407
-298
-153
-86
-134
-232
-352
-323
-317
-316
-268
-109
-14
-38
-186
-385
-350
-326
-369
-518
-611
-561
-469
-513
-672
-857
-1044
-1103
-1234
-1301
-1216
-1051
-881
-850
-931
-894
-790
-725
-708
-705
-531
-215
46
204
317
383
429
445
476
636
881
1078
1148
1196
1227
1259
1262
1181
1095
1031
1029
1067
1055
1071
1050
924
783
632
561
520
498
458
468
423
397
341
240
200
126
85
124
219
320
350
315
320
354
323
357
256
262
271
242
243
313
386
398
246
56
39
-23
76
80
45
-34
-154
-302
-396
-447
-480
-486
-494
-476
-444
-472
-484
-539
-587
-544
-473
-369
-290
-200
-26
138
99
5
-100
-94
-42
-95
-121
99
340
271
-152
-585
-614
-427
-381
-587
-817
-837
-767
-944
-1259
-1546
-1713
-1743
-1879
-1956
-1797
-1490
-1262
-1356
-1637
-1665
-1378
-1039
-864
-753
-501
-140
149
223
292
486
681
783
856
1068
1434
1665
1685
1511
1400
1437
1512
1564
1533
1518
1472
1384
1212
1063
966
846
697
537
527
583
603
499
314
172
30
-1
69
197
298
300
254
216
221
209
219
217
269
425
539
595
601
501
388
305
247
285
405
451
434
355
153
18
-89
-215
-222
-210
-238
-216
-268
-352
-471
-626
-754
-795
-689
-511
-325
-207
-238
-303
-204
74
221
101
-8
45
281
392
262
257
487
473
29
-600
-769
-317
31
-175
-711
-1114
-1211
-1298
-1630
-2007
-2163
-2111
-2178
-2405
-2546
-2423
-2178
-2155
-2444
-2574
-2161
-1477
-1018
-998
-1000
-757
-408
-131
108
450
914
1234
1311
1376
1611
1918
2003
1865
1763
1890
2105
2230
2126
1870
1643
1424
1241
1104
1135
1163
1064
801
539
408
323
233
76
15
41
127
200
246
203
103
-2
-18
187
431
609
671
648
599
550
534
579
687
762
753
725
741
674
544
343
143
53
39
47
11
-83
-235
-447
-633
-697
-667
-647
-653
-699
-679
-608
-534
-461
-321
73
402
324
-42
-210
87
424
449
333
512
787
516
-272
-865
-559
127
268
-321
-953
-1131
-1116
-1404
-2033
-2440
-2399
-2210
-2343
-2700
-2819
-2562
-2351
-2597
-2939
-2739
-1859
-1106
-1020
-1279
-1165
-605
-154
46
252
805
1380
1593
1486
1530
1859
2119
2058
1856
1934
2223
2389
2167
1731
1412
1258
1151
988
923
942
863
522
59
-179
-171
-115
-179
-248
-218
-151
-139
-182
-176
-130
-54
71
273
536
699
714
672
693
761
870
1006
1118
1185
1127
1023
969
909
838
730
584
514
426
317
169
-34
-243
-429
-527
-578
-632
-710
-749
-783
-731
-621
-506
-278
114
350
94
-310
-322
203
634
589
444
569
738
255
-701
-1024
-254
709
684
-307
-1191
-1395
-1376
-1641
-2090
-2243
-2023
-1985
-2419
-3025
-3154
-2790
-2489
-2607
-2776
-2344
-1457
-926
-1173
-1567
-1273
-426
228
525
802
1225
1536
1439
1294
1603
2249
2670
2508
2119
2013
2115
2099
1857
1584
1461
1399
1176
820
521
389
261
-37
-303
-316
-212
-267
-553
-779
-763
-603
-435
-307
-173
-84
-90
-109
33
359
660
816
889
940
993
983
987
1071
1195
1279
1265
1221
1117
922
657
402
303
348
391
271
16
-306
-579
-733
-756
-755
-778
-810
-807
-735
-620
-346
147
442
46
-739
-886
-34
939
1178
791
566
486
-114
-1075
-1140
147
1473
1256
-387
-1783
-1915
-1356
-1228
-1611
-1902
-1907
-2044
-2695
-3426
-3499
-2844
-2236
-2314
-2711
-2510
-1656
-1179
-1575
-2029
-1396
27
967
900
577
763
1232
1488
1684
2298
3093
3330
2666
1850
1783
2444
3043
2937
2365
1855
1538
1192
766
567
757
891
529
-142
-600
-695
-769
-1038
-1140
-850
-510
-528
-875
-1159
-1149
-914
-562
-75
401
587
399
86
84
471
1015
1410
1552
1472
1267
1053
962
1107
1351
1449
1308
995
633
332
119
42
66
67
-80
-380
-692
-942
-1118
-1169
-947
-573
-344
-360
-283
-53
-95
-590
-895
-307
707
1154
771
300
178
-106
-814
-1080
-133
1229
1430
-22
-1774
-2361
-1805
-1135
-1092
-1456
-1939
-2460
-3100
-3659
-3665
-2937
-2072
-1953
-2572
-3076
-2686
-1886
-1558
-1643
-1311
-264
635
641
169
171
823
1584
2068
2427
2864
3035
2576
1859
1728
2493
3463
3669
2971
2053
1498
1339
1304
1350
1534
1620
1147
204
-548
-643
-319
-184
-316
-457
-520
-681
-1013
-1213
-1070
-683
-337
-111
11
-1
-145
-238
-47
415
952
1273
1264
1037
783
699
918
1311
1625
1637
1324
855
479
386
501
654
654
426
-20
-455
-685
-715
-655
-610
-668
-783
-869
-851
-579
-109
170
-209
-941
-1115
-357
560
783
401
53
-174
-711
-1261
-913
443
1406
671
-1223
-2439
-2073
-1042
-657
-1163
-1913
-2441
-2790
-3170
-3339
-2902
-2149
-1911
-2484
-3200
-3152
-2291
-1489
-1404
-1559
-1117
-216
242
-19
-258
234
1150
1804
2040
2231
2515
2442
1939
1626
2150
3220
3792
3286
2235
1542
1471
1716
1924
2065
2068
1645
738
-167
-371
102
590
547
77
-354
-614
-820
-940
-793
-368
-11
-15
-228
-382
-376
-265
-57
330
769
1023
951
681
482
544
839
1224
1505
1493
1188
719
385
356
581
799
783
486
25
-416
-653
-648
-493
-414
-550
-885
-1145
-1103
-889
-619
-218
188
22
-803
-1456
-955
319
1055
740
70
-144
-350
-966
-1274
-344
1197
1560
71
-1879
-2478
-1643
-718
-719
-1341
-1906
-2257
-2720
-3297
-3387
-2670
-1768
-1694
-2573
-3344
-2992
-1903
-1309
-1541
-1576
-773
122
135
-441
-413
543
1562
1874
1803
2011
2345
2176
1634
1593
2446
3433
3495
2575
1583
1278
1553
1855
1936
1921
1748
1162
228
-358
-94
613
855
368
-274
-571
-560
-525
-445
-161
172
208
-54
-269
-158
169
471
690
880
996
996
887
765
835
1116
1439
1580
1393
1010
652
495
517
626
700
623
338
-151
-602
-798
-702
-570
-565
-740
-1046
-1326
-1379
-1128
-747
-283
31
-114
-770
-1352
-1064
-2
846
817
350
53
-247
-914
-1376
-642
976
1739
561
-1490
-2499
-1917
-897
-635
-1105
-1664
-2113
-2701
-3402
-3608
-2884
-1888
-1657
-2468
-3380
-3261
-2258
-1486
-1507
-1605
-997
-160
-16
-465
-493
358
1391
1786
1728
1852
2183
2144
1696
1593
2276
3192
3353
2594
1656
1245
1400
1669
1779
1772
1621
1128
323
-309
-236
371
720
435
-171
-535
-559
-512
-383
-56
323
443
209
-18
91
442
817
1093
1302
1380
1279
1148
1153
1332
1563
1711
1725
1564
1249
923
716
683
745
748
575
211
-208
-569
-829
-924
-843
-736
-846
-1216
-1543
-1495
-1171
-898
-645
-181
84
-446
-1316
-1311
-89
1105
1129
348
-141
-210
-569
-1053
-622
795
1677
733
-1340
-2566
-2113
-988
-569
-1096
-1914
-2480
-2891
-3370
-3625
-3177
-2254
-1800
-2383
-3366
-3512
-2566
-1562
-1369
-1508
-1108
-319
-8
-313
-400
329
1398
1944
1894
1798
1947
2024
1824
1735
2191
2907
3086
2418
1476
989
1083
1353
1429
1352
1184
774
58
-591
-629
-135
264
121
-316
-613
-681
-656
-499
-93
347
507
387
293
433
718
1057
1392
1614
1670
1596
1591
1703
1830
1925
1969
1963
1836
1585
1264
1016
929
877
747
506
245
-74
-453
-763
-908
-912
-895
-964
-1164
-1279
-1199
-1038
-831
-456
-21
-75
-687
-1049
-471
622
1079
723
302
207
-119
-829
-1026
48
1432
1417
-266
-2067
-2477
-1714
-1017
-1093
-1651
-2167
-2654
-3374
-3994
-3821
-2851
-1989
-2158
-3090
-3623
-3072
-2047
-1543
-1525
-1216
-493
-37
-149
-253
269
1196
1797
1897
1908
2150
2337
2087
1716
1822
2467
2931
2626
1823
1136
827
733
702
794
935
795
129
-779
-1233
-1002
-502
-254
-365
-579
-750
-911
-956
-676
-62
496
638
555
551
721
970
1249
1616
1969
2135
2097
1973
1927
1968
2024
2090
2119
2029
1744
1324
922
629
510
502
406
143
-235
-667
-1018
-1210
-1245
-1135
-1055
-1035
-1042
-1025
-945
-637
-40
306
-87
-686
-486
519
1280
1145
695
651
562
-228
-1054
-584
983
1836
768
-1361
-2624
-2354
-1524
-1267
-1636
-2126
-2589
-3313
-4204
-4517
-3691
-2399
-1951
-2675
-3583
-3492
-2432
-1522
-1293
-1108
-389
331
387
164
453
1371
2169
2373
2313
2468
2735
2614
2141
1896
2254
2743
2693
2014
1211
689
396
169
66
221
328
-66
-918
-1677
-1812
-1395
-925
-717
-741
-856
-990
-1099
-955
-422
278
774
943
990
1060
1163
1368
1707
2123
2430
2492
2394
2236
2071
1917
1813
1856
1938
1789
1329
726
255
26
-40
-71
-155
-347
-703
-1219
-1662
-1767
-1443
-965
-685
-656
-754
-731
-314
383
740
440
89
470
1289
1642
1380
1166
1259
889
-269
-1039
-316
1194
1611
172
-1814
-2794
-2615
-2225
-2264
-2505
-2666
-3014
-3877
-4909
-5095
-4092
-2830
-2433
-2959
-3372
-2866
-1899
-1353
-1223
-709
393
1261
1355
1206
1591
2378
2818
2778
2823
3262
3617
3258
2409
1861
1956
2217
2045
1440
809
262
-372
-1042
-1356
-1094
-741
-929
-1685
-2339
-2384
-2056
-1697
-1360
-947
-568
-461
-522
-351
205
908
1406
1709
2049
2369
2505
2499
2507
2643
2827
2892
2865
2703
2396
1992
1564
1216
988
859
618
165
-399
-807
-1006
-1104
-1182
-1325
-1512
-1663
-1738
-1736
-1516
-934
-224
115
235
584
991
998
668
802
1755
2621
2572
1950
1567
1274
418
-658
-807
299
1276
670
-1283
-2999
-3487
-3261
-3285
-3655
-3828
-3743
-3942
-4768
-5558
-5366
-4300
-3306
-3002
-3023
-2488
-1355
-580
-625
-676
256
1827
2881
3075
3034
3357
3682
3510
3169
3359
3999
4166
3336
2058
1278
1126
1021
505
-188
-712
-1146
-1728
-2444
-2806
-2608
-2293
-2362
-2710
-2708
-2206
-1670
-1427
-1199
-606
178
718
1021
1407
1967
2435
2653
2844
3185
3522
3634
3450
3122
2887
2745
2535
2176
1748
1325
856
356
-124
-488
-741
-1048
-1451
-1796
-1908
-1838
-1777
-1735
-1670
-1595
-1457
-1245
-873
-222
565
1384
2236
2742
2518
1747
1326
1893
2976
3595
3492
3038
2228
687
-1156
-2030
-1283
76
334
-1062
-3052
-4335
-4729
-4949
-5331
-5558
-5322
-4903
-4853
-5208
-5257
-4668
-3923
-3548
-3264
-2244
-350
1389
1952
1560
1353
1985
3028
3864
4512
5206
5729
5550
4674
3772
3274
2930
2346
1583
1034
792
426
-536
-2055
-3541
-4368
-4385
-3872
-3184
-2613
-2443
-2794
-3371
-3531
-2837
-1572
-355
513
1176
1762
2207
2435
2577
2869
3370
3982
4500
4777
4715
4290
3575
2724
1996
1564
1414
1267
836
154
-574
-1249
-1891
-2449
-2759
-2744
-2480
-2135
-1804
-1594
-1544
-1561
-1502
-1261
-736
59
976
1857
2527
3140
3841
4242
3778
2713
2124
2616
3525
3844
3470
2748
1546
-529
-2908
-4069
-3378
-2059
-1831
-3024
-4536
-5351
-5736
-6371
-7161
-7376
-6616
-5408
-4552
-4121
-3582
-2852
-2393
-2389
-2173
-845
1503
3609
4408
4160
3968
4310
4649
4504
4265
4528
5079
5113
4345
3342
2590
1707
141
-1670
-2652
-2475
-1934
-1967
-2710
-3704
-4582
-5228
-5449
-4872
-3477
-1842
-735
-328
-120
291
775
1116
1531
2345
3538
4667
5271
5268
4849
4214
3542
3107
3024
3142
3142
2763
1943
841
-218
-1087
-1790
-2333
-2612
-2572
-2281
-1958
-1891
-2145
-2524
-2689
-2402
-1663
-627
449
1300
1667
1546
1324
1329
1605
2150
2943
4017
5112
5512
4729
3218
1868
1165
968
950
1069
1116
485
-1241
-3487
-5026
-5205
-4722
-4610
-5058
-5327
-4857
-4208
-4281
-5119
-5998
-6182
-5622
-4689
-3408
-1692
-27
841
650
128
303
1461
2836
3615
3840
4118
4656
4962
4566
3663
2847
2301
1765
1167
770
767
669
-192
-1675
-2983
-3523
-3548
-3602
-3731
-3670
-3337
-2933
-2596
-2185
-1593
-944
-408
68
766
1834
2937
3573
3659
3526
3546
3723
3840
3767
3601
3382
3044
2609
2163
1751
1267
601
-186
-875
-1318
-1510
-1665
-1867
-2017
-2066
-1993
-1851
-1594
-1275
-994
-745
-375
156
786
1375
1782
2021
2074
1963
1827
1754
1707
1659
1622
1738
2043
2513
2907
2746
1838
670
-172
-492
-623
-803
-844
-881
-1359
-2474
-3715
-4251
-3877
-3352
-3407
-3864
-3921
-3288
-2537
-2342
-2760
-3249
-3363
-3200
-2950
-2406
-1414
-249
534
759
839
1232
1873
2233
2077
1779
1828
2245
2621
2672
2466
2157
1714
1116
489
30
-218
-482
-993
-1582
-1847
-1657
-1397
-1488
-1860
-2146
-2183
-2010
-1638
-978
-105
634
1016
1209
1531
1998
2315
2304
2103
2020
2177
2407
2520
2553
2496
2228
1674
1020
621
516
419
125
-233
-437
-476
-541
-726
-907
-974
-909
-816
-699
-478
-198
14
71
129
387
802
1108
1194
1166
1110
1051
911
729
605
551
456
224
-73
-255
-244
-61
264
582
692
490
89
-276
-526
-792
-1070
-1222
-1233
-1322
-1609
-1875
-1889
-1711
-1621
-1800
-2012
-1852
-1359
-1017
-1165
-1636
-2005
-2076
-1976
-1762
-1415
-944
-463
-110
35
146
421
777
949
818
556
482
669
857
883
777
691
682
685
616
513
397
186
-116
-395
-523
-425
-238
-126
-68
44
216
345
412
487
551
569
586
700
965
1229
1294
1122
876
728
704
677
604
545
533
536
477
398
372
383
307
158
90
144
259
327
341
369
449
565
654
710
751
770
752
733
708
644
536
399
266
170
125
125
89
-95
-392
-697
-921
-1083
-1190
-1217
-1185
-1170
-1213
-1233
-1143
-971
-796
-492
107
845
1277
1207
938
894
985
873
624
557
684
513
-176
-915
-1136
-914
-782
-1080
-1524
-1688
-1536
-1469
-1786
-2358
-2803
-2958
-2955
-2913
-2775
-2370
-1778
-1261
-974
-767
-426
29
352
473
562
842
1307
1685
1785
1715
1702
1819
1950
1942
1836
1708
1506
1113
580
156
-26
-122
-304
-515
-601
-548
-513
-574
-654
-673
-640
-595
-501
-260
118
453
630
688
777
980
1224
1418
1523
1581
1609
1616
1621
1643
1728
1785
1706
1493
1246
1056
905
731
523
320
154
15
-105
-191
-251
-360
-554
-788
-1010
-1158
-1194
-1128
-999
-858
-714
-594
-572
-622
-652
-565
-398
-262
-178
-64
70
122
128
206
418
626
796
1094
1556
1883
1829
1509
1203
984
614
77
-399
-672
-940
-1490
-2243
-2702
-2694
-2497
-2568
-2900
-3080
-2860
-2473
-2328
-2517
-2762
-2769
-2606
-2386
-2129
-1682
-992
-215
445
956
1428
1956
2362
2495
2343
2089
1922
1831
1689
1459
1227
1046
917
757
567
368
141
-182
-593
-955
-1191
-1326
-1412
-1427
-1310
-1066
-733
-356
27
371
639
854
1055
1288
1582
1886
2075
2133
2133
2123
2121
2107
2068
1965
1809
1584
1310
1049
784
493
186
-100
-341
-519
-634
-693
-746
-833
-916
-962
-939
-883
-791
-695
-618
-524
-395
-222
-65
63
192
355
513
667
804
838
715
501
322
201
117
33
-94
-223
-336
-423
-453
-462
-349
-54
272
409
392
343
388
316
-31
-522
-923
-1231
-1623
-2125
-2478
-2416
-2102
-1844
-1840
-1832
-1583
-1144
-816
-785
-946
-1076
-1197
-1351
-1462
-1401
-1152
-824
-456
-6
557
1100
1447
1519
1418
1258
1129
949
673
389
159
-16
-156
-215
-93
168
389
479
501
560
591
500
279
37
-86
-64
79
321
621
918
1139
1287
1417
1535
1622
1610
1498
1338
1176
1053
953
828
679
544
442
368
293
224
162
57
-132
-338
-470
-493
-459
-427
-376
-270
-130
-2
87
134
149
162
165
133
108
118
146
100
-24
-135
-155
-46
70
92
59
-13
-135
-320
-552
-754
-881
-972
-1041
-1090
-1066
-971
-831
-551
-50
538
962
1150
1256
1432
1472
1231
803
395
-41
-670
-1457
-2018
-2098
-1907
-1854
-2072
-2233
-2055
-1606
-1258
-1158
-1202
-1261
-1445
-1801
-2146
-2235
-2062
-1780
-1469
-995
-229
709
1532
2020
2204
2277
2329
2234
1901
1424
979
602
236
-75
-132
106
407
557
623
780
1027
1175
1073
810
584
447
340
259
297
492
726
867
921
989
1102
1157
1076
892
708
535
329
102
-78
-144
-134
-86
-14
98
194
186
67
-136
-345
-487
-555
-555
-456
-278
-25
260
532
760
924
996
939
769
531
289
15
-321
-673
-924
-1007
-937
-789
-602
-429
-332
-348
-465
-620
-769
-897
-986
-1032
-1025
-941
-785
-596
-281
265
1002
1649
2018
2187
2360
2452
2206
1674
1069
469
-355
-1453
-2501
-3019
-3053
-3010
-3189
-3354
-3160
-2603
-2071
-1830
-1777
-1651
-1520
-1585
-1798
-1930
-1828
-1572
-1312
-1003
-403
551
1622
2471
3002
3330
3598
3720
3526
3029
2380
1699
1001
274
-315
-595
-626
-571
-496
-343
-50
300
534
550
388
175
9
-116
-208
-204
-92
54
164
290
552
952
1349
1568
1596
1520
1367
1125
813
503
270
134
70
87
183
330
429
389
225
-11
-263
-503
-709
-862
-934
-927
-843
-680
-456
-193
50
254
401
484
482
360
108
-193
-450
-607
-643
-559
-385
-151
98
312
475
595
648
586
374
96
-218
-543
-825
-1088
-1252
-1357
-1294
-864
-155
507
887
989
1069
1156
1101
892
601
279
-246
-1086
-1982
-2451
-2452
-2310
-2423
-2634
-2433
-1658
-742
-172
-57
-78
-39
-111
-427
-828
-1057
-1068
-1023
-1006
-830
-271
575
1344
1811
2089
2431
2820
2941
2575
1841
1005
259
-410
-991
-1352
-1414
-1288
-1133
-945
-605
-75
490
878
1042
1081
1088
1024
861
676
550
531
634
754
918
1181
1471
1666
1618
1402
1124
782
346
-139
-577
-889
-1092
-1210
-1211
-1100
-915
-714
-565
-453
-336
-242
-235
-383
-609
-765
-758
-579
-266
137
569
983
1311
1508
1586
1551
1393
1075
613
106
-346
-687
-972
-1211
-1311
-1229
-1007
-762
-519
-277
-96
-45
-144
-331
-555
-772
-908
-1001
-974
-848
-629
-395
-27
611
1462
2213
2595
2650
2649
2681
2578
2248
1738
1229
563
-400
-1468
-2137
-2217
-2067
-2264
-2689
-2848
-2403
-1724
-1388
-1539
-1812
-1952
-2034
-2252
-2543
-2597
-2298
-1842
-1411
-850
13
1137
2181
2918
3325
3554
3679
3640
3322
2692
1879
1083
455
-15
-323
-465
-471
-398
-326
-295
-291
-331
-456
-692
-1013
-1323
-1527
-1583
-1491
-1267
-924
-440
133
739
1323
1827
2137
2186
2004
1693
1304
857
396
-47
-369
-504
-447
-277
-84
78
154
91
-106
-372
-670
-1002
-1381
-1789
-2093
-2163
-1949
-1503
-937
-315
338
964
1504
1878
2011
1959
1773
1480
1103
716
436
328
321
348
458
637
841
1031
1099
1023
876
638
351
-28
-439
-730
-922
-1057
-1116
-1095
-965
-823
-734
-637
-607
-475
-87
475
934
1072
988
974
1048
1097
1065
945
711
240
-494
-1296
-1845
-2029
-2071
-2301
-2704
-2845
-2409
-1667
-1128
-1025
-1141
-1217
-1191
-1165
-1162
-1111
-937
-660
-313
143
753
1477
2157
2611
2770
2734
2611
2451
2127
1554
795
11
-596
-932
-1059
-1123
-1175
-1189
-1150
-1096
-1073
-1097
-1140
-1195
-1253
-1253
-1139
-849
-415
67
546
1012
1462
1886
2233
2412
2370
2119
1712
1216
711
246
-123
-378
-532
-564
-489
-324
-118
87
227
270
218
93
-38
-148
-221
-284
-333
-304
-105
251
678
1103
1501
1821
1997
2003
1825
1554
1227
844
437
58
-224
-395
-493
-563
-614
-647
-639
-608
-609
-615
-607
-676
-794
-881
-871
-809
-755
-663
-539
-407
-307
-290
-294
-339
-441
-612
-817
-959
-1058
-896
-416
202
666
830
836
884
951
981
875
646
295
-280
-1045
-1742
-2002
-1831
-1605
-1570
-1616
-1414
-850
-249
-24
-258
-659
-975
-1175
-1351
-1481
-1458
-1268
-973
-593
-84
568
1253
1793
2079
2087
1869
1537
1188
814
379
-70
-423
-554
-461
-254
-66
31
74
129
177
170
89
-54
-187
-285
-341
-303
-74
375
929
1431
1806
2113
2378
2563
2578
2399
2085
1704
1319
952
650
407
186
12
-112
-201
-252
-262
-272
-305
-396
-550
-694
-782
-803
-768
-684
-529
-304
-49
206
425
578
638
591
498
428
385
316
207
99
30
-5
-56
-164
-315
-472
-633
-786
-952
-1144
-1336
-1492
-1581
-1593
-1522
-1339
-1105
-897
-712
-572
-471
-400
-348
-334
-364
-429
-476
-472
-419
-370
-342
-300
-276
-237
-180
-22
330
768
1105
1218
1196
1162
1112
1038
897
725
491
74
-552
-1201
-1583
-1572
-1394
-1388
-1550
-1576
-1239
-718
-363
-336
-475
-578
-632
-697
-759
-720
-538
-273
41
434
964
1601
2219
2666
2842
2755
2494
2163
1804
1371
808
182
-351
-629
-637
-524
-433
-377
-284
-158
-60
-28
-37
-39
-62
-162
-305
-338
-165
189
585
899
1146
1372
1580
1726
1761
1677
1482
1188
853
551
315
136
-27
-173
-266
-283
-236
-183
-176
-246
-387
-557
-738
-892
-987
-1018
-1019
-1004
-955
-849
-699
-563
-471
-416
-389
-398
-451
-555
-651
-739
-807
-837
-811
-706
-559
-405
-297
-214
-132
-44
20
49
61
59
46
25
-1
2
53
126
174
169
122
44
-50
-166
-296
-430
-540
-606
-636
-631
-602
-574
-519
-435
-316
-179
-1
319
810
1361
1761
1910
1948
2022
2112
2104
1934
1675
1304
691
-140
-943
-1391
-1482
-1566
-1855
-2165
-2159
-1785
-1354
-1173
-1204
-1247
-1231
-1211
-1231
-1170
-952
-642
-338
-21
430
1044
1719
2294
2677
2831
2774
2571
2277
1920
1458
856
171
-408
-736
-846
-862
-876
-863
-797
-711
-653
-615
-564
-520
-525
-576
-610
-549
-352
-47
304
637
938
1235
1516
1732
1821
1791
1644
1375
981
506
50
-332
-620
-839
-1003
-1113
-1145
-1085
-968
-867
-835
-866
-907
-916
-891
-836
-763
-669
-546
-406
-233
-4
291
605
858
1024
1103
1127
1102
1016
880
679
421
169
-30
-144
-209
-271
-318
-345
-358
-355
-324
-273
-221
-216
-235
-250
-251
-237
-210
-151
-99
-70
-18
63
150
209
210
182
125
35
-77
-188
-297
-432
-592
-733
-787
-613
-173
364
749
885
891
967
1108
1191
1158
1003
692
138
-610
-1279
-1572
-1560
-1570
-1802
-2022
-1875
-1353
-807
-555
-549
-598
-635
-758
-984
-1150
-1124
-976
-829
-685
-409
82
712
1346
1847
2153
2251
2219
2114
1897
1531
1027
489
45
-253
-430
-509
-488
-395
-279
-211
-197
-177
-114
-52
-89
-241
-416
-495
-415
-218
12
241
476
725
976
1209
1398
1546
1615
1549
1358
1099
857
648
454
271
115
22
0
56
159
258
325
349
318
236
91
-81
-225
-329
-425
-532
-607
-620
-573
-485
-384
-284
-185
-96
-15
38
40
-16
-129
-276
-412
-508
-556
-547
-505
-439
-390
-333
-265
-200
-137
-107
-104
-148
-216
-274
-329
-389
-479
-576
-653
-688
-667
-624
-596
-577
-586
-622
-674
-734
-786
-811
-808
-795
-721
-436
73
630
1021
1203
1320
1499
1663
1657
1494
1255
867
182
-711
-1432
-1695
-1674
-1772
-2063
-2192
-1879
-1322
-894
-696
-494
-214
-97
-326
-678
-779
-589
-387
-342
-268
84
706
1377
1958
2471
2905
3158
3150
2939
2647
2284
1773
1105
412
-162
-594
-915
-1109
-1116
-977
-815
-686
-516
-226
94
276
296
272
317
414
486
537
633
792
942
1070
1214
1420
1648
1773
1730
1546
1281
966
611
212
-212
-639
-1025
-1320
-1499
-1566
-1555
-1478
-1343
-1179
-1025
-908
-792
-676
-569
-492
-469
-487
-495
-453
-358
-236
-119
-1
113
240
345
395
400
344
225
48
-177
-424
-666
-886
-1065
-1181
-1224
-1202
-1117
-975
-789
-599
-454
-340
-234
-155
-122
-146
-190
-217
-225
-217
-197
-141
-75
-5
64
115
149
160
126
44
-60
-83
93
432
758
933
997
1099
1272
1427
1482
1475
1430
1168
544
-257
-837
-1030
-1098
-1362
-1720
-1809
-1482
-1046
-778
-582
-245
160
320
130
-90
-24
246
389
284
195
386
804
1215
1548
1905
2298
2548
2504
2269
2034
1802
1424
849
199
-380
-870
-1274
-1559
-1672
-1647
-1584
-1483
-1269
-932
-561
-253
-47
106
241
329
359
392
469
546
567
541
564
671
800
880
878
825
720
548
312
27
-280
-604
-924
-1214
-1460
-1650
-1764
-1773
-1678
-1499
-1283
-1054
-827
-570
-296
-82
35
75
100
134
150
148
158
204
275
342
409
482
542
561
539
487
388
261
104
-78
-265
-436
-576
-681
-720
-688
-594
-457
-324
-201
-91
-3
42
38
27
21
24
29
35
52
92
147
205
283
373
432
448
422
383
348
313
315
384
529
709
879
1030
1183
1335
1436
1464
1416
1303
1109
793
348
-137
-565
-929
-1240
-1488
-1624
-1607
-1467
-1271
-1082
-888
-682
-504
-403
-397
-406
-398
-404
-449
-489
-449
-303
-76
213
530
845
1136
1356
1479
1497
1412
1223
937
568
154
-260
-649
-984
-1248
-1451
-1583
-1626
-1558
-1385
-1155
-919
-697
-483
-290
-146
-39
61
162
243
303
369
467
602
755
892
1016
1121
1177
1174
1094
965
799
587
314
-4
-314
-571
-771
-921
-1011
-1022
-962
-869
-726
-530
-313
-108
63
201
296
347
365
371
379
407
443
490
527
567
621
668
689
682
664
616
520
382
218
71
-58
-158
-239
-306
-339
-324
-249
-152
-61
5
53
93
125
143
174
226
269
288
292
309
331
334
301
230
135
26
-103
-254
-412
-567
-707
-834
-924
-938
-871
-727
-533
-329
-121
75
242
376
462
494
466
372
220
-2
-264
-505
-689
-822
-935
-1019
-1043
-1007
-926
-835
-744
-651
-585
-574
-611
-656
-663
-654
-656
-644
-571
-408
-189
51
308
602
910
1166
1338
1427
1463
1438
1327
1131
876
608
323
46
-207
-378
-460
-507
-534
-539
-490
-393
-312
-259
-213
-157
-96
-48
19
122
237
343
429
513
623
754
877
972
1014
996
922
807
687
570
457
340
215
116
56
39
47
76
127
194
274
330
371
400
430
450
430
356
242
149
84
36
-17
-54
-62
-69
-89
-115
-144
-161
-180
-230
-287
-343
-421
-506
-587
-655
-704
-730
-735
-729
-704
-665
-600
-521
-449
-394
-360
-339
-343
-378
-423
-469
-509
-495
-405
-238
-19
189
377
533
656
739
755
705
584
365
25
-405
-837
-1166
-1392
-1557
-1667
-1672
-1539
-1319
-1090
-864
-630
-409
-265
-245
-303
-356
-354
-317
-263
-161
32
323
664
1016
1382
1751
2077
2286
2338
2250
2057
1764
1364
890
415
-10
-390
-714
-940
-1052
-1072
-1041
-959
-823
-633
-425
-246
-103
0
94
180
262
359
489
650
839
1043
1247
1437
1595
1697
1723
1661
1516
1286
989
639
266
-103
-443
-742
-973
-1141
-1248
-1276
-1239
-1141
-1004
-860
-729
-606
-483
-353
-234
-129
-29
78
169
248
335
441
549
620
636
614
578
488
347
164
-49
-269
-499
-701
-854
-939
-973
-988
-974
-920
-830
-731
-648
-589
-526
-459
-409
-378
-374
-364
-331
-272
-199
-106
10
128
229
303
359
401
428
415
366
287
189
76
-42
-143
-200
-217
-192
-138
-70
21
113
194
260
310
355
375
367
335
296
260
228
189
136
80
46
50
63
65
58
55
61
49
26
18
33
55
57
40
39
51
63
57
44
41
47
66
81
95
112
122
122
122
126
144
146
125
97
58
23
-11
-62
-121
-166
-200
-225
-256
-282
-286
-266
-248
-238
-211
-160
-85
-28
3
24
53
72
64
44
46
67
87
92
96
114
151
197
232
262
289
313
313
288
248
207
167
105
21
-57
-103
-117
-121
-141
-148
-131
-118
-110
-96
-60
-11
26
50
73
97
123
143
158
183
221
241
233
205
173
142
99
42
-16
-74
-128
-175
-233
-275
-302
-324
-349
-387
-420
-429
-426
-413
-387
-350
-298
-261
-244
-218
-163
-78
-13
18
30
40
54
52
34
10
-14
-48
-96
-134
-146
-138
-135
-142
-136
-127
-118
-111
-101
-75
-48
-46
-56
-41
10
84
153
215
285
365
435
502
563
614
648
645
611
575
529
473
408
336
271
200
123
43
-24
-73
-118
-173
-235
-290
-347
-399
-433
-442
-434
-415
-388
-359
-317
-253
-176
-113
-50
0
41
81
105
118
120
99
63
20
-23
-47
-49
-44
-57
-75
-94
-106
-107
-98
-104
-116
-127
-131
-127
-115
-88
-56
-27
-4
34
93
160
212
249
286
309
324
332
342
356
356
330
284
241
206
160
95
21
-44
-102
-159
-221
-281
-317
-319
-295
-266
-239
-209
-163
-108
-59
-26
-1
34
62
80
97
113
140
168
187
206
228
245
251
246
245
245
231
197
157
110
53
-10
-84
-146
-188
-221
-246
-268
-279
-277
-266
-251
-225
-188
-155
-132
-123
-122
-124
-137
-160
-185
-197
-183
-162
-147
-132
-122
-103
-79
-62
-44
-26
-9
-11
-33
-66
-86
-86
-92
-111
-114
-93
-68
-39
-12
13
24
9
-16
-23
-11
12
25
34
49
55
67
77
106
153
194
227
255
280
301
313
316
305
278
256
244
245
252
252
248
226
195
181
180
187
178
167
157
152
148
148
156
172
187
183
176
159
135
84
8
-79
-162
-233
-307
-365
-403
-436
-459
-470
-462
-425
-365
-298
-236
-182
-140
-118
-107
-105
-102
-96
-92
-79
-62
-41
-28
-21
-26
-51
-88
-125
-159
-194
-247
-316
-382
-421
-430
-415
-379
-324
-264
-192
-130
-59
20
89
131
134
140
175
225
255
265
275
311
348
368
376
383
383
350
283
204
122
41
-20
-85
-134
-150
-145
-115
-78
-12
79
169
256
343
440
522
575
605
619
614
594
566
526
479
429
382
345
308
276
236
185
121
47
-28
-108
-191
-282
-363
-426
-492
-543
-574
-571
-533
-475
-400
-314
-229
-156
-91
-40
-1
33
48
52
39
13
-13
-45
-79
-116
-157
-200
-240
-290
-354
-422
-495
-553
-591
-623
-650
-648
-604
-548
-488
-428
-355
-282
-236
-205
-159
-93
-28
26
60
74
86
97
122
152
184
230
272
276
258
227
188
157
119
77
39
24
27
27
23
21
30
46
79
126
185
237
276
305
324
341
350
349
343
334
330
334
331
327
323
322
325
323
322
326
331
319
292
256
207
157
119
96
71
45
24
23
42
73
112
157
207
238
252
258
248
225
172
96
27
-27
-66
-102
-140
-162
-169
-169
-171
-177
-168
-165
-175
-199
-224
-238
-243
-246
-254
-243
-227
-211
-197
-194
-193
-201
-215
-237
-254
-264
-267
-261
-255
-254
-265
-265
-260
-255
-258
-268
-274
-285
-304
-328
-339
-341
-340
-320
-288
-234
-171
-118
-60
-4
53
95
115
122
112
98
83
71
62
51
55
63
68
73
79
77
57
47
31
8
-6
-14
-13
-10
3
41
88
115
139
174
199
208
191
152
124
102
71
39
20
16
26
39
60
96
138
174
186
173
158
143
133
118
100
97
114
141
162
202
268
336
383
402
403
407
410
383
341
294
255
222
177
142
120
101
84
54
22
7
1
-11
-29
-44
-57
-72
-86
-91
-84
-79
-85
-101
-118
-132
-146
-165
-191
-207
-216
-218
-209
-186
-150
-113
-85
-74
-73
-76
-80
-90
-110
-138
-160
-179
-202
-226
-242
-234
-222
-216
-210
-208
-203
-209
-221
-234
-241
-243
-243
-235
-220
-182
-128
-71
-16
36
79
123
151
160
161
150
130
91
50
21
6
-4
-26
-55
-77
-94
-121
-146
-161
-159
-148
-147
-151
-133
-107
-75
-58
-33
4
43
86
112
128
132
128
122
117
130
146
159
171
172
166
152
129
100
77
55
42
35
36
41
57
90
138
197
256
291
313
330
327
306
269
233
200
171
142
121
121
137
145
145
126
115
109
80
42
-14
-56
-84
-114
-157
-188
-201
-195
-176
-150
-112
-66
-29
-12
-16
-30
-43
-47
-42
-43
-47
-43
-42
-39
-39
-37
-29
-35
-57
-91
-119
-126
-134
-160
-185
-196
-183
-165
-139
-105
-71
-42
-35
-34
-33
-21
-21
-28
-40
-54
-44
-36
-25
-14
-3
9
18
25
30
35
29
6
-18
-35
-46
-51
-49
-44
-50
-57
-53
-38
-24
-19
-15
-8
3
4
4
18
35
43
41
38
52
61
60
61
71
89
107
117
114
104
104
106
98
89
82
73
59
37
16
-2
-14
-32
-50
-58
-56
-46
-41
-33
-32
-33
-36
-41
-43
-47
-52
-59
-61
-66
-55
-45
-28
-2
20
47
65
71
62
55
51
38
17
-7
-25
-41
-55
-55
-55
-47
-32
-20
-17
-15
-13
-10
-15
-34
-51
-51
-44
-40
-36
-23
5
41
72
102
127
152
172
165
145
116
103
92
64
38
16
0
-15
-21
-20
-14
7
22
30
28
16
6
-8
-16
-31
-42
-45
-34
-16
-5
-1
6
26
46
57
64
73
79
86
78
55
29
2
-24
-56
-88
-114
-126
-130
-144
-158
-156
-144
-129
-126
-120
-108
-74
-34
-13
-5
11
29
45
61
70
85
100
103
93
71
47
29
11
-16
-29
-42
-48
-51
-60
-72
-91
-106
-111
-113
-114
-113
-108
-83
-64
-50
-32
-15
14
39
64
94
113
127
123
115
101
77
58
37
19
5
-12
-23
-32
-39
-38
-35
-36
-37
-44
-45
-41
-31
-13
4
24
38
62
95
126
158
196
222
234
235
230
217
191
162
125
86
52
13
-29
-63
-89
-107
-119
-128
-129
-125
-122
-122
-130
-126
-120
-120
-118
-121
-115
-115
-122
-124
-117
-100
-77
-63
-41
-13
15
37
48
53
44
28
4
-20
-44
-70
-91
-113
-127
-126
-114
-103
-89
-67
-44
-12
16
41
63
71
80
80
75
74
65
62
67
72
81
91
109
127
139
151
162
167
170
168
152
140
117
96
74
48
29
13
-1
-20
-30
-28
-18
-12
-8
-1
2
9
20
26
34
35
27
15
5
-12
-32
-42
-55
-56
-61
-63
-54
-46
-42
-49
-68
-81
-92
-107
-119
-131
-139
-139
-128
-118
-98
-75
-55
-35
-13
23
54
81
95
98
93
80
67
52
42
34
28
21
19
13
8
4
-14
-41
-66
-89
-110
-142
-165
-179
-174
-167
-167
-160
-147
-120
-100
-80
-55
-23
-3
4
18
36
44
61
99
120
130
142
150
159
145
140
141
131
118
107
102
95
77
62
55
46
45
38
44
51
57
63
59
49
35
32
23
7
-13
-35
-47
-56
-62
-58
-50
-45
-39
-43
-34
-23
-3
19
29
36
36
44
49
55
54
48
42
33
24
15
3
-8
-18
-37
-55
-64
-71
-78
-83
-94
-107
-107
-107
-120
-127
-127
-122
-111
-102
-82
-55
-35
-20
-1
20
42
58
72
81
84
88
91
88
77
63
48
29
7
-6
-16
-30
-39
-49
-54
-43
-32
-25
-21
-19
-8
7
11
24
28
35
41
44
55
65
71
75
73
76
85
82
79
77
69
53
33
4
-29
-55
-73
-93
-109
-113
-116
-112
-109
-100
-81
-62
-48
-34
-20
-12
-8
-4
0
1
5
8
9
14
24
32
38
46
53
59
69
76
85
92
87
80
69
60
46
31
18
-5
-18
-34
-39
-44
-51
-58
-59
-54
-50
-36
-28
-24
-24
-29
-32
-23
-13
-7
2
16
31
44
52
63
80
98
109
112
116
117
113
99
74
47
14
-10
-37
-68
-93
-120
-133
-145
-147
-149
-145
-130
-116
-96
-86
-81
-71
-65
-58
-53
-50
-41
-21
-2
18
35
55
73
86
93
100
101
90
74
49
11
-24
-57
-90
-114
-134
-149
-149
-134
-119
-117
-102
-89
-75
-55
-40
-18
2
20
34
45
50
59
65
74
89
98
109
108
108
105
104
104
96
87
77
64
56
52
48
48
47
54
63
66
68
72
76
77
74
73
73
63
57
49
47
40
35
35
31
39
43
35
30
18
11
3
-10
-17
-29
-30
-32
-39
-35
-33
-23
-9
4
8
11
8
6
4
2
-4
-23
-48
-74
-97
-117
-132
-143
-157
-169
-173
-172
-157
-136
-115
-90
-72
-51
-27
-12
-4
5
13
19
26
28
33
33
39
50
45
44
45
38
32
19
3
-20
-43
-65
-91
-116
-138
-154
-164
-165
-161
-153
-144
-137
-122
-97
-71
-34
0
33
73
103
127
138
148
153
148
139
130
117
102
89
68
47
28
13
0
-11
-19
-22
-13
-3
3
18
28
35
34
32
45
50
57
68
81
100
106
109
115
118
126
121
109
91
72
59
33
13
-14
-37
-50
-66
-72
-71
-66
-58
-54
-54
-47
-43
-40
-37
-31
-26
-18
-10
-4
11
27
42
54
66
79
90
105
109
109
101
92
77
47
21
4
-12
-30
-45
-53
-62
-69
-70
-69
-73
-76
-72
-69
-69
-70
-65
-59
-53
-48
-43
-28
-9
17
32
46
61
71
85
93
90
89
83
61
47
17
-23
-52
-83
-111
-130
-149
-166
-181
-187
-192
-196
-186
-179
-174
-158
-146
-133
-115
-96
-62
-32
-8
14
33
45
67
77
81
88
82
75
58
42
25
1
-17
-37
-58
-76
-82
-77
-78
-78
-70
-57
-45
-41
-39
-36
-32
-27
-12
11
31
55
78
98
119
138
158
181
197
203
206
201
193
191
172
150
132
110
97
78
74
71
64
52
35
27
16
13
13
17
18
19
12
6
10
21
30
40
47
52
58
54
53
53
47
45
39
30
28
27
17
13
8
-1
-5
-5
-4
-11
-21
-36
-52
-69
-88
-108
-120
-137
-162
-169
-176
-183
-175
-175
-180
-181
-179
-176
-170
-158
-143
-125
-103
-81
-61
-46
-33
-22
-14
4
19
31
38
43
45
35
30
30
30
27
15
5
-7
-26
-34
-38
-34
-35
-29
-25
-23
-12
1
10
24
42
50
66
80
89
98
108
124
128
135
139
138
135
120
108
91
77
55
29
19
1
-11
-25
-30
-39
-50
-47
-48
-48
-48
-46
-37
-36
-31
-20
-12
-5
3
6
4
12
19
30
46
54
59
61
60
55
56
49
37
30
20
16
9
2
-7
-19
-19
-27
-30
-31
-32
-32
-40
-44
-47
-53
-55
-59
-62
-61
-57
-46
-37
-26
-13
2
14
22
23
19
21
18
12
13
12
11
8
3
-5
-10
-23
-27
-29
-33
-33
-38
-42
-45
-52
-58
-55
-56
-59
-65
-75
-73
-72
-72
-60
-50
-38
-16
4
26
43
60
76
83
84
89
93
96
90
84
82
74
66
59
54
53
45
44
46
41
42
41
34
26
18
6
0
-3
-5
-1
0
3
6
18
33
45
56
72
85
89
93
92
92
83
67
47
20
-3
-24
-36
-48
-66
-77
-88
-88
-92
-89
-82
-86
-81
-79
-77
-73
-71
-66
-55
-46
-39
-34
-30
-22
-13
-7
3
12
16
14
6
-3
-15
-26
-32
-46
-61
-76
-81
-80
-86
-87
-89
-86
-80
-82
-74
-72
-67
-62
-50
-31
-33
-25
-12
-3
6
8
15
20
14
14
25
33
33
35
42
46
39
33
31
22
13
9
2
-2
-6
-8
-8
-10
-8
-8
2
15
20
32
39
49
58
61
67
71
77
87
95
106
113
118
116
114
116
120
121
123
121
117
114
108
105
96
84
69
57
44
32
23
9
3
2
-5
-11
-1
1
-11
-17
-15
-11
-7
-6
3
9
7
5
16
21
17
12
13
15
12
9
6
0
-8
-26
-52
-81
-99
-107
-113
-122
-130
-133
-142
-149
-148
-146
-141
-133
-125
-118
-112
-110
-110
-103
-94
-89
-84
-72
-69
-68
-64
-63
-61
-57
-53
-54
-50
-46
-43
-40
-41
-39
-41
-45
-43
-40
-37
-35
-29
-27
-21
-19
-24
-22
-22
-21
-21
-21
-13
-11
0
18
28
40
55
64
79
94
104
116
128
140
141
145
153
160
157
155
153
143
137
136
141
136
135
131
129
115
95
80
62
46
38
31
20
19
14
12
16
26
34
43
51
58
63
67
67
68
65
55
51
46
41
40
28
20
2
-10
-18
-36
-45
-57
-72
-83
-93
-108
-117
-122
-123
-124
-116
-110
-110
-109
-102
-96
-95
-88
-79
-70
-60
-51
-41
-33
-33
-33
-29
-29
-35
-34
-39
-42
-40
-47
-46
-53
-69
-72
-72
-68
-70
-73
-74
-71
-64
-74
-72
-68
-68
-59
-51
-41
-34
-18
-5
7
17
20
25
29
31
36
43
40
37
35
36
33
36
39
46
54
57
62
63
63
68
70
72
69
61
65
65
62
70
69
75
79
69
67
62
59
55
46
46
40
33
30
21
19
16
11
6
9
8
8
10
9
3
-2
-6
-15
-18
-17
-22
-20
-18
-13
-11
-14
-16
-23
-23
-19
-15
-10
-6
-4
-5
-4
-2
-3
1
9
9
10
13
14
14
9
0
-3
-5
-1
-5
-4
-3
-5
-11
-12
-13
-14
-15
-23
-23
-25
-30
-38
-44
-49
-49
-55
-55
-55
-57
-54
-53
-42
-41
-41
-36
-38
-39
-37
-38
-33
-29
-27
-22
-20
-15
-13
-5
2
4
10
22
31
40
50
52
59
56
51
52
47
50
46
43
44
41
46
42
39
41
36
25
24
25
20
19
11
3
-2
-8
-12
-8
-8
-7
-5
-7
-3
-8
-9
-8
-13
-20
-22
-32
-35
-34
-36
-36
-36
-37
-34
-37
-33
-21
-16
-9
-2
5
15
18
21
23
22
20
11
11
8
7
7
4
9
6
2
-5
-5
-7
-8
-10
-11
-15
-11
-10
-12
-12
-11
-6
-3
3
0
-1
-1
2
7
9
17
24
28
31
34
31
24
18
14
3
-3
-8
-11
-8
-7
-8
-5
-12
-20
-24
-26
-24
-27
-29
-27
-28
-24
-20
-16
-14
-16
-10
-4
5
14
20
29
31
36
35
42
41
41
40
39
39
39
38
34
33
27
23
20
15
12
8
12
13
8
7
-1
-5
-12
-15
-18
-23
-16
-15
-12
-6
-9
-8
-11
-12
-16
-15
-12
-15
-15
-12
-10
-3
3
4
7
3
2
1
5
5
0
4
0
-2
-7
-10
-15
-23
-23
-30
-32
-32
-30
-31
-34
-34
-35
-36
-43
-48
-47
-38
-24
-14
-7
4
8
12
13
15
22
21
24
22
24
21
13
7
-1
-14
-16
-23
-28
-29
-34
-35
-37
-33
-34
-33
-33
-32
-30
-23
-11
0
4
11
16
17
22
26
35
44
45
52
59
59
63
61
64
60
54
54
48
42
28
22
18
11
8
4
3
-4
-6
0
2
7
7
5
11
3
2
0
1
6
6
8
15
18
18
17
18
21
21
21
20
16
10
4
-4
-10
-15
-22
-24
-30
-34
-38
-40
-48
-50
-51
-58
-61
-57
-56
-50
-39
-34
-27
-21
-11
-1
5
12
19
19
24
34
39
43
46
48
47
44
37
34
30
23
20
17
10
-4
-10
-17
-25
-32
-30
-27
-19
-17
-13
-3
-1
-2
-5
-9
-15
-16
-15
-17
-16
-17
-18
-17
-13
-10
-7
-2
0
-3
-1
-4
-6
-9
-17
-24
-35
-48
-52
-59
-62
-58
-61
-55
-50
-47
-36
-25
-14
-10
-7
0
11
17
18
18
17
16
17
20
23
32
40
47
48
44
47
40
31
23
17
11
8
6
7
5
2
0
-1
0
0
2
6
12
13
17
18
20
25
22
28
35
44
55
60
64
69
69
67
67
63
61
57
50
43
33
23
18
14
11
5
7
-1
2
5
3
10
6
5
6
3
5
3
-6
-14
-18
-14
-11
-12
-15
-17
-22
-25
-33
-36
-34
-39
-42
-48
-49
-57
-69
-74
-73
-81
-85
-89
-81
-88
-98
-91
-86
-81
-81
-71
-57
-48
-46
-41
-37
-28
-25
-21
-8
-6
-1
2
2
3
8
17
19
18
24
29
31
30
32
40
37
35
34
33
29
28
35
36
37
37
32
27
21
18
23
35
39
37
42
44
44
47
43
39
32
23
19
14
6
-1
-3
-7
-2
-4
-9
-7
-5
-8
-3
11
4
1
2
6
8
13
18
22
24
24
26
30
31
25
19
20
17
12
14
12
15
16
18
17
26
29
34
37
33
34
29
20
15
14
9
5
-1
-9
-17
-28
-35
-40
-44
-51
-59
-65
-67
-69
-67
-70
-71
-67
-68
-67
-60
-51
-45
-41
-34
-29
-21
-10
-4
6
11
12
15
16
16
12
0
-4
-7
-10
-17
-25
-26
-30
-32
-28
-26
-22
-21
-19
-11
-9
-1
8
12
19
25
33
39
44
49
50
56
57
65
71
68
64
57
48
36
24
11
-3
-11
-19
-26
-31
-37
-41
-40
-39
-39
-39
-39
-30
-23
-13
-5
6
14
20
23
26
27
31
32
30
34
35
33
29
32
25
24
16
10
9
-1
0
-4
-10
-13
-15
-20
-27
-26
-27
-20
-16
-17
-11
-9
-1
5
7
6
3
-1
2
5
8
8
6
3
2
4
-1
1
1
-2
-3
-2
2
1
-3
-8
-14
-18
-18
-15
-10
-6
-9
-9
-6
-2
5
6
6
4
-1
-3
-8
-18
-23
-24
-26
-23
-19
-19
-11
-4
-2
3
1
2
2
3
6
0
2
0
-3
0
-2
0
10
16
21
23
27
22
20
18
13
13
4
2
1
2
0
2
5
1
1
6
11
14
16
24
25
24
25
29
31
26
28
34
38
41
41
34
29
24
18
12
-2
-14
-18
-23
-21
-20
-18
-11
-12
-11
-8
-8
-12
-21
-25
-27
-31
-38
-41
-39
-38
-38
-35
-32
-27
-24
-21
-24
-25
-27
-33
-33
-37
-39
-45
-48
-48
-51
-52
-51
-49
-42
-45
-44
-45
-49
-50
-49
-43
-35
-27
-21
-19
-8
1
2
9
22
32
42
47
50
58
58
64
61
59
61
57
60
57
60
63
65
64
72
71
61
57
50
51
50
46
45
39
36
31
30
31
26
23
29
30
30
28
25
20
16
16
19
17
15
14
6
2
-2
-7
-10
-17
-27
-34
-36
-34
-33
-30
-32
-33
-39
-43
-45
-47
-46
-42
-32
-22
-13
-11
-6
-5
-8
-6
-4
1
0
-1
-4
-7
-13
-13
-8
-7
-9
-11
-13
-13
-17
-15
-17
-24
-29
-33
-33
-35
-30
-27
-24
-27
-31
-27
-29
-30
-34
-34
-29
-24
-25
-22
-20
-22
-19
-18
-19
-14
-17
-25
-24
-24
-20
-20
-14
-12
-11
-12
-12
-11
-8
-4
-1
5
12
15
15
15
16
16
23
23
23
26
31
35
36
37
32
24
24
29
29
30
26
23
22
17
18
19
19
20
22
31
32
38
41
37
34
29
28
27
27
27
25
17
16
14
12
19
20
24
33
34
32
32
33
36
33
31
27
25
23
18
14
13
13
12
5
6
10
3
0
-5
-9
-12
-21
-22
-25
-27
-26
-27
-24
-24
-29
-29
-36
-42
-37
-39
-38
-35
-38
-36
-35
-30
-29
-33
-34
-30
-30
-25
-21
-20
-16
-14
-14
-15
-14
-14
-10
-4
-6
-7
-3
-6
-6
-8
-12
-11
-9
-4
2
1
-4
-6
-3
-4
-7
-8
-9
-13
-18
-21
-22
-20
-19
-21
-19
-18
-16
-14
-16
-13
-13
-10
-6
-1
1
-5
-4
-4
-6
-6
-3
-2
-5
-5
-9
-14
-17
-19
-20
-20
-21
-16
-12
-7
-3
0
4
5
13
21
31
33
33
34
36
39
42
46
47
52
53
49
50
53
48
46
46
38
32
28
25
26
22
21
21
24
26
21
23
27
32
41
40
40
40
37
32
32
31
30
32
32
33
30
28
27
21
20
11
1
-5
-12
-23
-31
-38
-48
-56
-58
-63
-66
-64
-58
-57
-52
-47
-43
-40
-42
-37
-39
-31
-25
-23
-17
-19
-24
-17
-9
-4
0
2
8
7
5
1
0
-2
-6
-11
-13
-8
-11
-15
-14
-12
-18
-20
-16
-16
-16
-11
-11
-6
-4
-4
-2
-1
3
4
3
2
-4
-1
2
0
2
1
1
-2
-3
-8
-9
-11
-21
-21
-19
-21
-34
-38
-39
-38
-35
-34
-29
-27
-21
-17
-9
-4
0
7
11
13
16
21
28
38
37
40
39
33
31
31
29
26
25
23
18
13
4
-3
0
-2
-3
-6
-5
1
4
8
14
16
22
29
27
29
33
42
48
51
55
61
64
60
54
55
42
28
27
31
24
18
9
8
7
-5
-1
1
1
-3
3
6
-1
-2
1
5
5
2
10
12
11
8
2
-3
-10
-17
-22
-28
-36
-40
-47
-54
-53
-57
-53
-55
-55
-58
-57
-51
-58
-54
-54
-53
-47
-44
-39
-34
-31
-21
-16
-8
0
6
11
11
12
13
12
10
12
13
10
9
5
6
12
5
1
2
3
9
9
15
25
28
27
23
30
26
18
17
21
22
23
16
13
16
16
15
11
10
12
11
11
9
8
2
-3
-5
-9
-12
-14
-14
-13
-16
-14
-9
-8
-10
-12
-14
-15
-12
-13
-13
-17
-24
-26
-31
-32
-34
-34
-30
-28
-18
-12
-7
-4
-4
-4
-1
1
7
11
19
20
14
15
13
18
19
19
21
16
17
15
12
10
3
1
0
1
1
4
1
2
-8
-13
-7
-6
1
11
19
16
12
16
19
16
16
15
16
19
17
17
18
16
15
13
8
3
2
-2
-5
-7
-11
-10
-11
-13
-16
-12
-4
2
4
4
8
7
8
12
15
17
15
20
21
22
18
13
14
15
15
16
24
25
20
16
11
6
6
11
9
13
15
12
13
12
7
4
5
4
2
2
6
3
2
-2
-11
-13
-18
-16
-13
-13
-18
-22
-22
-19
-18
-21
-21
-23
-28
-26
-28
-29
-29
-30
-30
-31
-35
-38
-38
-42
-43
-47
-53
-59
-60
-61
-61
-57
-60
-53
-47
-42
-40
-32
-30
-28
-23
-19
-6
0
-1
0
8
7
8
10
6
7
8
10
13
15
19
23
31
36
34
30
30
31
26
25
24
18
23
23
20
24
26
28
31
32
31
32
34
34
37
41
44
41
43
42
37
33
29
28
21
23
27
28
30
31
33
26
30
26
19
25
22
22
19
17
17
9
-1
-7
-8
-7
-6
0
4
6
5
4
4
-1
-2
-1
-1
5
7
7
5
1
-7
-9
-12
-12
-8
-12
-11
-12
-11
-8
-7
-5
-6
-7
-9
-4
-2
-1
-2
-3
-5
-12
-12
-17
-28
-32
-34
-34
-34
-36
-36
-31
-32
-33
-31
-32
-30
-37
-41
-41
-42
-40
-31
-27
-29
-33
-36
-32
-25
-24
-19
-17
-18
-20
-31
-30
-32
-34
-32
-34
-30
-30
-27
-23
-23
-22
-22
-24
-29
-27
-26
-23
-21
-18
-7
-4
4
11
19
27
32
39
44
48
44
39
40
37
36
33
35
37
36
37
35
39
37
36
31
30
26
26
23
22
24
22
30
31
37
43
40
36
36
35
36
37
38
38
33
32
31
29
28
26
27
24
26
21
15
19
16
11
11
8
5
3
-7
-15
-10
-6
-4
-1
1
2
1
3
-4
-3
-2
-6
-3
-7
-12
-13
-15
-20
-25
-29
-28
-27
-22
-18
-15
-15
-13
-14
-14
-16
-19
-17
-16
-16
-15
-17
-16
-15
-14
-17
-20
-13
-19
-26
-27
-28
-29
-31
-29
-24
-25
-24
-23
-29
-25
-23
-26
-24
-19
-20
-18
-17
-20
-20
-24
-26
-27
-25
-21
-18
-18
-14
-10
-6
-5
-5
0
-1
1
1
-5
-7
-5
-7
-7
-5
-5
2
4
0
-1
0
0
4
6
10
17
15
21
18
18
23
26
25
28
31
30
29
25
27
25
23
21
20
26
26
29
33
29
27
27
23
18
10
13
14
17
20
19
20
17
11
13
13
12
15
10
5
0
-7
-10
-12
-15
-13
-11
-11
-12
-8
-4
-5
-4
-5
-10
-5
-3
-2
0
3
1
-2
-3
-2
-1
2
2
8
16
16
18
16
13
10
9
6
3
3
3
9
8
10
12
8
6
5
1
0
0
0
4
4
1
6
9
11
13
12
15
14
9
-3
-5
-5
-10
-19
-20
-23
-29
-32
-36
-33
-32
-32
-34
-31
-27
-28
-23
-24
-23
-21
-23
-25
-24
-19
-18
-12
-8
-6
-6
-11
-15
-18
-18
-22
-20
-20
-18
-14
-16
-16
-16
-10
-10
-7
0
0
1
-4
-4
0
-1
-3
1
4
14
21
25
34
28
22
21
19
18
9
5
2
-2
-1
-3
0
3
-4
-5
-4
-7
-7
-6
-5
-3
0
3
3
3
4
5
9
15
19
22
25
22
18
15
10
6
3
2
2
1
-1
-4
-2
-4
-5
-12
-10
-11
-14
-5
-3
-4
-4
-4
-5
1
6
17
22
26
26
24
27
24
20
13
9
7
5
13
16
17
20
17
16
18
22
26
27
24
27
31
28
30
35
36
38
38
32
34
35
37
38
34
33
33
26
25
26
17
13
7
4
-2
-8
-12
-15
-19
-24
-27
-26
-36
-45
-40
-40
-48
-50
-52
-51
-49
-50
-41
-39
-40
-43
-41
-37
-44
-44
-39
-38
-35
-31
-32
-30
-34
-33
-30
-31
-26
-31
-30
-30
-39
-40
-47
-47
-47
-42
-39
-28
-23
-22
-14
-7
-1
1
5
5
6
5
1
3
0
0
1