11
7
11
21
20
18
22
20
16
13
8
12
17
19
15
12
9
2
4
8
1
-5
-4
-6
4
7
3
4
6
10
15
22
16
11
2
11
22
29
30
24
15
5
2
-3
-3
-2
3
10
16
20
23
20
13
-2
-18
-15
-8
0
11
8
-7
-12
-7
8
3
-11
-9
-13
-16
-18
-15
-10
-11
-16
-16
-17
-19
-13
-11
-7
-16
-30
-39
-32
-21
-13
-8
-9
-16
-23
-18
-14
-18
-17
-15
-13
-8
-2
1
-7
-15
-12
-17
-13
-4
-1
2
-8
-7
-8
-9
-11
-9
-13
-8
1
-1
6
8
6
3
4
3
8
5
-6
-7
-8
-6
-3
3
5
-3
-5
5
13
21
18
10
0
-8
-9
-7
-5
-2
1
8
9
8
11
9
14
14
17
16
15
23
23
24
30
24
21
19
7
10
13
15
18
28
30
27
25
27
26
29
35
35
32
24
11
1
7
8
10
15
6
3
-1
-2
-3
-9
-11
-10
-12
-13
-8
-3
-5
-20
-31
-32
-25
-22
-17
-17
-10
-10
-15
-9
-11
-15
-12
-15
-11
-8
-15
-13
-15
-15
-7
-5
-6
-8
-15
-21
-19
-23
-23
-22
-30
-25
-10
1
10
14
6
-4
-15
-21
-17
-8
-1
5
14
12
1
-2
-3
-5
0
-2
2
8
4
12
11
3
-5
-10
-4
2
7
4
5
5
1
4
17
20
20
10
0
-4
-4
7
11
14
21
12
4
1
-5
-9
-7
-3
-7
-7
3
7
9
-2
-13
-16
-23
-16
-11
-4
-3
-9
-12
-7
-3
-3
5
1
-1
5
6
6
1
1
0
-2
9
15
11
8
13
14
15
12
13
14
8
9
7
10
14
14
13
17
6
-2
0
2
5
2
9
9
5
12
17
9
-5
-8
-7
4
12
10
11
8
7
3
1
-2
-2
0
-2
-2
-6
3
4
8
13
2
-3
-2
0
12
10
4
1
0
8
14
15
6
-10
-14
-14
-13
-8
-8
-3
4
6
-2
-6
-14
-16
-24
-30
-21
-14
-15
-18
-21
-28
-37
-44
-36
-36
-31
-17
-13
-14
-26
-34
-30
-18
-18
-11
-2
-2
3
9
6
-2
-2
6
8
8
4
1
10
9
8
13
20
12
10
2
-5
-1
-2
2
3
4
6
12
13
8
1
-14
-10
7
20
30
30
29
22
13
11
6
6
12
16
26
21
14
11
3
4
8
6
7
8
9
3
-10
-9
-5
-3
0
2
8
7
2
-7
-9
-8
-15
-12
-3
3
12
23
17
10
7
3
8
14
13
4
1
-5
0
8
17
15
2
0
-1
2
6
0
-5
-5
-7
-7
-3
6
9
4
4
2
8
5
1
-1
-9
-21
-18
-13
-10
-1
1
-6
-11
-7
1
7
1
1
-2
-5
-6
-6
-4
1
2
-1
9
9
2
-2
-10
-11
-14
-10
-2
-5
-8
-16
-18
-15
-11
-16
-18
-21
-21
-17
-13
-4
-5
-5
-11
-22
-30
-28
-12
-1
-7
-13
-16
-21
-20
-18
-16
-22
-19
-15
-10
-12
-15
-16
-19
-14
-11
-9
-10
1
6
2
0
-3
4
16
23
26
27
24
26
28
24
19
5
0
8
18
24
29
34
29
28
33
39
40
36
24
26
26
28
33
38
42
37
33
31
27
17
9
6
10
10
13
8
2
3
3
-4
1
9
9
11
4
1
1
-3
2
4
4
2
-1
-4
0
-4
-9
-11
-12
-10
-11
-13
-20
-20
-28
-28
-27
-31
-28
-25
-22
-25
-27
-36
-33
-36
-35
-26
-26
-33
-39
-33
-28
-21
-18
-22
-24
-21
-18
-7
-8
-19
-20
-13
-10
-8
-13
-22
-19
-9
5
14
13
8
0
-6
-4
-1
7
18
18
13
7
0
-4
-5
10
12
16
20
18
25
25
26
16
9
14
15
19
24
22
21
18
19
17
12
17
14
10
20
13
13
18
16
8
-2
-4
4
10
14
14
2
0
-1
0
1
-12
-15
-5
-5
-3
6
10
10
0
8
19
16
16
12
12
10
14
21
16
4
-7
-6
-1
-2
-7
-7
-14
-14
-5
-3
-8
-17
-26
-29
-24
-28
-32
-33
-31
-22
-15
-11
-13
-10
-10
-9
-4
-1
1
-2
-5
-2
-3
-8
-5
-3
-2
6
10
12
10
14
14
10
12
6
6
-1
-8
3
9
7
12
15
12
0
-4
3
12
-3
-4
10
3
3
2
-3
7
13
5
7
11
2
11
13
9
11
5
-2
-7
-5
-3
-5
-1
3
5
5
-2
0
2
0
-1
-4
-17
-22
-24
-19
-15
-13
-4
-4
3
2
-9
-13
-12
-21
-28
-32
-35
-30
-12
-1
-2
-3
-9
-7
-4
-2
3
-3
-11
-5
2
-1
-4
-8
-13
-7
-5
-3
8
10
6
1
-2
-1
7
10
11
12
23
34
38
36
25
18
8
16
17
18
24
20
20
19
16
10
6
9
13
20
23
22
22
16
7
2
-1
-11
-13
-10
-2
3
2
1
-8
-5
-8
-14
-12
-9
-12
-6
1
0
-5
-17
-19
-21
-19
-14
-5
-5
-8
-14
-17
-15
-13
-8
-2
3
-3
-11
-6
-3
-4
2
0
-6
-2
-4
-6
-1
9
16
14
19
18
11
2
-3
-3
1
14
28
24
17
6
-2
-4
-7
0
9
14
12
15
10
4
-4
-19
-24
-21
-9
-1
6
13
7
-1
-13
-15
-15
-23
-27
-26
-20
-10
-8
-7
-19
-29
-26
-22
-10
0
-1
0
-7
-13
-10
-4
-1
-2
-7
-14
-7
-4
3
5
-4
-8
-10
-2
2
-3
6
7
8
10
11
9
-5
-10
-10
-9
2
14
26
32
20
10
7
12
20
17
14
11
4
8
11
8
11
6
2
3
10
18
25
24
17
9
8
11
5
5
8
13
20
20
20
9
-2
-6
-3
0
-1
-6
-4
1
2
1
-3
-8
-13
-15
-14
-8
-6
-7
-2
-3
-10
-15
-21
-16
-5
-1
1
-5
-12
-17
-11
-3
-5
-18
-18
-13
-12
-5
-2
-2
-4
-2
5
1
-2
-5
-4
2
1
-1
9
14
14
22
23
24
28
28
32
26
20
11
7
12
15
22
18
12
9
2
-3
-5
-10
-16
-10
-6
1
-7
-17
-26
-28
-21
-17
-11
-15
-8
-4
1
-9
-23
-24
-32
-30
-24
-21
-19
-18
-11
-11
-21
-28
-34
-26
-13
-19
-21
-20
-13
-10
-11
-6
-10
-10
-4
-2
1
5
7
9
15
13
15
19
23
22
17
18
7
5
9
13
13
6
8
9
6
8
5
6
10
8
17
27
27
23
22
19
12
10
10
21
28
21
16
7
3
7
6
12
16
11
4
5
8
4
1
5
10
13
17
16
13
2
-10
-17
-25
-17
-12
-14
-2
-3
0
6
12
-1
-17
-24
-22
-19
-16
-8
-5
-3
-1
-4
-9
-12
-11
-8
-12
-7
-1
-5
-9
-2
3
-6
-2
1
0
2
5
7
4
1
9
6
4
-3
-10
-13
-7
4
12
15
13
14
9
10
3
0
0
-4
-6
-2
0
3
2
-4
-6
-12
-9
-3
3
5
2
1
2
-8
-11
-10
-9
2
5
4
-4
-14
-22
-15
-16
-23
-21
-18
-15
-6
-13
-15
-18
-27
-21
-11
-9
-17
-18
-15
-9
-8
-11
-12
-19
-21
-11
0
0
0
-2
-2
1
3
2
2
8
15
14
17
18
14
9
12
20
24
34
35
30
34
33
31
26
16
16
11
11
6
6
8
7
9
4
1
6
7
3
-1
-4
-2
-6
-7
7
14
13
15
15
12
7
8
6
-4
-10
-13
-6
-4
-1
1
-2
-5
-4
-1
-1
0
-1
-5
-10
-14
-10
-5
-4
-2
-4
1
6
10
17
8
-1
-2
-4
1
5
3
4
8
17
21
18
19
15
15
5
1
2
5
11
4
-2
-1
0
2
1
-3
-11
-12
-5
-11
-14
-10
-13
-17
-26
-22
-16
-7
1
0
1
-5
-13
-17
-20
-20
-23
-29
-27
-22
-17
-14
-10
-18
-30
-35
-34
-24
-20
-20
-19
-20
-12
-9
-4
-5
-9
-13
-14
-9
-12
-15
-11
-5
-11
-10
-1
-2
-6
-8
0
0
5
11
7
8
3
0
0
2
10
17
17
14
15
17
19
31
34
35
35
29
29
29
32
29
20
20
21
18
23
29
32
32
26
19
11
1
-4
-2
-3
-2
8
15
12
12
3
0
4
3
-3
-6
-10
-13
-6
3
18
20
17
16
10
6
2
3
8
11
5
5
1
-3
-11
-15
-9
-1
1
6
10
7
3
5
7
6
-2
-11
-4
-6
-10
-5
3
2
-3
-5
-10
-7
-10
-10
0
-2
-11
-19
-16
-15
-14
-11
-17
-24
-22
-27
-27
-29
-36
-34
-30
-28
-25
-19
-17
-18
-15
-14
-21
-20
-13
-12
-13
-20
-29
-31
-26
-19
-17
-8
-4
-2
9
7
0
-5
-2
-8
-6
4
5
9
10
13
16
16
20
28
19
11
10
8
23
35
28
12
16
11
15
25
23
19
11
14
19
26
25
10
0
0
4
11
14
14
15
13
-2
-6
-3
-2
6
4
-4
1
5
8
8
5
0
-7
-4
1
-2
-5
-11
-23
-21
-18
-22
-23
-22
-24
-22
-22
-17
-18
-19
-28
-28
-16
-13
6
6
6
1
-2
1
4
10
8
11
8
11
20
24
29
22
18
19
14
25
36
35
39
34
33
30
16
18
17
12
20
27
33
34
37
42
40
34
33
35
42
44
41
25
12
-1
-8
-10
-7
-2
1
1
-5
-10
-13
-15
-25
-37
-37
-30
-27
-27
-30
-40
-52
-57
-52
-50
-57
-59
-55
-54
-47
-44
-46
-43
-50
-55
-45
-48
-48
-45
-43
-41
-41
-42
-43
-37
-34
-29
-24
-22
-19
-16
-14
-11
-4
1
5
12
11
13
18
16
14
17
27
30
27
21
11
12
23
35
43
44
42
34
35
39
33
30
26
31
39
44
45
47
41
22
18
16
17
21
31
36
31
27
19
15
16
17
20
12
8
3
0
12
15
10
5
-5
-6
-2
-1
3
2
-2
0
-2
-7
-7
0
0
-7
-1
7
10
4
2
1
4
6
0
-1
-2
-6
1
7
3
3
3
-4
-6
-6
-3
-4
-3
-2
-13
-17
-12
-2
-2
-4
-11
-8
0
-3
-3
-3
-8
-6
-5
-4
-2
-4
-3
3
-8
-12
-9
-8
-11
-20
-21
-26
-29
-22
-18
-22
-36
-41
-44
-44
-40
-44
-43
-44
-41
-34
-23
-19
-19
-23
-25
-23
-19
-10
-7
-7
-3
-3
-2
-2
-5
-1
-1
6
12
14
15
21
25
24
22
22
23
23
25
23
20
20
24
20
15
15
13
6
10
19
22
22
21
18
21
22
19
19
24
28
24
24
14
13
13
5
2
6
6
10
23
29
18
7
6
6
4
2
6
-2
-5
-3
6
10
7
-2
-17
-16
-13
-7
0
1
-3
-7
-4
0
-3
-6
-17
-25
-23
-23
-10
-7
-20
-27
-15
-8
-14
-21
-17
-16
-18
-19
-16
-6
-4
-4
-3
-9
-8
-9
-10
3
8
3
-1
1
4
4
10
10
6
3
12
23
23
24
22
21
23
23
25
18
14
14
25
28
26
15
4
2
-4
-2
0
1
0
-3
7
3
-6
-14
-14
-11
-7
-5
-10
-14
-13
-9
0
12
2
-7
-6
-1
5
7
2
-11
-13
-12
-19
-22
-32
-40
-32
-23
-18
-15
-11
-12
-9
-7
-6
-3
-11
-6
-7
-13
-13
-8
-5
-4
-1
-7
-7
-8
-2
-2
0
7
10
5
0
8
9
10
6
-8
-11
-4
0
-6
-12
-19
-16
-10
-7
0
1
-2
-5
-8
-5
-6
-10
-6
-14
-14
-2
12
21
13
3
3
11
16
14
2
-3
0
0
5
2
-1
5
13
15
17
17
17
18
16
13
6
11
17
25
25
16
18
12
14
27
30
25
24
20
24
32
29
30
31
31
36
33
30
20
11
8
10
20
26
30
28
26
21
15
15
10
3
-2
-5
-3
1
5
1
-10
-22
-28
-30
-33
-27
-24
-27
-29
-42
-46
-44
-43
-47
-48
-45
-48
-48
-40
-35
-25
-12
-7
-11
-18
-23
-25
-29
-29
-32
-28
-22
-18
-17
-20
-27
-30
-23
-14
-18
-28
-27
-22
-15
-14
-17
-19
-18
-10
-2
7
5
-6
-4
-1
1
-8
-10
3
10
19
14
15
21
20
20
23
26
24
30
34
44
48
42
44
47
49
46
39
36
35
32
35
38
35
33
30
37
42
36
27
19
16
17
20
21
14
13
17
19
18
16
18
17
13
11
17
9
-1
-2
-3
4
7
3
-5
-1
5
5
4
-13
-27
-37
-37
-38
-42
-49
-58
-57
-57
-57
-58
-68
-78
-81
-88
-91
-103
-104
-96
-99
-102
-98
-91
-85
-80
-85
-90
-92
-89
-86
-67
-44
-40
-32
-24
-20
-12
-5
-1
8
30
51
72
81
83
88
94
109
109
117
127
146
160
172
172
166
160
163
176
169
169
166
162
155
151
141
115
106
105
116
138
140
131
120
96
86
76
70
54
47
44
43
49
39
44
54
62
51
35
20
4
-6
-33
-66
-85
-111
-126
-141
-159
-185
-226
-235
-236
-253
-285
-329
-371
-400
-428
-448
-463
-480
-490
-485
-462
-439
-424
-419
-419
-403
-377
-345
-304
-270
-239
-205
-177
-143
-113
-69
-15
42
93
132
154
178
205
227
249
265
289
318
357
403
438
454
466
465
466
480
487
496
504
511
524
521
510
496
478
468
460
457
456
435
397
351
304
266
236
215
180
135
116
101
73
37
-15
-65
-89
-89
-45
67
126
36
-105
-178
-175
-145
-147
-185
-196
-169
-145
-137
-209
-353
-473
-474
-362
-269
-305
-450
-564
-607
-629
-667
-735
-819
-859
-807
-680
-559
-549
-637
-719
-719
-634
-532
-476
-442
-361
-238
-145
-108
-122
-150
-106
24
184
277
279
250
247
283
309
306
278
265
303
383
447
473
454
417
397
392
381
373
390
431
492
521
505
453
410
400
415
440
455
461
474
485
474
443
380
313
282
296
320
324
301
269
247
209
157
90
27
-4
0
21
14
-29
-83
-136
-174
-188
-203
-229
-246
-243
-232
-235
-260
-281
-287
-291
-290
-284
-261
-217
-151
-83
-33
-48
-116
-179
-180
-142
-113
-94
-97
-92
-84
-83
-112
-189
-273
-300
-267
-228
-231
-298
-395
-471
-510
-539
-574
-613
-635
-612
-540
-475
-457
-497
-546
-552
-512
-439
-365
-308
-231
-149
-84
-60
-61
-53
-22
66
169
249
296
311
320
326
325
325
331
351
404
473
526
544
537
509
495
503
501
502
514
535
559
574
559
525
499
483
482
495
508
511
507
484
448
403
361
328
313
312
297
283
256
218
177
135
93
59
28
-4
-35
-57
-70
-94
-125
-151
-190
-226
-242
-257
-266
-272
-280
-290
-305
-320
-314
-297
-293
-287
-246
-181
-120
-116
-179
-231
-242
-231
-212
-212
-221
-231
-218
-202
-228
-309
-406
-435
-388
-337
-346
-438
-561
-642
-679
-702
-726
-747
-767
-755
-704
-634
-583
-599
-636
-640
-578
-485
-414
-354
-279
-174
-78
-19
5
28
81
186
315
411
442
427
420
450
496
513
511
526
570
641
707
731
706
667
637
617
618
619
615
630
657
666
640
594
543
518
517
525
519
494
465
445
421
366
300
242
212
211
218
216
186
138
89
36
-12
-56
-100
-112
-106
-108
-115
-153
-206
-229
-233
-235
-233
-235
-252
-264
-258
-264
-281
-293
-284
-246
-195
-165
-142
-115
-53
54
108
38
-52
-74
-34
25
42
0
-48
-58
-25
15
-20
-137
-240
-267
-221
-193
-290
-463
-601
-660
-675
-689
-728
-805
-865
-849
-766
-698
-718
-822
-886
-849
-744
-650
-627
-601
-535
-438
-347
-296
-271
-260
-192
-71
56
128
123
119
149
201
235
244
253
306
408
512
576
582
554
542
558
600
595
604
611
638
731
728
680
664
679
698
723
717
721
718
697
682
621
553
530
527
529
533
517
491
463
436
400
359
313
265
228
213
220
211
166
100
65
60
52
16
-45
-90
-102
-105
-124
-177
-240
-263
-242
-201
-192
-205
-199
-140
-28
-3
-108
-242
-322
-304
-244
-242
-295
-339
-352
-324
-297
-360
-505
-626
-636
-560
-519
-613
-803
-963
-1040
-1041
-1029
-1071
-1140
-1178
-1152
-1046
-950
-958
-1054
-1111
-1045
-905
-784
-728
-676
-563
-425
-320
-263
-228
-169
-49
119
277
347
332
327
381
474
549
572
592
660
774
886
932
928
909
906
932
951
958
965
987
1026
1055
1052
1009
957
946
958
969
959
928
893
857
817
756
668
589
550
535
516
475
418
364
318
259
185
96
9
-43
-67
-80
-107
-176
-260
-308
-312
-313
-337
-393
-451
-477
-488
-499
-525
-562
-581
-568
-525
-481
-464
-451
-389
-254
-157
-207
-333
-398
-360
-284
-271
-313
-341
-318
-253
-206
-243
-368
-471
-466
-369
-297
-366
-570
-742
-799
-799
-804
-853
-930
-979
-953
-857
-759
-758
-848
-925
-895
-767
-664
-640
-609
-489
-336
-244
-214
-186
-129
-7
160
307
368
351
341
393
487
552
550
560
641
774
895
945
949
946
942
948
969
967
959
980
1029
1060
1042
995
942
930
945
942
919
883
852
824
761
669
578
494
436
422
419
385
321
270
237
201
119
-4
-93
-114
-101
-98
-123
-189
-272
-327
-328
-308
-321
-354
-382
-392
-400
-422
-476
-547
-576
-563
-518
-475
-445
-424
-389
-314
-201
-164
-260
-373
-413
-343
-260
-244
-307
-353
-330
-267
-220
-271
-386
-449
-393
-285
-243
-356
-578
-733
-767
-755
-764
-811
-883
-912
-868
-780
-715
-749
-869
-930
-861
-711
-620
-613
-584
-484
-355
-281
-260
-233
-158
-22
148
282
325
298
275
312
398
453
465
487
589
724
817
850
848
838
847
872
904
930
952
981
1014
1031
1003
957
915
909
923
939
930
905
882
846
768
671
593
537
512
506
487
447
387
327
290
229
139
51
-2
-13
-16
-33
-99
-170
-213
-233
-234
-225
-253
-285
-298
-309
-321
-360
-422
-464
-465
-433
-379
-331
-317
-310
-261
-167
-62
-57
-179
-294
-290
-214
-167
-210
-292
-304
-242
-186
-200
-322
-469
-488
-397
-312
-352
-550
-765
-876
-897
-896
-935
-1018
-1089
-1099
-1036
-936
-903
-991
-1121
-1137
-1025
-886
-831
-819
-738
-593
-485
-446
-431
-390
-284
-130
33
134
162
155
186
275
361
380
386
461
605
749
826
848
859
880
897
921
944
979
1033
1102
1160
1170
1144
1104
1081
1099
1120
1113
1100
1099
1084
1052
974
877
792
747
747
746
720
665
606
557
482
374
276
198
166
172
177
115
26
-36
-105
-149
-146
-180
-241
-268
-294
-315
-339
-409
-497
-548
-557
-534
-481
-452
-439
-427
-386
-296
-250
-335
-477
-531
-491
-420
-400
-470
-543
-513
-439
-417
-502
-667
-769
-710
-594
-561
-657
-856
-1021
-1067
-1063
-1103
-1173
-1221
-1233
-1185
-1081
-1019
-1058
-1147
-1186
-1121
-986
-905
-850
-757
-611
-436
-341
-344
-342
-243
-69
114
260
344
371
398
466
544
580
585
637
765
929
1061
1120
1141
1147
1152
1161
1162
1173
1229
1317
1390
1411
1388
1344
1284
1268
1273
1286
1285
1278
1275
1254
1167
1021
898
805
760
756
733
689
641
571
489
372
212
83
30
31
35
13
-61
-181
-271
-334
-383
-425
-480
-523
-539
-548
-570
-623
-723
-820
-847
-805
-770
-739
-708
-670
-573
-461
-466
-590
-718
-756
-680
-600
-625
-673
-657
-600
-551
-568
-685
-839
-867
-751
-589
-553
-715
-913
-1005
-1039
-1063
-1115
-1171
-1192
-1140
-1026
-915
-848
-874
-962
-974
-868
-754
-683
-613
-461
-230
-58
-32
-73
-46
74
252
433
541
594
639
691
755
789
757
712
757
901
1045
1147
1189
1203
1216
1210
1169
1112
1097
1135
1236
1337
1362
1331
1282
1243
1217
1196
1150
1122
1150
1176
1168
1099
973
824
704
634
607
587
542
507
485
433
294
121
-30
-117
-124
-116
-136
-201
-295
-393
-453
-488
-527
-599
-661
-677
-666
-667
-716
-794
-884
-935
-921
-863
-815
-787
-713
-567
-429
-445
-605
-753
-769
-659
-603
-655
-689
-614
-529
-518
-566
-656
-754
-806
-725
-561
-504
-654
-836
-907
-943
-1003
-1077
-1127
-1102
-1012
-891
-758
-693
-731
-801
-792
-705
-626
-571
-504
-336
-92
84
122
107
132
223
353
480
589
647
686
762
844
849
755
676
711
801
905
1029
1113
1186
1182
1178
1198
1086
998
952
995
1081
1112
1093
1108
1147
1117
1049
915
843
859
928
1039
1115
1095
955
732
555
441
390
406
443
522
529
445
281
76
-74
-145
-176
-160
-142
-206
-286
-333
-403
-507
-610
-718
-784
-772
-755
-746
-715
-691
-670
-641
-614
-577
-443
-117
274
409
146
-185
-291
-281
-422
-688
-772
-579
-439
-624
-921
-1145
-1334
-1512
-1541
-1401
-1318
-1488
-1800
-1930
-1868
-1865
-2025
-2125
-1924
-1467
-994
-677
-515
-407
-269
-69
102
150
173
344
748
1178
1346
1247
1095
1035
1027
1020
1004
927
766
619
570
484
199
-204
-418
-326
-162
-64
44
225
416
518
535
509
462
449
576
881
1238
1461
1538
1558
1582
1578
1520
1468
1480
1547
1574
1523
1404
1229
973
680
423
275
237
280
353
354
284
154
-15
-186
-295
-350
-278
-101
47
84
24
-91
-235
-286
-264
-213
-183
-202
-253
-351
-512
-661
-660
-544
-394
-252
93
758
1227
884
9
-603
-723
-829
-1273
-1666
-1515
-978
-936
-1671
-2505
-2844
-2673
-2373
-2051
-1623
-1249
-1291
-1688
-1940
-1934
-1966
-2067
-1841
-1032
17
716
847
705
628
659
644
401
118
232
772
1265
1250
788
288
12
-107
-194
-135
88
259
282
242
146
-117
-511
-771
-616
-65
544
1015
1373
1671
1759
1566
1220
928
843
928
1181
1511
1772
1794
1577
1226
893
700
603
648
849
1117
1179
1013
783
462
115
-126
-112
122
548
996
1191
1130
935
625
244
18
-22
72
289
529
538
375
78
-313
-627
-729
-657
-530
-313
-222
-290
-537
-919
-1140
-1039
-701
-393
248
1513
2459
1929
390
-751
-1119
-1516
-2308
-2786
-2323
-1376
-1240
-2283
-3512
-3844
-3390
-2769
-2239
-1615
-859
-499
-670
-1061
-1437
-1905
-2189
-1730
-686
334
1003
1360
1454
1195
657
45
-458
-630
-328
312
832
956
846
632
229
-190
-209
154
501
724
939
1095
1016
646
30
-508
-492
101
829
1378
1821
2184
2259
1843
1162
632
411
439
639
998
1362
1541
1413
1038
691
499
393
387
581
900
1138
1213
1044
633
228
1
-92
10
376
714
882
988
959
601
132
-208
-417
-334
-114
-13
28
190
62
-273
-413
-542
-761
-846
-654
-485
-411
-551
-835
-901
-670
-423
-365
129
1616
2960
2345
378
-756
-701
-1211
-2856
-3944
-3080
-1378
-1207
-2729
-3862
-3221
-1898
-1625
-2210
-1783
-90
825
-44
-1325
-1577
-1143
-1192
-1783
-1763
-522
928
1377
969
617
744
623
-243
-1087
-801
359
987
847
709
948
1155
702
-49
-103
564
842
496
255
430
595
234
-414
-637
-116
692
1273
1617
1928
2161
2020
1411
696
232
87
178
462
910
1288
1334
1066
790
651
548
476
526
708
979
1198
1081
709
336
49
-78
7
234
480
798
1019
922
622
220
-137
-211
-77
39
128
226
259
115
-131
-350
-452
-437
-332
-183
-119
-196
-351
-592
-743
-565
-253
-112
132
1254
2805
2954
1172
-665
-1068
-1043
-2145
-3723
-3884
-2342
-1148
-1940
-3519
-3667
-2354
-1413
-1617
-1698
-600
638
442
-893
-1781
-1693
-1586
-2072
-2420
-1664
-18
1078
905
289
286
658
291
-796
-1290
-500
667
1011
625
512
989
1169
559
-29
131
534
405
4
-4
350
419
-34
-429
-125
684
1317
1569
1771
2146
2388
2094
1396
729
310
136
154
413
842
1193
1319
1302
1233
1068
827
548
428
602
880
989
920
701
340
103
39
-2
77
309
525
663
679
536
369
304
195
112
288
452
274
27
-54
-136
-212
-235
-299
-426
-474
-452
-551
-771
-813
-385
156
341
302
927
2450
3218
1926
-201
-1025
-862
-1588
-3466
-4458
-3162
-1399
-1594
-3188
-3638
-2390
-1191
-1270
-1714
-1100
198
449
-742
-1854
-1911
-1674
-2112
-2718
-2342
-844
517
799
447
437
839
712
-251
-994
-623
326
789
559
410
809
1211
840
4
-309
-15
36
-396
-566
-128
341
289
7
123
723
1333
1617
1743
1991
2286
2237
1704
951
383
189
253
419
738
1189
1579
1842
1839
1525
1180
914
588
296
360
605
582
437
331
204
233
271
60
54
491
630
394
327
338
294
239
150
117
231
179
36
114
98
-132
-175
-124
-272
-421
-559
-701
-438
224
641
763
1604
3250
3818
2257
219
-394
-476
-1874
-4187
-5048
-3615
-2138
-2589
-3835
-3578
-1833
-556
-932
-1685
-1107
92
-32
-1429
-2331
-2118
-1871
-2345
-2873
-2482
-1227
-166
127
162
654
1287
1111
10
-852
-631
-2
31
-397
-340
477
1186
948
182
-102
70
-160
-795
-991
-485
88
334
560
985
1408
1654
1797
1940
2049
2055
1928
1664
1245
763
478
420
566
922
1277
1553
1928
2220
2138
1865
1502
1003
519
298
315
376
486
452
362
528
799
677
283
173
170
227
358
343
68
-93
-14
-16
-72
-108
-58
47
66
-100
-203
-300
-588
-923
-1057
-1065
-841
-396
-74
201
601
1537
2776
3159
1894
112
-561
-619
-1685
-3775
-4818
-3771
-2270
-2270
-3266
-3201
-1578
-69
-44
-789
-881
-357
-394
-1367
-2294
-2354
-2016
-2036
-2280
-2019
-1111
-185
145
16
221
940
1203
495
-333
-381
146
349
-88
-491
-144
509
624
275
73
119
-6
-459
-846
-721
-156
398
780
1280
1923
2341
2247
1779
1322
1117
1033
824
573
471
660
997
1308
1573
1754
1828
1868
1907
1799
1615
1370
728
100
124
372
242
-2
54
297
663
800
548
280
271
269
133
51
75
90
103
219
254
133
-44
-193
-274
-131
-37
-155
-289
-368
-542
-778
-834
-669
-246
343
833
1465
2633
3398
2595
864
-173
-527
-1439
-3201
-4506
-4091
-2824
-2498
-3182
-3110
-1693
-236
120
-225
-275
-1
-246
-1355
-2451
-2687
-2429
-2393
-2458
-1998
-1014
-144
183
62
86
549
853
525
-5
-162
-19
-11
-249
-454
-326
-52
-8
-147
-147
-15
-164
-591
-825
-670
-421
-183
243
876
1534
2047
2307
2260
1950
1492
980
512
194
97
234
547
956
1458
1965
2223
2120
1907
1727
1555
1382
1024
623
472
501
481
395
338
333
504
653
596
464
378
361
339
339
342
324
192
77
241
462
457
243
-69
-345
-543
-725
-820
-506
63
580
1053
1801
3088
3752
2616
639
-133
-251
-1631
-3838
-4639
-3420
-2264
-2728
-3744
-3333
-1698
-614
-671
-677
181
962
505
-778
-1675
-1965
-2403
-3133
-3348
-2626
-1536
-764
-306
104
565
905
747
139
-310
-328
-253
-333
-478
-519
-385
-341
-572
-753
-629
-628
-996
-1156
-758
-251
2
222
630
1104
1349
1302
1261
1383
1462
1375
1235
1078
894
656
414
345
559
933
1305
1682
2000
2075
1938
1793
1439
867
380
182
342
659
716
700
1102
1401
1097
646
472
438
477
519
500
562
699
590
272
-45
-213
-210
-55
148
209
154
75
76
164
241
215
291
667
1671
2877
3005
1546
-109
-669
-1135
-2696
-4395
-4387
-2905
-1843
-2150
-2657
-1901
-338
331
-229
-591
-2
496
-112
-1319
-1915
-1691
-1604
-2116
-2453
-1948
-1049
-515
-543
-659
-332
115
-93
-736
-781
-228
137
-19
-412
-509
-245
-179
-651
-1077
-932
-593
-615
-883
-959
-670
-207
159
471
891
1322
1518
1476
1351
1170
920
645
413
295
334
471
638
895
1237
1567
1772
1668
1438
1313
1152
797
402
196
328
693
843
771
926
1303
1509
1397
1150
985
875
687
409
37
-198
-150
-135
-157
78
447
773
1054
1080
836
637
319
-307
-773
-611
-8
567
872
1236
2424
3684
3260
1132
-575
-845
-1057
-2493
-4307
-4561
-3104
-2012
-2569
-3231
-2221
-309
530
131
-72
493
738
-294
-1756
-2159
-1730
-1841
-2553
-2609
-1524
-286
95
-309
-541
-124
342
130
-580
-999
-855
-710
-1010
-1254
-928
-415
-315
-510
-478
-178
-84
-383
-693
-521
107
576
490
260
375
736
955
925
902
1079
1328
1319
1036
735
570
572
695
777
897
1180
1353
1268
1068
989
936
679
394
264
354
674
955
1044
1081
1301
1316
1080
906
808
805
699
560
425
361
171
-74
-255
-351
-291
-175
-45
47
97
-56
258
1177
1919
1847
1860
3020
4023
2949
308
-1214
-1205
-1604
-3227
-4325
-3488
-2037
-2048
-3205
-3252
-1714
-471
-653
-998
-257
734
526
-706
-1520
-1379
-1141
-1497
-1935
-1635
-625
249
320
-143
-387
-218
-89
-252
-545
-610
-361
-228
-652
-1156
-1099
-803
-900
-1234
-1212
-792
-477
-561
-666
-307
357
765
727
619
795
1120
1247
1163
1113
1190
1173
937
728
680
621
527
581
857
1222
1460
1333
994
856
817
515
58
-114
59
387
659
659
626
850
1080
1006
886
951
962
791
541
333
274
250
13
-249
-207
-33
-216
-592
-723
-446
392
1452
1887
1561
1984
3548
4118
2282
-100
-511
243
-423
-2619
-3661
-2585
-1803
-3054
-4624
-4034
-1837
-606
-1023
-994
598
1729
632
-1345
-1966
-1389
-1202
-1764
-1921
-901
580
1219
838
377
354
343
-20
-424
-546
-400
-251
-363
-701
-919
-890
-896
-1039
-1002
-657
-411
-648
-1074
-1161
-909
-755
-744
-498
121
828
1307
1473
1482
1473
1403
1129
666
297
214
343
505
629
828
1102
1220
1070
741
459
384
372
212
245
574
711
534
366
349
392
526
686
921
1309
1493
1275
1005
876
608
189
-169
-330
-241
-78
-207
-419
-344
-284
-425
-204
740
1732
1913
1512
1934
3092
2914
669
-1173
-706
345
-389
-2194
-2626
-1404
-1091
-2914
-4638
-3863
-1704
-815
-1229
-925
449
1086
119
-1280
-1616
-1098
-853
-1131
-968
7
976
1115
573
162
245
422
280
37
23
196
190
-258
-909
-1168
-876
-614
-719
-761
-473
-295
-544
-912
-1046
-840
-483
-252
-114
215
660
821
644
466
509
595
441
249
394
727
891
835
811
913
984
740
335
186
302
415
335
210
301
445
250
-114
-188
-3
138
323
738
1159
1369
1333
1127
917
712
468
148
-27
-23
-25
-117
-254
-352
-348
-215
200
932
1538
1653
1798
2753
3577
2736
716
-434
-125
-17
-1279
-2597
-2362
-1437
-1936
-3531
-4070
-2855
-1467
-1193
-1318
-764
6
-273
-1351
-1899
-1446
-884
-694
-503
78
801
1123
760
49
-256
53
606
907
810
554
439
234
-449
-1188
-1228
-657
-169
45
264
418
111
-695
-1420
-1486
-1044
-595
-218
381
1167
1581
1307
736
448
489
449
256
219
523
916
918
564
356
450
434
137
16
276
642
800
568
219
109
-25
-322
-512
-451
-216
36
227
477
844
874
647
618
788
836
735
461
156
118
35
-396
-762
-681
-181
827
1952
2285
1862
2063
2994
2890
1077
-374
63
942
178
-1376
-1796
-1327
-1785
-3519
-4514
-3555
-1718
-1042
-1489
-1571
-920
-861
-1896
-2760
-2415
-1220
-232
161
227
492
866
750
52
-484
-205
493
886
908
685
202
-391
-877
-1185
-972
-204
343
321
321
437
-142
-1289
-1888
-1413
-538
85
571
1116
1487
1321
787
434
592
1021
1236
1230
1384
1626
1436
766
255
333
709
858
781
641
492
339
81
-314
-492
-291
-85
-59
109
444
480
253
109
38
130
418
583
421
315
314
65
-231
-332
-237
-151
-67
-53
-170
-353
-250
457
1254
1403
1405
2182
3010
2256
471
-359
341
926
38
-1120
-1078
-479
-1324
-3258
-4054
-2877
-1318
-1034
-1639
-1846
-1502
-1710
-2574
-2971
-2370
-1429
-717
-222
112
436
731
779
577
461
722
1176
1423
1157
420
-308
-649
-817
-974
-797
-244
94
-149
-539
-698
-839
-1139
-1207
-688
105
626
712
551
422
544
816
1029
1187
1367
1509
1554
1540
1403
1208
1106
1167
1333
1449
1371
1067
618
210
-6
-23
91
205
274
252
140
4
-97
-224
-270
-112
235
411
470
455
342
167
-12
-7
55
-15
-286
-650
-869
-788
-680
-836
-987
-363
873
1595
1100
495
1040
2169
1853
182
-474
670
1575
468
-1183
-1429
-740
-1225
-2942
-3466
-1778
-37
-410
-2067
-2816
-2371
-2249
-2970
-3317
-2420
-1031
-342
-430
-605
-303
405
1001
1222
1327
1609
1896
1848
1299
506
-18
-24
101
32
-16
24
-155
-660
-1017
-979
-838
-873
-895
-652
-300
-177
-312
-333
45
647
1110
1357
1474
1510
1377
1116
999
1223
1577
1682
1553
1548
1810
1882
1421
751
465
534
468
56
-346
-338
-44
81
-73
-184
-69
67
123
148
205
208
160
177
228
268
200
92
-41
-102
-209
-342
-475
-617
-700
-349
457
1073
747
74
480
1629
1705
251
-596
284
1345
683
-925
-1446
-833
-957
-2363
-3221
-2343
-1023
-1024
-2015
-2459
-2083
-1967
-2526
-2918
-2523
-1917
-1733
-1821
-1774
-1322
-409
672
1324
1417
1452
1676
1769
1496
1099
888
877
839
672
523
491
259
-305
-705
-549
-373
-729
-1133
-950
-440
-265
-433
-528
-363
-74
213
567
916
1126
1223
1294
1390
1549
1649
1537
1326
1368
1676
1906
1823
1528
1237
1096
996
711
345
132
-64
-395
-497
-250
-41
-198
-324
-222
154
411
335
205
326
631
737
555
149
-68
-75
-113
-292
-432
-245
263
915
1110
677
719
1474
1635
255
-780
-78
1052
485
-1003
-1220
-386
-468
-1912
-2789
-2136
-1197
-1322
-2081
-2586
-2622
-2532
-2526
-2481
-2255
-2113
-2259
-2379
-2117
-1574
-920
-241
255
378
380
549
860
1119
1262
1452
1693
1691
1257
823
615
438
200
176
256
-113
-869
-1349
-1109
-550
-306
-392
-339
-130
-51
-1
303
686
783
640
551
772
1159
1359
1323
1321
1550
1760
1717
1442
1185
1234
1489
1660
1552
1230
737
268
-35
-181
-177
-143
-124
-156
-98
-23
-97
-304
-472
-396
-157
86
330
424
215
-2
136
408
275
-182
-371
117
903
1052
480
547
1502
1738
347
-650
287
1589
888
-925
-1231
-165
-36
-1446
-2226
-1326
-271
-707
-1978
-2618
-2460
-2398
-2663
-2659
-2216
-2057
-2516
-2859
-2470
-1693
-1129
-805
-510
-209
81
343
537
792
1212
1638
1700
1273
770
673
872
915
791
861
1023
542
-566
-1293
-1080
-568
-425
-470
-362
-249
-335
-306
165
736
767
318
66
366
840
1086
1159
1312
1515
1592
1438
1189
1075
1181
1381
1484
1358
1065
760
539
508
545
455
222
16
-159
-250
-210
-145
-151
-139
-116
-140
-233
-231
-208
-257
-236
-34
171
51
-184
-235
-25
317
796
868
340
141
947
1765
1224
280
569
1591
1167
-562
-1263
-410
73
-826
-1522
-860
24
-452
-1823
-2427
-1946
-1630
-2082
-2526
-2483
-2419
-2699
-2854
-2408
-1757
-1520
-1568
-1291
-778
-465
-272
199
834
1203
1147
866
678
709
940
1177
1229
1110
1024
944
600
39
-334
-303
-209
-409
-741
-826
-647
-427
-168
209
463
346
95
98
363
623
765
874
947
963
1057
1344
1618
1688
1559
1423
1313
1141
921
789
817
848
733
483
328
258
123
-57
20
145
65
-186
-199
-14
67
-62
-380
-594
-563
-297
-135
-74
29
261
308
212
253
528
533
281
675
1581
1719
586
-6
899
1722
776
-662
-612
189
-122
-1167
-1193
-328
-201
-1122
-1768
-1608
-1542
-2085
-2481
-2200
-1913
-2314
-2928
-2897
-2279
-1874
-1903
-1820
-1376
-995
-807
-515
47
579
722
591
503
648
923
1245
1396
1255
994
943
968
653
171
61
249
178
-225
-489
-442
-399
-410
-230
114
200
-50
-198
42
400
523
453
449
561
725
930
1160
1316
1347
1255
1127
1125
1248
1352
1250
968
740
752
723
487
149
38
170
226
39
-120
-53
0
-130
-355
-403
-304
-200
-209
-335
-400
-289
-77
84
105
174
433
764
664
408
791
1609
1550
393
32
1042
1676
638
-411
38
763
156
-896
-742
63
-44
-1034
-1651
-1652
-1708
-2049
-2235
-2102
-2063
-2426
-2879
-2811
-2249
-1858
-1892
-1801
-1294
-953
-1011
-887
-213
359
300
188
590
1082
1147
1154
1342
1333
1024
869
965
837
400
114
138
178
63
-62
-143
-238
-273
-143
36
51
-62
-166
-174
-66
115
250
272
284
478
854
1151
1213
1113
1067
1160
1316
1298
1069
845
772
792
721
562
413
386
336
138
-21
14
88
-75
-406
-519
-361
-268
-462
-595
-512
-385
-398
-426
-293
-29
65
-75
-82
295
748
692
670
1139
1614
1215
609
964
1733
1374
155
-71
760
977
32
-656
-318
40
-401
-1085
-1299
-1308
-1473
-1685
-1808
-2018
-2427
-2742
-2730
-2438
-2205
-2105
-1886
-1436
-1069
-979
-805
-296
158
88
-127
100
625
800
708
853
1119
1085
930
1021
1060
643
128
139
462
459
73
-164
-96
27
1
2
33
-7
-139
-216
-142
-44
23
-15
44
263
598
757
829
921
1100
1198
1195
1055
919
956
1049
996
721
538
503
406
149
9
79
168
24
-124
-76
-9
-171
-481
-650
-625
-612
-707
-675
-458
-196
-83
-173
-204
-79
19
82
251
481
430
583
1281
1922
1510
784
1032
1849
1594
261
-217
602
1015
165
-532
-90
442
-147
-1177
-1434
-1138
-1216
-1722
-1924
-1733
-1805
-2324
-2654
-2281
-1703
-1629
-1884
-1728
-1078
-601
-555
-515
-204
38
-20
-106
86
399
621
732
740
680
690
796
723
419
185
255
394
317
155
212
358
264
18
-54
0
-94
-284
-281
-93
-15
-106
-89
210
524
596
495
514
768
1051
1104
980
927
945
858
660
508
512
583
509
293
188
260
219
-65
-244
-162
-147
-429
-677
-521
-262
-271
-432
-411
-266
-219
-246
-245
-238
-284
-211
-70
141
361
668
827
1009
1355
1606
1330
867
1064
1637
1543
690
363
813
887
52
-572
-206
250
-103
-875
-1138
-950
-962
-1295
-1609
-1796
-1988
-2051
-1886
-1640
-1551
-1570
-1519
-1291
-1025
-885
-723
-422
-172
-244
-336
-66
385
526
381
387
541
564
506
626
764
574
215
162
384
450
212
-2
-47
-88
-151
-99
-9
-116
-361
-443
-249
-58
-119
-266
-171
136
389
469
506
629
773
790
642
446
395
484
559
532
470
450
403
259
143
151
108
-137
-351
-300
-184
-260
-416
-408
-273
-226
-320
-393
-257
-68
-20
-96
-73
76
170
118
198
575
925
925
785
1193
1906
1982
1184
773
1401
1892
1064
-57
93
936
865
-100
-443
86
250
-446
-1065
-993
-767
-931
-1231
-1279
-1291
-1563
-1849
-1687
-1208
-1074
-1371
-1442
-1017
-604
-610
-705
-491
-253
-382
-553
-317
118
265
193
208
349
496
624
668
541
328
182
123
-4
-146
-123
-35
-117
-292
-273
-107
-99
-260
-291
-155
-100
-207
-248
-57
155
167
101
168
332
427
405
360
344
357
355
324
319
340
313
200
81
48
95
102
13
-124
-205
-225
-200
-140
-76
-75
-170
-225
-153
23
150
228
299
380
459
504
560
576
609
649
786
935
991
1184
1541
1610
1078
695
1048
1461
972
101
101
720
735
-118
-540
-54
278
-135
-813
-885
-600
-575
-947
-1152
-1037
-1059
-1437
-1604
-1270
-939
-1082
-1423
-1263
-909
-851
-913
-737
-534
-704
-853
-527
-80
129
105
162
328
352
299
335
382
274
115
66
21
-32
17
36
-125
-322
-267
-35
24
-125
-160
-1
4
-238
-331
-112
93
40
-89
-27
143
186
118
132
213
146
-62
-153
-45
93
101
-27
-162
-137
35
119
47
-32
41
172
189
105
166
370
498
467
440
553
707
765
733
729
743
747
740
704
664
517
463
593
828
873
767
956
1303
1208
592
393
865
1111
489
-112
195
752
455
-303
-293
365
493
-237
-802
-565
-154
-321
-849
-1068
-1045
-1232
-1534
-1539
-1253
-1191
-1494
-1665
-1413
-1124
-1129
-1156
-922
-694
-780
-950
-800
-400
-167
-197
-238
-122
147
390
435
310
187
171
165
108
111
205
198
39
-58
34
133
54
-96
-166
-186
-210
-231
-204
-145
-145
-199
-234
-242
-236
-237
-223
-193
-198
-214
-186
-97
-16
-10
-4
27
20
5
137
424
653
698
650
694
785
866
873
881
897
903
916
915
922
886
838
743
664
565
493
432
360
305
263
261
287
358
346
470
848
1132
858
369
549
1210
1289
537
63
510
1010
628
-70
23
612
598
-124
-625
-467
-262
-539
-1028
-1301
-1464
-1697
-1806
-1630
-1452
-1555
-1721
-1647
-1444
-1416
-1522
-1497
-1333
-1256
-1281
-1160
-841
-516
-319
-173
-38
88
264
481
584
452
303
340
458
441
315
257
255
176
24
-45
-24
-34
-120
-226
-318
-389
-459
-512
-537
-536
-514
-483
-492
-491
-338
-135
-122
-319
-407
-215
62
203
261
412
647
790
799
891
1137
1310
1248
1145
1184
1258
1166
1000
991
1086
1044
796
609
637
691
546
305
205
213
161
32
-55
4
40
12
83
286
477
541
763
1171
1349
1006
717
1042
1495
1203
486
404
943
1050
397
-57
234
474
4
-653
-730
-484
-618
-1079
-1332
-1345
-1564
-1983
-2147
-1947
-1835
-2055
-2231
-2066
-1830
-1811
-1807
-1549
-1253
-1242
-1307
-1072
-616
-319
-246
-145
54
216
334
465
496
369
296
370
407
298
189
169
97
-90
-204
-178
-189
-344
-448
-398
-359
-509
-682
-653
-510
-433
-469
-446
-315
-144
44
228
380
483
603
794
1024
1202
1276
1331
1443
1535
1526
1498
1470
1431
1371
1308
1199
1009
784
677
684
634
462
301
265
251
172
89
77
41
-60
-105
27
178
222
209
238
296
374
507
603
629
844
1245
1375
973
599
847
1287
1075
412
190
516
603
155
-177
-25
97
-310
-915
-1142
-1058
-1144
-1474
-1730
-1793
-1911
-2162
-2298
-2179
-2020
-2088
-2203
-2053
-1738
-1589
-1618
-1502
-1213
-1073
-1165
-1162
-884
-565
-405
-290
-98
51
98
93
107
129
144
144
71
-37
-98
-120
-207
-295
-258
-166
-221
-402
-429
-228
-43
-39
-71
20
198
363
516
680
835
971
1118
1289
1414
1477
1510
1530
1571
1628
1631
1518
1363
1295
1289
1194
1029
962
992
926
719
559
511
440
279
149
167
227
228
189
197
225
185
121
117
180
193
133
110
187
236
184
147
198
264
272
299
428
572
603
562
504
414
268
148
84
41
0
-51
-150
-290
-384
-400
-445
-597
-754
-775
-785
-926
-1105
-1171
-1149
-1199
-1360
-1483
-1483
-1466
-1504
-1561
-1566
-1510
-1477
-1540
-1635
-1653
-1587
-1490
-1437
-1429
-1410
-1355
-1258
-1146
-1029
-902
-803
-737
-681
-621
-565
-511
-423
-276
-142
-67
36
260
517
664
709
777
955
1141
1217
1232
1317
1487
1634
1686
1679
1658
1632
1616
1600
1553
1462
1375
1328
1305
1264
1188
1063
940
892
900
896
851
775
713
683
678
665
578
472
424
394
303
198
211
304
320
220
150
203
268
210
98
39
23
-22
-70
-68
-48
-65
-92
-73
-46
-88
-159
-143
-20
89
104
70
62
49
-4
-113
-220
-292
-325
-364
-392
-367
-375
-469
-562
-591
-638
-789
-991
-1113
-1160
-1305
-1577
-1731
-1698
-1725
-1946
-2158
-2162
-2054
-2041
-2119
-2140
-2090
-2051
-2022
-1910
-1716
-1532
-1403
-1275
-1085
-851
-613
-409
-232
-39
172
330
409
493
672
893
1053
1115
1173
1334
1529
1589
1511
1498
1604
1659
1550
1407
1410
1528
1563
1467
1390
1435
1501
1466
1369
1317
1299
1252
1170
1116
1132
1147
1086
981
925
912
851
714
587
551
559
531
453
366
315
274
180
51
-47
-71
-65
-84
-133
-188
-213
-229
-229
-239
-305
-408
-436
-373
-330
-369
-395
-354
-336
-338
-285
-177
-114
-132
-91
84
195
118
3
-23
-24
-70
-146
-250
-342
-408
-488
-566
-657
-790
-952
-1107
-1212
-1259
-1354
-1570
-1803
-1900
-1882
-1886
-1976
-2089
-2124
-2061
-1940
-1853
-1809
-1754
-1626
-1458
-1335
-1223
-1042
-802
-609
-490
-346
-143
46
182
309
461
601
709
766
796
858
954
1014
1003
997
1082
1223
1327
1379
1423
1465
1474
1485
1505
1510
1499
1488
1502
1527
1542
1519
1494
1469
1414
1313
1219
1169
1126
1041
924
849
829
792
719
663
634
564
430
319
294
284
201
75
10
-8
-64
-158
-215
-215
-196
-214
-279
-311
-274
-195
-168
-231
-299
-291
-235
-210
-213
-189
-148
-183
-270
-343
-387
-429
-492
-533
-552
-587
-643
-675
-630
-567
-583
-667
-764
-829
-902
-985
-1011
-1005
-996
-999
-1017
-1027
-1009
-969
-935
-923
-919
-924
-935
-960
-981
-969
-952
-973
-1031
-1062
-1050
-1011
-938
-844
-797
-836
-874
-831
-723
-656
-643
-574
-460
-344
-218
-38
178
376
523
639
737
813
889
959
1010
1082
1186
1287
1355
1429
1529
1604
1593
1517
1463
1449
1420
1365
1365
1426
1449
1374
1292
1295
1308
1246
1124
1050
1042
1011
891
735
653
639
599
499
420
386
355
317
296
278
209
123
87
79
45
-20
-69
-88
-112
-145
-167
-178
-216
-279
-339
-402
-471
-532
-575
-644
-742
-790
-804
-852
-932
-977
-974
-996
-1068
-1123
-1112
-1093
-1101
-1083
-1005
-932
-895
-820
-654
-484
-385
-343
-295
-245
-222
-192
-125
-41
-2
-16
-39
-25
-5
-30
-103
-167
-177
-205
-306
-456
-581
-663
-756
-840
-881
-905
-962
-1038
-1056
-990
-919
-918
-938
-908
-825
-699
-590
-516
-427
-291
-121
22
133
253
410
559
666
758
874
996
1052
1046
1084
1234
1372
1380
1337
1388
1501
1514
1436
1391
1391
1364
1298
1283
1314
1306
1261
1239
1234
1183
1084
1003
961
896
821
786
765
724
660
589
507
390
271
188
118
25
-75
-150
-213
-305
-425
-521
-564
-611
-722
-832
-865
-839
-860
-942
-1005
-1021
-1021
-1020
-1004
-966
-920
-888
-844
-790
-759
-757
-725
-650
-599
-581
-566
-532
-471
-389
-317
-298
-312
-285
-202
-128
-121
-113
-31
103
191
179
154
161
164
119
66
70
101
87
20
-61
-107
-163
-267
-361
-407
-478
-619
-751
-811
-841
-885
-939
-988
-1034
-1060
-1043
-987
-915
-826
-728
-637
-577
-499
-351
-167
-7
106
228
391
587
764
906
1016
1102
1213
1328
1384
1393
1389
1412
1434
1415
1384
1378
1364
1319
1272
1225
1152
1050
961
913
894
855
766
674
628
605
563
481
381
312
275
236
172
115
70
1
-90
-175
-225
-270
-363
-473
-520
-505
-521
-589
-633
-628
-613
-630
-646
-633
-611
-601
-605
-586
-557
-525
-499
-462
-410
-357
-306
-271
-261
-234
-154
-78
-76
-114
-113
-54
-6
-31
-80
-85
-56
-70
-133
-194
-244
-301
-352
-407
-451
-469
-461
-429
-394
-361
-334
-330
-346
-376
-401
-386
-353
-349
-356
-354
-339
-322
-306
-289
-289
-273
-216
-143
-112
-158
-227
-251
-210
-159
-159
-209
-203
-103
7
70
86
103
125
131
162
243
304
288
274
354
467
499
489
526
611
643
606
607
670
715
684
629
652
700
690
646
653
708
731
695
646
616
577
504
418
374
353
317
281
263
267
245
183
101
31
-3
-35
-87
-145
-170
-168
-169
-183
-175
-137
-103
-114
-112
-61
-24
-34
-38
18
67
49
15
29
44
19
0
18
23
-28
-67
-67
-98
-198
-297
-327
-343
-417
-494
-500
-472
-487
-550
-581
-586
-630
-700
-716
-707
-717
-732
-715
-637
-610
-593
-557
-491
-428
-413
-365
-299
-221
-136
-9
115
178
187
194
242
279
271
250
260
260
261
263
261
224
151
93
68
50
9
-50
-107
-149
-150
-142
-196
-298
-327
-284
-267
-276
-255
-212
-185
-192
-183
-125
-81
-73
-35
67
175
228
250
305
356
363
341
335
335
306
282
300
343
361
363
396
452
493
486
475
502
548
573
575
588
622
630
601
576
574
578
559
505
468
475
468
436
391
333
278
235
194
142
77
24
-12
-37
-62
-95
-118
-119
-106
-104
-132
-177
-212
-206
-176
-155
-160
-173
-189
-203
-208
-232
-280
-324
-352
-374
-409
-429
-433
-461
-520
-573
-600
-616
-648
-699
-717
-712
-731
-765
-791
-785
-750
-708
-670
-632
-579
-509
-429
-355
-288
-171
-44
57
149
259
368
420
397
362
397
478
522
508
490
505
509
452
374
336
304
242
158
107
36
-75
-219
-268
-305
-430
-410
-440
-498
-496
-473
-412
-337
-317
-350
-348
-285
-181
-155
-153
-92
26
115
159
210
279
309
286
309
332
351
384
388
407
435
423
395
393
411
445
485
475
459
477
462
453
476
491
510
531
559
602
628
599
545
518
525
534
518
491
460
439
428
409
364
295
242
207
161
108
50
-25
-117
-183
-226
-284
-388
-492
-535
-546
-576
-631
-673
-698
-730
-750
-735
-722
-739
-738
-702
-658
-633
-611
-568
-502
-441
-399
-361
-306
-249
-195
-150
-116
-88
-46
-8
9
25
21
12
14
23
19
29
51
56
71
104
157
237
312
357
352
311
270
251
262
269
261
260
274
255
167
68
17
-8
-39
-81
-124
-183
-295
-414
-496
-538
-585
-674
-769
-812
-789
-744
-704
-685
-677
-657
-613
-533
-444
-351
-254
-157
-46
64
179
299
400
469
514
565
634
672
683
721
771
782
752
725
731
737
725
700
672
649
608
566
538
487
411
361
369
375
329
288
286
285
229
150
127
127
85
11
-10
23
13
-30
-44
-29
-49
-107
-112
-75
-75
-134
-181
-163
-142
-182
-244
-238
-200
-215
-273
-289
-248
-199
-167
-143
-102
-59
-37
-52
-39
18
66
85
93
126
169
176
145
119
104
77
37
8
-11
-32
-66
-126
-187
-226
-276
-347
-422
-458
-447
-455
-502
-542
-537
-531
-527
-489
-410
-350
-345
-368
-370
-330
-278
-224
-169
-125
-100
-76
-59
-56
-36
19
81
115
104
55
-4
-39
-66
-102
-139
-190
-252
-305
-309
-257
-231
-278
-342
-370
-358
-342
-345
-327
-283
-220
-147
-74
-13
28
69
95
108
132
171
218
271
332
400
449
464
460
466
500
535
556
578
600
621
640
656
644
617
583
557
559
569
591
611
620
613
579
522
474
472
504
521
515
502
501
475
434
391
378
376
332
280
248
248
229
196
155
115
81
61
44
0
-61
-135
-180
-227
-301
-382
-431
-456
-506
-559
-600
-651
-698
-731
-734
-740
-773
-801
-814
-807
-784
-782
-792
-762
-703
-645
-595
-549
-501
-455
-426
-405
-368
-308
-258
-215
-162
-117
-95
-88
-62
5
83
145
186
183
145
109
84
76
69
49
28
17
-15
-89
-142
-141
-132
-129
-140
-160
-207
-295
-368
-397
-379
-391
-448
-477
-439
-391
-379
-386
-382
-356
-321
-299
-270
-210
-125
-61
-6
68
154
240
335
445
547
632
684
719
767
824
872
920
965
1020
1062
1085
1107
1116
1111
1094
1073
1064
1068
1056
1024
982
929
854
777
724
682
628
557
498
433
340
246
182
138
77
8
-37
-82
-143
-192
-225
-257
-323
-381
-389
-379
-387
-408
-434
-453
-476
-511
-531
-539
-542
-558
-575
-588
-617
-646
-668
-670
-668
-686
-715
-740
-736
-721
-713
-729
-752
-755
-732
-701
-682
-672
-661
-634
-617
-597
-555
-504
-456
-424
-415
-375
-308
-271
-255
-229
-181
-149
-133
-117
-93
-63
-35
-8
20
56
132
212
245
246
237
232
232
255
296
334
352
347
341
324
292
272
302
370
436
445
388
318
256
233
231
211
176
165
173
185
216
241
238
204
184
217
275
316
338
374
430
486
521
541
563
611
653
665
678
681
659
636
629
634
612
558
522
517
506
452
372
307
239
186
150
114
67
3
-56
-117
-177
-226
-259
-280
-296
-311
-308
-322
-372
-414
-422
-411
-428
-449
-441
-406
-392
-413
-448
-472
-477
-493
-491
-451
-422
-429
-458
-476
-479
-488
-498
-507
-506
-516
-521
-498
-488
-503
-519
-513
-500
-482
-465
-439
-411
-397
-384
-361
-324
-290
-254
-213
-175
-154
-140
-86
-1
59
92
111
155
212
229
231
285
360
393
386
381
403
420
416
419
440
451
428
385
380
402
439
481
524
535
498
436
384
368
373
389
405
425
436
410
363
330
326
332
339
348
317
240
158
116
87
48
-13
-79
-115
-144
-172
-183
-191
-252
-319
-343
-338
-337
-359
-361
-337
-301
-291
-290
-270
-255
-241
-207
-183
-183
-186
-190
-161
-134
-122
-102
-61
-21
-3
13
38
54
37
20
27
48
55
55
62
76
69
36
8
8
28
48
48
43
42
29
7
-6
-15
-24
-21
-3
18
24
22
23
8
-22
-40
-37
-17
-13
-16
-27
-39
-60
-94
-120
-136
-149
-154
-151
-150
-153
-155
-150
-150
-161
-158
-125
-75
-32
-18
-4
27
43
78
130
173
201
233
266
290
311
324
324
323
349
389
417
418
394
359
326
291
248
223
218
216
200
159
110
56
1
-54
-105
-135
-147
-146
-141
-128
-140
-214
-310
-365
-388
-399
-408
-404
-397
-402
-444
-505
-540
-543
-520
-491
-453
-450
-484
-498
-489
-473
-475
-460
-423
-386
-336
-279
-228
-195
-199
-204
-155
-93
-35
-5
39
113
180
220
231
273
342
409
459
507
557
589
581
572
590
604
600
595
609
627
613
576
532
486
446
403
375
343
305
264
225
186
146
114
78
26
-16
-28
-35
-55
-75
-78
-65
-70
-81
-70
-58
-46
-18
24
61
63
59
74
78
81
86
106
122
121
117
125
138
125
109
89
60
33
22
33
41
26
-7
-28
-41
-69
-113
-157
-189
-206
-204
-212
-256
-298
-317
-330
-345
-370
-397
-415
-441
-468
-467
-457
-468
-502
-531
-524
-513
-520
-531
-529
-506
-511
-530
-538
-524
-508
-503
-489
-450
-404
-380
-366
-346
-291
-222
-177
-149
-130
-94
-67
-44
-9
34
88
135
180
209
212
212
236
301
378
428
435
422
433
458
472
481
501
533
571
592
581
566
575
579
558
544
541
544
541
536
530
502
472
437
405
387
365
335
292
260
248
222
182
136
97
75
42
4
-4
3
3
-2
-19
-10
-6
-35
-59
-49
-22
-19
-22
-9
21
36
24
7
-5
-9
-1
6
7
16
-3
-39
-48
-49
-57
-71
-90
-90
-86
-103
-126
-155
-174
-197
-221
-232
-232
-227
-238
-279
-320
-339
-354
-373
-388
-392
-390
-401
-423
-452
-465
-469
-473
-477
-496
-519
-547
-566
-575
-585
-597
-598
-583
-570
-566
-551
-533
-505
-476
-445
-417
-385
-344
-295
-247
-212
-161
-98
-30
32
86
147
227
312
374
413
437
476
524
558
589
619
650
666
657
653
678
701
694
680
685
681
649
622
605
600
585
554
532
509
486
459
431
399
375
359
322
278
237
209
180
136
93
70
56
24
-9
-40
-71
-108
-157
-182
-197
-215
-228
-233
-225
-222
-251
-272
-268
-264
-273
-281
-263
-243
-235
-234
-225
-212
-213
-215
-205
-173
-142
-125
-123
-125
-118
-113
-98
-76
-56
-52
-67
-71
-65
-75
-82
-83
-84
-99
-129
-143
-149
-150
-170
-184
-183
-190
-196
-201
-214
-217
-217
-223
-210
-193
-184
-166
-142
-129
-94
-60
-35
-8
6
24
49
70
78
114
146
148
155
163
169
179
175
163
163
171
168
152
134
133
146
148
117
67
27
3
-6
-11
-25
-30
-44
-49
-57
-75
-88
-87
-77
-64
-61
-77
-92
-106
-104
-89
-84
-71
-65
-61
-46
-37
-30
-10
17
26
37
57
82
109
116
129
155
168
174
181
201
236
261
269
262
264
263
261
283
292
292
285
273
256
228
193
170
150
103
42
4
-28
-57
-97
-148
-194
-244
-297
-333
-346
-361
-391
-420
-426
-427
-440
-452
-443
-426
-418
-407
-378
-338
-298
-266
-228
-183
-134
-96
-65
-23
41
93
127
163
188
212
245
292
358
422
450
463
470
474
481
496
509
523
541
539
534
524
488
448
429
409
375
343
313
293
264
210
154
88
25
-36
-90
-126
-157
-211
-273
-316
-365
-429
-486
-528
-552
-567
-587
-596
-590
-605
-616
-605
-598
-589
-561
-548
-527
-486
-451
-411
-366
-329
-290
-253
-220
-167
-108
-50
-10
4
1
26
71
102
145
171
185
203
213
221
223
228
220
223
235
239
242
236
223
217
213
201
204
193
165
154
145
136
122
110
115
124
108
85
72
57
55
52
35
12
-6
-33
-47
-54
-77
-89
-82
-65
-50
-51
-60
-47
-22
-16
-18
-3
18
57
84
91
116
157
192
215
224
233
274
298
304
324
336
339
341
337
333
336
326
318
307
283
264
241
223
208
181
146
108
68
30
-3
-36
-72
-86
-104
-138
-175
-219
-243
-253
-261
-267
-273
-279
-293
-310
-314
-311
-320
-322
-305
-304
-306
-318
-329
-332
-323
-311
-302
-291
-287
-293
-290
-275
-274
-274
-268
-253
-228
-220
-214
-211
-207
-203
-191
-174
-157
-140
-135
-111
-92
-90
-91
-81
-55
-32
-11
1
12
31
37
45
81
124
145
150
165
184
203
212
216
237
252
257
265
268
271
285
289
292
301
299
290
269
262
269
264
253
234
234
231
225
216
192
188
182
184
192
179
163
142
124
115
120
100
82
79
81
82
72
52
41
42
16
-8
-17
-15
-10
-11
-16
-28
-52
-84
-105
-100
-96
-91
-72
-60
-48
-48
-63
-82
-96
-110
-117
-109
-99
-96
-100
-118
-141
-157
-182
-201
-205
-201
-193
-187
-180
-193
-207
-220
-239
-241
-247
-251
-241
-232
-226
-232
-241
-230
-210
-193
-190
-190
-177
-150
-125
-102
-86
-65
-60
-65
-58
-41
-3
40
79
103
93
86
82
88
110
131
139
159
188
203
204
189
184
191
201
212
224
234
243
246
238
233
232
224
233
235
223
236
241
234
234
225
215
208
203
213
211
186
160
145
137
114
95
72
55
27
-5
-24
-34
-58
-84
-93
-107
-117
-144
-184
-203
-219
-238
-260
-273
-280
-291
-300
-300
-297
-304
-308
-300
-299
-289
-280
-274
-257
-237
-218
-194
-179
-179
-172
-148
-120
-101
-86
-72
-66
-63
-49
-26
-13
-1
17
32
47
44
48
65
76
78
75
89
97
108
117
126
141
144
140
143
151
155
153
145
149
158
158
144
133
122
107
99
92
91
77
67
59
63
70
71
83
77
69
70
68
65
60
62
72
80
79
80
85
89
96
98
107
118
139
158
160
161
158
159
153
158
179
193
189
184
181
173
164
146
129
126
115
108
107
98
79
38
12
2
-14
-48
-84
-101
-125
-152
-184
-224
-249
-276
-302
-335
-355
-369
-387
-406
-427
-449
-466
-476
-485
-490
-485
-481
-482
-478
-481
-469
-444
-417
-396
-384
-361
-341
-318
-298
-276
-256
-237
-194
-142
-102
-57
-22
3
42
73
114
162
191
229
266
293
314
333
356
373
399
415
445
466
463
457
445
425
417
425
435
435
423
406
388
356
319
292
264
237
223
205
179
155
138
131
118
105
80
60
38
23
7
-4
0
-16
-27
-33
-30
-35
-39
-39
-34
-22
-24
-26
-19
-5
11
25
42
42
21
8
9
19
31
48
65
51
25
8
-5
-10
-13
-18
-16
-18
-26
-42
-61
-82
-112
-132
-153
-154
-160
-159
-162
-175
-191
-212
-226
-244
-239
-239
-243
-251
-258
-257
-264
-270
-283
-293
-292
-283
-274
-266
-266
-276
-276
-262
-256
-253
-230
-213
-193
-182
-185
-178
-170
-143
-127
-108
-75
-50
-25
-3
11
23
38
65
85
105
128
130
144
164
171
176
181
207
218
221
240
250
254
250
248
250
251
249
247
248
256
259
243
232
221
219
212
219
225
218
214
185
160
150
130
125
132
136
112
93
64
41
39
38
39
39
35
36
23
9
-9
-22
-29
-51
-56
-44
-29
-36
-42
-56
-72
-82
-86
-85
-86
-77
-79
-77
-82
-81
-66
-63
-61
-61
-68
-76
-73
-69
-72
-61
-64
-71
-63
-63
-52
-52
-50
-56
-62
-58
-59
-57
-68
-72
-90
-92
-87
-89
-80
-77
-85
-81
-74
-68
-68
-69
-60
-59
-48
-36
-22
-15
-24
-35
-34
-12
-5
-3
13
26
36
34
31
25
29
26
14
18
30
32
38
30
17
4
-10
-9
-1
15
11
11
6
2
13
22
24
17
21
29
43
41
40
33
30
25
23
36
39
42
37
38
29
16
9
-1
-9
-17
-21
-2
-3
-15
-26
-46
-61
-62
-46
-29
-17
-19
-37
-50
-76
-87
-69
-60
-58
-64
-56
-49
-44
-45
-55
-63
-76
-74
-65
-56
-56
-51
-57
-70
-83
-92
-71
-45
-23
-14
-8
-5
-2
-4
-2
20
30
37
46
60
73
68
75
92
101
117
142
162
175
181
175
166
177
180
189
209
220
219
215
213
201
192
190
188
192
188
187
188
184
167
147
139
133
131
129
122
121
109
77
60
47
22
9
2
-4
-11
-31
-53
-72
-89
-109
-131
-138
-147
-158
-166
-186
-193
-206
-213
-224
-228
-239
-257
-246
-245
-238
-236
-243
-240
-229
-226
-214
-208
-207
-199
-196
-184
-165
-156
-152
-142
-131
-118
-102
-91
-94
-88
-100
-105
-85
-70
-68
-63
-56
-50
-38
-39
-49
-51
-44
-42
-37
-24
-12
-10
-8
-11
-16
-15
-22
-29
-20
-9
-11
-15
-16
-1
24
28
39
46
43
50
58
67
88
99
95
94
97
106
121
133
135
156
180
206
222
229
241
250
264
277
289
297
286
283
287
291
313
320
328
341
336
335
322
307
289
282
277
260
244
220
202
180
150
121
87
72
48
17
-10
-50
-87
-122
-141
-157
-176
-200
-222
-243
-267
-275
-286
-294
-296
-299
-311
-323
-331
-327
-307
-287
-277
-259
-242
-223
-220
-225
-216
-195
-167
-145
-114
-98
-88
-74
-67
-80
-70
-48
-43
-35
-39
-38
-40
-50
-56
-53
-36
-32
-29
-24
-22
-32
-44
-48
-38
-33
-27
-26
-38
-55
-66
-70
-67
-70
-62
-60
-59
-46
-32
-31
-34
-24
-19
-12
-8
2
5
15
9
0
15
25
46
66
93
102
104
123
134
157
167
172
170
158
161
170
176
189
202
201
193
184
178
171
174
169
155
149
151
156
149
142
128
113
100
91
100
111
103
83
73
62
36
14
4
-1
-5
1
9
1
-16
-27
-47
-63
-71
-68
-64
-76
-86
-105
-114
-124
-141
-152
-146
-129
-109
-106
-108
-118
-127
-133
-141
-130
-125
-108
-91
-88
-90
-100
-103
-103
-99
-89
-83
-73
-66
-62
-55
-45
-30
-33
-34
-34
-18
-4
1
4
1
0
10
17
28
42
45
61
60
62
72
80
91
81
84
86
95
105
96
97
105
111
113
117
125
126
122
117
110
108
105
108
107
111
104
95
91
88
72
53
46
53
50
35
15
-13
-31
-45
-62
-78
-90
-107
-123
-143
-154
-170
-179
-187
-194
-198
-201
-201
-205
-208
-209
-209
-205
-200
-193
-178
-163
-158
-149
-146
-139
-111
-92
-73
-51
-36
-29
-16
0
25
46
53
60
71
85
88
84
87
81
86
86
89
93
84
78
73
73
66
54
52
49
43
29
11
9
2
-2
2
2
0
-4
-7
-7
0
4
1
2
7
16
24
37
39
44
45
51
54
64
81
92
103
108
122
130
137
156
171
178
199
206
210
222
240
252
252
250
246
241
239
232
226
215
203
201
187
174
156
143
139
109
87
57
32
22
-2
-14
-33
-55
-81
-112
-130
-156
-169
-180
-195
-215
-232
-240
-256
-267
-280
-294
-306
-303
-296
-304
-310
-320
-320
-326
-327
-329
-330
-323
-333
-331
-309
-293
-287
-280
-273
-261
-244
-228
-206
-192
-180
-171
-158
-144
-124
-101
-89
-68
-52
-33
-15
0
29
39
40
59
82
113
135
153
164
168
180
186
201
227
237
249
256
263
265
258
256
255
253
250
262
267
260
255
249
230
207
201
180
171
165
156
156
139
144
143
135
124
111
104
100
95
90
88
80
88
90
84
85
85
83
80
66
62
61
63
67
66
59
47
42
38
35
25
20
16
10
5
0
-3
-19
-40
-50
-56
-71
-85
-100
-110
-114
-119
-135
-161
-172
-177
-187
-193
-200
-210
-211
-206
-216
-231
-242
-244
-235
-226
-218
-213
-215
-214
-209
-203
-202
-196
-192
-178
-160
-145
-131
-123
-116
-115
-110
-107
-96
-83
-69
-61
-50
-37
-30
-26
-29
-24
-3
9
16
29
43
45
39
50
56
60
69
83
95
106
113
117
131
132
130
136
149
156
150
151
148
153
150
152
148
145
146
143
151
154
153
148
150
162
169
165
155
142
142
132
128
125
119
120
110
103
94
84
82
84
80
73
64
56
35
16
-7
-27
-29
-36
-34
-38
-51
-60
-70
-75
-80
-82
-86
-88
-83
-85
-95
-108
-116
-124
-126
-122
-113
-119
-124
-133
-141
-140
-143
-138
-133
-127
-126
-129
-126
-128
-121
-120
-125
-115
-105
-98
-87
-78
-68
-62
-61
-62
-53
-39
-22
-8
-3
1
16
22
31
45
40
40
46
56
68
80
83
80
75
76
83
81
84
81
78
82
92
85
77
74
76
72
68
64
67
67
53
38
33
34
41
51
40
36
35
30
33
26
28
26
26
29
43
49
35
39
33
39
37
32
36
35
35
39
42
43
42
26
17
9
3
-2
-11
-14
-24
-37
-44
-54
-52
-63
-76
-74
-87
-93
-96
-94
-93
-103
-108
-109
-104
-102
-106
-101
-103
-102
-101
-96
-93
-91
-78
-79
-81
-80
-73
-61
-54
-44
-43
-41
-35
-28
-19
-9
-8
-20
-18
-16
2
10
18
29
42
45
41
39
41
49
51
53
48
54
58
64
72
70
65
58
55
51
46
38
43
50
51
62
62
56
54
54
57
63
65
63
71
74
74
76
74
76
76
78
85
90
94
95
85
80
81
88
87
85
91
96
95
88
83
83
77
66
53
53
49
44
42
45
46
30
19
0
-15
-25
-34
-46
-59
-66
-76
-85
-90
-99
-107
-117
-123
-128
-138
-141
-149
-156
-170
-178
-184
-188
-186
-186
-189
-190
-179
-177
-190
-194
-194
-187
-173
-168
-155
-146
-136
-126
-121
-120
-116
-100
-83
-68
-58
-49
-40
-31
-15
6
21
26
40
54
68
81
82
84
87
96
107
122
131
134
142
147
160
160
165
167
157
154
146
144
153
160
166
163
154
139
133
131
130
123
114
112
117
114
95
92
85
73
64
60
62
56
34
24
14
4
9
1
0
-11
-15
-12
-14
-17
-29
-42
-54
-59
-47
-32
-35
-37
-39
-38
-37
-35
-35
-41
-42
-43
-35
-29
-19
-14
-10
-4
-6
-16
-18
-26
-24
-19
-23
-24
-23
-13
-13
-16
-25
-39
-48
-50
-47
-46
-51
-56
-67
-73
-77
-74
-72
-77
-80
-70
-77
-92
-93
-95
-89
-88
-99
-98
-92
-99
-93
-85
-88
-102
-105
-106
-108
-106
-109
-99
-89
-77
-76
-82
-81
-69
-60
-48
-35
-27
-15
-6
7
22
30
39
48
59
70
81
87
100
120
134
135
136
151
161
171
178
176
170
162
166
173
175
182
183
175
177
174
165
153
145
133
116
113
103
89
74
58
40
27
22
17
11
10
5
-9
-15
-29
-43
-51
-64
-69
-77
-81
-84
-87
-89
-98
-99
-104
-105
-103
-108
-111
-115
-111
-97
-92
-90
-92
-99
-94
-91
-89
-77
-64
-62
-62
-54
-50
-35
-24
-22
-22
-22
-14
-4
10
20
19
10
8
6
9
12
20
24
19
26
27
34
27
18
7
-4
-3
6
10
6
8
10
9
4
4
9
14
12
9
10
6
6
3
-5
-11
-22
-32
-35
-29
-22
-17
-15
-18
-29
-39
-38
-26
-14
-20
-22
-22
-21
-19
-11
7
22
34
36
38
42
38
32
35
40
48
59
62
64
64
67
65
66
68
60
52
41
45
51
60
64
57
49
42
36
40
42
32
25
18
13
20
20
17
9
-6
-13
-21
-28
-31
-43
-53
-64
-61
-58
-65
-72
-80
-83
-89
-90
-86
-78
-76
-76
-77
-77
-71
-67
-67
-67
-60
-65
-57
-46
-45
-37
-41
-37
-28
-18
-4
13
21
22
26
32
39
39
38
44
59
69
73
73
73
74
75
87
90
96
102
102
102
93
88
83
80
82
77
74
60
44
34
30
25
7
-2
-11
-15
-15
-21
-22
-22
-22
-35
-45
-48
-51
-48
-40
-37
-36
-35
-36
-39
-45
-54
-59
-50
-40
-33
-25
-21
-5
-8
-19
-20
-23
-24
-20
-24
-22
-20
-15
-13
-14
-8
-4
-2
2
1
-2
-2
-6
-10
-10
-9
-9
-21
-25
-24
-37
-45
-56
-54
-44
-44
-54
-64
-60
-59
-58
-58
-59
-53
-52
-55
-58
-51
-45
-43
-39
-30
-17
-11
-10
-10
-12
-5
1
11
27
32
34
39
45
52
59
65
74
75
71
75
87
101
109
111
108
99
104
113
110
110
104
108
112
112
116
115
108
107
100
94
88
78
72
60
49
39
36
36
29
19
3
-9
-9
-21
-32
-42
-56
-60
-64
-65
-68
-79
-90
-97
-97
-97
-97
-94
-90
-96
-100
-96
-94
-92
-89
-79
-71
-64
-53
-43
-35
-34
-31
-27
-23
-24
-30
-36
-34
-24
-16
-13
-17
-14
-10
-25
-32
-32
-28
-24
-31
-35
-45
-44
-38
-29
-25
-29
-29
-32
-30
-27
-17
-18
-25
-34
-29
-19
-15
-13
-18
-18
-16
-5
10
14
7
-3
-11
-8
0
11
19
29
37
36
40
32
34
35
33
38
44
52
58
70
85
95
99
96
95
102
100
98
103
112
115
111
102
104
105
88
82
81
87
82
80
81
71
61
48
37
33
31
17
18
13
13
4
-12
-9
-8
-9
-16
-19
-25
-29
-40
-51
-58
-63
-65
-69
-71
-73
-80
-80
-77
-76
-77
-84
-82
-81
-78
-81
-97
-100
-105
-103
-102
-102
-99
-96
-95
-98
-97
-97
-90
-85
-77
-66
-60
-45
-40
-37
-31
-28
-27
-16
-6
5
7
9
10
7
15
19
18
18
20
20
19
19
27
30
23
19
17
16
17
26
35
44
44
39
44
52
58
64
62
60
64
62
71
77
76
81
87
93
88
82
86
86
82
78
70
72
74
64
64
62
61
62
60
56
44
36
28
27
30
33
21
13
12
7
5
4
4
-9
-23
-22
-23
-25
-28
-31
-40
-44
-50
-53
-50
-50
-57
-78
-83
-86
-79
-72
-77
-74
-63
-52
-49
-65
-77
-81
-84
-74
-70
-57
-48
-45
-45
-51
-39
-36
-39
-38
-34
-30
-28
-24
-27
-26
-33
-24
-16
-13
-4
-7
-20
-21
-23
-26
-28
-28
-21
-16
-18
-17
-25
-33
-34
-26
-16
-14
-18
-17
-17
-5
8
9
15
19
28
34
39
43
54
59
61
68
75
74
68
71
80
91
91
93
101
99
91
89
92
97
97
91
89
90
94
101
107
107
104
91
84
86
90
93
87
82
65
52
47
42
35
24
15
2
-10
-16
-27
-30
-36
-43
-50
-62
-72
-78
-92
-106
-112
-115
-115
-103
-99
-104
-106
-106
-108
-106
-109
-122
-114
-104
-100
-90
-84
-76
-75
-82
-85
-75
-67
-60
-59
-55
-52
-61
-52
-46
-46
-43
-47
-44
-37
-26
-20
-21
-27
-29
-28
-26
-20
-15
-11
-12
-9
-3
1
3
5
-1
-6
-6
-7
-4
1
7
0
10
17
24
37
46
54
61
62
58
64
67
78
86
91
94
99
110
120
125
119
113
128
134
133
138
141
137
132
130
131
133
122
116
114
118
105
89
84
81
71
55
51
44
46
42
29
13
-4
-10
-17
-20
-24
-30
-45
-56
-60
-71
-83
-96
-103
-101
-101
-106
-109
-109
-120
-131
-131
-130
-123
-121
-125
-121
-124
-116
-110
-107
-99
-98
-97
-95
-90
-82
-78
-78
-79
-80
-74
-66
-62
-54
-59
-65
-57
-46
-37
-32
-30
-31
-30
-22
-17
-11
-1
-4
1
9
12
20
18
14
15
11
14
27
35
45
47
44
35
38
44
50
52
53
50
53
55
53
62
71
79
82
73
73
76
77
82
89
88
83
82
82
82
86
91
98
101
99
97
97
95
89
83
80
82
85
79
76
74
70
69
56
59
48
36
35
26
24
16
8
-3
-14
-24
-29
-30
-32
-38
-45
-60
-73
-75
-77
-84
-89
-94
-98
-104
-104
-107
-109
-108
-114
-121
-130
-126
-121
-117
-110
-107
-103
-103
-107
-106
-112
-122
-116
-100
-84
-80
-81
-81
-79
-73
-66
-59
-54
-47
-40
-31
-27
-24
-21
-9
1
3
14
19
22
22
19
16
19
25
27
42
44
45
62
75
77
80
80
82
86
83
88
96
100
96
97
101
111
115
120
123
121
118
121
129
131
128
118
115
109
104
97
91
93
92
91
78
69
65
52
52
41
28
23
11
5
-2
-7
-11
-16
-13
-16
-21
-28
-36
-41
-50
-55
-61
-71
-77
-82
-88
-83
-79
-80
-84
-95
-98
-98
-107
-113
-109
-114
-116
-112
-106
-98
-103
-101
-100
-103
-102
-99
-93
-84
-88
-84
-73
-72
-73
-77
-77
-68
-59
-45
-37
-35
-30
-23
-23
-24
-19
-16
-9
8
14
14
9
6
6
14
24
22
15
17
28
34
38
41
34
30
28
44
58
66
68
62
66
68
66
70
77
79
82
85
91
98
104
110
105
106
107
98
102
101
98
95
88
88
93
92
91
88
89
77
70
68
66
64
58
57
52
50
53
47
42
36
28
25
21
17
16
13
3
0
-3
-10
-19
-32
-49
-62
-67
-67
-71
-80
-87
-103
-111
-111
-116
-120
-124
-124
-129
-135
-144
-150
-152
-146
-134
-129
-133
-140
-134
-129
-125
-120
-124
-121
-113
-108
-97
-90
-83
-71
-60
-54
-42
-33
-27
-21
-16
-7
3
13
17
30
43
51
60
60
60
58
65
72
78
80
81
82
75
76
80
83
86
78
73
79
79
88
95
93
92
78
72
70
75
76
77
72
62
55
52
55
53
50
47
44
48
49
54
49
38
34
28
30
30
31
31
26
17
15
16
16
21
23
16
9
-1
-7
-11
-13
-13
-16
-22
-27
-28
-31
-34
-33
-38
-41
-46
-40
-38
-45
-53
-67
-67
-68
-71
-73
-76
-80
-82
-75
-62
-59
-70
-79
-84
-88
-86
-88
-92
-82
-78
-75
-61
-51
-48
-48
-50
-47
-42
-31
-19
-11
-9
-5
4
6
6
15
20
23
29
31
36
42
46
47
54
58
61
65
78
85
84
84
79
79
75
75
80
74
76
77
75
70
62
54
48
44
41
44
48
50
44
35
36
29
29
16
10
16
13
14
15
12
2
-7
-11
-16
-26
-35
-37
-37
-35
-34
-35
-42
-49
-46
-53
-67
-74
-68
-64
-60
-62
-61
-55
-55
-53
-51
-50
-49
-52
-55
-48
-45
-46
-39
-38
-34
-40
-42
-33
-33
-32
-33
-30
-34
-40
-39
-36
-32
-22
-17
-13
-5
-1
0
-2
-6
-3
10
17
20
18
17
16
19
27
23
22
26
30
32
41
50
46
47
47
41
41
48
55
60
57
56
67
73
73
72
68
57
53
53
63
68
59
53
51
58
57
48
45
44
53
55
51
44
34
29
29
20
16
23
22
19
10
-1
3
13
11
10
7
-7
-20
-25
-22
-21
-28
-34
-38
-49
-57
-56
-54
-52
-53
-53
-48
-41
-44
-51
-64
-78
-79
-76
-70
-73
-75
-76
-71
-61
-62
-61
-62
-70
-75
-82
-85
-81
-77
-70
-61
-55
-58
-64
-65
-64
-56
-46
-44
-41
-31
-29
-19
-12
-10
-8
-6
1
5
10
14
19
18
23
30
32
33
37
42
48
53
58
57
62
63
58
58
57
58
59
72
74
65
68
81
77
69
75
79
79
75
76
79
81
72
77
85
80
78
76
77
67
53
48
42
37
32
29
23
16
14
8
-5
-13
-19
-25
-29
-33
-24
-27
-29
-32
-37
-37
-39
-36
-39
-36
-35
-38
-39
-41
-45
-53
-48
-42
-40
-44
-50
-51
-50
-49
-48
-53
-56
-56
-50
-48
-41
-33
-26
-23
-30
-47
-52
-35
-29
-21
-14
-12
-5
-5
2
10
3
-2
-18
-15
1
-19
-15
-16
-20
-18
-23
-20
-15
-3
-2
-13
-18
-19
-9
-4
-12
-11
-13
-11
-7
4
15
14
28
23
23
32
13
13
19
6
19
32
29
42
38
39
43
38
44
44
42
50
46
40
43
45
54
54
47
51
51
46
53
50
42
39
25
26
29
19
12
-3
-4
0
-6
-1
3
1
2
-8
-12
-7
-5
-15
-30
-35
-37
-27
-20
-17
-16
-25
-33
-32
-35
-38
-40
-40
-43
-45
-41
-42
-39
-41
-44
-47
-52
-47
-42
-38
-36
-39
-39
-34
-33
-30
-24
-19
-21
-23
-25
-16
-11
-14
-7
-8
-12
-13
-8
-2
3
4
8
16
9
5
7
9
11
7
10
18
21
23
23
24
29
30
40
46
48
43
33
37
41
50
59
55
45
42
44
47
51
55
54
48
49
49
52
55
42
41
42
52
54
46
40
36
36
32
39
43
43
40
37
23
9
2
-2
0
1
-9
-13
-15
-14
-12
-14
-20
-30
-32
-36
-44
-55
-67
-77
-82
-76
-72
-73
-83
-85
-81
-79
-75
-71
-76
-84
-95
-102
-94
-88
-77
-72
-70
-71
-70
-67
-71
-60
-57
-53
-44
-39
-31
-27
-28
-30
-26
-22
-18
-11
-10
-7
-7
2
14
12
17
32
35
38
38
37
46
52
50
41
34
34
50
65
74
71
66
68
74
70
63
56
50
50
47
48
60
67
59
63
62
61
61
49
46
42
38
32
37
50
45
42
38
37
40
37
36
29
22
23
25
37
36
40
33
11
8
4
7
16
19
12
6
4
7
7
4
-4
-13
-18
-15
-11
-12
-14
-32
-33
-35
-36
-29
-31
-32
-30
-27
-29
-32
-34
-42
-54
-53
-60
-60
-49
-53
-57
-58
-64
-69
-71
-72
-73
-70
-70
-74
-67
-59
-53
-53
-54
-58
-62
-65
-62
-60
-52
-40
-40
-32
-31
-24
-13
-9
-13
-9
-3
-2
0
5
2
-4
2
7
7
8
11
15
23
24
24
35
37
24
22
29
28
36
43
47
53
51
56
60
63
66
63
56
61
62
60
63
63
55
49
53
53
59
58
55
48
39
41
40
39
35
32
25
18
12
11
12
8
3
1
2
1
-8
-12
-17
-30
-33
-30
-21
-15
-17
-23
-28
-31
-34
-33
-32
-33
-30
-33
-31
-28
-23
-15
-18
-16
-14
-13
-13
-10
-4
-7
-10
-14
-9
-6
-3
1
-5
-10
-12
-10
-12
-7
1
1
0
0
-4
-10
-13
-20
-20
-19
-26
-20
-8
2
-6
-15
-11
-11
-14
-14
-20
-18
-15
-12
-4
4
1
-9
-11
-11
-4
5
7
1
3
12
15
12
3
7
2
4
9
18
29
32
27
24
30
25
20
17
23
20
20
21
28
33
30
24
17
11
5
3
-1
1
-5
-9
-4
-3
-4
-9
-10
-10
-9
-11
-16
-16
-15
-16
-19
-20
-17
-8
-4
-7
-10
-17
-20
-17
-16
-17
-23
-26
-22
-22
-17
-20
-25
-22
-24
-23
-20
-19
-15
-21
-29
-24
-19
-19
-16
-10
-8
-5
-8
-10
-8
-6
0
-1
-4
-2
-1
2
3
5
6
5
-5
-6
-5
0
4
6
7
14
22
18
22
18
18
21
20
31
28
28
29
28
40
49
49
52
58
58
57
49
44
38
31
28
33
36
38
40
39
34
26
30
33
37
46
43
38
34
35
33
30
27
25
19
17
17
11
7
-4
-9
-2
-7
-13
-22
-18
-14
-15
-26
-33
-33
-34
-34
-44
-51
-51
-49
-46
-47
-49
-49
-49
-48
-48
-45
-49
-61
-61
-67
-67
-63
-63
-59
-59
-57
-49
-40
-36
-50
-53
-50
-55
-46
-53
-47
-43
-35
-25
-22
-17
-21
-22
-29
-35
-36
-24
-20
-15
-14
-13
-9
-5
5
13
15
13
13
12
14
21
28
30
37
42
41
40
44
43
40
39
35
39
37
40
48
48
51
58
63
63
55
54
51
47
50
48
48
51
56
59
60
62
59
58
55
51
49
48
47
40
38
37
34
29
24
24
24
21
16
10
-4
-3
-3
-4
1
-7
-9
-9
-4
-11
-13
-25
-21
-36
-33
-39
-11
20
-23
-7
-65
-74
-88
-95
-69
-55
-21
4
5
-16
-20
-26
-24
-35
-33
-33
-33
-52
-63
-43
-53
-40
-25
-20
-3
-5
6
-1
-15
-22
-21
-36
-52
-45
-48
-18
-8
0
8
-2
-7
-7
-15
-12
-14
-20
-14
-14
-10
5
14
15
15
11
4
-4
-5
-4
-8
-11
-2
2
-1
1
2
9
8
8
8
5
3
5
-4
-6
10
11
5
12
16
14
23
24
28
28
16
15
18
26
25
