-15
-18
-20
-20
-19
-15
-19
-22
-21
-21
-19
-21
-18
-14
-17
-17
-18
-16
-17
-13
-14
-19
-20
-20
-18
-18
-21
-17
-12
-9
-14
-17
-19
-20
-20
-21
-19
-24
-27
-29
-28
-25
-25
-23
-24
-26
-22
-24
-29
-31
-36
-37
-33
-32
-29
-26
-20
-14
-20
-16
-12
-11
-6
-4
1
2
9
11
13
11
5
0
-3
5
7
9
13
16
19
17
10
7
5
4
6
16
24
32
40
40
37
33
36
41
42
45
51
48
49
48
44
45
48
54
58
61
61
61
60
59
54
48
48
44
40
36
32
30
27
22
21
15
11
11
8
6
9
6
7
8
4
1
-1
-5
-8
-5
-7
-8
-11
-17
-28
-40
-43
-47
-49
-51
-51
-50
-55
-57
-55
-51
-50
-48
-44
-35
-27
-28
-30
-32
-32
-37
-37
-30
-25
-24
-21
-18
-12
-8
-12
-17
-18
-19
-17
-20
-21
-21
-23
-20
-20
-18
-16
-12
-7
-4
-4
-1
3
1
0
4
9
10
12
13
13
12
12
10
15
19
15
17
19
17
18
12
18
18
15
18
16
15
10
5
7
9
8
9
10
11
13
8
6
10
9
8
15
17
17
13
10
6
7
7
8
7
2
2
-4
-10
-19
-22
-26
-28
-23
-22
-17
-15
-14
-17
-15
-11
-12
-9
-1
1
-2
-3
-3
0
-6
-2
1
0
-2
-6
-4
1
6
10
13
16
14
10
11
12
12
15
15
18
21
23
32
33
30
27
21
20
14
14
15
10
15
17
21
21
13
17
19
21
27
33
37
38
32
25
23
19
11
8
6
6
1
-5
-6
-7
-7
-9
-15
-15
-19
-16
-17
-23
-23
-23
-24
-27
-28
-28
-29
-29
-25
-25
-21
-24
-26
-24
-28
-26
-22
-20
-17
-12
-13
-12
-13
-6
-13
-14
-12
-10
-10
-9
2
4
-1
0
-5
-8
-8
-5
1
2
-4
-13
-16
-16
-17
-21
-18
-13
-6
-3
0
-1
-6
-15
-25
-28
-21
-14
-14
-12
-11
-17
-20
-13
-6
-3
1
-6
-10
-5
-2
4
2
1
0
3
9
16
22
18
13
10
9
16
15
18
22
24
21
21
17
15
10
5
25
34
55
-13
-75
-73
-40
39
92
129
120
50
21
22
56
108
124
83
5
-33
-46
-44
-50
-54
-49
-37
-20
9
22
2
-26
-49
-50
-38
-39
-39
-44
-46
-37
20
61
58
49
36
29
40
58
71
66
50
38
29
28
32
41
43
37
23
18
14
-4
-9
-11
-8
6
11
18
7
-7
-15
-25
-24
-27
-36
-43
-36
-43
-57
-55
-52
-49
-42
-37
-31
-29
-36
-41
-42
-42
-41
-37
-26
-31
-32
-30
-38
-29
-21
-16
-7
-3
-2
2
-2
-2
-3
-3
0
-9
-14
-13
-16
-18
-9
-4
3
5
5
7
5
1
-4
-1
2
2
9
14
12
12
2
-3
-7
-12
-9
-6
-6
0
-1
-1
6
11
19
20
14
20
19
14
13
8
3
-3
-6
-4
1
7
8
10
15
13
20
19
17
12
5
6
6
4
0
1
-4
-1
-6
-5
-1
7
14
11
13
9
3
3
6
10
12
13
23
24
21
25
28
28
20
13
8
11
10
8
5
6
11
21
32
33
30
25
22
27
30
27
20
13
6
3
7
12
12
7
6
11
16
20
20
17
15
9
12
9
10
10
3
10
6
8
9
4
4
3
3
0
-8
-15
-16
-12
-15
-13
-15
-18
-21
-27
-24
-22
-23
-30
-39
-43
-41
-38
-45
-42
-40
-48
-54
-51
-47
-46
-47
-45
-49
-57
-57
-55
-49
-47
-46
-47
-51
-50
-47
-40
-30
-27
-30
-34
-34
-33
-30
-26
-27
-27
-28
-22
-25
-19
-14
-10
-8
-7
-1
2
3
5
9
14
24
19
25
29
33
38
38
40
35
32
32
36
41
50
46
48
55
60
61
58
53
46
47
50
50
53
52
48
46
42
46
47
45
51
59
62
59
62
60
56
54
49
48
52
49
43
39
36
31
29
26
27
22
15
9
5
2
-1
-4
-9
-10
-18
-24
-25
-27
-28
-28
-21
-16
-19
-23
-33
-35
-40
-40
-37
-36
-38
-39
-40
-43
-42
-39
-41
-47
-51
-52
-52
-57
-58
-50
-46
-44
-45
-40
-40
-40
-32
-29
-28
-31
-33
-38
-34
-34
-34
-31
-25
-20
-23
-21
-21
-24
-30
-32
-25
-17
-11
-16
-13
-8
-11
-8
-6
-5
-3
-2
4
7
10
9
11
12
16
16
14
12
7
11
16
22
22
21
24
23
16
17
18
17
18
14
12
16
10
16
18
17
22
29
33
32
30
24
25
25
24
18
12
14
20
20
29
35
32
30
26
23
19
13
11
2
1
1
1
4
-3
-2
1
4
7
7
12
10
9
11
15
18
17
16
21
27
30
27
25
25
27
23
19
22
16
16
20
15
16
17
19
20
12
8
5
4
6
5
-2
-6
-13
-17
-21
-23
-20
-24
-29
-34
-35
-32
-39
-42
-38
-43
-44
-41
-43
-45
-44
-46
-41
-33
-26
-19
-21
-24
-32
-31
-30
-28
-31
-26
-24
-26
-21
-20
-18
-21
-22
-21
-18
-15
-15
-11
-11
-5
1
4
6
-1
0
2
-2
-2
-7
-5
-5
-8
-7
-3
3
6
14
16
25
26
18
16
12
18
18
17
19
17
22
30
33
35
38
36
36
34
29
24
20
20
23
27
25
25
20
15
10
2
1
2
1
-7
-9
-8
-8
-6
-11
-16
-20
-18
-18
-16
-13
-14
-10
-13
-7
-8
-8
-4
-4
-2
0
4
10
13
16
15
7
2
-5
-12
-11
-12
-9
-7
-7
-7
-8
-1
3
1
9
12
15
19
13
14
17
14
17
17
20
24
23
26
31
34
33
36
31
26
20
15
16
16
15
9
6
3
4
5
0
-1
-8
-9
-12
-15
-13
-17
-19
-22
-21
-21
-21
-13
-9
-12
-19
-18
-18
-23
-22
-23
-25
-22
-21
-23
-20
-17
-17
-20
-21
-21
-19
-19
-25
-24
-25
-26
-29
-24
-23
-24
-22
-27
-24
-27
-23
-17
-16
-14
-17
-16
-12
-15
-15
-13
-8
-1
7
17
16
14
12
14
11
13
18
18
12
7
7
3
-1
0
3
3
5
7
6
9
11
9
7
12
19
16
18
24
29
32
33
37
38
36
34
29
23
17
19
21
23
28
22
18
16
16
19
19
17
16
13
12
11
16
14
14
10
8
9
4
5
3
6
10
10
4
-2
-1
-5
-3
3
9
8
-4
-6
-9
-13
-17
-19
-22
-22
-30
-33
-29
-23
-20
-24
-26
-28
-28
-28
-29
-24
-23
-24
-21
-25
-30
-34
-36
-35
-35
-29
-21
-17
-12
-9
-3
-2
0
6
3
5
3
8
9
9
14
14
16
21
23
23
23
25
21
17
16
14
11
10
10
9
5
3
13
15
8
14
21
12
6
-1
1
3
-7
-7
-9
-13
-20
-18
-8
-5
-5
-5
-6
-10
-13
-11
-13
-8
-5
-5
-1
0
2
6
13
11
14
13
11
9
4
6
1
-2
0
2
5
2
-1
-2
-3
-1
-7
-5
-3
-5
-6
-10
-21
-24
-25
-24
-24
-24
-19
-16
-11
-10
-7
-4
5
4
9
24
21
14
15
20
23
20
18
19
14
5
4
7
9
5
7
11
9
15
19
22
30
29
27
20
18
18
13
11
7
8
8
2
-4
-2
0
-2
-3
-2
-1
-7
-5
-4
-3
-2
-3
-4
-6
1
5
8
0
-1
0
-6
-10
-9
-4
-9
-12
-17
-16
-18
-21
-21
-26
-23
-19
-22
-23
-21
-24
-22
-18
-16
-11
-12
-7
-6
-6
-2
1
5
7
10
11
9
11
8
5
6
3
8
8
3
7
6
5
4
2
5
6
7
6
-1
1
0
0
0
3
4
2
0
-5
-2
-5
-10
-8
-3
-1
5
3
3
-2
-6
-7
-11
-8
-17
-24
-20
-18
-19
-18
-18
-17
-17
-12
-10
-10
-13
-15
-8
-11
-10
-13
-17
-17
-18
-20
-21
-19
-10
-9
-5
0
2
9
18
23
31
36
38
43
42
40
43
40
36
36
36
33
39
45
47
51
55
57
57
57
52
51
45
41
36
30
25
25
23
21
14
5
-1
-3
-2
-7
-10
-12
-17
-21
-20
-23
-28
-29
-36
-39
-38
-37
-33
-30
-32
-27
-28
-34
-34
-38
-36
-33
-31
-26
-25
-21
-18
-20
-18
-25
-26
-30
-41
-44
-40
-37
-37
-39
-38
-35
-37
-35
-37
-35
-36
-30
-24
-25
-20
-20
-12
-6
-3
3
3
4
4
8
9
11
15
13
15
21
22
25
31
34
40
44
49
52
47
47
47
40
34
33
28
23
20
19
19
19
20
23
27
23
13
5
4
3
4
7
10
9
10
8
3
2
1
1
0
-3
-5
-5
-7
-11
-13
-13
-11
-7
-6
-1
2
4
-2
-4
-5
-2
-1
-3
-4
0
1
2
4
2
7
7
7
7
8
9
13
9
2
0
-3
1
2
-1
2
2
2
0
-3
-4
-4
-6
-8
-3
-5
-8
-9
-13
-14
-17
-16
-15
-20
-11
-13
-10
-10
-17
-12
-15
-14
-12
-15
-13
-11
-14
-14
-15
-16
-16
-20
-19
-22
-19
-7
-5
0
3
13
18
17
20
17
16
10
9
17
28
32
33
35
29
34
31
23
16
14
8
1
4
-1
-2
6
6
2
2
2
0
-2
-2
-8
-12
-13
-14
-17
-21
-14
-15
-15
-11
-15
-17
-17
-19
-22
-23
-27
-31
-33
-30
-31
-34
-31
-28
-25
-22
-21
-22
-19
-20
-19
-20
-15
-8
-10
-10
-9
-5
-8
-9
-7
-2
-2
-1
0
2
0
-5
-4
-2
-3
10
15
16
18
19
23
26
20
21
21
28
34
31
36
42
39
39
40
39
41
45
48
51
46
46
46
43
46
48
53
56
59
57
56
54
48
40
32
29
24
20
15
12
11
12
9
2
2
-3
-2
-4
-10
-5
-4
-6
-7
-14
-24
-24
-31
-34
-29
-35
-37
-41
-40
-39
-47
-51
-52
-55
-53
-51
-46
-49
-57
-61
-59
-55
-54
-55
-48
-45
-46
-42
-42
-39
-37
-36
-31
-26
-19
-21
-23
-18
-18
-19
-20
-21
-19
-15
-11
-10
-12
-9
-10
-15
-16
-18
-16
-16
-11
-6
1
2
5
-1
-7
-9
-10
-8
-7
1
3
6
7
8
11
9
15
19
24
28
36
35
35
35
27
29
26
26
29
27
32
36
36
37
31
28
32
30
34
38
41
44
40
39
36
33
30
32
35
42
47
51
54
54
50
46
52
52
51
55
55
56
55
50
54
50
47
40
32
33
30
31
35
28
26
21
15
12
10
3
-6
-10
-19
-27
-35
-39
-44
-49
-52
-52
-52
-56
-53
-60
-60
-61
-58
-57
-62
-62
-63
-66
-70
-69
-64
-59
-56
-58
-61
-65
-73
-77
-79
-81
-81
-80
-76
-69
-65
-65
-59
-55
-49
-42
-41
-34
-29
-23
-19
-16
-19
-20
-21
-22
-15
-8
2
12
13
19
25
30
34
36
38
42
42
47
44
43
45
45
50
49
44
44
46
43
46
44
43
42
37
35
35
27
27
27
30
32
28
26
28
26
27
28
27
25
25
27
28
32
38
40
38
31
22
18
11
6
3
1
3
12
12
11
15
17
19
21
19
21
20
17
13
8
6
3
2
-2
-4
-9
-6
-3
-4
-2
0
-2
-1
-6
-15
-13
-16
-19
-17
-15
-12
-14
-6
-8
-18
-6
0
-1
-5
-7
-4
-8
-17
-18
-16
-19
-26
-25
-20
-16
-16
-14
-15
-18
-21
-31
-29
-32
-29
-19
-20
-19
-23
-22
-24
-28
-33
-31
-31
-37
-40
-38
-28
-28
-23
-19
-18
-13
-9
-4
2
2
0
-2
1
3
1
2
-5
-9
-7
-5
-9
-9
-11
-9
-4
-6
-5
-8
-7
-10
-1
8
5
0
9
11
11
15
9
16
15
13
14
20
24
17
23
28
32
34
32
34
31
27
25
16
15
12
9
12
8
4
4
1
-2
1
5
4
-1
-1
-3
-1
2
3
9
11
12
16
19
25
28
33
31
34
38
37
32
27
29
21
18
14
10
12
2
0
-5
-14
-14
-15
-17
-17
-19
-23
-22
-20
-18
-23
-21
-17
-10
-5
-4
-4
-6
-5
-3
-4
-1
1
3
3
3
9
6
7
6
1
-2
-8
-9
-6
-6
-6
-7
-10
-11
-15
-18
-19
-17
-15
-12
-6
-3
0
-5
-6
0
2
2
6
8
10
10
10
9
7
1
-9
-9
-11
-10
-10
-9
-9
-16
-21
-27
-26
-22
-25
-21
-19
-13
-11
-5
-6
-6
0
-7
-2
-5
-6
-3
1
4
4
4
0
-1
-5
-5
-4
0
0
1
-1
-6
-5
-5
3
4
2
3
5
-1
-4
0
3
4
-3
0
5
2
0
-5
-6
-5
-5
-5
-1
1
-4
-3
0
2
1
1
5
7
6
8
10
7
11
14
15
15
15
16
22
22
21
22
21
19
19
16
16
11
9
10
7
1
0
-3
-1
1
-1
0
0
5
1
-4
2
2
3
9
11
12
8
4
8
10
3
4
4
4
6
5
9
10
4
-1
-5
-6
-5
0
0
-1
-3
0
0
-3
-4
-6
-4
-6
-6
-7
-10
-12
-9
-1
1
5
5
5
5
6
3
1
3
1
1
3
6
5
1
-1
-4
-9
-13
-17
-17
-14
-7
-3
0
1
-4
-3
-7
-8
-5
0
4
10
4
5
6
6
9
4
3
4
6
2
2
1
-6
-7
-10
-14
-18
-20
-24
-28
-25
-25
-21
-19
-26
-23
-23
-19
-18
-25
-24
-30
-30
-24
-29
-23
-23
-25
-20
-21
-22
-21
-20
-18
-20
-16
-12
-4
1
1
1
2
-1
-3
3
4
5
7
9
13
15
18
20
16
14
10
14
17
18
26
28
31
33
35
38
39
37
35
38
41
35
31
34
38
35
32
34
30
28
23
21
19
15
17
12
9
2
1
2
-3
1
-4
-9
-10
-11
-9
-9
-9
-5
-9
-7
-4
-5
-1
-3
0
-3
-2
-2
-6
-6
-9
-7
-8
-6
-11
-9
-10
-14
-7
-8
-4
-3
-1
0
3
6
10
15
22
24
20
12
6
-1
1
-2
3
6
7
10
3
5
5
2
5
7
8
10
8
5
4
6
5
4
5
2
-2
-5
-9
-10
-10
-15
-18
-15
-24
-29
-31
-34
-32
-34
-37
-38
-39
-46
-50
-51
-53
-61
-62
-62
-61
-59
-55
-54
-52
-49
-47
-46
-50
-47
-47
-46
-40
-31
-21
-14
-3
3
8
18
15
16
19
21
19
19
16
19
21
25
24
24
30
31
45
52
56
53
42
39
39
33
33
36
39
41
36
36
35
35
37
39
37
32
27
29
32
39
44
46
47
48
55
56
49
48
49
44
38
23
12
6
-2
-3
-1
3
3
0
-4
-11
-13
-8
-7
-6
-3
-11
-13
-14
-15
-13
-13
-7
-1
-1
-3
2
-1
-2
-1
-1
-1
-7
-10
-11
-11
-11
-15
-13
-14
-15
-15
-17
-15
-17
-24
-26
-27
-25
-24
-27
-25
-24
-23
-23
-21
-13
-12
-12
-9
-5
-1
-1
-4
-8
-6
-8
-3
-7
-5
-11
-18
-19
-23
-21
-28
-31
-34
-28
-22
-31
-38
-36
-41
-45
-50
-44
-37
-37
-34
-36
-33
-33
-39
-41
-39
-33
-29
-29
-21
-15
-16
-14
-13
-10
-3
1
1
7
11
13
15
15
21
20
22
26
26
28
30
31
38
41
36
37
42
38
36
32
31
32
35
36
38
46
51
46
46
48
41
41
37
32
31
26
30
31
29
30
20
24
24
17
16
21
26
32
37
38
34
28
24
26
25
18
18
16
16
20
19
17
14
16
16
10
11
6
0
-9
-7
-10
-20
-26
-32
-27
-32
-34
-33
-31
-31
-28
-21
-25
-25
-19
-23
-22
-27
-29
-28
-31
-28
-26
-29
-28
-29
-32
-27
-30
-32
-27
-24
-22
-25
-24
-25
-23
-22
-25
-31
-35
-40
-37
-34
-36
-29
-29
-22
-16
-19
-20
-19
-23
-15
-2
2
-2
3
11
3
-13
-5
6
1
5
4
11
11
4
7
12
14
18
17
20
18
11
10
7
4
4
6
8
5
1
5
5
1
4
3
2
2
3
7
-2
-8
-11
-3
3
1
2
3
3
2
6
5
5
4
4
4
2
1
3
11
21
28
33
33
31
32
34
31
31
31
29
27
27
22
22
30
18
10
11
7
6
-6
-7
1
2
-2
0
5
4
-4
-9
-4
2
5
13
15
13
18
18
19
22
22
29
30
28
29
24
28
30
26
27
19
11
7
0
-2
-6
-4
-3
-2
2
0
-5
-6
-8
-10
-11
-19
-22
-21
-19
-23
-26
-23
-26
-28
-30
-29
-30
-31
-29
-25
-19
-20
-24
-27
-30
-33
-32
-34
-31
-33
-30
-29
-33
-31
-33
-36
-35
-38
-41
-43
-43
-34
-30
-28
-27
-25
-25
-28
-24
-22
-16
-19
-11
-4
-4
-3
-1
8
6
12
20
18
19
20
25
31
30
30
30
28
28
27
29
31
33
40
33
34
33
31
34
31
33
31
28
24
19
11
3
-4
1
7
9
8
6
1
-8
-12
-14
-13
-11
-9
-7
-11
-14
-14
-18
-20
-22
-14
-14
-18
-16
-8
-5
0
2
3
4
6
8
8
12
16
20
16
20
19
16
17
17
13
11
10
9
14
15
18
18
17
19
23
25
31
35
36
35
36
39
34
33
28
25
23
25
27
19
17
17
19
14
12
11
3
0
1
-4
-6
-7
-4
-4
-16
-25
-27
-21
-15
-21
-25
-31
-30
-35
-40
-35
-36
-41
-47
-39
-32
-36
-34
-40
-41
-38
-45
-47
-46
-45
-42
-43
-42
-44
-48
-48
-44
-43
-45
-41
-39
-34
-34
-34
-32
-32
-22
-15
-6
5
18
26
26
34
34
33
34
32
37
37
39
44
47
47
49
41
33
30
25
26
23
21
19
11
7
6
7
8
6
0
-1
-3
-7
-9
-14
-17
-13
-10
-7
-4
-4
-7
-12
-16
-14
-12
-17
-15
-8
-6
-3
-6
-9
-10
-10
-6
-4
0
12
23
30
34
37
33
31
31
32
27
25
29
32
36
35
28
31
29
19
21
29
25
17
19
14
9
12
10
12
10
6
9
1
3
2
2
7
8
15
10
9
8
0
2
-1
-1
2
-5
-8
-8
-8
-10
-2
3
2
3
-3
-7
-12
-10
-11
-8
-8
-12
-6
-10
-13
-20
-18
-19
-23
-20
-27
-33
-37
-37
-33
-32
-36
-34
-32
-29
-28
-28
-30
-33
-32
-34
-39
-37
-35
-34
-28
-29
-22
-18
-16
-14
-16
-15
-9
-6
-4
2
3
6
6
2
-2
0
4
4
10
22
24
27
30
33
34
32
30
36
31
24
21
18
16
7
5
5
1
4
1
1
0
-2
-1
-8
-10
-15
-20
-18
-12
-15
-20
-19
-16
-15
-14
-15
-12
-7
-2
9
10
10
15
22
21
23
24
26
33
33
28
17
5
0
-1
6
11
8
10
7
3
-1
5
10
13
18
27
23
21
30
24
23
25
29
34
33
30
22
19
19
22
19
16
16
14
14
10
9
7
4
-1
-1
-7
-12
-16
-23
-24
-19
-15
-14
-14
-17
-20
-19
-19
-21
-17
-13
-3
-6
2
13
11
9
5
7
13
6
4
6
10
8
-1
-8
-11
-8
-3
-4
-4
-3
-9
-15
-23
-30
-27
-25
-24
-23
-23
-26
-30
-32
-30
-24
-22
-24
-22
-21
-22
-20
-13
-13
-13
-14
-14
-18
-19
-21
-13
-5
1
-1
-8
-4
-9
-12
-12
-14
-14
-11
-11
-9
-8
-13
-15
-18
-15
-12
-11
-13
-16
-14
-15
-16
-13
-11
-11
-11
-6
-5
-3
-4
-8
-10
-15
-6
1
0
9
10
9
9
13
16
12
13
18
20
20
20
23
22
25
30
28
32
30
28
29
30
42
39
40
44
43
44
42
44
52
54
55
56
56
58
59
56
48
46
44
37
32
35
33
33
30
24
19
17
19
18
16
16
16
10
2
-5
-16
-27
-29
-25
-25
-22
-19
-17
-16
-15
-8
-1
-2
0
0
0
-6
-14
-19
-21
-15
-11
-15
-19
-27
-37
-42
-42
-49
-52
-47
-40
-37
-37
-41
-46
-52
-55
-53
-56
-56
-53
-48
-45
-41
-43
-49
-46
-39
-30
-24
-20
-26
-27
-28
-26
-30
-37
-41
-41
-40
-38
-41
-44
-50
-44
-37
-41
-34
-37
-41
-35
-30
-28
-27
-22
-20
-11
-9
-4
-2
-1
7
17
24
30
36
34
36
40
42
43
40
37
35
35
42
44
47
44
48
55
58
62
57
61
58
59
70
68
73
67
69
66
71
86
79
78
90
84
78
75
71
74
67
68
74
78
77
79
89
91
96
107
111
101
100
99
101
98
100
102
97
92
88
91
93
97
95
86
77
67
54
32
6
-25
-54
-81
-117
-151
-196
-235
-272
-305
-331
-363
-400
-433
-461
-484
-499
-515
-522
-525
-518
-504
-490
-470
-445
-418
-383
-339
-289
-247
-203
-145
-100
-60
1
62
116
170
221
274
313
340
368
402
435
456
469
483
494
506
516
521
528
531
525
507
488
463
428
396
368
343
321
295
277
261
238
217
189
163
143
128
117
113
135
181
249
291
264
192
133
130
160
163
115
50
5
-20
-65
-156
-269
-369
-434
-483
-538
-586
-652
-738
-844
-958
-1042
-1103
-1154
-1188
-1210
-1204
-1156
-1086
-1030
-988
-955
-890
-786
-670
-551
-435
-307
-168
-24
109
216
309
388
463
547
629
704
765
807
839
849
848
834
808
781
766
758
758
754
731
693
641
589
535
472
402
343
314
308
305
286
266
235
200
164
137
117
95
81
66
74
88
86
73
43
18
16
19
27
33
27
23
19
12
-6
-35
-74
-112
-126
-130
-134
-146
-167
-194
-230
-259
-292
-333
-364
-387
-403
-400
-388
-389
-390
-396
-402
-419
-435
-438
-414
-380
-330
-225
-86
20
-1
-72
-89
10
132
170
144
128
184
250
239
168
91
47
14
1
-13
-23
-40
-105
-205
-319
-406
-469
-539
-621
-693
-714
-681
-627
-616
-648
-664
-643
-582
-516
-440
-366
-272
-161
-39
69
136
185
229
298
386
469
538
604
672
721
746
759
760
741
710
682
676
690
688
652
599
561
528
484
417
362
323
305
302
290
281
255
214
171
148
140
128
104
86
94
115
126
117
97
74
57
47
55
68
67
53
38
36
34
10
-34
-81
-121
-151
-167
-176
-179
-196
-221
-240
-262
-279
-301
-323
-335
-328
-310
-289
-270
-267
-247
-190
-113
-61
-91
-136
-129
-55
21
32
-7
-15
15
31
1
-51
-101
-136
-181
-219
-251
-279
-323
-416
-538
-651
-723
-764
-810
-871
-917
-918
-876
-830
-827
-840
-839
-812
-753
-680
-594
-504
-411
-303
-182
-66
33
103
165
241
338
440
533
614
681
742
791
831
857
868
863
868
885
911
938
929
905
873
831
788
735
674
623
591
574
557
531
491
432
365
308
265
231
195
157
137
133
138
130
110
77
49
30
31
38
39
28
8
3
-31
-59
-111
-162
-191
-225
-239
-244
-245
-243
-267
-288
-311
-335
-353
-375
-391
-400
-396
-381
-361
-343
-334
-331
-340
-322
-282
-202
-102
-59
-45
-42
-2
53
79
66
40
56
79
94
77
49
26
-15
-82
-156
-204
-232
-273
-348
-458
-528
-581
-627
-669
-728
-767
-791
-800
-805
-811
-810
-795
-778
-748
-697
-617
-531
-459
-381
-292
-193
-97
-8
66
153
236
304
371
447
518
576
620
659
709
746
762
779
792
803
813
819
827
826
799
763
727
692
670
634
598
570
544
519
487
454
421
383
346
314
299
298
283
264
231
207
185
170
121
105
81
49
70
0
30
-31
-19
-55
-78
-112
-142
-142
-226
-147
-252
-186
-228
-261
-297
-335
-343
-337
-322
-354
-342
-410
-395
-435
-403
-435
-407
-430
-378
-389
-323
-254
-259
-204
-299
-239
-234
-195
-184
-185
-159
-130
-95
-149
-117
-127
-108
-123
-188
-185
-173
-168
-220
-307
-390
-449
-484
-525
-564
-583
-583
-564
-562
-561
-560
-544
-518
-504
-472
-405
-311
-225
-159
-92
-20
76
147
195
248
309
383
446
521
584
647
677
704
724
747
761
761
770
777
783
778
774
758
732
694
648
620
604
582
547
518
498
482
456
406
369
315
273
224
204
165
170
132
105
71
13
-25
-32
-102
-105
-99
-144
-153
-153
-177
-222
-180
-285
-196
-323
-238
-312
-249
-247
-239
-223
-274
-254
-302
-256
-310
-224
-280
-234
-250
-225
-268
-205
-271
-200
-230
-258
-196
-263
-159
-154
-79
-133
-125
-173
-146
-103
-150
-121
-153
-88
-74
-102
-109
-143
-122
-155
-207
-229
-249
-236
-278
-359
-437
-495
-510
-564
-589
-651
-646
-633
-622
-616
-623
-602
-579
-550
-529
-494
-402
-319
-247
-175
-96
13
91
161
205
281
354
430
493
562
629
679
716
750
778
799
822
837
859
875
879
876
889
876
863
829
790
767
737
701
661
633
608
582
523
472
419
377
333
274
225
156
188
77
97
33
-25
-7
-84
-129
-158
-166
-234
-132
-276
-212
-255
-306
-225
-309
-296
-343
-325
-332
-319
-310
-315
-306
-315
-323
-395
-313
-376
-300
-314
-336
-347
-294
-351
-281
-280
-342
-257
-332
-248
-266
-152
-166
-92
-142
-175
-154
-185
-141
-192
-147
-143
-73
-101
-167
-148
-176
-167
-194
-261
-243
-214
-250
-284
-373
-444
-477
-518
-561
-604
-613
-602
-558
-552
-536
-525
-481
-469
-454
-411
-343
-244
-183
-125
-67
21
97
145
185
224
275
338
402
458
526
565
588
628
641
668
683
702
724
761
772
793
790
792
784
748
723
713
682
665
653
614
656
620
622
571
553
468
482
360
425
323
306
332
198
336
110
211
101
58
53
15
15
-27
-60
-46
-144
-86
-195
-199
-214
-285
-207
-329
-213
-290
-191
-325
-258
-313
-386
-283
-465
-316
-390
-347
-276
-366
-295
-342
-417
-370
-444
-382
-394
-400
-364
-391
-362
-372
-256
-410
-290
-439
-391
-335
-455
-319
-416
-299
-296
-345
-373
-380
-351
-352
-362
-388
-337
-292
-306
-299
-398
-401
-410
-452
-425
-453
-391
-347
-309
-279
-280
-224
-207
-192
-192
-176
-87
-3
64
124
176
223
281
285
321
360
396
467
510
587
652
672
699
690
685
665
711
658
724
698
714
740
673
726
618
655
618
580
548
575
454
554
489
462
481
358
344
258
245
198
199
251
226
211
209
67
194
12
64
-27
-111
67
-106
36
-72
-163
-146
-191
-228
-180
-305
-237
-216
-245
-157
-274
-258
-279
-232
-339
-205
-425
-217
-304
-255
-229
-358
-245
-369
-274
-398
-341
-421
-315
-365
-358
-363
-437
-396
-393
-376
-323
-365
-392
-331
-368
-308
-371
-302
-278
-225
-184
-266
-164
-180
-133
-130
-154
-113
-75
-47
-97
-105
-162
-169
-176
-246
-235
-262
-244
-204
-253
-233
-255
-244
-233
-261
-238
-186
-131
-68
-50
11
70
123
161
173
237
278
344
361
424
468
496
510
539
463
566
462
489
599
385
652
418
639
479
587
434
440
435
292
498
136
576
203
497
303
283
317
186
294
278
274
218
310
175
338
165
239
90
163
99
80
151
-73
248
-35
204
-8
60
-2
10
-40
-110
92
-204
160
-162
18
-85
-201
-98
-250
-190
-181
-221
-208
-141
-278
-238
-354
-436
-405
-486
-514
-443
-543
-479
-496
-582
-511
-602
-571
-480
-488
-363
-425
-435
-417
-364
-378
-278
-333
-212
-153
-172
-106
-163
-53
-68
-49
-75
-64
-16
4
-28
-75
-130
-164
-153
-234
-253
-279
-277
-234
-249
-259
-244
-257
-250
-247
-258
-168
-116
-31
17
63
108
181
182
245
192
390
217
435
345
376
627
273
744
334
633
522
468
488
602
404
673
496
449
696
234
646
231
560
310
545
283
548
358
420
411
180
505
146
461
163
441
115
518
165
291
320
38
482
16
330
80
235
45
279
48
66
125
-71
140
-129
45
-195
12
-182
-40
-229
-107
-312
-184
-407
-411
-368
-466
-379
-524
-427
-657
-522
-657
-678
-644
-734
-717
-703
-762
-673
-744
-644
-774
-539
-738
-523
-492
-510
-338
-452
-332
-332
-233
-318
-176
-237
-53
-72
-5
-1
76
101
46
73
19
151
80
200
39
70
20
-31
-40
-119
-117
-121
-53
-78
-59
-74
-77
-66
-88
-109
-31
31
91
97
209
151
342
215
334
335
248
484
298
482
458
461
606
422
523
458
548
446
556
455
463
552
498
530
474
503
472
507
321
510
290
554
382
526
348
368
412
206
514
13
588
8
535
220
236
284
183
277
124
147
33
214
-53
114
-23
-35
117
-85
-163
-40
-339
-47
-243
-401
20
-546
-69
-539
-450
-450
-644
-427
-659
-461
-675
-444
-754
-526
-852
-630
-806
-659
-770
-682
-764
-618
-640
-673
-543
-821
-394
-793
-301
-658
-270
-410
-200
-191
-301
-108
-283
2
-175
0
-50
126
103
132
56
93
120
140
112
111
190
154
239
97
70
25
-1
-13
-52
-105
-53
-18
-29
26
-35
17
-13
6
-10
17
110
44
322
58
359
271
321
391
276
405
361
427
333
619
363
723
435
608
495
452
527
332
554
513
564
490
617
326
679
242
592
388
479
484
436
488
406
486
346
464
237
483
117
553
192
397
292
127
340
171
189
173
138
-44
245
-338
194
-384
55
-241
-105
-278
-236
-346
-334
-322
-580
-177
-749
-160
-669
-459
-621
-566
-661
-541
-785
-608
-665
-777
-479
-873
-488
-820
-543
-751
-554
-756
-491
-690
-579
-525
-640
-467
-496
-500
-415
-392
-410
-149
-372
-107
-246
-147
-115
-118
-72
-113
11
-19
137
-16
112
23
110
142
56
146
101
208
193
123
71
52
56
66
-19
43
-37
27
61
-117
186
-88
235
4
145
145
221
286
290
391
275
613
264
642
313
619
445
609
421
658
473
630
580
532
672
481
675
405
694
359
760
336
706
400
494
318
378
356
474
503
286
559
148
544
150
307
108
377
138
399
11
185
119
9
137
-159
80
-110
126
-283
66
-419
-20
-326
-336
-273
-471
-156
-410
-312
-501
-349
-566
-302
-656
-422
-651
-461
-519
-550
-612
-536
-500
-535
-485
-718
-446
-594
-374
-544
-537
-452
-471
-401
-474
-513
-349
-424
-299
-373
-328
-311
-195
-282
-85
-232
-89
-159
-174
-92
-145
-18
-141
37
-126
101
-122
83
-37
64
54
-28
44
-45
75
0
49
-100
-79
-106
-97
-125
-104
-231
-32
-220
0
-139
-39
53
-88
74
-7
60
207
207
231
473
235
556
323
487
411
536
400
608
577
634
701
557
698
587
672
532
654
556
726
629
624
609
545
668
533
490
615
520
508
707
257
709
392
348
656
160
680
261
384
251
148
42
225
-63
373
-83
78
-120
-218
-258
-254
-343
-166
-257
-366
-104
-670
-240
-758
-468
-640
-600
-571
-494
-671
-383
-821
-565
-738
-733
-549
-802
-522
-841
-447
-842
-415
-847
-484
-676
-510
-527
-566
-487
-498
-501
-370
-496
-427
-289
-579
-167
-558
-143
-211
-125
-168
-113
-113
-9
12
-108
72
-13
115
66
14
189
72
214
125
29
278
93
302
127
56
59
13
66
-26
-26
-58
27
56
85
98
94
188
149
108
129
100
341
246
469
382
444
480
457
498
589
546
653
694
586
736
426
695
549
712
650
605
463
589
500
594
631
443
756
355
494
458
221
487
316
263
437
123
383
210
118
335
36
241
97
76
113
-21
-115
-73
-239
-109
-129
-340
-38
-476
-299
-361
-644
-222
-627
-308
-437
-581
-380
-646
-554
-480
-545
-375
-516
-544
-541
-685
-443
-614
-567
-556
-523
-663
-417
-664
-381
-433
-524
-303
-673
-292
-550
-332
-568
-426
-376
-390
-279
-269
-243
-172
34
-206
10
-246
-10
-11
-74
-15
21
30
164
36
62
100
130
186
13
127
67
197
134
89
-78
9
-56
3
3
-121
63
38
135
112
97
158
130
84
68
82
315
402
630
539
618
581
584
490
550
516
565
741
658
801
682
714
659
606
492
645
493
722
548
538
462
361
371
318
252
321
347
326
442
173
301
186
173
197
42
96
144
19
104
-93
-93
-40
-98
-105
-184
-198
-206
-296
-407
-482
-480
-430
-453
-377
-457
-464
-523
-500
-553
-435
-523
-436
-512
-576
-498
-516
-405
-527
-462
-634
-405
-514
-410
-453
-338
-468
-395
-451
-605
-313
-628
-329
-537
-348
-315
-145
-240
-244
-260
-254
-20
-114
-23
-183
57
24
73
37
64
136
221
37
128
162
162
244
-70
-42
-75
66
72
-1
-163
-143
-189
-173
-227
-279
-220
-190
-151
-171
-183
-64
7
21
57
57
354
467
540
556
519
582
607
561
645
644
743
778
806
865
956
839
923
791
807
721
629
639
542
609
478
494
399
412
343
340
307
299
351
334
223
265
95
185
86
47
69
11
97
19
109
135
173
-21
-26
-169
-258
-288
-540
-269
-284
-149
-185
-449
-462
-670
-824
-661
-707
-503
-378
-358
-493
-704
-861
-901
-780
-794
-501
-494
-213
-310
-367
-534
-761
-656
-733
-495
-441
-257
-252
-253
-320
-396
-420
-393
-297
-73
94
165
107
-46
-42
-103
-190
-151
6
111
234
76
55
94
116
0
-238
-314
-239
-48
23
-43
-196
-276
-399
-478
-581
-609
-480
-410
-356
-364
-320
-192
-144
-154
-195
-91
173
395
582
599
695
750
785
801
864
945
998
1107
1077
1186
1240
1251
1223
1094
1036
969
890
856
792
712
736
690
618
577
396
322
235
172
227
117
173
173
86
111
-2
-1
-41
-87
-67
-30
50
160
67
12
-17
-139
-119
-135
-107
-113
-101
-171
-204
-239
-293
-349
-468
-563
-501
-458
-463
-495
-577
-586
-650
-719
-793
-695
-699
-603
-631
-678
-622
-616
-668
-745
-728
-721
-537
-494
-422
-397
-349
-383
-248
2
72
43
-144
-114
55
94
-17
75
187
181
12
-332
-240
42
86
-118
-413
-433
-228
-176
-392
-731
-957
-964
-908
-915
-968
-892
-762
-830
-954
-1016
-815
-461
-408
-443
-370
-48
397
532
590
638
816
978
1033
1162
1389
1613
1677
1640
1600
1720
1715
1614
1495
1426
1499
1466
1454
1294
1104
968
740
641
545
483
369
273
292
268
201
115
-32
-177
-224
-232
-179
-56
43
2
-86
-62
-48
-80
-125
-139
-53
-24
57
125
126
78
100
-132
-190
-67
-104
-131
-178
-194
-190
-248
-435
-483
-569
-588
-582
-656
-665
-624
-643
-747
-825
-764
-827
-820
-840
-853
-801
-655
-608
-477
-281
68
256
-74
-378
-405
-128
93
245
265
458
529
57
-474
-646
-356
-33
-182
-440
-488
-236
-229
-617
-1321
-1813
-1804
-1621
-1494
-1430
-1260
-1170
-1282
-1673
-1982
-1791
-1293
-970
-848
-675
-173
345
514
315
260
463
850
1266
1600
2071
2418
2417
2096
1853
1893
2093
2151
2143
2219
2341
2393
2112
1673
1260
931
792
776
888
977
860
510
142
-124
-322
-404
-445
-342
-240
-124
-123
-175
-245
-428
-524
-479
-197
201
359
362
314
231
152
86
127
180
371
462
451
415
322
154
-140
-297
-290
-137
-66
-78
-207
-465
-727
-911
-981
-988
-864
-774
-786
-783
-843
-935
-1002
-1077
-981
-816
-443
174
592
433
-163
-647
-553
-52
256
476
699
902
542
-358
-994
-865
-260
-36
-337
-646
-531
-315
-659
-1568
-2465
-2687
-2276
-1851
-1721
-1743
-1702
-1841
-2344
-2910
-2855
-2061
-1181
-828
-889
-703
-199
143
26
-178
128
883
1622
2063
2354
2679
2737
2318
1862
1965
2577
3145
3263
3115
2968
2767
2375
1847
1506
1441
1545
1558
1490
1373
1019
412
-203
-545
-512
-293
-139
-108
-253
-466
-754
-958
-966
-784
-598
-397
-102
131
214
21
-198
-234
-48
243
522
746
817
719
491
294
289
360
393
293
242
264
268
47
-301
-511
-597
-648
-713
-731
-677
-639
-780
-1033
-1178
-1134
-996
-872
-716
-250
472
845
301
-644
-985
-323
511
864
992
1111
863
-175
-1392
-1580
-504
546
503
-451
-1173
-1157
-1167
-1723
-2671
-3096
-2697
-2053
-1846
-2225
-2643
-2902
-3254
-3692
-3603
-2583
-1176
-585
-1128
-1863
-1801
-933
-113
217
528
1129
1733
1898
1827
2039
2481
2671
2489
2504
3056
3639
3595
3005
2473
2411
2573
2607
2507
2327
2010
1567
1132
964
968
808
475
168
64
16
-114
-312
-485
-567
-607
-544
-327
-127
-124
-369
-521
-263
168
388
335
237
307
441
490
532
644
795
758
553
492
578
633
426
43
-85
34
138
-32
-387
-642
-778
-821
-855
-816
-775
-889
-1066
-1249
-1180
-883
-388
271
751
497
-427
-1049
-573
496
1136
1200
1176
1041
176
-1148
-1658
-606
908
1212
75
-1195
-1561
-1424
-1680
-2386
-2855
-2621
-2142
-2176
-2890
-3635
-3865
-3832
-3901
-3883
-3130
-1956
-1410
-2114
-3158
-3130
-1822
-288
414
476
601
888
1004
965
1413
2487
3400
3447
2942
2764
3091
3417
3176
2851
3001
3507
3644
3082
2272
1689
1488
1459
1561
1657
1528
972
165
-463
-525
-194
110
100
-158
-440
-649
-738
-713
-562
-348
-89
164
345
306
97
-86
-13
395
860
1160
1183
928
606
361
373
692
978
995
684
262
-25
-165
-219
-287
-310
-307
-416
-644
-865
-974
-1041
-1102
-1135
-1027
-778
-542
-236
292
765
482
-534
-1141
-364
1093
1828
1578
1140
724
-241
-1455
-1490
227
2097
2010
-111
-2148
-2503
-1622
-1089
-1482
-2153
-2392
-2375
-2794
-3650
-4109
-3716
-3165
-3239
-3651
-3362
-2410
-2000
-2747
-3656
-3155
-1279
342
573
-186
-589
-226
401
1038
1942
3044
3497
2749
1619
1517
2563
3619
3724
3258
2975
2965
2767
2232
1810
1825
2003
2035
1850
1544
1061
317
-328
-414
138
726
733
116
-704
-1165
-1095
-619
-14
351
222
-200
-526
-433
-30
302
466
577
716
801
736
605
551
616
780
947
1067
1018
731
320
-14
-47
219
455
360
-102
-658
-942
-948
-753
-510
-445
-625
-977
-1201
-1068
-459
529
1307
1066
-210
-1202
-721
780
1771
1788
1475
1110
83
-1421
-1732
27
2217
2330
143
-2140
-2526
-1486
-809
-1238
-2056
-2367
-2370
-2804
-3638
-4020
-3505
-2837
-2990
-3646
-3593
-2641
-1979
-2535
-3469
-3105
-1306
356
537
-280
-701
-270
484
1103
1848
2816
3264
2570
1391
1111
2196
3454
3681
2986
2346
2256
2258
1946
1593
1559
1786
1731
1279
813
495
277
-20
-171
17
380
424
-61
-707
-921
-538
50
420
401
155
-110
-154
85
498
879
1005
880
682
598
662
788
908
942
900
807
671
477
267
137
124
120
34
-119
-388
-716
-997
-1138
-1050
-841
-659
-740
-1071
-1427
-1392
-814
229
1293
1506
474
-959
-1154
207
1842
2504
2263
1702
534
-1144
-1942
-370
2452
3488
1456
-1677
-3033
-2114
-771
-501
-1145
-1855
-2372
-3073
-3879
-4202
-3614
-2741
-2644
-3413
-3947
-3400
-2407
-2267
-3015
-3208
-1896
-28
706
104
-602
-369
470
1237
1942
2823
3411
2961
1778
1171
2017
3453
4012
3326
2335
1881
1891
1870
1729
1634
1575
1296
707
195
-20
-33
-139
-384
-494
-348
-214
-369
-802
-1071
-826
-249
284
415
211
1
26
342
805
1189
1377
1352
1221
1103
1122
1274
1446
1432
1229
993
856
717
536
288
27
-68
-97
-252
-685
-1139
-1300
-1225
-1225
-1333
-1356
-1316
-1456
-1755
-1676
-941
272
1166
980
-224
-1326
-950
780
2288
2574
2128
1542
451
-1140
-1649
269
3072
3689
1192
-1967
-2960
-1771
-458
-433
-1211
-1857
-2382
-3200
-4138
-4305
-3419
-2461
-2589
-3607
-4132
-3473
-2494
-2367
-2881
-2723
-1379
71
393
-221
-531
169
1258
1983
2417
2952
3345
2927
1958
1658
2675
4072
4322
3218
2013
1670
1890
1904
1696
1597
1489
980
98
-538
-582
-350
-409
-737
-987
-875
-786
-980
-1281
-1280
-801
-243
81
80
-18
-30
177
678
1293
1665
1643
1434
1356
1499
1697
1902
2052
1918
1539
1110
950
972
853
527
127
-99
-201
-465
-938
-1385
-1561
-1502
-1523
-1614
-1670
-1689
-1891
-2201
-2010
-927
632
1393
505
-1214
-1883
-510
1564
2687
2620
2198
1328
-403
-1943
-1196
1895
4214
3166
-297
-2801
-2585
-1048
-320
-809
-1494
-1862
-2436
-3619
-4624
-4361
-3070
-2290
-2891
-3884
-3841
-2847
-2325
-2840
-3156
-2062
-111
932
420
-461
-300
911
2018
2552
3039
3716
3802
2800
1735
2036
3606
4691
4147
2682
1746
1735
1747
1353
1036
1184
1234
491
-694
-1406
-1290
-981
-1055
-1327
-1328
-1098
-1149
-1633
-1988
-1599
-713
29
294
241
171
181
390
955
1711
2271
2323
2063
1870
1893
2029
2164
2275
2270
2052
1614
1148
862
637
325
30
-106
-194
-534
-1218
-1803
-2035
-1944
-1832
-1821
-1780
-1879
-2050
-2076
-1421
-50
972
605
-790
-1455
-360
1369
2319
2381
2231
1460
-305
-1798
-954
1908
3725
2442
-612
-2502
-2207
-1156
-901
-1493
-2023
-2251
-2715
-3708
-4557
-4412
-3521
-3051
-3494
-3933
-3426
-2405
-2186
-2949
-3267
-2041
86
1340
1112
341
265
1048
2066
3011
3877
4538
4336
3234
2220
2426
3729
4708
4307
2912
1763
1441
1455
1198
716
448
320
-73
-864
-1574
-1794
-1730
-1834
-2054
-1889
-1330
-984
-1362
-1950
-1918
-1053
32
716
954
924
830
870
1256
1976
2662
2976
2901
2685
2510
2356
2266
2238
2215
2090
1863
1514
991
334
-321
-750
-841
-661
-637
-1130
-1950
-2544
-2680
-2586
-2430
-2136
-1690
-1312
-907
-196
391
64
-965
-1168
293
2125
2943
2726
2290
1227
-729
-2107
-914
2230
4013
2487
-861
-3081
-3067
-2057
-1583
-1907
-2439
-2958
-3584
-4475
-5099
-4976
-4320
-3903
-4096
-4115
-3244
-1961
-1605
-2523
-3329
-2411
58
2234
2750
2057
1439
1435
1911
2946
4571
5984
5861
4155
2401
2058
3097
4197
4356
3525
2138
832
1
-247
-189
-213
-483
-983
-1554
-1995
-2277
-2494
-2668
-2662
-2222
-1377
-582
-346
-742
-1201
-1039
-88
1218
2262
2708
2538
2093
1869
2102
2703
3286
3564
3474
3090
2492
1940
1606
1416
1247
1053
931
609
-93
-973
-1679
-1956
-1862
-1506
-1178
-1333
-1992
-2700
-2821
-2471
-1948
-1176
51
1499
2120
1252
-398
-1071
67
1954
3313
3960
4122
3029
144
-2836
-3117
-164
2861
2941
303
-2480
-3720
-3911
-4079
-4368
-4190
-3669
-3592
-4455
-5547
-5834
-5313
-4958
-5221
-5015
-3384
-1049
84
-690
-1976
-2060
-531
1603
3312
4289
4536
4046
3064
2534
3243
4922
6177
5796
4029
2414
2148
2501
2267
1368
751
530
-178
-1426
-2332
-2339
-2132
-2452
-3016
-3001
-2275
-1714
-1962
-2573
-2500
-1453
-174
615
975
1287
1533
1589
1767
2491
3519
4080
3916
3554
3468
3510
3249
2740
2344
2215
2142
1896
1489
886
109
-729
-1323
-1465
-1301
-1218
-1539
-2010
-2319
-2351
-2146
-1887
-1636
-1434
-1192
-860
-401
309
1455
2926
3703
2885
1198
571
1723
3257
3979
4087
3970
2620
-411
-3352
-3605
-1146
963
513
-1811
-3752
-4533
-5005
-5915
-6785
-6634
-5589
-4561
-4463
-4932
-5197
-5042
-4990
-5119
-4435
-2223
709
2361
1957
687
348
1414
2906
4041
4868
5615
5804
5032
3846
3217
3438
3657
3129
1930
1019
921
934
79
-1576
-2833
-3093
-2961
-3227
-3605
-3347
-2677
-2473
-2944
-3105
-2280
-1036
-310
-81
484
1599
2583
2813
2646
2770
3257
3617
3767
4095
4542
4571
3822
2775
2157
2031
1957
1597
1091
576
-29
-803
-1577
-2009
-1974
-1797
-1875
-2024
-1925
-1721
-1740
-1874
-1635
-891
-85
367
463
587
763
921
1370
2481
4334
5725
5389
3451
1596
1272
2005
2821
3305
3429
2406
-375
-3642
-5139
-4077
-2520
-2503
-3916
-4898
-4625
-4180
-4896
-6693
-8024
-7811
-6231
-4426
-2984
-1957
-1497
-1905
-2924
-3261
-1928
737
3075
3948
3722
3580
4034
4406
4052
3221
2828
3217
3855
4116
3802
3016
1687
-167
-2077
-3130
-2785
-1729
-1332
-2084
-3150
-3609
-3619
-3879
-4331
-4150
-2928
-1315
-111
615
1265
1682
1515
1042
1215
2468
4104
5102
5096
4665
4243
3705
2897
2190
2006
2265
2443
2158
1581
891
45
-1050
-2077
-2512
-2240
-1663
-1359
-1403
-1572
-1671
-1699
-1683
-1418
-863
-114
551
1016
1382
1786
2046
1884
1378
1095
1327
1762
2202
2752
3862
4909
4616
2617
386
-461
-171
338
688
1085
912
-830
-3672
-5813
-5778
-4534
-3837
-4192
-4364
-3583
-2555
-2558
-3932
-5609
-6310
-5513
-3853
-1979
-326
905
1308
682
-324
-682
179
1563
2503
2795
3153
3964
4604
4200
2728
1149
232
103
397
875
1320
1213
254
-1407
-3028
-3832
-3692
-3219
-2971
-2702
-2052
-1212
-787
-1028
-1500
-1533
-959
-112
802
1865
2996
3703
3618
3090
2755
2808
2889
2657
2365
2386
2649
2687
2224
1473
690
-53
-727
-1102
-1000
-653
-430
-486
-725
-906
-965
-1083
-1214
-1090
-633
-43
561
1102
1378
1378
1223
1062
1087
1328
1515
1423
1226
1157
1128
923
395
-265
-595
-327
592
1791
2486
2013
719
-410
-848
-702
-289
219
355
-494
-2126
-3345
-3192
-2268
-2020
-2781
-3439
-3022
-1934
-1363
-1847
-2863
-3694
-3961
-3692
-2845
-1640
-586
-126
-261
-437
-189
556
1333
1593
1254
874
1143
2143
3155
3354
2638
1519
593
129
84
195
207
-55
-600
-1233
-1650
-1631
-1437
-1618
-2235
-2624
-2237
-1348
-589
-217
-43
149
364
540
831
1381
1934
2042
1788
1757
2184
2633
2535
1955
1381
1149
1164
1131
967
756
534
284
95
-2
-28
-58
-160
-269
-257
-65
181
358
429
439
479
602
747
875
995
1002
839
644
589
671
729
644
279
-213
-567
-761
-902
-1079
-1278
-1296
-1000
-216
999
2039
2175
1465
705
394
429
596
851
1004
614
-486
-1591
-1775
-1169
-890
-1661
-2785
-3145
-2501
-1722
-1619
-2158
-2914
-3521
-3921
-3935
-3405
-2443
-1510
-937
-601
-237
296
787
981
896
808
1015
1588
2275
2709
2740
2384
1885
1463
1159
886
511
32
-475
-872
-1044
-1009
-892
-938
-1231
-1547
-1597
-1358
-1082
-973
-946
-799
-450
-19
336
689
1055
1296
1279
1171
1264
1585
1820
1750
1501
1387
1521
1733
1861
1817
1619
1258
838
566
531
658
722
643
493
419
428
389
300
157
11
-101
-155
-135
-153
-268
-445
-574
-520
-339
-219
-306
-606
-903
-1045
-966
-796
-741
-769
-758
-672
-472
-198
123
301
302
346
791
1567
2134
2200
1967
1732
1547
1321
1062
780
213
-739
-1752
-2165
-1859
-1455
-1612
-2261
-2775
-2772
-2473
-2239
-2223
-2479
-2870
-3267
-3399
-3069
-2354
-1557
-868
-342
41
463
1009
1594
1903
1763
1422
1344
1698
2170
2369
2198
1864
1581
1400
1237
983
591
32
-611
-1156
-1433
-1428
-1256
-1185
-1369
-1561
-1446
-1016
-600
-484
-638
-780
-668
-223
341
840
1261
1639
1985
2248
2492
2710
2790
2581
2167
1857
1830
1931
1904
1700
1368
980
572
196
-74
-271
-471
-772
-1089
-1294
-1343
-1287
-1221
-1190
-1145
-1052
-977
-913
-847
-770
-699
-554
-305
-2
304
533
648
752
879
1006
1036
958
863
782
713
569
394
259
147
-88
-487
-866
-967
-790
-559
-275
88
348
243
-102
-317
-230
-106
-134
-228
-365
-751
-1430
-1965
-1947
-1543
-1275
-1343
-1339
-928
-299
25
-172
-677
-1126
-1378
-1483
-1460
-1306
-1136
-997
-818
-511
-70
386
678
682
426
88
-68
9
106
77
-65
-188
-163
57
427
754
822
613
298
76
37
132
236
299
383
582
950
1404
1791
1868
1690
1468
1405
1488
1521
1394
1158
894
691
659
845
1081
1107
841
401
16
-185
-303
-468
-708
-939
-1016
-860
-577
-305
-135
-81
-80
-101
-63
26
137
256
364
460
568
689
773
779
705
567
468
452
416
277
14
-241
-327
-245
-164
-224
-454
-723
-901
-976
-1006
-1056
-1127
-1205
-1303
-1336
-1247
-1005
-731
-615
-425
130
973
1555
1642
1532
1593
1779
1834
1694
1415
823
-257
-1408
-1913
-1682
-1302
-1460
-2014
-2319
-2042
-1577
-1411
-1693
-2222
-2704
-3010
-3132
-3087
-2933
-2796
-2589
-2179
-1445
-443
638
1505
1933
1913
1765
1787
1965
2071
1936
1727
1662
1839
2167
2461
2513
2248
1797
1358
1025
757
439
-22
-593
-1072
-1201
-964
-564
-272
-153
-108
-33
92
207
227
141
26
-8
146
509
924
1197
1309
1373
1451
1555
1638
1601
1387
1001
547
207
64
26
-8
-65
-106
-51
85
151
49
-196
-447
-587
-607
-552
-481
-431
-449
-496
-506
-401
-206
-23
5
-132
-268
-272
-170
-98
-104
-155
-143
-11
157
225
177
90
-15
-172
-405
-599
-721
-797
-933
-1083
-1129
-1071
-812
-258
489
978
1072
1010
1048
1130
1063
884
659
159
-824
-1959
-2559
-2463
-2219
-2357
-2694
-2650
-2042
-1334
-971
-1008
-1198
-1379
-1552
-1701
-1709
-1553
-1343
-1087
-686
-11
895
1862
2648
3111
3179
2986
2750
2522
2233
1764
1169
610
258
179
268
334
244
46
-135
-252
-366
-509
-676
-909
-1199
-1378
-1244
-839
-291
321
966
1508
1840
2011
2071
2055
1885
1566
1235
1030
990
1005
963
824
687
639
635
538
272
-130
-578
-984
-1302
-1489
-1551
-1516
-1404
-1179
-806
-335
90
387
540
604
615
586
507
425
385
395
432
468
522
585
632
599
444
181
-129
-422
-732
-1092
-1441
-1637
-1589
-1392
-1137
-860
-606
-461
-427
-432
-444
-474
-568
-702
-820
-832
-763
-513
98
937
1659
1984
2084
2158
2243
2139
1868
1489
845
-296
-1712
-2728
-2981
-2822
-2933
-3326
-3456
-2886
-1905
-1112
-897
-1137
-1453
-1673
-1808
-1851
-1765
-1607
-1372
-1024
-365
704
1961
3060
3821
4233
4315
4145
3765
3219
2529
1688
800
116
-204
-226
-190
-284
-451
-558
-546
-520
-649
-957
-1402
-1773
-1910
-1795
-1450
-901
-228
421
1013
1625
2230
2655
2744
2488
2074
1687
1374
1104
837
623
534
559
630
700
677
484
116
-336
-766
-1172
-1617
-2086
-2428
-2510
-2312
-1920
-1433
-906
-359
161
590
877
982
971
911
824
751
727
771
847
915
973
1043
1096
1107
1026
782
356
-143
-535
-811
-1003
-1149
-1269
-1341
-1315
-1151
-918
-758
-748
-900
-1148
-1421
-1616
-1716
-1764
-1816
-1825
-1387
-400
816
1725
2122
2164
2134
2102
2037
1934
1563
636
-737
-1970
-2480
-2219
-1827
-1865
-2082
-1830
-940
21
406
56
-594
-1175
-1603
-1866
-1933
-1884
-1756
-1491
-912
96
1282
2304
2979
3220
3070
2710
2297
1931
1529
948
252
-282
-382
-32
484
808
840
710
586
467
200
-255
-819
-1325
-1622
-1590
-1189
-528
157
718
1160
1556
1879
1976
1803
1416
912
364
-134
-460
-593
-557
-412
-180
119
444
730
849
729
414
3
-362
-637
-834
-929
-881
-614
-169
322
788
1205
1534
1740
1748
1543
1197
798
399
41
-205
-337
-344
-283
-239
-280
-420
-608
-798
-1045
-1397
-1803
-2155
-2334
-2298
-2087
-1747
-1331
-932
-572
-247
40
253
336
287
102
-140
-355
-415
-368
-243
-106
66
282
512
638
536
508
749
1132
1247
1045
681
411
318
343
476
482
19
-951
-1956
-2416
-2235
-1953
-2060
-2393
-2366
-1701
-720
16
223
105
-45
-109
-90
11
129
191
205
328
740
1368
1971
2335
2425
2274
1935
1462
962
542
117
-400
-957
-1316
-1275
-923
-555
-413
-465
-503
-393
-219
-114
-139
-224
-222
-11
438
1074
1705
2203
2543
2723
2769
2648
2352
1912
1387
823
330
-28
-240
-374
-502
-584
-554
-397
-225
-159
-237
-401
-599
-792
-937
-979
-883
-712
-475
-185
157
529
850
1018
1016
884
701
543
372
152
-120
-399
-606
-718
-788
-889
-1033
-1199
-1349
-1430
-1460
-1456
-1469
-1528
-1563
-1437
-1060
-536
-98
143
242
324
434
499
470
373
233
42
-154
-263
-232
-138
-135
-258
-393
-445
-409
-397
-494
-723
-950
-1105
-1153
-867
-233
541
1137
1439
1549
1631
1787
1968
2041
1769
988
-95
-996
-1325
-1154
-969
-1154
-1541
-1629
-1205
-551
-142
-268
-764
-1263
-1567
-1638
-1512
-1299
-1056
-694
-125
699
1612
2336
2727
2796
2610
2210
1674
1155
781
520
284
79
15
180
484
705
694
449
87
-251
-516
-730
-928
-1094
-1148
-962
-497
191
924
1508
1856
1981
1953
1864
1777
1598
1309
970
646
476
529
680
731
603
324
-11
-303
-531
-755
-1007
-1320
-1624
-1795
-1753
-1552
-1313
-1139
-1019
-914
-795
-648
-525
-459
-486
-568
-585
-428
-108
222
429
491
477
468
474
425
286
45
-220
-385
-410
-335
-273
-273
-325
-340
-270
-128
3
18
-136
-414
-658
-788
-772
-676
-579
-500
-411
-265
-40
185
314
319
252
185
192
262
313
349
330
304
331
408
427
326
111
-186
-249
23
403
609
532
275
82
115
346
688
821
381
-551
-1471
-1882
-1728
-1468
-1511
-1702
-1595
-981
-101
584
791
577
204
-118
-258
-238
-151
-71
-1
168
533
1066
1621
2026
2187
2086
1771
1334
894
567
312
36
-273
-507
-492
-211
171
423
431
227
-81
-370
-585
-753
-905
-1022
-1023
-851
-493
-24
491
947
1220
1285
1185
1012
806
574
325
80
-112
-234
-273
-212
-36
186
324
311
176
5
-127
-211
-314
-447
-565
-591
-432
-143
165
385
480
496
479
454
422
354
238
97
-26
-81
-60
4
77
117
99
48
-48
-195
-393
-644
-916
-1171
-1361
-1401
-1273
-1055
-799
-567
-347
-119
51
105
55
-35
-130
-208
-278
-341
-387
-398
-358
-260
-114
24
117
150
97
-23
-164
-274
-331
-351
-389
-402
-358
-275
-175
-56
49
97
63
-70
-131
27
340
626
722
698
661
720
882
1076
1174
962
361
-431
-1014
-1211
-1190
-1241
-1440
-1543
-1321
-831
-300
94
291
333
239
79
-26
-33
16
37
58
209
527
957
1370
1687
1879
1896
1732
1440
1142
869
584
214
-171
-432
-492
-372
-179
9
130
163
120
68
44
26
-15
-72
-124
-109
50
389
818
1180
1383
1457
1498
1519
1451
1244
907
453
-28
-417
-689
-882
-1033
-1187
-1330
-1378
-1292
-1101
-900
-762
-706
-715
-742
-752
-724
-648
-550
-458
-358
-204
21
268
447
507
477
406
325
253
152
8
-173
-366
-536
-656
-723
-763
-790
-803
-820
-845
-835
-782
-705
-627
-563
-532
-469
-331
-162
-13
115
199
242
252
226
205
213
189
98
-10
-105
-153
-169
-184
-199
-230
-258
-249
-193
-116
-41
8
37
65
91
112
120
120
166
326
606
899
1108
1219
1288
1413
1601
1828
1964
1845
1385
707
121
-180
-266
-397
-683
-964
-1011
-804
-529
-340
-255
-252
-332
-486
-624
-646
-578
-557
-636
-718
-638
-348
67
500
906
1241
1438
1490
1426
1328
1195
968
638
277
-15
-229
-396
-519
-563
-532
-505
-527
-564
-559
-510
-455
-448
-503
-595
-666
-643
-502
-321
-185
-89
35
239
479
666
759
762
714
635
512
349
170
-13
-196
-377
-530
-584
-543
-457
-376
-308
-224
-153
-125
-142
-174
-214
-282
-404
-545
-635
-637
-576
-490
-381
-228
-47
126
255
329
367
369
305
173
11
-135
-239
-306
-361
-402
-379
-256
-61
145
303
426
546
643
682
641
538
421
296
177
97
76
101
131
150
169
228
298
338
344
312
222
100
-13
-120
-209
-271
-301
-301
-283
-258
-223
-176
-132
-31
140
328
465
522
537
548
568
603
642
625
476
152
-264
-598
-766
-849
-977
-1141
-1220
-1139
-950
-752
-563
-398
-309
-347
-492
-628
-675
-665
-687
-733
-733
-627
-428
-191
75
376
675
893
1021
1099
1170
1204
1106
868
571
286
48
-147
-307
-402
-449
-512
-622
-691
-633
-492
-358
-288
-249
-175
-47
102
245
371
454
509
559
644
787
939
1045
1087
1098
1119
1148
1155
1098
973
813
653
534
435
315
160
-7
-146
-225
-251
-245
-250
-289
-328
-361
-379
-388
-412
-435
-436
-403
-328
-236
-151
-84
-13
83
211
348
445
473
436
342
223
108
-17
-148
-290
-401
-472
-528
-560
-586
-597
-590
-564
-527
-511
-528
-576
-631
-656
-668
-687
-711
-738
-732
-682
-596
-464
-334
-241
-197
-178
-146
-99
-53
-32
-54
-85
-89
-58
-6
22
29
62
162
323
495
626
709
748
765
766
747
672
498
206
-154
-475
-703
-891
-1094
-1277
-1380
-1357
-1245
-1093
-885
-627
-370
-198
-106
-11
136
289
386
414
420
461
535
629
751
877
987
1059
1119
1218
1335
1387
1318
1136
933
773
615
415
176
-48
-227
-377
-481
-499
-430
-327
-213
-64
134
387
611
765
852
906
958
986
978
917
819
709
602
530
496
482
445
371
267
164
104
73
17
-85
-226
-380
-515
-614
-672
-729
-809
-907
-974
-959
-891
-820
-773
-737
-702
-673
-631
-553
-458
-406
-412
-448
-451
-400
-322
-254
-219
-203
-188
-168
-142
-130
-137
-165
-207
-243
-253
-260
-285
-322
-376
-421
-447
-454
-459
-459
-460
-455
-437
-418
-390
-353
-298
-237
-178
-112
-28
52
128
207
275
348
409
447
480
502
488
471
496
542
581
589
562
521
496
471
452
451
428
338
150
-84
-302
-477
-607
-741
-864
-913
-866
-754
-628
-486
-329
-156
1
123
233
377
511
577
594
581
587
626
665
694
734
767
797
825
863
913
933
901
825
724
602
458
288
107
-59
-228
-417
-595
-744
-840
-866
-854
-809
-718
-557
-359
-162
38
247
462
641
757
811
822
791
758
718
666
607
525
425
318
219
122
34
-66
-163
-266
-380
-494
-607
-714
-815
-927
-1031
-1098
-1105
-1039
-939
-814
-679
-530
-355
-163
15
165
288
396
510
595
635
618
561
474
371
286
210
125
17
-101
-216
-323
-417
-498
-571
-657
-749
-835
-907
-938
-920
-864
-803
-749
-694
-586
-421
-237
-59
88
205
301
396
499
601
676
716
716
694
657
619
586
565
558
542
504
432
354
278
201
129
53
-12
-73
-176
-319
-462
-586
-690
-774
-843
-897
-923
-916
-885
-833
-741
-599
-427
-258
-113
25
165
303
405
470
520
562
601
622
628
643
673
717
741
729
696
649
592
533
460
361
228
66
-77
-187
-283
-380
-472
-538
-555
-526
-467
-395
-298
-186
-73
49
171
299
438
567
673
740
771
790
812
825
808
770
719
678
641
585
519
424
299
208
138
61
-36
-130
-215
-302
-395
-482
-528
-550
-541
-517
-484
-426
-326
-209
-98
-7
55
105
126
114
101
75
17
-61
-149
-222
-280
-324
-361
-394
-417
-424
-436
-472
-523
-576
-602
-607
-598
-581
-562
-532
-495
-475
-457
-416
-361
-295
-240
-208
-172
-124
-50
50
156
246
298
328
344
353
341
294
220
133
52
-18
-71
-111
-140
-158
-165
-150
-129
-132
-199
-313
-435
-530
-590
-638
-686
-738
-761
-734
-657
-527
-352
-158
22
161
275
418
597
771
873
875
835
802
801
801
787
755
682
591
520
494
492
481
418
309
199
126
102
101
90
66
47
56
91
137
194
254
298
335
371
416
457
443
385
326
302
305
287
230
165
117
94
63
38
11
-16
-53
-107
-152
-164
-130
-118
-122
-136
-127
-109
-71
-22
24
84
127
147
135
116
102
68
9
-76
-158
-222
-279
-359
-430
-484
-514
-530
-539
-510
-466
-420
-377
-346
-321
-267
-220
-176
-143
-134
-130
-156
-179
-202
-209
-192
-176
-188
-223
-241
-253
-266
-299
-334
-355
-382
-385
-374
-351
-313
-274
-235
-198
-152
-90
-14
64
116
127
106
72
57
43
29
25
14
-16
-24
3
41
66
68
44
11
2
15
25
15
-2
-25
-30
-16
16
86
185
293
395
479
537
599
665
710
734
723
683
627
577
519
445
335
209
75
-54
-155
-238
-324
-413
-487
-530
-532
-496
-453
-401
-328
-253
-186
-109
-22
62
119
144
178
230
297
352
390
428
451
464
461
444
398
347
317
282
225
160
94
22
-25
-57
-70
-54
-27
-2
17
40
61
76
93
110
116
145
179
193
182
148
117
97
80
45
-19
-108
-203
-288
-362
-440
-518
-583
-608
-596
-564
-526
-480
-434
-393
-329
-283
-239
-189
-152
-117
-85
-57
-24
23
56
84
130
150
167
190
185
163
104
58
17
-44
-80
-96
-120
-143
-167
-216
-242
-241
-244
-226
-195
-151
-102
-44
21
56
90
114
110
100
98
76
29
2
-32
-79
-104
-118
-127
-121
-86
-45
-1
38
38
31
22
20
9
-7
-15
-31
-28
-15
6
19
7
-5
-13
9
46
72
76
82
70
37
7
13
36
59
97
127
129
127
149
147
142
164
205
253
291
317
304
282
282
282
266
231
187
140
111
75
30
13
-6
-26
-44
-50
-42
-23
-7
-23
-61
-112
-142
-154
-154
-136
-110
-56
-9
39
99
166
229
283
329
352
361
350
330
297
255
207
145
84
37
18
2
-26
-53
-90
-121
-145
-168
-185
-177
-168
-172
-167
-158
-155
-164
-177
-178
-179
-184
-180
-164
-151
-139
-119
-113
-125
-141
-144
-141
-137
-143
-172
-212
-270
-335
-379
-388
-391
-393
-397
-397
-392
-365
-325
-292
-255
-210
-168
-119
-57
9
72
126
160
188
226
270
303
308
316
310
300
296
288
283
287
286
277
256
234
211
180
148
110
75
55
29
-4
-26
-31
-15
9
27
32
38
55
55
56
56
55
49
45
41
36
45
68
89
78
48
22
-1
-10
-21
-59
-97
-134
-170
-187
-191
-193
-196
-192
-191
-193
-193
-187
-179
-166
-144
-121
-91
-29
25
65
114
151
163
169
150
122
104
92
90
102
123
139
152
167
198
247
279
274
250
212
175
147
106
49
-8
-51
-66
-65
-67
-79
-81
-92
-100
-119
-135
-136
-148
-154
-170
-167
-135
-97
-67
-58
-37
-4
37
76
106
127
131
136
127
119
113
118
117
97
75
42
11
-30
-86
-119
-130
-130
-132
-143
-138
-132
-143
-132
-102
-68
-38
-29
-26
-10
30
76
112
129
135
159
193
214
227
217
189
150
95
67
57
42
9
-36
-76
-97
-99
-87
-81
-106
-138
-160
-176
-185
-203
-207
-214
-237
-243
-233
-220
-199
-173
-159
-137
-100
-63
-36
-3
25
39
53
69
74
58
42
21
-12
-47
-75
-106
-137
-151
-156
-163
-148
-120
-87
-60
-33
-20
-23
-35
-43
-59
-76
-83
-91
-102
-92
-58
-31
-6
23
45
71
96
115
108
93
91
85
82
86
92
102
121
128
144
171
186
178
154
128
108
107
104
108
122
141
155
161
162
186
214
234
253
245
244
254
263
285
295
296
304
312
316
311
319
326
304
256
203
153
140
141
103
52
14
-18
-48
-76
-106
-149
-188
-226
-271
-286
-286
-298
-311
-322
-317
-310
-291
-266
-246
-209
-198
-189
-166
-136
-97
-78
-76
-79
-78
-84
-61
-42
-42
-33
-36
-49
-55
-59
-59
-58
-99
-144
-180
-216
-244
-267
-298
-319
-320
-321
-311
-281
-237
-191
-160
-119
-79
-47
-23
-28
-36
-46
-67
-69
-52
-37
-22
-6
-3
22
43
41
39
30
12
-23
-66
-100
-126
-135
-134
-154
-151
-137
-101
-50
-28
2
43
81
100
106
121
150
182
200
220
235
262
301
325
338
367
396
406
413
401
379
364
340
309
291
276
247
218
176
146
144
132
112
96
89
79
73
69
101
138
141
144
160
182
212
244
239
220
209
190
153
116
92
66
26
-19
-58
-79
-86
-99
-132
-142
-146
-166
-173
-183
-188
-206
-239
-275
-304
-309
-297
-287
-288
-275
-239
-198
-169
-140
-97
-60
-41
-35
-36
-38
-57
-94
-128
-154
-157
-161
-176
-179
-191
-203
-196
-202
-195
-186
-198
-211
-204
-197
-189
-183
-185
-186
-186
-174
-158
-155
-151
-154
-153
-127
-93
-75
-51
-32
-32
-7
18
48
82
106
95
82
75
64
75
96
108
116
138
146
154
173
185
187
181
165
143
145
146
129
110
83
69
74
77
85
97
107
124
131
132
146
160
159
158
161
171
188
192
193
175
153
148
141
125
107
94
64
45
28
21
35
50
54
52
39
12
13
2
-9
2
20
26
24
32
44
63
76
77
83
80
68
51
49
57
51
35
8
-23
-37
-35
-44
-56
-74
-103
-129
-139
-143
-152
-153
-163
-156
-151
-143
-121
-111
-86
-68
-72
-85
-102
-104
-89
-96
-91
-66
-48
-47
-57
-58
-43
-54
-71
-85
-113
-146
-161
-189
-228
-238
-247
-231
-210
-198
-177
-162
-147
-150
-138
-115
-96
-87
-84
-70
-55
-36
-29
-12
21
59
89
108
142
180
211
237
261
271
278
277
263
266
269
257
234
198
160
111
67
47
24
1
-13
-27
-38
-50
-59
-65
-55
-46
-57
-67
-91
-100
-95
-83
-68
-52
-31
-15
-7
-4
17
50
69
66
63
51
31
35
44
40
50
58
74
88
69
67
67
40
29
22
13
21
26
18
15
19
22
37
41
43
54
75
78
69
72
83
86
69
53
48
49
52
44
35
30
21
2
-27
-53
-60
-55
-62
-83
-99
-97
-100
-105
-115
-119
-120
-131
-135
-134
-120
-107
-97
-96
-87
-74
-67
-45
-31
-9
6
20
44
50
65
73
72
68
54
35
22
-6
-42
-66
-87
-116
-145
-153
-148
-140
-121
-97
-60
-15
14
40
52
67
97
110
120
137
142
142
133
120
116
101
90
68
43
23
-2
-19
-37
-52
-68
-87
-91
-95
-109
-116
-118
-126
-123
-107
-116
-119
-103
-102
-91
-70
-51
-32
-5
21
50
80
108
127
132
128
111
92
81
77
67
49
23
12
-3
-19
-12
-1
11
17
8
10
17
14
25
40
49
58
71
68
61
59
38
29
23
11
8
-8
-23
-22
-32
-26
-19
-8
18
21
21
34
41
57
76
78
83
87
83
85
83
84
89
90
98
80
75
81
62
46
20
4
5
-3
-20
-39
-58
-72
-82
-94
-97
-102
-98
-98
-88
-68
-53
-35
-31
-29
-23
-13
-5
2
-9
-17
-30
-53
-65
-81
-100
-118
-153
-178
-196
-212
-221
-235
-242
-236
-229
-224
-207
-184
-139
-111
-86
-55
-15
39
69
97
123
145
172
188
197
204
207
205
200
192
191
176
152
124
89
63
38
14
-7
-11
-15
-23
-20
-10
-10
-1
5
8
8
10
16
24
32
38
40
50
66
72
83
104
112
107
90
73
50
26
3
-13
-17
-24
-33
-55
-69
-76
-83
-96
-95
-89
-84
-72
-62
-50
-34
-11
11
31
43
43
42
40
40
46
41
45
31
25
29
32
39
39
44
31
22
22
15
13
10
5
1
-2
-2
4
-4
-25
-37
-47
-47
-57
-67
-69
-76
-66
-53
-42
-36
-38
-42
-44
-47
-51
-43
-38
-26
-27
-38
-33
-37
-34
-29
-17
-11
-8
-5
-17
-27
-44
-48
-57
-59
-64
-58
-50
-50
-53
-65
-65
-65
-62
-59
-54
-47
-48
-48
-41
-33
-17
-2
22
43
53
70
75
89
102
102
108
112
114
103
91
79
71
63
52
51
45
36
24
21
38
42
60
83
89
95
102
110
119
126
129
127
113
106
92
78
65
40
24
11
4
3
1
-9
-13
-22
-24
-8
-4
-5
-9
-28
-45
-70
-72
-81
-84
-92
-114
-130
-134
-127
-123
-121
-117
-115
-114
-102
-94
-91
-81
-77
-72
-66
-69
-54
-53
-46
-40
-31
-11
7
19
13
2
8
23
28
33
28
23
16
6
-2
-2
-1
5
7
10
15
23
26
21
23
20
16
23
25
19
13
12
10
9
16
28
36
47
57
56
63
56
51
45
37
32
27
26
14
-4
-7
-14
-14
-3
6
15
16
22
17
3
10
4
-8
-3
-20
-20
-16
-23
-13
-3
-1
7
16
19
22
36
48
55
51
51
50
48
47
29
29
22
4
-8
-12
-20
-30
-38
-39
-38
-37
-40
-35
-31
-15
-13
-14
-11
-13
-13
-16
-7
3
13
19
27
29
30
30
22
17
6
-16
-36
-53
-69
-83
-100
-117
-121
-121
-122
-112
-110
-96
-80
-79
-67
-57
-52
-53
-56
-45
-32
-14
12
34
47
70
74
78
93
92
97
90
87
70
54
49
44
29
17
14
3
5
-3
-3
-1
-3
-12
-20
-14
-10
0
16
43
60
71
84
88
98
104
111
122
127
124
120
109
93
92
89
88
90
71
57
38
16
-7
-24
-29
-35
-42
-49
-67
-82
-82
-78
-71
-65
-57
-54
-51
-52
-61
-70
-69
-65
-56
-41
-28
-24
-27
-28
-33
-43
-54
-63
-67
-72
-82
-93
-102
-112
-119
-113
-101
-87
-75
-69
-57
-64
-65
-54
-46
-39
-37
-28
-23
-13
-1
14
27
33
42
46
68
79
88
101
102
106
107
105
95
93
78
67
57
45
40
26
14
4
-16
-31
-30
-34
-39
-34
-35
-35
-38
-38
-39
-49
-48
-42
-31
-21
-5
2
15
18
20
31
40
48
54
59
56
45
36
27
29
29
26
23
22
26
27
32
25
19
17
17
19
23
35
43
51
50
46
62
76
97
111
119
121
118
110
106
113
107
103
93
90
80
64
58
36
30
9
-8
-17
-38
-63
-77
-72
-76
-73
-86
-94
-106
-131
-142
-148
-146
-147
-143
-144
-145
-135
-130
-111
-100
-89
-82
-73
-67
-70
-65
-62
-64
-61
-49
-46
-39
-34
-40
-44
-46
-43
-51
-61
-72
-89
-95
-95
-91
-95
-88
-82
-84
-82
-73
-54
-42
-26
2
9
7
18
37
57
63
79
109
126
144
157
157
162
148
137
143
138
125
115
103
94
79
67
70
72
60
50
37
33
19
14
21
14
18
26
39
52
57
70
77
77
83
79
85
95
95
95
88
67
55
52
50
39
24
15
-3
-16
-24
-33
-43
-51
-55
-63
-72
-81
-83
-71
-77
-76
-74
-73
-69
-75
-67
-46
-33
-31
-23
-5
9
13
19
26
26
15
3
2
4
-2
-4
-10
-21
-30
-41
-41
-48
-58
-60
-69
-64
-70
-60
-54
-58
-53
-46
-48
-40
-43
-44
-30
-40
-46
-35
-17
-13
-11
-1
-5
-6
3
-8
-15
-13
-25
-28
-27
-50
-51
-52
-59
-61
-56
-43
-48
-50
-46
-44
-35
-27
-21
-17
-18
-14
1
6
18
26
29
49
59
62
68
79
78
76
91
93
85
92
102
104
111
116
116
115
109
92
88
83
68
61
49
43
26
12
5
-8
-9
-10
-12
-11
-16
-24
-33
-26
-24
-24
-16
-15
-11
-1
10
21
27
27
15
15
11
9
14
15
9
5
2
-4
-5
-12
-2
-6
-20
-21
-29
-40
-48
-57
-70
-74
-81
-88
-80
-82
-74
-65
-57
-58
-49
-39
-33
-20
-22
-7
-7
-8
5
7
13
25
35
35
42
40
37
53
47
42
46
37
33
30
19
17
16
13
5
-6
7
3
-6
-6
-16
-20
-22
-21
-21
-23
-18
-17
-20
-12
-8
0
12
11
9
15
31
26
22
24
19
11
11
18
9
-4
-13
-26
-40
-44
-45
-46
-40
-44
-48
-42
-50
-57
-64
-66
-56
-42
-38
-33
-26
-18
-12
0
15
20
36
43
44
39
37
49
45
49
53
55
51
46
43
37
26
8
-10
-25
-30
-44
-46
-40
-48
-47
-47
-50
-50
-46
-43
-33
-20
-10
2
26
34
38
49
55
60
70
68
69
77
72
68
62
63
55
46
35
30
25
23
19
3
-6
-17
-33
-47
-51
-44
-35
-27
-23
-29
-35
-32
-22
-15
-4
1
-2
0
0
-4
5
17
24
31
40
36
28
30
26
25
26
31
33
33
30
27
27
23
29
33
42
42
38
40
34
26
24
19
10
4
-4
-16
-10
-14
-20
-22
-30
-30
-31
-33
-34
-37
-41
-44
-49
-59
-67
-71
-70
-72
-78
-82
-81
-89
-90
-85
-84
-74
-74
-65
-60
-58
-53
-58
-57
-54
-49
-42
-39
-43
-44
-46
-47
-48
-49
-44
-37
-35
-25
-4
6
14
22
23
28
38
47
59
68
72
80
81
84
90
85
84
78
70
67
62
63
66
63
61
61
57
65
65
64
67
71
75
75
70
63
59
56
55
58
60
53
52
44
34
30
27
25
22
17
9
1
-8
-17
-24
-36
-39
-44
-48
-48
-53
-57
-63
-67
-67
-63
-57
-54
-45
-37
-37
-18
-5
9
14
20
33
23
28
26
26
20
2
-5
-14
-25
-29
-37
-42
-42
-56
-54
-54
-60
-61
-65
-58
-55
-56
-56
-58
-54
-51
-53
-37
-30
-23
-18
-24
-20
-14
-13
-19
-24
-22
-12
-3
6
12
6
3
1
6
13
13
11
3
-2
0
1
7
10
13
23
24
25
28
24
23
26
30
30
31
33
36
31
29
33
28
31
33
31
34
33
28
25
22
28
25
24
20
19
19
10
8
5
3
3
6
8
12
11
5
1
-2
-6
-3
-7
-12
-19
-21
-17
-17
-12
-11
-10
-8
-8
-4
10
12
18
23
30
33
41
47
40
34
25
21
19
17
13
7
4
-3
-16
-20
-20
-23
-15
-20
-22
-22
-25
-27
-32
-30
-30
-30
-17
-15
-18
-23
-34
-39
-50
-53
-50
-46
-38
-35
-29
-31
-36
-31
-26
-28
-26
-22
-16
-13
-5
-7
-12
-9
-11
6
24
31
34
38
41
37
37
36
40
41
40
34
34
27
25
28
32
39
30
16
14
7
0
8
12
14
11
11
12
3
1
7
8
0
0
-4
-7
-6
-5
-2
0
1
-4
-7
-7
-7
-16
-18
-21
-26
-26
-32
-35
-38
-41
-38
-27
-17
-11
-4
3
8
6
2
10
18
21
34
36
38
35
29
27
19
12
8
6
2
4
-1
-3
-8
-18
-22
-26
-28
-28
-25
-26
-28
-29
-25
-19
-10
-3
-5
0
-4
-18
-18
-13
-14
-18
-14
-18
-23
-24
-26
-19
-7
-8
-4
5
3
0
-7
-8
-16
-18
-18
-19
-25
-31
-19
-15
-4
3
10
19
26
36
45
52
59
63
69
73
71
65
62
66
71
76
70
71
67
58
53
57
56
54
54
49
44
36
38
33
30
30
20
21
12
-4
-15
-26
-32
-45
-44
-47
-73
-77
-72
-68
-65
-66
-59
-54
-64
-68
-72
-66
-64
-61
-49
-38
-34
-23
-19
-21
-31
-36
-39
-43
-40
-39
-26
-31
-44
-49
-51
-52
-50
-44
-39
-41
-35
-34
-30
-20
-22
-20
-15
-5
7
16
30
31
43
49
42
39
38
30
26
26
10
6
-1
-5
-6
-4
-5
-6
5
14
14
11
6
8
10
3
14
37
46
58
70
82
87
82
80
92
99
95
95
90
91
91
86
89
92
81
71
63
47
39
37
26
14
2
-2
-8
-14
-22
-22
-26
-35
-40
-47
-53
-58
-56
-54
-49
-49
-51
-47
-50
-55
-55
-49
-51
-53
-45
-44
-44
-41
-44
-47
-49
-49
-49
-55
-63
-59
-65
-64
-59
-59
-49
-42
-40
-31
-13
-7
-11
-10
-15
-8
0
9
18
19
20
21
39
50
51
56
58
52
41
36
28
17
15
11
15
13
13
11
5
4
-2
-4
-8
-20
-28
-36
-39
-41
-34
-31
-29
-20
-18
-10
-1
0
-3
-1
-3
-7
-9
-4
1
5
9
15
26
30
30
29
27
27
35
36
40
45
45
51
57
57
57
57
52
47
48
38
34
39
32
28
28
26
31
28
35
39
40
47
46
34
27
20
11
4
-5
-4
-4
-10
-18
-25
-30
-38
-50
-43
-43
-39
-38
-48
-58
-64
-73
-76
-71
-72
-72
-72
-71
-66
-63
-63
-61
-54
-46
-43
-35
-30
-23
-16
-16
-13
-12
-11
-13
-14
-9
-5
-1
0
0
-1
-5
-12
-9
-6
-5
-4
-2
2
1
2
3
2
10
12
13
12
11
18
24
26
29
31
31
33
25
26
31
34
39
44
53
55
55
56
54
57
54
48
48
41
38
37
36
43
49
55
62
58
52
47
41
37
36
34
28
27
26
17
10
7
3
3
-4
-11
-8
-13
-18
-23
-30
-28
-28
-30
-37
-36
-40
-52
-53
-49
-46
-46
-45
-41
-37
-39
-42
-43
-52
-46
-49
-56
-62
-69
-77
-81
-80
-79
-78
-73
-65
-65
-52
-46
-33
-25
-23
-18
-17
-10
-2
5
4
8
10
6
4
-2
-1
5
5
4
15
19
18
15
5
5
2
-4
-8
-8
-10
-11
-10
-5
1
10
26
40
50
50
49
55
56
57
63
65
69
70
67
68
63
65
68
65
72
71
78
77
65
67
66
59
53
54
46
36
39
35
40
40
37
34
35
37
32
22
17
14
1
-3
-10
-13
-15
-24
-22
-19
-20
-22
-21
-25
-31
-40
-45
-52
-52
-52
-53
-57
-57
-51
-48
-49
-47
-47
-44
-47
-52
-57
-60
-59
-60
-52
-46
-44
-48
-49
-49
-45
-48
-48
-45
-50
-58
-59
-58
-59
-50
-45
-45
-37
-38
-36
-34
-32
-28
-30
-31
-35
-34
-29
-30
-26
-26
-20
-7
-5
-5
-4
-4
2
8
20
31
36
44
42
44
43
41
54
49
50
55
51
53
59
52
57
52
47
51
42
41
53
49
48
49
42
40
35
35
44
52
55
58
54
47
42
40
46
55
61
69
71
66
63
61
58
56
52
59
54
42
27
22
18
11
-1
-5
-5
-15
-21
-29
-27
-27
-31
-27
-27
-31
-33
-35
-37
-32
-31
-33
-24
-29
-37
-38
-41
-38
-39
-42
-40
-35
-34
-28
-25
-28
-31
-38
-42
-48
-47
-48
-56
-55
-65
-67
-65
-70
-64
-57
-52
-48
-50
-46
-45
-45
-38
-35
-27
-20
-17
-13
-6
2
4
13
17
12
5
-2
-10
-15
-18
-19
-13
-7
-4
-2
2
6
0
-3
-2
-5
-5
-7
-4
3
5
9
13
16
15
12
14
20
23
23
30
38
37
38
39
38
37
35
37
43
45
47
43
31
30
26
25
23
17
13
15
15
14
18
19
10
10
17
25
31
38
39
37
41
39