-17
-9
-2
-1
-2
-7
-12
-11
-7
-3
-3
8
11
18
24
26
26
28
32
32
31
31
34
35
32
32
31
30
38
44
44
41
33
32
37
43
47
51
46
37
32
29
42
41
42
46
41
38
33
31
28
22
15
9
9
9
11
11
11
14
10
8
12
17
23
25
22
12
3
-7
-12
-18
-26
-32
-36
-30
-26
-14
-8
-8
-9
-12
-17
-20
-22
-24
-28
-27
-30
-34
-30
-31
-28
-22
-26
-24
-12
7
15
24
39
43
40
33
26
23
14
1
-3
-12
-13
-16
-16
-12
-25
-26
-18
-14
-11
-3
7
16
15
7
0
-2
5
6
8
9
11
16
13
6
0
-7
-13
-17
-15
-11
-3
-1
-2
-5
-13
-16
-22
-24
-22
-20
-23
-24
-26
-28
-29
-34
-38
-39
-38
-37
-32
-29
-28
-30
-26
-29
-32
-13
-10
-19
-8
-1
1
4
4
9
12
-4
-13
-10
-6
-11
-17
-14
-12
-7
-7
-7
0
6
9
7
1
6
6
7
5
3
5
7
19
33
46
55
58
57
57
52
52
53
53
52
42
40
37
37
29
21
10
-3
-3
5
10
10
10
6
11
7
10
16
17
21
21
21
23
26
27
27
22
15
10
5
9
15
10
5
-5
-14
-22
-22
-17
-13
-12
-15
-16
-21
-21
-13
-17
-14
-12
-16
-13
-13
-16
-16
-19
-26
-19
-13
-16
-14
-13
-11
-17
-27
-32
-27
-21
-19
-14
-12
-13
-19
-15
-10
-3
1
2
7
9
11
15
17
14
7
-2
2
4
7
9
17
21
20
13
9
10
12
10
6
10
12
17
15
7
2
-4
-11
-14
-15
-17
-21
-20
-24
-30
-29
-36
-41
-49
-59
-62
-62
-55
-40
-26
-31
-22
-18
-21
-17
-20
-21
-23
-23
-25
-22
-15
-12
-16
-13
-15
-25
-30
-28
-17
-6
0
2
9
9
5
6
9
11
12
25
35
41
45
48
51
48
42
42
48
48
45
40
33
28
29
28
37
39
39
34
30
25
22
27
25
23
24
20
18
17
20
26
30
37
39
45
51
55
56
52
49
40
27
21
17
15
11
3
0
-1
2
6
15
17
10
6
-4
-14
-15
-14
-9
-7
-9
-12
-8
-7
-12
-15
-16
-25
-31
-32
-36
-40
-35
-28
-32
-37
-41
-43
-47
-54
-61
-59
-53
-40
-38
-41
-38
-44
-44
-50
-49
-46
-45
-49
-52
-51
-52
-43
-39
-43
-45
-45
-42
-36
-34
-24
-19
-21
-19
-13
-7
-3
6
15
18
21
20
20
16
15
14
14
24
27
25
28
24
16
5
5
8
8
14
22
21
13
4
2
1
-1
-1
5
9
19
30
36
48
56
60
55
48
39
26
25
32
32
33
28
24
23
24
34
36
30
16
14
17
17
19
19
16
9
7
16
28
29
32
32
24
20
23
21
18
16
14
22
22
23
16
7
4
-8
-11
-15
-11
-14
-21
-27
-33
-36
-30
-30
-30
-28
-30
-28
-23
-13
-5
6
15
17
11
7
1
-6
-7
-12
-16
-24
-23
-22
-24
-24
-26
-32
-38
-35
-32
-27
-24
-23
-26
-35
-27
-16
-7
-8
-13
-18
-29
-33
-25
-24
-30
-23
-16
-6
1
8
16
17
19
14
14
18
18
13
8
3
-4
-9
-9
-7
-9
-8
-3
-4
-3
1
4
3
-6
-11
-15
-15
-14
-16
-10
-12
-9
-6
-1
6
-2
-1
6
0
-11
-10
-1
5
4
4
7
11
11
7
12
9
-6
-18
-18
-11
-3
6
11
13
14
14
13
15
13
10
13
17
13
15
20
22
24
24
15
8
9
14
20
34
42
41
46
43
45
43
40
32
25
24
30
30
22
23
18
20
16
13
14
9
2
-6
-19
-22
-19
-24
-19
-11
-13
-21
-23
-22
-21
-22
-26
-27
-33
-43
-49
-46
-41
-35
-26
-16
-10
-2
3
5
7
4
9
22
30
33
39
35
31
20
14
7
-2
-10
-23
-29
-32
-28
-19
-12
-5
-10
-3
0
-2
-1
5
5
7
1
-3
-3
-8
-1
-9
-8
-7
-5
5
11
6
-1
-5
-6
-11
-14
-11
-17
-19
-25
-32
-30
-28
-23
-20
-21
-20
-17
-12
-8
-2
2
4
0
-8
-12
-13
-15
-21
-23
-16
-7
-8
-8
-1
-4
-7
-7
-14
-15
-17
-17
-18
-21
-30
-33
-35
-32
-21
-13
-3
1
9
15
17
16
11
4
0
-2
3
15
25
40
48
48
46
43
40
38
35
40
41
39
42
44
43
41
41
40
36
30
35
37
36
32
21
20
21
25
33
42
42
39
33
30
31
22
22
14
11
9
7
-1
-6
-12
-15
-16
-18
-16
-16
-13
-22
-27
-27
-27
-23
-16
-18
-12
-11
-13
-13
-12
-19
-25
-25
-27
-34
-33
-29
-27
-29
-32
-22
-24
-23
-27
-30
-26
-25
-28
-34
-39
-40
-36
-37
-36
-43
-42
-38
-31
-21
-14
-5
-4
-1
1
-2
3
4
5
10
17
21
23
27
28
28
32
35
37
32
25
20
13
10
3
-3
-10
-21
-23
-22
-18
-15
-15
-14
-7
-12
-20
-25
-19
-27
-24
-7
-9
-17
-20
-15
-9
-15
-14
-4
2
8
16
29
32
27
27
24
15
17
26
26
25
22
24
31
17
18
21
11
6
-3
-4
-6
-7
-1
5
7
3
-2
-2
4
16
19
21
25
26
24
23
31
40
37
32
35
35
39
34
23
15
2
-6
-9
-6
-10
-17
-10
-14
-25
-20
-18
-19
-15
-12
-13
-15
-13
-11
-8
-6
-5
0
0
-11
-15
-11
-11
-14
-7
-9
-10
0
4
4
3
2
4
4
0
1
5
1
-4
-5
-8
-8
-5
-3
4
12
13
16
25
28
23
19
16
14
14
13
11
13
7
2
5
7
0
-2
-4
-8
-6
-9
-10
-4
-9
-11
-11
-11
-7
-14
-12
-18
-32
-34
-41
-47
-49
-53
-49
-43
-42
-43
-45
-39
-36
-43
-45
-40
-35
-38
-34
-27
-22
-23
-25
-25
-32
-32
-32
-29
-29
-24
-11
-2
6
21
21
18
23
23
27
25
23
23
21
19
11
10
11
16
26
26
29
27
19
25
35
45
45
40
37
38
31
32
34
30
28
25
26
26
34
38
45
52
58
64
62
58
55
49
44
39
39
38
38
36
33
32
27
25
22
17
14
4
-8
-8
-14
-22
-24
-24
-27
-32
-35
-35
-35
-32
-27
-22
-19
-16
-20
-23
-28
-36
-40
-37
-31
-26
-15
-15
-14
-14
-17
-13
-14
-9
-11
-16
-17
-20
-27
-20
-15
-18
-24
-30
-26
-23
-19
-13
-15
-21
-21
-19
-20
-24
-29
-34
-37
-39
-37
-30
-20
-12
-8
-1
0
7
13
16
25
25
18
14
14
19
23
23
20
14
10
5
1
-1
-8
-17
-26
-35
-33
-41
-40
-40
-36
-31
-29
-21
-23
-18
-13
-7
-6
-6
-8
-11
-7
-1
4
15
22
22
31
36
28
14
7
5
4
6
12
17
15
19
18
10
6
3
4
7
12
18
26
31
35
39
45
50
52
56
61
63
66
65
56
55
53
52
53
48
41
35
30
26
22
17
15
1
-11
-21
-18
-15
-15
-9
-2
-5
-13
-22
-25
-17
-12
-6
-7
-2
0
-7
-19
-30
-28
-21
-15
-15
-17
-19
-12
-13
-14
-15
-17
-11
-16
-28
-35
-29
-28
-24
-22
-19
-15
-25
-30
-31
-32
-28
-31
-32
-33
-32
-26
-24
-14
-7
1
1
2
11
18
20
11
2
-2
-1
1
-4
-4
4
10
5
5
3
2
3
-7
-16
-17
-18
-17
-13
-8
-6
-6
-3
-8
-13
-11
-11
-13
-19
-23
-25
-25
-27
-27
-16
-7
1
6
12
17
12
12
14
8
7
12
18
18
15
14
8
0
2
8
10
8
-1
-6
-3
-2
-6
-9
-7
-5
3
12
26
30
25
22
10
8
0
3
7
11
16
16
27
30
34
29
25
27
24
18
16
18
17
9
6
2
-1
5
10
11
8
-1
-10
-3
6
12
17
16
22
30
32
40
40
35
43
46
37
23
12
9
9
8
3
4
0
-1
-3
-6
-7
-13
-9
-4
-3
0
-2
-6
-10
-15
-19
-7
-4
-5
-7
-16
-21
-26
-23
-22
-20
-19
-20
-17
-19
-20
-16
-19
-24
-27
-23
-22
-20
-15
-20
-25
-27
-31
-29
-29
-33
-29
-26
-27
-25
-29
-32
-31
-32
-37
-38
-30
-30
-30
-28
-30
-40
-48
-42
-31
-23
-17
-16
-14
-10
-14
-13
-9
-3
4
14
18
25
31
25
28
30
23
15
13
18
20
25
25
19
14
10
13
16
24
30
34
33
34
35
32
29
30
37
42
35
33
39
38
34
19
11
9
2
4
11
19
16
15
17
16
19
20
17
6
2
6
8
14
7
-3
-13
-19
-18
-13
-6
2
2
5
9
9
14
14
19
17
8
3
6
3
4
3
-5
-7
-19
-25
-20
-15
-16
-16
-11
-8
0
-1
3
4
7
11
12
16
18
17
7
6
4
5
12
14
17
13
8
9
13
9
6
-1
-14
-20
-29
-34
-34
-29
-19
-20
-28
-28
-34
-40
-35
-30
-25
-24
-26
-29
-27
-26
-26
-25
-22
-21
-19
-19
-12
-7
-7
-8
-18
-17
-19
-22
-18
-12
-12
-13
-8
-1
-4
-9
-14
-19
-19
-17
-14
-18
-19
-18
-20
-22
-20
-19
-15
-11
-9
-3
6
15
14
15
22
20
19
20
27
31
35
38
39
39
31
19
13
8
3
4
7
8
18
26
26
25
18
7
4
7
14
16
14
16
15
15
14
20
27
28
27
22
19
23
25
28
31
32
36
34
36
33
30
23
11
7
8
11
10
8
6
5
-1
-2
7
7
0
-4
-12
-9
2
2
5
6
-1
-12
-8
-2
-14
-7
1
-3
-4
-16
-18
-18
-29
-30
-18
-14
-11
-2
4
3
-8
-13
-21
-29
-31
-29
-23
-23
-24
-24
-34
-37
-33
-28
-21
-22
-19
-14
-9
-6
-6
-15
-18
-19
-19
-17
-9
-5
-7
-8
-10
-8
-13
-18
-15
-6
-5
-3
-5
-7
1
-5
-13
-23
-27
-24
-17
-17
-22
-22
-17
-22
-24
-13
-10
-13
-8
0
13
23
30
39
43
35
25
31
34
36
37
37
34
33
27
25
25
19
26
25
26
32
25
19
5
-7
-13
-19
-20
-14
-5
0
3
-5
-8
-7
-3
3
2
1
4
9
18
19
19
18
12
6
-3
-3
-8
-10
-6
-1
-4
-6
-9
-5
-6
-10
-5
-1
-3
-8
-4
-5
-9
-8
-4
6
18
27
31
29
18
5
-1
-2
1
4
4
16
20
18
18
14
10
6
0
-1
0
6
18
26
27
22
22
12
8
5
7
7
12
18
21
24
16
11
5
9
2
-5
-2
-15
-21
-26
-30
-34
-43
-45
-43
-35
-34
-38
-41
-38
-37
-36
-28
-25
-22
-24
-26
-22
-17
-16
-16
-21
-20
-20
-22
-13
-9
-10
-11
-14
-15
-13
-8
-4
-6
-6
-5
-2
1
6
8
16
17
13
21
23
25
30
31
35
32
26
21
24
24
14
5
-7
-7
-5
-6
-8
-19
-28
-31
-25
-17
-12
-10
-7
-6
-6
-3
-3
0
-7
-14
-19
-19
-12
-7
-3
-4
-4
-1
-4
-2
2
2
-5
-7
-5
5
10
14
14
7
5
6
6
15
15
13
16
11
11
16
24
31
39
35
28
20
16
18
21
23
24
29
26
23
22
21
18
17
26
28
33
38
43
44
39
33
31
35
38
42
41
31
24
18
18
14
11
5
-4
-11
-19
-21
-16
-14
-20
-30
-34
-38
-36
-31
-19
-12
-10
-12
-14
-13
-11
-12
-11
-13
-12
-2
2
2
-2
-16
-21
-28
-38
-51
-60
-63
-66
-67
-75
-72
-62
-49
-47
-50
-50
-50
-42
-37
-32
-30
-29
-29
-31
-28
-23
-14
-18
-23
-21
-18
-15
-12
-6
-2
0
2
5
15
19
19
20
20
24
27
32
33
30
28
24
15
7
11
16
22
26
24
23
19
16
14
15
14
10
7
8
4
0
3
2
3
7
11
14
23
28
27
23
20
18
18
19
20
20
18
21
20
17
14
20
27
25
17
16
18
25
22
24
23
13
10
0
3
12
11
18
26
33
34
37
40
40
33
28
26
26
30
33
29
24
17
13
15
13
3
3
3
-7
-4
1
1
-7
-18
-25
-26
-23
-23
-20
-23
-26
-27
-30
-24
-27
-28
-28
-27
-29
-39
-33
-26
-20
-16
-17
-15
-10
-7
-5
-6
-12
-16
-27
-36
-36
-42
-41
-45
-59
-64
-75
-84
-80
-81
-76
-69
-67
-63
-53
-42
-34
-30
-28
-25
-25
-23
-17
-12
-16
-17
-14
-10
-3
1
15
28
30
32
40
46
54
56
55
53
48
39
33
35
27
16
14
13
13
19
17
16
8
1
0
1
12
20
26
32
28
27
27
32
38
39
42
37
33
34
29
27
28
25
19
16
14
13
12
12
15
16
16
24
28
29
37
46
42
29
16
9
-1
2
4
-1
-3
-6
-7
-14
-15
-18
-17
-14
-4
6
14
21
20
15
10
14
11
8
-4
-8
-10
-10
-13
-17
-16
-20
-14
-22
-16
-16
-9
1
0
2
1
2
-6
-13
-19
-23
-28
-31
-26
-21
-23
-29
-37
-39
-45
-43
-36
-34
-27
-26
-27
-22
-19
-14
-11
-4
-2
-3
0
2
8
17
18
14
12
7
3
4
1
0
0
3
10
13
15
17
12
4
-6
-15
-20
-30
-29
-23
-30
-36
-35
-36
-43
-52
-55
-54
-50
-45
-41
-29
-22
-15
-10
-12
-9
2
13
20
25
23
20
27
27
25
21
12
2
-6
-16
-23
-21
-19
-15
-15
-16
-4
5
14
21
26
30
31
31
27
29
29
31
26
19
18
23
31
32
36
40
33
43
51
55
56
45
46
43
49
54
59
65
60
49
34
28
27
27
24
17
4
-8
-10
-4
8
12
17
19
17
21
24
24
20
7
-3
-11
-23
-22
-17
-12
-11
-18
-19
-24
-27
-20
-12
-6
-1
8
16
19
5
-5
-9
-17
-28
-35
-34
-35
-34
-44
-57
-60
-58
-54
-48
-46
-43
-40
-31
-25
-23
-20
-22
-23
-26
-29
-26
-23
-26
-28
-28
-28
-28
-34
-36
-40
-39
-41
-38
-32
-24
-15
-5
4
-1
-2
-4
-2
-2
-10
-9
-13
-12
-7
-7
-1
-8
-16
-9
-16
-20
-3
8
13
14
14
19
22
19
19
20
19
15
27
40
41
43
49
44
35
35
35
24
18
9
-1
-5
-3
2
5
11
12
13
16
15
12
8
7
3
5
8
16
21
29
27
24
24
19
16
15
21
27
31
27
20
19
16
19
17
15
11
8
11
15
17
10
7
4
1
8
0
-7
1
4
11
13
23
43
51
44
37
30
21
14
7
4
2
-1
-6
-13
-14
-15
-17
-17
-20
-25
-21
-14
-9
-3
-3
-5
-14
-17
-18
-15
-12
-1
2
2
-3
-12
-23
-27
-29
-31
-30
-37
-34
-33
-26
-23
-29
-32
-37
-45
-46
-48
-56
-60
-59
-52
-40
-24
-10
-3
-1
-4
-3
5
2
7
11
10
9
0
3
6
4
-1
-2
-5
-9
-9
-8
-8
-6
-8
-18
-20
-24
-19
-19
-15
-5
3
6
4
5
0
-4
-16
-23
-27
-24
-18
-13
-10
-10
-5
-1
-2
5
14
16
20
24
21
20
13
6
1
-7
-9
-2
10
21
25
31
32
32
30
26
24
28
28
31
34
34
48
51
50
44
30
23
23
25
24
25
18
14
10
14
14
18
22
23
21
23
29
28
36
34
32
38
39
42
39
43
38
31
25
20
23
16
4
7
9
5
0
-2
6
3
1
0
5
3
-8
-9
-10
-17
-21
-23
-21
-22
-29
-26
-23
-27
-28
-24
-17
-10
-9
-24
-32
-40
-40
-35
-36
-39
-44
-30
-20
-17
-11
-18
-24
-39
-50
-49
-49
-56
-59
-58
-60
-62
-62
-61
-59
-59
-57
-52
-46
-44
-35
-29
-27
-26
-32
-35
-37
-36
-28
-22
-16
-13
-9
0
13
23
23
23
21
14
13
16
24
33
38
39
33
26
21
13
10
-6
-22
-30
-32
-28
-11
-1
9
16
14
19
16
18
27
34
44
43
37
41
37
31
32
35
37
41
48
55
58
53
48
51
52
51
50
50
48
48
54
57
57
51
45
38
33
32
40
43
44
35
23
24
22
29
36
43
42
38
39
39
42
41
33
21
13
2
-4
-9
-13
-19
-38
-50
-56
-63
-71
-76
-76
-72
-75
-74
-70
-66
-56
-56
-55
-57
-60
-55
-48
-45
-35
-29
-30
-37
-40
-31
-24
-24
-20
-17
-11
-6
-6
-6
-14
-20
-19
-19
-10
-4
0
6
2
-1
-2
-1
2
3
2
7
9
6
3
1
-4
-16
-26
-35
-36
-29
-21
-13
-3
-4
-4
-7
-5
-1
-5
-3
-2
-5
-3
5
9
11
5
2
-1
-3
-4
4
9
11
14
8
10
12
14
23
20
7
0
-4
-10
-7
-13
-19
-19
-27
-30
-29
-23
-14
-6
-6
-11
-21
-17
-10
-3
6
5
9
21
33
42
48
44
43
45
42
44
43
46
48
45
44
41
38
39
40
39
36
42
52
58
66
59
56
51
44
40
35
30
26
22
16
10
11
19
20
24
26
26
21
16
12
15
11
18
25
24
20
12
-1
-12
-21
-35
-40
-41
-35
-29
-32
-36
-40
-42
-37
-37
-40
-54
-62
-65
-67
-64
-49
-40
-35
-32
-36
-43
-43
-39
-43
-47
-52
-54
-47
-40
-38
-39
-41
-35
-23
-15
-5
5
5
1
-9
-11
-15
-14
-11
-17
-19
-22
-19
-10
-2
1
1
-3
-11
-12
-3
6
9
11
9
11
13
11
10
11
7
-3
-4
-6
-1
7
9
1
-1
-7
-13
-10
-2
6
11
11
4
3
4
5
6
1
-3
-1
3
6
5
6
0
-3
-6
-12
-2
-1
1
4
10
19
28
36
41
48
52
61
67
65
68
69
69
58
47
42
37
36
34
32
29
21
17
15
15
25
26
27
23
13
11
8
2
0
-10
-19
-18
-14
-7
-2
0
0
-6
-6
8
19
33
40
40
38
32
29
27
27
25
20
17
8
-7
-15
-20
-22
-24
-22
-23
-25
-21
-25
-31
-40
-45
-48
-47
-42
-31
-25
-29
-32
-36
-40
-39
-40
-34
-29
-27
-17
-7
3
5
-4
-11
-21
-30
-35
-35
-32
-23
-27
-33
-34
-33
-32
-37
-39
-44
-46
-43
-42
-42
-46
-52
-54
-49
-48
-43
-33
-29
-25
-20
-15
-13
-10
-10
-16
-20
-19
-12
-4
8
25
35
43
34
30
32
37
31
23
25
23
25
24
23
20
16
14
13
15
22
29
35
36
34
34
40
48
57
59
61
57
43
33
23
14
12
13
11
10
9
10
15
22
21
18
20
27
24
27
32
31
35
30
26
31
34
37
40
44
54
59
53
44
35
22
15
10
2
4
0
11
14
6
13
27
30
27
14
-3
-14
-29
-34
-24
-29
-37
-37
-39
-43
-52
-46
-41
-44
-42
-41
-40
-37
-31
-24
-27
-35
-43
-46
-39
-34
-23
-15
-11
-15
-21
-23
-25
-16
-15
-13
-3
-2
2
5
6
2
-8
-12
-16
-17
-21
-20
-18
-22
-22
-28
-29
-36
-36
-37
-37
-36
-42
-45
-45
-40
-32
-11
-4
-7
-5
-9
-8
-13
-22
-20
-18
-21
-21
-20
-20
-28
-30
-25
-26
-26
-28
-28
-31
-21
-12
-7
0
2
3
7
5
7
11
13
22
34
43
49
53
64
67
62
55
50
49
56
66
73
76
73
77
84
85
90
90
81
74
70
66
56
51
39
29
20
9
9
18
20
24
21
18
17
13
13
14
22
26
25
26
26
20
15
7
-10
-20
-29
-33
-32
-33
-28
-26
-31
-42
-40
-32
-37
-41
-46
-52
-50
-49
-47
-38
-38
-44
-41
-39
-35
-30
-27
-18
-9
-8
-5
-2
2
7
5
3
3
-3
-10
-12
-18
-20
-23
-28
-28
-30
-37
-37
-36
-33
-30
-36
-34
-30
-32
-32
-30
-30
-30
-24
-12
-10
-15
-21
-22
-20
-24
-22
-16
-12
-7
-10
-4
10
25
33
33
22
20
17
14
10
8
18
17
13
17
31
36
31
21
17
26
35
28
19
24
24
19
14
12
9
5
1
0
-1
6
7
2
8
15
13
-1
-3
6
11
8
2
3
-3
-1
-4
-18
-17
-15
-6
-3
-7
-4
-1
1
0
-1
1
13
19
20
16
17
13
7
8
7
20
29
18
7
-3
-1
-3
-9
-2
0
-3
-1
1
6
13
13
13
5
3
8
12
23
27
28
34
29
16
1
-4
-2
6
14
24
27
33
37
31
34
28
20
12
7
10
10
-1
-21
-38
-33
-28
-23
-22
-19
-17
-10
-4
-4
6
10
12
5
-2
8
11
11
9
4
-3
-2
-5
-6
-15
-16
-20
-31
-36
-44
-46
-46
-48
-44
-41
-38
-37
-38
-33
-35
-34
-36
-37
-34
-33
-34
-32
-28
-24
-24
-28
-27
-33
-35
-26
-26
-24
-25
-27
-25
-37
-39
-30
-19
-11
-7
-6
2
4
3
2
-2
0
-5
-10
-9
-8
-2
1
5
10
16
23
24
32
42
50
56
54
49
42
42
42
52
51
45
38
30
32
35
38
48
57
60
64
68
71
68
62
55
55
49
41
39
39
41
37
23
0
-16
-24
-29
-32
-29
-25
-23
-24
-24
-17
-12
-12
-17
-24
-24
-17
-16
-13
-19
-18
-16
-17
-20
-22
-21
-22
-14
-8
7
17
27
34
33
25
13
11
17
16
7
2
-5
-13
-16
-20
-22
-19
-22
-17
-5
8
10
7
7
-3
-3
-7
-14
-18
-20
-27
-23
-20
-19
-11
-9
1
4
5
2
-5
-11
-14
-19
-28
-37
-42
-39
-34
-37
-37
-39
-38
-28
-23
-21
-19
-19
-14
-13
-6
-3
-5
-6
-21
-29
-38
-41
-42
-45
-47
-47
-44
-42
-42
-35
-31
-32
-24
-11
0
4
8
18
17
15
12
10
10
9
12
18
23
21
29
34
37
47
48
56
61
58
59
61
64
62
50
47
37
26
20
13
9
9
16
19
20
15
7
8
8
7
8
14
28
36
35
32
24
18
13
9
10
11
13
16
17
14
9
10
7
-4
-4
-2
-9
-2
-8
-18
-15
-18
-13
-1
12
17
20
16
18
24
29
36
37
33
27
17
4
-8
-12
-11
-15
-24
-24
-20
-19
-20
-26
-21
-10
-6
-2
-9
-17
-16
-21
-33
-40
-43
-45
-43
-38
-32
-28
-31
-28
-20
-13
-1
3
6
9
15
23
26
30
32
25
12
-1
-19
-26
-28
-33
-37
-44
-42
-42
-47
-54
-66
-72
-75
-70
-61
-47
-45
-46
-56
-60
-53
-47
-44
-40
-31
-33
-31
-26
-22
-13
-11
-14
-8
4
18
32
40
42
44
38
37
35
41
47
44
49
49
51
45
35
32
31
26
18
18
16
22
21
17
17
18
16
16
27
31
28
27
30
40
51
47
36
33
29
20
21
26
32
44
48
59
60
67
65
58
55
43
39
37
40
34
37
37
27
28
18
18
23
22
18
16
15
13
11
5
1
-2
-8
-23
-28
-32
-37
-44
-52
-58
-57
-51
-56
-66
-70
-61
-60
-64
-59
-61
-51
-44
-54
-50
-40
-35
-29
-30
-33
-29
-31
-28
-22
-20
-26
-31
-37
-36
-35
-33
-26
-29
-26
-27
-33
-45
-49
-44
-36
-34
-36
-32
-24
-12
-9
-3
2
-2
1
4
6
13
22
27
23
18
18
16
13
7
10
15
21
24
20
31
42
36
41
56
55
56
50
52
54
43
34
32
32
31
36
39
32
23
22
28
26
28
34
31
29
29
36
40
39
41
41
39
35
24
12
11
6
0
-2
-5
0
14
19
14
13
14
16
13
15
18
15
1
-18
-29
-33
-39
-57
-80
-100
-119
-129
-144
-149
-147
-155
-158
-169
-176
-183
-188
-187
-195
-203
-193
-187
-179
-168
-150
-134
-124
-115
-94
-62
-38
-22
-3
15
52
89
123
162
194
227
254
282
315
340
365
393
401
407
408
405
409
405
394
373
350
329
306
271
236
195
160
121
80
46
18
-6
-33
-55
-71
-74
-56
2
56
71
39
6
23
57
39
-19
-59
-72
-109
-198
-279
-300
-296
-332
-412
-449
-432
-414
-438
-486
-488
-465
-493
-576
-634
-622
-592
-630
-704
-720
-675
-623
-607
-586
-515
-426
-354
-288
-189
-66
39
112
176
251
334
413
474
510
541
565
580
579
571
574
582
576
551
528
509
508
511
506
488
454
419
393
358
317
272
217
158
107
67
44
10
-26
-61
-83
-85
-82
-74
-61
-50
-43
-37
-39
-29
-20
-11
2
2
4
8
10
21
29
43
57
70
86
98
111
122
122
103
81
57
32
5
-30
-66
-104
-132
-161
-197
-224
-251
-271
-294
-316
-319
-316
-303
-281
-231
-132
-41
-8
-26
-20
53
129
133
82
75
101
79
-5
-71
-69
-66
-118
-201
-222
-187
-184
-251
-317
-320
-295
-327
-428
-502
-491
-463
-510
-592
-615
-568
-529
-531
-517
-453
-372
-307
-248
-151
-27
73
149
217
290
362
428
482
525
552
575
595
609
619
617
614
620
632
621
590
572
579
592
568
505
464
448
424
364
294
252
216
149
68
19
4
-27
-100
-165
-196
-204
-222
-267
-300
-306
-301
-311
-337
-339
-317
-303
-308
-305
-273
-234
-206
-189
-149
-74
-7
34
59
102
165
216
237
250
270
287
285
262
236
229
214
177
137
116
98
64
7
-46
-80
-117
-169
-233
-276
-298
-323
-343
-347
-308
-227
-149
-119
-128
-103
-16
59
71
56
73
109
79
-12
-63
-56
-64
-150
-252
-273
-239
-252
-332
-399
-395
-373
-421
-514
-563
-541
-518
-560
-626
-626
-578
-548
-560
-544
-479
-398
-334
-278
-171
-46
66
160
259
354
439
519
588
647
680
708
742
765
765
745
720
707
699
674
636
615
619
619
582
544
524
521
499
447
407
388
365
303
225
168
122
68
-19
-110
-163
-199
-241
-295
-350
-376
-390
-411
-434
-435
-414
-401
-413
-428
-414
-386
-368
-363
-338
-284
-219
-167
-117
-54
29
112
168
212
254
293
323
332
344
360
353
316
272
237
212
176
116
57
8
-43
-109
-170
-217
-255
-287
-311
-314
-272
-210
-171
-176
-193
-150
-68
-15
-12
-19
6
12
-50
-128
-154
-158
-199
-290
-347
-335
-319
-373
-460
-498
-487
-506
-582
-653
-660
-615
-596
-635
-667
-641
-596
-572
-563
-516
-433
-356
-287
-193
-69
50
151
248
346
443
540
628
707
764
798
821
844
860
858
834
806
784
762
724
678
648
636
603
540
482
457
455
431
389
364
365
377
363
340
318
302
276
218
148
94
72
34
-47
-145
-203
-243
-295
-357
-395
-385
-371
-396
-433
-425
-386
-371
-399
-426
-409
-373
-370
-382
-364
-315
-265
-238
-208
-149
-66
4
42
90
165
233
267
276
286
300
307
280
240
208
179
134
65
-20
-90
-140
-193
-256
-308
-326
-311
-281
-252
-223
-190
-171
-151
-107
-60
-28
-20
-35
-56
-83
-116
-153
-194
-244
-311
-360
-386
-399
-433
-488
-523
-529
-519
-532
-560
-562
-542
-524
-537
-559
-549
-506
-465
-433
-401
-342
-271
-196
-113
-20
94
209
305
395
496
600
703
777
819
847
860
883
887
868
833
792
762
725
675
617
576
542
499
444
393
374
376
366
334
317
320
327
326
316
332
343
307
257
212
184
141
65
-13
-81
-155
-246
-310
-340
-370
-410
-432
-415
-380
-368
-377
-362
-338
-327
-327
-337
-322
-296
-292
-296
-283
-250
-220
-195
-157
-91
-16
48
111
179
251
304
320
328
329
318
296
257
207
150
80
-1
-90
-183
-265
-342
-412
-467
-503
-495
-451
-386
-329
-289
-241
-176
-97
-28
20
55
71
50
14
-25
-55
-93
-166
-260
-322
-338
-359
-417
-487
-527
-535
-530
-558
-594
-597
-573
-553
-560
-573
-571
-547
-520
-500
-472
-412
-328
-238
-149
-49
69
185
304
415
528
648
763
865
933
971
999
1022
1026
997
935
869
809
750
684
620
569
526
464
400
353
338
346
336
311
298
310
335
354
360
343
318
293
263
209
144
97
53
-33
-147
-220
-263
-300
-348
-409
-404
-362
-347
-361
-357
-299
-252
-267
-306
-309
-272
-267
-303
-317
-287
-257
-256
-254
-210
-125
-50
-9
40
136
238
312
342
352
363
366
332
268
213
158
78
-34
-154
-245
-308
-389
-484
-558
-597
-615
-611
-557
-450
-342
-297
-263
-184
-66
42
103
141
180
185
138
76
42
10
-101
-254
-367
-390
-388
-463
-583
-640
-618
-610
-664
-728
-725
-667
-638
-662
-674
-638
-593
-561
-544
-501
-427
-340
-244
-120
26
188
348
491
627
763
912
1056
1177
1248
1272
1277
1290
1288
1221
1113
998
902
806
681
555
461
393
308
205
132
119
137
129
90
90
152
235
273
234
210
235
238
166
67
30
28
-55
-212
-307
-309
-330
-436
-517
-483
-372
-326
-359
-335
-229
-141
-151
-209
-206
-162
-174
-251
-300
-272
-225
-236
-271
-230
-112
-6
33
77
182
301
375
393
397
417
429
381
292
208
145
69
-55
-198
-303
-351
-424
-532
-622
-638
-611
-620
-633
-554
-390
-247
-191
-134
24
214
335
392
460
547
539
420
294
228
150
-44
-293
-460
-527
-607
-764
-930
-1002
-994
-1006
-1069
-1101
-1048
-972
-946
-948
-909
-830
-763
-728
-661
-541
-406
-286
-160
18
225
428
631
846
1059
1243
1408
1569
1699
1764
1747
1686
1616
1518
1348
1128
902
701
494
256
35
-114
-211
-315
-427
-476
-425
-344
-288
-232
-110
74
229
282
318
415
500
495
427
395
392
300
122
10
8
-18
-144
-259
-226
-112
-73
-122
-126
-43
-3
-73
-169
-206
-214
-298
-438
-514
-506
-492
-527
-554
-481
-321
-174
-74
59
246
418
525
576
604
622
612
542
429
307
200
59
-134
-327
-457
-546
-667
-811
-898
-898
-868
-866
-848
-697
-436
-230
-133
-31
184
443
602
659
739
824
784
585
377
271
131
-184
-590
-870
-956
-1048
-1282
-1512
-1580
-1497
-1432
-1459
-1461
-1344
-1168
-1065
-1015
-914
-755
-615
-517
-398
-212
-2
183
376
630
918
1194
1464
1737
1975
2141
2244
2336
2386
2296
2064
1779
1506
1203
793
328
-85
-408
-707
-1017
-1247
-1321
-1275
-1214
-1142
-955
-604
-221
66
306
615
966
1216
1313
1365
1440
1435
1284
1088
943
810
577
297
127
59
-39
-217
-356
-378
-375
-446
-560
-639
-661
-733
-870
-983
-1036
-1065
-1111
-1129
-1065
-904
-719
-547
-331
-50
264
543
753
924
1086
1192
1202
1127
1000
837
612
331
38
-232
-484
-742
-993
-1186
-1294
-1345
-1390
-1436
-1409
-1300
-1186
-1092
-958
-704
-332
55
340
513
732
1075
1417
1597
1647
1676
1628
1362
944
610
357
-75
-773
-1413
-1671
-1715
-1929
-2339
-2575
-2416
-2093
-1902
-1837
-1644
-1229
-805
-552
-389
-149
169
406
536
698
955
1223
1417
1589
1809
2055
2266
2429
2503
2441
2301
2176
2019
1667
1074
439
-67
-512
-1051
-1643
-2084
-2283
-2353
-2399
-2330
-2002
-1462
-873
-325
271
1009
1753
2291
2598
2833
3069
3150
2945
2517
2035
1578
1096
521
-103
-664
-1068
-1324
-1547
-1732
-1806
-1733
-1597
-1491
-1370
-1169
-960
-866
-862
-784
-583
-414
-354
-302
-111
197
464
663
898
1198
1473
1626
1663
1659
1601
1399
1042
634
262
-141
-653
-1174
-1591
-1863
-2049
-2218
-2322
-2262
-2054
-1799
-1556
-1273
-900
-517
-210
33
274
513
696
838
1139
1609
1892
1771
1584
1772
2105
2016
1547
1203
965
312
-704
-1425
-1666
-2107
-3149
-4073
-4042
-3382
-3093
-3327
-3220
-2269
-1030
-284
16
473
1270
1921
2040
1885
1855
1892
1667
1238
975
949
881
702
639
782
952
1072
1235
1351
1212
916
780
759
415
-358
-1086
-1390
-1486
-1784
-2179
-2219
-1790
-1217
-737
-203
629
1623
2385
2794
3121
3596
3946
3765
3143
2552
2118
1522
619
-325
-1025
-1522
-1962
-2332
-2501
-2455
-2298
-2069
-1728
-1260
-786
-454
-243
-26
222
416
435
302
198
216
258
215
191
275
430
569
689
857
1030
1078
991
857
717
523
173
-310
-736
-1025
-1311
-1641
-1900
-1988
-1928
-1809
-1633
-1350
-1010
-694
-402
-108
167
375
461
466
441
377
264
110
-61
-69
321
903
1114
878
859
1409
1906
1692
1174
1005
764
-246
-1554
-2160
-2213
-2854
-4212
-4942
-4201
-2969
-2558
-2676
-2048
-453
1064
1687
1753
2047
2564
2676
2182
1510
1041
623
35
-462
-552
-404
-295
-81
417
996
1407
1779
2159
2210
1706
1101
851
590
-268
-1488
-2206
-2170
-2014
-2138
-2114
-1455
-347
650
1384
2156
3095
3861
4045
3756
3436
3180
2648
1647
515
-283
-781
-1322
-1882
-2156
-2028
-1709
-1435
-1149
-732
-317
-75
11
74
124
28
-254
-571
-714
-673
-615
-622
-529
-185
296
699
986
1266
1563
1717
1617
1395
1163
818
275
-341
-822
-1153
-1506
-1905
-2134
-2074
-1886
-1711
-1499
-1182
-804
-489
-241
31
250
297
254
222
202
101
-67
-223
-341
-404
-427
-410
-366
-137
593
1582
1972
1614
1469
2055
2461
1829
787
299
-201
-1695
-3447
-4001
-3694
-4148
-5413
-5673
-3983
-1841
-944
-827
115
2038
3557
3737
3129
2728
2620
2124
991
-209
-993
-1459
-1804
-1826
-1368
-730
-155
571
1502
2171
2389
2503
2574
2087
938
-54
-363
-628
-1560
-2573
-2587
-1684
-884
-570
-96
970
2148
2828
3010
3073
3152
3011
2443
1597
867
427
39
-495
-911
-858
-501
-319
-370
-293
27
246
65
-313
-588
-775
-1040
-1299
-1352
-1183
-932
-699
-333
285
943
1337
1452
1552
1737
1749
1363
775
369
132
-232
-705
-983
-966
-905
-965
-980
-807
-599
-600
-746
-776
-679
-634
-684
-786
-818
-659
-413
-286
-274
-160
96
248
110
-90
-103
-136
-421
-755
-876
-835
-787
-560
262
1432
1973
1670
1556
2190
2571
1837
680
-42
-883
-2608
-4370
-4763
-4281
-4629
-5629
-5263
-2830
-223
782
923
1973
3860
4910
4307
2946
1911
1233
326
-983
-2204
-2854
-2889
-2434
-1574
-538
422
1326
2287
3084
3280
2949
2551
2006
890
-531
-1349
-1349
-1395
-1962
-2231
-1359
93
978
1157
1443
2158
2682
2482
1833
1284
976
675
242
-141
-173
124
401
461
557
917
1194
910
215
-287
-490
-872
-1589
-2151
-2142
-1768
-1422
-1030
-322
591
1252
1515
1707
2000
2063
1557
741
184
-21
-294
-805
-1150
-955
-477
-183
-139
17
376
537
270
-144
-397
-626
-1035
-1486
-1622
-1391
-1113
-934
-625
-59
472
705
713
709
631
310
-160
-528
-762
-1032
-1316
-1358
-1105
-793
-474
255
1604
2723
2613
1839
1747
2209
1680
-64
-1379
-1655
-2427
-4375
-5667
-4876
-3545
-3685
-4311
-3048
-44
2044
2066
1701
2550
3813
3801
2351
751
-46
-353
-871
-1657
-2204
-2156
-1562
-680
222
877
1271
1678
2141
2202
1682
1125
903
523
-368
-1033
-664
155
237
-297
-203
837
1627
1340
658
570
936
894
305
-126
56
566
882
955
1139
1549
1857
1692
1202
785
413
-219
-1092
-1753
-1986
-2079
-2206
-2096
-1490
-662
-4
502
1087
1691
1975
1843
1513
1192
882
477
0
-381
-535
-476
-387
-336
-206
81
300
203
-51
-182
-258
-526
-923
-1099
-1020
-945
-932
-776
-437
-157
-22
49
85
25
-181
-380
-446
-526
-703
-798
-652
-344
-73
92
354
1043
2198
3095
2893
1947
1429
1531
1016
-551
-1862
-2219
-2912
-4673
-5904
-5109
-3524
-3315
-3944
-2967
-15
2434
2705
1989
2185
3193
3418
2104
136
-1129
-1418
-1512
-2004
-2560
-2452
-1533
-299
733
1363
1726
2072
2413
2363
1747
1042
722
407
-385
-1094
-837
51
333
-175
-341
448
1267
1101
336
27
416
829
784
558
732
1369
1978
2161
2048
1971
1843
1288
413
-292
-776
-1467
-2351
-2696
-2187
-1465
-1128
-822
1
1053
1622
1646
1601
1642
1463
910
308
5
-95
-259
-421
-301
161
643
737
538
449
561
511
-5
-734
-1126
-1086
-1105
-1373
-1426
-946
-382
-205
-216
-15
303
208
-314
-657
-646
-829
-1268
-1404
-1104
-762
-708
-571
-71
370
404
340
650
1481
2516
2785
1952
1085
1185
1341
295
-1224
-1819
-2040
-3461
-5444
-5647
-3987
-3111
-3911
-3928
-1399
1874
3086
2370
2008
2925
3691
2794
527
-1502
-2194
-2094
-2328
-3008
-3120
-2081
-438
957
1848
2448
2958
3340
3280
2584
1665
1106
738
-67
-1051
-1156
-262
371
-29
-543
-54
885
930
93
-386
62
688
758
566
805
1561
2318
2592
2378
2003
1592
947
29
-851
-1505
-2111
-2691
-2760
-2000
-955
-283
159
897
1854
2337
2067
1531
1175
847
266
-445
-904
-905
-627
-362
-58
471
1054
1278
1106
872
762
560
-52
-802
-1179
-1113
-972
-950
-865
-511
-24
238
250
167
73
-167
-591
-1047
-1384
-1541
-1643
-1662
-1422
-933
-521
-285
-151
-46
69
202
640
1675
2755
2723
1742
1265
1693
1551
29
-1450
-1833
-2457
-4425
-6108
-5569
-3915
-3584
-4194
-3097
213
3005
3237
2245
2319
3299
3156
1046
-1620
-3004
-2984
-2888
-3358
-3611
-2735
-946
839
2110
2900
3385
3676
3712
3258
2314
1431
1010
601
-189
-734
-304
466
397
-373
-614
-7
309
-380
-1187
-963
38
731
844
1103
2006
3053
3469
3108
2464
1895
1167
27
-1167
-1870
-2105
-2271
-2310
-1745
-591
474
1049
1430
1921
2229
1894
1069
353
-15
-298
-703
-996
-898
-435
148
578
814
961
1015
834
404
-21
-269
-461
-662
-694
-504
-197
159
414
535
595
538
296
-163
-701
-1130
-1369
-1595
-1806
-1821
-1614
-1298
-998
-726
-521
-434
-578
-746
-645
-359
339
1755
2999
2838
1955
1907
2464
1882
-107
-1692
-2108
-3018
-5264
-6685
-5580
-3642
-3175
-3396
-1831
1602
3976
3543
2046
1781
2303
1562
-1000
-3596
-4326
-3579
-3067
-3215
-2885
-1362
661
2159
2875
3142
3234
3149
2812
2122
1363
1038
1101
918
411
326
948
1325
599
-563
-961
-676
-794
-1592
-2017
-1239
143
1060
1424
1933
2826
3491
3335
2517
1619
825
-93
-1053
-1602
-1577
-1338
-1126
-631
316
1200
1491
1393
1348
1266
828
108
-488
-659
-481
-230
-4
327
816
1299
1543
1409
1056
642
72
-522
-869
-1004
-1043
-885
-430
80
393
652
1022
1139
734
264
100
-150
-802
-1300
-1221
-924
-923
-1074
-912
-531
-493
-883
-1184
-1261
-1423
-1658
-1668
-1278
-324
1193
2524
2743
2174
1927
2027
1255
-512
-1910
-2454
-3391
-5184
-6146
-4961
-2914
-2067
-2053
-871
1834
3854
3444
1663
726
934
518
-1518
-3827
-4423
-3311
-2251
-2106
-1875
-603
1134
2245
2551
2540
2530
2419
2049
1509
1160
1245
1520
1430
1006
969
1500
1657
775
-326
-505
-134
-481
-1488
-1814
-1002
-23
453
808
1357
1763
1813
1789
1719
1246
409
-193
-178
63
-37
-347
-326
172
624
565
197
59
263
392
171
-64
88
392
513
620
949
1164
954
528
320
319
66
-494
-893
-849
-601
-455
-386
-152
252
585
718
719
687
604
453
251
43
-23
-67
-290
-523
-478
-301
-417
-854
-1160
-1132
-1199
-1505
-1588
-1302
-989
-804
-227
1142
2547
2656
1626
950
1065
597
-1159
-2770
-3021
-2978
-4127
-5497
-4916
-2660
-1182
-1261
-961
1128
3426
3527
1744
487
684
730
-819
-3115
-4155
-3403
-2302
-2031
-2046
-1260
284
1559
2010
2043
2229
2501
2405
1858
1375
1411
1692
1567
920
485
718
1034
706
2
-317
-167
-172
-574
-929
-740
25
848
1183
1043
970
1302
1643
1383
626
101
110
255
143
-123
-207
-30
208
366
424
349
236
277
503
723
738
578
492
696
1086
1216
854
380
230
242
-20
-515
-859
-883
-793
-726
-549
-255
-89
-35
257
699
879
705
479
497
621
433
-53
-445
-612
-633
-547
-572
-777
-904
-821
-740
-723
-676
-655
-676
-688
-323
782
2053
2198
1069
9
-61
3
-1152
-2862
-3408
-3062
-3629
-4976
-4978
-3086
-1277
-1108
-1276
296
2883
3624
1901
237
399
980
-156
-2641
-4088
-3364
-1983
-1648
-1877
-1263
262
1550
1990
2045
2260
2508
2370
1862
1420
1431
1682
1549
836
259
420
819
627
-83
-543
-409
-78
-139
-543
-413
673
1819
1961
1405
1319
1850
1973
1201
322
46
26
-280
-657
-606
-210
-30
-175
-99
417
818
690
421
579
1117
1390
995
506
658
1149
1103
458
-42
-80
-121
-421
-732
-770
-645
-681
-770
-577
-112
248
158
-83
126
664
804
387
70
183
292
42
-385
-583
-518
-545
-767
-929
-846
-727
-708
-623
-340
-82
-123
-275
-109
644
1794
2485
1817
324
-521
-557
-1141
-2608
-3655
-3614
-3603
-4518
-5144
-3962
-1816
-824
-1058
-504
1616
3301
2639
666
-177
383
335
-1433
-3487
-3772
-2396
-1310
-1391
-1491
-518
931
1722
1788
1843
2217
2510
2303
1839
1740
2105
2276
1657
699
327
492
275
-581
-1208
-944
-345
-231
-411
-155
688
1614
2161
2258
2040
1727
1481
1254
835
182
-385
-583
-442
-202
-94
-184
-232
-15
291
345
99
-48
253
776
1045
1039
1042
1155
1276
1270
1010
527
55
-280
-520
-663
-732
-749
-761
-781
-599
-117
245
208
84
239
541
673
580
349
257
402
434
127
-279
-519
-582
-677
-930
-1107
-1061
-936
-749
-524
-352
-199
-36
26
-3
80
645
1831
2735
2084
455
-305
-222
-1080
-2917
-3895
-3487
-3413
-4697
-5550
-3989
-1363
-471
-1174
-777
1612
3455
2458
7
-844
113
264
-1647
-3688
-3587
-1842
-774
-1122
-1326
-291
1032
1410
1120
1212
1860
2279
2029
1661
1900
2556
2707
1897
809
348
354
-107
-1137
-1785
-1362
-371
88
-84
133
1149
2090
2202
1874
1757
1679
1221
575
189
35
-203
-448
-343
92
378
230
-47
6
263
151
-296
-392
75
643
873
848
946
1290
1471
1235
863
608
344
2
-195
-211
-171
-213
-330
-312
-85
127
37
-291
-419
-128
213
186
-13
178
636
817
635
380
160
-113
-376
-560
-745
-960
-1124
-1100
-938
-770
-531
-276
-244
-488
-598
-366
-9
618
1776
2761
2466
1006
-174
-511
-1208
-2673
-3505
-3225
-3371
-4560
-5078
-3574
-1340
-639
-1335
-1031
1130
2717
1640
-529
-991
178
461
-1220
-2933
-2547
-861
-217
-862
-1042
-28
939
888
565
1006
1881
2173
1807
1590
2011
2643
2600
1595
417
-6
124
-135
-917
-1323
-786
45
214
-102
13
753
1410
1519
1376
1321
1237
955
660
588
611
469
258
213
314
313
16
-356
-473
-437
-520
-617
-397
142
643
887
1002
1138
1265
1253
1132
941
651
314
108
54
-43
-208
-278
-231
-211
-282
-406
-400
-225
-33
68
152
338
605
801
833
753
634
420
-2
-556
-904
-908
-831
-934
-1102
-1072
-899
-811
-794
-773
-666
-460
-315
-263
-19
855
2279
3139
2425
730
-326
-474
-1193
-2812
-3673
-3128
-2880
-3984
-4752
-3403
-1055
-257
-1195
-1329
607
2363
1548
-603
-1166
54
566
-868
-2526
-2308
-736
-32
-679
-996
-41
1016
1068
716
1057
1920
2287
1903
1511
1764
2331
2343
1461
358
-60
134
93
-460
-867
-578
4
95
-264
-310
253
885
1089
1018
1026
1116
1087
949
908
944
838
560
301
216
226
89
-246
-543
-670
-689
-563
-252
138
489
745
977
1220
1340
1277
1068
829
609
356
67
-84
-108
-212
-366
-462
-504
-541
-537
-416
-158
121
277
329
434
668
858
815
587
414
302
29
-341
-599
-704
-739
-851
-1061
-1110
-970
-965
-1107
-1121
-946
-725
-541
-355
-182
218
1272
2637
3019
1813
131
-710
-1068
-2019
-3179
-3284
-2603
-2800
-3986
-4071
-2129
-240
-471
-1636
-1049
1244
2253
653
-1184
-918
405
343
-1283
-2344
-1561
-244
-122
-734
-517
519
1046
729
583
1254
2097
2180
1631
1381
1867
2452
2273
1324
439
182
275
122
-351
-616
-339
34
-47
-289
-117
416
839
935
896
890
833
717
693
780
848
813
713
622
574
479
194
-189
-470
-605
-597
-405
-54
352
719
960
1061
1040
967
895
754
498
217
70
68
65
-85
-195
-155
-198
-447
-657
-545
-209
97
230
267
351
454
461
391
331
316
330
127
-234
-342
-172
-184
-524
-900
-1039
-1006
-1089
-1265
-1260
-1046
-860
-794
-780
-748
-508
286
1669
2846
2667
1050
-569
-1111
-1357
-2156
-2764
-2405
-2000
-2736
-3766
-3273
-1359
-267
-1157
-2146
-959
1359
1744
-109
-1378
-538
659
132
-1527
-2112
-991
167
-18
-657
-315
651
941
504
376
1038
1797
1827
1331
1253
1925
2578
2314
1225
258
30
196
165
-67
-82
238
523
476
234
185
436
646
490
173
100
336
598
724
807
922
1027
980
723
440
314
252
104
-99
-158
39
337
529
585
569
512
387
264
286
439
518
420
303
303
366
332
145
-88
-171
-119
-129
-284
-347
-119
208
278
19
-171
-60
109
58
36
307
621
620
341
131
76
-57
-502
-1071
-1351
-1276
-1121
-1116
-1142
-1071
-1073
-1242
-1298
-1082
-746
-330
512
1868
2953
2642
939
-645
-1095
-1268
-2010
-2478
-1929
-1442
-2202
-3396
-3181
-1484
-437
-1354
-2509
-1494
936
1739
163
-1255
-624
690
424
-1192
-1945
-999
73
-87
-728
-481
434
749
253
-16
586
1503
1874
1619
1426
1790
2348
2329
1465
363
-140
111
537
608
420
376
476
416
99
-246
-298
-85
107
150
245
587
1021
1213
1002
667
593
761
859
714
464
323
391
493
342
-1
-149
31
251
240
112
169
441
672
696
614
517
356
193
155
244
348
443
487
365
58
-244
-335
-312
-363
-431
-338
-112
129
253
362
622
786
602
325
246
182
-82
-410
-681
-831
-888
-1021
-1164
-1172
-1129
-1214
-1426
-1557
-1379
-1010
-794
-627
-239
494
1654
2661
2389
881
-520
-1096
-1399
-1804
-1824
-1279
-1068
-2000
-3343
-3442
-2016
-857
-1269
-2082
-1356
583
1531
550
-847
-996
-264
-140
-980
-1565
-987
12
344
98
-13
152
249
148
121
453
1127
1833
2223
2179
1891
1725
1714
1451
718
-69
-240
280
847
903
579
272
101
-78
-359
-519
-261
314
733
742
663
892
1244
1140
587
270
559
1061
1190
854
449
355
441
271
-168
-424
-248
119
304
308
383
549
581
400
211
193
335
454
507
559
607
540
262
-164
-489
-584
-527
-386
-172
61
180
225
264
322
319
260
188
182
235
153
-92
-410
-646
-842
-1089
-1331
-1389
-1292
-1187
-1098
-1054
-1019
-962
-842
-647
-409
-279
-51
769
2061
2665
1718
3
-1139
-1511
-1802
-1985
-1389
-301
-234
-1739
-3193
-2973
-1657
-1019
-1420
-1594
-733
259
211
-554
-937
-760
-798
-1298
-1476
-853
-46
275
265
374
480
205
-159
78
900
1583
1786
1901
2209
2341
1887
1105
506
248
138
116
367
844
1162
1007
495
-60
-405
-500
-347
64
613
1037
1118
954
808
784
704
478
364
607
1032
1274
1173
837
516
295
122
-13
-37
94
351
574
573
392
238
167
87
30
75
199
319
397
408
349
256
78
-185
-389
-389
-209
30
234
303
199
-14
-234
-384
-368
-140
159
309
255
47
-195
-431
-717
-1004
-1201
-1228
-1038
-728
-498
-489
-636
-901
-1230
-1408
-1245
-754
-195
270
794
1444
1648
930
-233
-981
-1165
-1252
-1283
-755
197
384
-817
-2450
-3165
-2808
-2221
-1785
-1101
-135
301
-304
-1369
-1987
-2001
-1831
-1563
-904
70
657
470
49
71
330
258
59
409
1360
2192
2448
2380
2335
2168
1630
859
280
154
407
846
1264
1405
1135
581
-51
-565
-752
-502
36
598
1024
1213
1091
728
326
133
252
544
832
1092
1335
1404
1122
544
-40
-353
-291
49
491
907
1188
1160
718
96
-298
-334
-192
10
277
530
598
412
88
-215
-346
-280
-67
141
310
438
395
160
-139
-359
-418
-341
-217
-30
262
450
291
-168
-667
-1000
-1142
-1140
-1005
-750
-522
-450
-520
-661
-833
-979
-1060
-1035
-900
-705
-501
-346
-237
-24
346
564
373
-24
-317
-467
-626
-853
-899
-575
-192
-295
-932
-1537
-1673
-1494
-1331
-1163
-813
-442
-443
-930
-1581
-2037
-2172
-1963
-1409
-668
-123
-86
-421
-704
-704
-504
-183
338
1105
1888
2315
2256
1914
1559
1269
1083
1075
1214
1339
1382
1402
1362
1148
736
294
39
86
388
721
902
975
1030
994
791
539
409
417
477
476
432
488
615
599
385
128
29
177
473
780
1005
1073
941
621
255
62
104
245
345
409
501
550
428
132
-162
-253
-146
-10
60
125
199
213
102
-66
-159
-162
-94
5
77
60
-52
-254
-490
-731
-973
-1137
-1108
-937
-779
-686
-723
-843
-974
-1124
-1277
-1278
-1075
-847
-668
-457
-207
23
275
450
353
-5
-337
-403
-286
-178
-195
-265
-253
-239
-463
-893
-1134
-978
-691
-632
-778
-879
-902
-1016
-1238
-1448
-1594
-1691
-1711
-1540
-1198
-941
-1000
-1254
-1330
-1104
-758
-441
-95
327
775
1107
1161
984
819
807
890
1004
1081
1084
1066
1137
1252
1205
990
842
908
1126
1373
1581
1707
1748
1699
1517
1267
1063
918
812
767
766
760
765
758
679
551
429
327
293
398
606
807
885
790
594
400
271
268
378
499
556
532
417
227
19
-153
-212
-136
6
125
221
285
255
77
-156
-292
-296
-185
-57
-6
-82
-223
-372
-514
-666
-798
-864
-869
-840
-820
-843
-987
-1168
-1244
-1243
-1232
-1151
-1008
-909
-826
-709
-570
-370
-69
153
46
-270
-462
-394
-223
-168
-277
-347
-254
-215
-498
-895
-966
-691
-476
-560
-756
-863
-925
-1059
-1249
-1436
-1562
-1631
-1634
-1546
-1400
-1337
-1437
-1551
-1491
-1241
-933
-619
-273
107
443
632
663
653
711
814
895
956
1020
1090
1215
1393
1530
1501
1348
1284
1382
1576
1782
1894
1877
1806
1711
1568
1400
1289
1253
1262
1302
1300
1210
1097
995
846
666
516
415
420
574
761
821
767
659
536
400
260
210
285
371
345
217
37
-113
-185
-212
-230
-201
-128
-71
-52
-53
-110
-276
-475
-550
-421
-199
-55
-31
-109
-252
-402
-527
-645
-741
-758
-742
-749
-770
-862
-986
-1058
-1098
-1106
-1103
-1075
-1054
-1011
-912
-778
-673
-657
-712
-675
-372
69
272
46
-265
-303
-154
-125
-264
-410
-376
-164
-106
-383
-715
-697
-450
-394
-610
-845
-943
-989
-1066
-1172
-1286
-1410
-1513
-1508
-1336
-1108
-1026
-1116
-1171
-987
-688
-515
-472
-360
-50
318
451
355
319
519
804
957
994
1049
1173
1340
1479
1484
1416
1399
1479
1628
1794
1903
1901
1847
1800
1746
1669
1572
1487
1448
1426
1360
1219
1043
906
808
737
677
647
663
747
872
876
669
357
136
57
65
81
52
24
42
32
-114
-343
-528
-559
-454
-349
-302
-268
-232
-228
-259
-300
-299
-235
-132
-32
19
-16
-178
-401
-582
-672
-706
-708
-682
-622
-591
-681
-855
-1015
-1086
-1085
-1035
-1005
-949
-846
-767
-727
-748
-800
-820
-768
-683
-579
-456
-276
40
334
278
-139
-504
-495
-221
-26
-77
-172
-76
54
-125
-581
-901
-834
-608
-565
-702
-807
-830
-880
-999
-1118
-1213
-1259
-1204
-1017
-760
-610
-693
-910
-999
-853
-611
-453
-351
-143
148
343
366
358
468
675
862
960
1074
1258
1422
1515
1560
1555
1509
1481
1551
1723
1911
2017
1956
1780
1623
1518
1425
1378
1426
1544
1588
1463
1239
1060
985
923
827
752
730
750
753
672
508
311
143
28
-37
-70
-111
-199
-345
-519
-669
-757
-787
-740
-620
-471
-367
-356
-394
-416
-418
-425
-436
-411
-346
-299
-290
-338
-437
-544
-611
-622
-584
-553
-568
-581
-596
-656
-748
-837
-890
-832
-699
-634
-619
-586
-587
-662
-750
-816
-822
-722
-581
-484
-470
-515
-577
-579
-511
-369
-58
310
460
227
-179
-408
-395
-350
-431
-528
-463
-268
-218
-443
-725
-751
-549
-430
-498
-575
-505
-378
-344
-444
-589
-711
-730
-617
-468
-389
-433
-527
-562
-482
-352
-263
-176
-2
239
452
568
631
740
925
1082
1128
1142
1201
1310
1418
1482
1478
1429
1380
1385
1464
1554
1596
1562
1506
1491
1473
1416
1387
1427
1514
1531
1386
1142
933
882
905
806
578
383
301
331
340
221
22
-103
-105
-79
-86
-150
-245
-328
-379
-450
-554
-634
-627
-544
-483
-528
-659
-754
-751
-694
-678
-722
-748
-717
-671
-653
-668
-722
-765
-727
-655
-579
-534
-531
-534
-574
-639
-716
-795
-827
-771
-662
-563
-509
-501
-500
-478
-446
-447
-452
-413
-341
-281
-289
-375
-515
-614
-633
-618
-612
-558
-310
51
163
-139
-538
-623
-397
-169
-155
-232
-138
103
134
-193
-528
-490
-156
65
-8
-138
-123
-74
-149
-312
-426
-447
-371
-251
-140
-70
-86
-188
-286
-274
-172
-98
-46
86
315
520
576
511
494
645
866
997
1040
1106
1239
1362
1399
1356
1300
1331
1439
1531
1557
1531
1467
1356
1214
1092
1045
1064
1138
1247
1304
1229
1030
830
725
710
710
679
639
601
566
504
361
146
-52
-128
-133
-167
-238
-329
-413
-486
-593
-767
-927
-952
-865
-793
-829
-951
-1064
-1111
-1089
-1054
-1024
-977
-921
-885
-893
-952
-1022
-1027
-946
-822
-679
-528
-413
-345
-316
-352
-441
-511
-483
-397
-297
-235
-249
-306
-361
-427
-501
-540
-522
-431
-354
-355
-399
-435
-467
-505
-504
-502
-506
-457
-389
-298
-102
167
287
75
-248
-294
-41
212
249
179
250
454
505
237
-115
-162
142
434
413
195
39
-22
-113
-260
-411
-476
-425
-281
-126
-90
-214
-421
-537
-476
-303
-148
-1
209
437
564
518
372
300
431
675
867
956
990
1024
1054
1070
1043
979
969
1115
1347
1515
1536
1439
1313
1226
1181
1158
1163
1234
1348
1373
1254
1044
827
678
631
644
664
670
639
559
412
210
-43
-259
-351
-378
-403
-446
-507
-594
-721
-913
-1157
-1336
-1380
-1301
-1175
-1102
-1103
-1122
-1126
-1104
-1063
-1011
-927
-794
-692
-672
-704
-761
-799
-751
-646
-571
-510
-444
-383
-353
-353
-365
-366
-346
-316
-265
-202
-170
-193
-272
-364
-430
-480
-495
-434
-369
-336
-307
-287
-306
-314
-269
-195
-125
-38
38
50
29
39
166
411
626
588
322
137
230
407
407
244
149
246
355
259
-16
-153
30
301
337
156
-8
-58
-70
-136
-251
-356
-391
-337
-274
-257
-303
-394
-460
-434
-334
-243
-183
-91
76
227
268
229
243
417
667
834
865
866
928
1024
1105
1125
1094
1094
1165
1279
1349
1344
1305
1268
1244
1189
1095
1018
1021
1074
1083
984
791
568
418
380
373
291
127
-19
-124
-211
-324
-445
-526
-544
-538
-555
-591
-614
-627
-692
-821
-942
-994
-956
-867
-791
-762
-775
-826
-876
-906
-913
-875
-785
-649
-520
-471
-518
-574
-580
-550
-527
-523
-519
-477
-387
-321
-334
-389
-408
-386
-323
-246
-183
-167
-163
-125
-114
-167
-214
-196
-130
-23
87
111
41
4
26
21
-47
-103
-80
-10
45
48
18
4
48
119
196
324
502
558
410
217
134
181
246
237
243
342
448
382
127
-86
-82
37
103
43
-80
-149
-161
-215
-333
-433
-438
-383
-318
-252
-208
-230
-282
-298
-263
-200
-132
-40
108
283
395
415
408
469
624
802
912
939
936
946
961
944
882
835
846
888
912
882
809
736
682
599
481
387
385
445
503
491
389
261
149
85
82
109
121
97
49
-1
-52
-148
-256
-307
-301
-288
-313
-353
-391
-431
-486
-579
-693
-779
-789
-744
-682
-653
-682
-737
-783
-817
-847
-840
-784
-729
-694
-659
-617
-578
-543
-499
-447
-362
-257
-198
-155
-105
-73
-82
-93
-91
-52
12
61
87
86
107
109
68
40
62
84
74
62
46
43
85
121
65
-7
19
94
144
156
144
150
159
142
108
61
37
74
172
282
320
273
209
178
190
216
220
214
227
265
233
94
-54
-105
-52
15
17
-15
-47
-76
-110
-183
-276
-332
-319
-270
-239
-252
-298
-331
-328
-287
-237
-211
-175
-87
16
73
66
34
71
191
326
420
473
537
611
649
630
572
559
630
717
745
715
681
649
609
547
457
368
333
358
417
446
421
369
298
241
209
194
209
224
207
138
22
-110
-220
-269
-287
-309
-340
-363
-371
-370
-414
-525
-636
-691
-672
-610
-570
-558
-554
-550
-571
-608
-634
-611
-514
-391
-304
-278
-291
-294
-255
-198
-147
-96
-38
23
82
107
92
74
70
73
74
77
93
144
186
159
95
25
-44
-76
-64
-41
-16
23
51
29
12
8
-48
-128
-165
-133
-66
-32
-46
-64
-65
-55
-45
-43
-32
26
102
136
165
228
262
227
151
87
80
122
176
177
132
108
62
-64
-228
-327
-308
-226
-174
-183
-230
-280
-340
-398
-433
-412
-333
-229
-143
-102
-94
-106
-121
-134
-131
-111
-64
32
153
234
260
237
225
256
313
399
491
577
621
615
573
534
520
515
521
532
537
514
468
421
370
307
246
212
222
283
350
377
350
295
250
204
151
100
62
46
41
8
-75
-153
-172
-168
-180
-212
-253
-274
-249
-212
-195
-217
-252
-269
-269
-256
-253
-253
-249
-241
-236
-252
-261
-246
-204
-150
-116
-98
-71
-25
15
34
40
58
84
73
25
-29
-53
-60
-87
-136
-183
-185
-177
-193
-231
-291
-339
-351
-325
-284
-259
-249
-230
-208
-222
-267
-281
-234
-165
-124
-124
-148
-159
-156
-192
-259
-278
-222
-163
-141
-133
-120
-102
-100
-117
-113
-38
113
284
360
268
96
19
62
122
131
121
156
218
220
96
-70
-135
-45
54
64
18
8
43
54
1
-83
-120
-90
-27
7
-13
-50
-83
-108
-137
-151
-114
-23
104
235
312
302
257
245
295
353
371
384
423
469
486
465
431
406
396
408
427
435
441
453
469
477
463
439
456
505
487
390
324
317
278
229
188
127
93
111
91
3
-40
-7
33
24
-43
-106
-123
-115
-127
-153
-181
-188
-178
-187
-227
-259
-246
-225
-230
-261
-297
-283
-240
-239
-268
-278
-277
-265
-252
-244
-257
-264
-269
-303
-361
-415
-434
-432
-437
-458
-475
-503
-512
-500
-510
-518
-488
-453
-435
-411
-378
-355
-337
-316
-306
-293
-246
-186
-131
-89
-63
-56
-55
-54
-40
-1
40
76
90
93
118
163
199
224
259
296
317
301
266
292
374
346
157
28
97
222
236
157
101
131
171
84
-100
-198
-107
84
186
122
32
13
6
-39
-110
-131
-61
45
98
61
-18
-56
-39
-14
-2
28
93
182
289
359
334
241
186
238
334
403
450
505
570
576
514
450
428
487
590
633
601
536
480
475
490
456
388
359
385
399
363
290
212
152
122
75
6
-27
-7
33
25
-42
-124
-156
-128
-96
-97
-140
-191
-219
-225
-259
-323
-361
-347
-299
-289
-336
-409
-434
-402
-375
-399
-465
-508
-487
-448
-456
-494
-523
-532
-543
-556
-580
-580
-545
-524
-533
-559
-585
-590
-552
-495
-443
-400
-356
-314
-302
-280
-255
-240
-215
-185
-169
-132
-72
-24
7
23
23
34
74
111
135
164
211
238
217
170
134
152
203
256
319
370
348
247
148
100
109
175
267
320
330
329
275
173
103
112
184
266
312
300
258
210
144
75
46
103
206
299
328
297
252
201
145
94
86
129
198
268
295
252
168
101
62
66
110
165
204
218
206
157
95
55
80
170
256
296
331
349
327
281
226
165
138
171
210
207
198
181
154
120
69
32
28
51
59
40
-4
-54
-81
-97
-111
-127
-137
-139
-145
-154
-181
-206
-216
-213
-190
-171
-166
-158
-152
-146
-155
-181
-211
-228
-236
-249
-269
-294
-321
-347
-376
-404
-430
-440
-425
-408
-405
-431
-463
-476
-484
-489
-477
-447
-394
-336
-318
-325
-317
-286
-265
-250
-223
-178
-114
-66
-61
-80
-67
-47
-28
-12
13
60
116
146
128
84
39
27
46
79
122
166
189
188
174
149
137
147
199
258
277
275
280
291
300
302
307
315
326
338
347
356
366
361
336
307
277
240
212
207
204
188
160
134
119
116
118
121
116
93
70
37
-8
-43
-55
-57
-57
-66
-85
-104
-121
-129
-145
-161
-164
-132
-83
-46
-10
30
66
79
70
58
69
97
113
119
128
145
162
170
170
178
204
235
252
266
269
257
241
221
215
210
203
202
199
189
163
129
103
80
52
30
5
-7
-25
-59
-98
-146
-179
-189
-199
-213
-227
-252
-291
-327
-358
-386
-395
-389
-384
-378
-369
-362
-362
-370
-386
-390
-366
-336
-312
-300
-286
-271
-270
-290
-317
-295
-263
-238
-217
-217
-227
-235
-232
-223
-215
-201
-176
-146
-139
-149
-152
-145
-131
-101
-64
-47
-40
-19
2
20
41
60
72
79
96
129
184
230
243
251
266
291
309
312
305
303
296
292
291
277
259
239
239
241
230
209
187
177
179
185
187
191
193
189
175
164
158
153
140
126
123
118
116
117
116
118
112
106
111
135
155
163
151
146
146
138
129
116
109
111
117
111
94
82
73
60
55
38
15
-12
-24
-18
-22
-33
-44
-51
-67
-77
-77
-72
-57
-48
-63
-89
-109
-122
-112
-78
-46
-39
-36
-40
-57
-71
-70
-60
-43
-27
-23
-21
-10
-25
-72
-106
-119
-114
-86
-73
-87
-99
-91
-87
-126
-171
-195
-193
-164
-152
-171
-199
-216
-230
-249
-262
-270
-270
-252
-237
-246
-256
-265
-276
-271
-280
-291
-280
-251
-220
-207
-199
-188
-174
-154
-144
-141
-127
-88
-42
-3
18
21
23
38
63
87
106
133
167
186
187
174
160
162
171
161
154
171
196
208
201
184
178
176
158
137
141
172
202
226
226
218
211
217
234
236
236
228
218
210
195
191
193
193
187
172
154
136
127
115
104
94
71
48
34
33
25
11
-5
-20
-32
-48
-53
-55
-61
-71
-69
-65
-59
-51
-42
-31
-18
-16
-18
-15
-10
-10
-9
2
4
10
15
11
12
23
27
20
0
-9
7
29
37
31
18
11
18
21
14
7
13
23
14
-11
-30
-45
-55
-56
-54
-55
-57
-65
-81
-89
-104
-126
-149
-157
-157
-153
-144
-159
-185
-202
-212
-230
-225
-213
-208
-200
-193
-194
-203
-205
-202
-192
-186
-179
-175
-166
-152
-145
-148
-143
-124
-120
-111
-97
-80
-68
-60
-48
-35
-27
-16
-4
12
34
45
56
85
109
114
109
107
117
148
174
180
183
178
154
137
141
138
148
154
152
148
138
131
119
118
124
128
132
139
145
144
155
167
166
161
153
147
146
142
127
115
105
83
56
42
35
31
23
16
9
1
-7
-6
-17
-34
-45
-48
-48
-55
-64
-68
-58
-59
-55
-43
-31
-20
-14
-9
-8
-12
-5
15
41
52
54
52
49
43
34
28
24
27
25
31
31
19
3
-14
-21
-22
-14
-1
-7
-16
-17
-23
-30
-18
3
15
16
11
15
12
-10
-35
-38
-24
-18
-20
-24
-24
-31
-41
-40
-34
-29
-43
-47
-44
-63
-84
-103
-120
-134
-145
-160
-181
-196
-209
-210
-217
-218
-212
-211
-206
-203
-198
-189
-162
-145
-143
-138
-134
-133
-130
-130
-129
-125
-124
-106
-77
-47
-15
10
17
38
66
76
67
89
147
218
285
300
357
368
278
170
74
22
25
70
106
147
200
231
252
277
301
315
269
205
143
85
44
44
87
113
133
112
47
-71
-176
-213
-210
-148
-58
22
48
59
78
74
69
42
9
-49
-151
-264
-322
-302
-229
-130
-42
48
120
161
200
213
182
103
29
3
12
1
-84
-160
-181
-135
-36
56
115
115
71
35
38
62
78
66
52
43
48
59
37
-26
-120
-198
-211
-129
-5
84
103
25
-87
-84
65
247
352
291
113
-63
-162
-168
-147
-162
-194
-210
-176
-89
10
93
132
107
46
-7
-18
-13
-57
-122
-156
-127
-64
-25
-37
-101
-189
-246
-229
-145
-74
-52
-76
-119
-123
-74
24
93
101
67
44
65
89
128
142
95
39
-6
-49
-71
-75
-57
-3
51
77
89
50
-11
-54
-81
-84
-85
-95
-89
-78
-70
-62
-51
-34
-14
-5
-42
-87
-86
-48
-5
1
-20
-18
12
82
173
225
193
110
40
-7
-14
5
38
53
36
5
-18
-26
-36
-14
13
37
69
98
139
149
137
133
140
134
102
78
63
55
78
123
140
70
-34
-106
-92
-30
40
109
144
133
76
0
-40
-32
-36
-94
-128
-94
-34
34
81
94
47
-15
-1
57
92
69
10
-41
-18
63
119
115
57
3
-13
-14
-21
-63
-129
-152
-99
9
103
139
98
7
-83
-134
-115
-74
-38
-21
-56
-89
-56
52
152
149
54
-25
-76
-115
-150
-186
-184
-147
-69
-6
8
-9
-49
-89
-115
-129
-125
-114
-102
-85
-66
-34
-10
-16
-31
-59
-79
-76
-78
-91
-94
-77
-62
-72
-85
-78
-50
-4
67
112
66
-36
-110
-114
-61
-3
29
37
-8
-50
-54
-34
-3
17
32
31
7
-9
3
71
131
180
230
211
151
66
9
10
29
26
8
-15
-28
2
69
116
107
53
9
18
71
132
123
49
-46
-97
-81
-34
-5
-2
-5
-33
-66
-77
-57
-9
34
59
91
152
219
251
226
161
98
56
27
6
-40
-76
-65
-16
74
133
125
81
73
108
141
130
108
81
49
36
34
48
63
75
50
-1
-71
-131
-141
-114
-66
-13
46
78
91
95
76
19
-34
-58
-53
-37
-46
-77
-113
-114
-95
-62
-9
50
76
78
74
39
-27
-111
-156
-161
-145
-120
-106
-97
-117
-151
-190
-205
-210
-210
-211
-215
-215
-203
-196
-174
-104
-22
32
31
-7
-53
-92
-139
-161
-170
-151
-125
-118
-75
-8
70
133
135
82
0
-68
-75
-7
81
133
129
77
28
20
45
62
40
-2
-25
-17
18
86
136
123
87
51
38
36
20
24
28
21
37
90
137
136
87
35
32
42
56
71
77
88
107
116
132
138
122
116
124
128
134
134
92
8
-60
-90
-103
-105
-75
-9
56
89
95
86
73
76
94
80
30
-6
-17
8
34
34
2
-41
-59
-25
52
155
214
211
174
120
86
71
68
66
77
80
50
4
-29
-24
6
12
-18
-53
-63
-42
8
81
135
129
84
18
-44
-92
-112
-117
-153
-200
-206
-168
-113
-100
-122
-158
-182
-195
-205
-202
-179
-136
-105
-117
-147
-171
-206
-238
-234
-181
-147
-151
-190
-220
-221
-211
-160
-125
-100
-89
-49
0
18
6
-40
-106
-186
-213
-175
-85
4
44
63
64
30
-27
-62
-58
-10
70
170
239
221
166
123
112
133
147
157
166
181
186
160
126
91
65
67
88
122
142
134
105
77
64
73
97
135
154
141
151
182
182
170
119
47
-10
-41
-25
15
38
13
-37
-64
-44
7
58
99
106
91
92
108
117
79
5
-72
-103
-87
-42
21
69
86
83
94
129
145
130
92
60
32
1
-18
5
62
99
100
58
16
-24
-55
-65
-48
-25
-2
36
54
45
7
-40
-84
-132
-162
-144
-105
-76
-82
-122
-155
-194
-211
-168
-84
-25
-36
-71
-97
-118
-144
-192
-236
-253
-237
-193
-151
-152
-172
-190
-200
-184
-129
-72
-28
10
55
112
112
42
-88
-211
-304
-347
-302
-186
-40
79
128
111
58
14
-2
5
32
61
71
59
59
62
46
15
-22
-41
-26
-4
11
14
30
65
119
179
215
222
223
196
150
105
71
52
48
40
-8
-52
-57
-4
93
163
181
151
104
78
73
111
162
178
186
175
159
131
78
50
29
-3
-19
-3
35
80
106
114
111
78
41
3
-13
-5
4
32
78
104
99
71
15
-59
-136
-184
-169
-112
-23
69
145
184
138
45
-55
-126
-163
-174
-142
-78
-7
40
60
57
41
2
-41
-67
-82
-102
-135
-139
-83
22
126
182
161
111
53
0
-57
-129
-198
-234
-220
-181
-103
-36
-19
-48
-106
-140
-119
-81
-58
-35
-27
-37
-51
-42
-11
-2
-15
-60
-115
-151
-177
-157
-115
-66
-34
-35
-48
-73
-91
-88
-88
-109
-123
-146
-145
-109
-74
-43
-30
-23
-32
-65
-96
-108
-79
-6
63
112
142
148
93
20
-3
27
94
160
209
214
189
169
167
174
157
98
38
-14
-26
21
102
175
212
226
221
198
155
111
67
31
32
55
92
121
127
107
71
21
-19
-39
-60
-74
-59
-25
5
19
25
27
31
52
78
53
-13
-84
-125
-151
-147
-114
-96
-79
-50
-24
1
7
-23
-62
-82
-69
-35
-6
18
57
76
46
-11
-76
-116
-140
-136
-92
-32
17
46
54
61
67
82
99
87
52
32
29
32
59
99
116
98
70
62
78
87
64
29
6
10
29
52
54
29
-7
-40
-73
-85
-70
-57
-58
-70
-92
-121
-144
-141
-124
-96
-73
-78
-78
-82
-93
-104
-109
-115
-106
-73
-51
-57
-76
-91
-85
-55
-33
-29
-40
-37
-32
-33
-37
-67
-112
-139
-136
-119
-86
-60
-24
13
21
0
-33
-50
-51
-35
6
36
42
24
-8
-1
25
38
28
4
7
36
80
119
143
149
133
120
139
165
179
175
155
117
55
12
11
26
46
65
98
132
146
142
125
94
54
22
19
18
3
-11
-15
3
28
49
76
71
26
-46
-110
-121
-88
-19
27
36
12
-37
-75
-86
-77
-64
-46
-13
34
74
96
103
69
11
-36
-50
-39
-30
-37
-50
-49
-33
4
59
103
99
65
56
62
70
82
74
52
43
49
57
48
43
25
-12
-18
-8
2
11
26
25
28
55
78
72
55
36
18
-3
-20
-20
-30
-54
-111
-172
-203
-189
-152
-108
-78
-78
-96
-105
-95
-97
-86
-73
-80
-86
-107
-138
-184
-228
-266
-282
-267
-216
-150
-110
-76
-52
-48
-69
-82
-75
-65
-55
-54
-49
-50
-68
-87
-104
-102
-97
-86
-62
-28
15
61
110
147
170
174
171
174
177
191
205
197
170
140
124
116
107
114
119
128
149
155
150
142
147
158
170
166
137
113
93
71
52
29
-5
-14
-1
24
53
66
64
43
13
-16
-32
-28
-9
7
3
-9
-34
-55
-69
-79
-69
-54
-32
-9
4
29
35
23
8
-12
-3
15
30
37
29
11
-14
-29
-30
-16
21
51
66
65
48
41
55
60
46
9
-25
-34
-34
-16
5
32
52
56
36
-2
-40
-74
-85
-68
-40
-27
-21
-16
-14
-23
-41
-69
-109
-140
-148
-128
-104
-66
-38
-21
-12
-26
-52
-88
-125
-147
-143
-124
-124
-144
-165
-177
-175
-162
-134
-118
-115
-140
-162
-155
-118
-69
-37
-23
-31
-32
-32
-36
-36
-42
-48
-48
-26
15
63
106
137
147
124
82
25
-17
-22
10
58
103
133
145
157
166
161
119
51
0
-3
32
89
131
142
146
154
152
153
157
139
115
85
58
50
53
62
67
76
79
80
72
54
41
27
16
-4
-18
-11
-13
-32
-44
-48
-21
13
47
65
64
38
7
-12
-31
-45
-51
-46
-44
-33
-10
13
32
53
70
76
75
79
85
82
61
31
10
-4
-14
-27
-36
-44
-47
-26
-6
-19
-51
-91
-120
-110
-68
-21
8
1
-17
-33
-44
-50
-55
-65
-70
-53
-27
-1
9
-7
-41
-69
-93
-102
-91
-81
-71
-57
-36
-11
0
9
-19
-82
-140
-180
-185
-163
-129
-104
-98
-87
-74
-60
-53
-70
-89
-100
-94
-67
-40
-28
-25
-30
-27
-19
7
47
51
23
-17
-63
-79
-58
1
67
110
142
146
134
110
77
43
30
27
42
59
61
64
68
73
72
68
58
39
15
4
9
33
53
72
97
116
140
146
117
85
54
40
31
9
-8
-10
9
59
117
142
134
112
99
101
98
95
100
82
50
7
-37
-68
-83
-91
-98
-89
-58
-6
35
48
46
34
16
4
5
11
-14
-56
-81
-73
-44
-19
-5
-4
-4
-2
-7
-23
-48
-78
-81
-56
-18
25
61
78
82
66
22
-33
-92
-116
-101
-71
-32
-14
-5
-8
-18
-29
-36
-40
-35
-15
17
37
19
-16
-54
-90
-110
-110
-94
-82
-53
-17
1
14
10
-17
-56
-88
-85
-65
-54
-41
-42
-57
-64
-52
-17
10
24
-12
-72
-97
-96
-102
-98
-78
-56
-37
-35
-30
-34
-44
-49
-56
-61
-57
-61
-56
-32
2
36
54
68
61
41
43
40
23
23
42
91
142
172
185
188
184
161
121
69
45
54
73
88
111
130
129
142
129
103
77
64
66
90
107
86
63
25
16
17
12
-9
-35
-49
-36
6
46
61
50
53
64
40
-22
-58
-81
-100
-112
-120
-108
-92
-84
-92
-91
-98
-102
-106
-101
-63
-34
-25
-20
5
27
42
33
5
-39
-73
-78
-82
-98
-93
-63
-16
28
68
95
78
47
13
-16
-23
-24
-35
-43
-44
-16
17
40
34
0
-19
-7
31
41
36
48
83
106
89
20
-23
-4
34
49
56
17
-43
-83
-108
-78
-51
-56
-60
-15
23
20
29
32
37
55
46
-10
-31
-25
-49
-55
-50
-61
-49
-90
-148
-159
-122
-45
13
34
34
60
64
52
28
-11
-79
-152
-175
-149
-102
-43
-2
29
30
23
24
17
38
63
73
64
32
38
29
21
9
5
27
55
86
85
78
57
29
3
-8
-7
21
75
120
148
154
146
143
127
78
46
33
10
-4
-6
-28
-31
-16
-22
-11
1
14
24
31
11
-17
-27
-32
-9
13
17
14
-12
-38
-70
-95
-95
-116
-134
-130
-117
-92
-62
-27
-10
1
11
16
11
-16
-40
-65
-79
-72
-66
-64
-64
-50
-50
-56
-51
-42
-20
-5
24
53
65
79
91
100
112
107
94
84
80
86
84
74
58
45
56
90
109
133
145
147
143
139
116
57
6
-25
-31
-20
-14
-5
7
0
-6
-16
-27
-39
-54
-57
-44
-28
-13
-25
-38
-44
-47
-59
-82
-95
-97
-72
-47
-37
-49
-78
-116
-143
-155
-145
-129
-108
-88
-80
-78
-79
-80
-84
-115
-138
-153
-157
-142
-125
-92
-60
-46
-50
-56
-44
-19
-1
12
10
3
-8
-1
31
63
81
79
71
66
73
78
66
71
80
88
91
92
99
111
135
143
142
144
152
166
162
167
161
134
102
69
50
40
36
44
52
51
49
57
78
92
89
50
0
-33
-55
-80
-98
-83
-70
-53
-29
-5
4
-5
-13
-21
-13
-9
-9
11
39
46
39
30
10
-15
-29
-41
-39
-40
-46
-39
-30
-31
-40
-32
-7
26
55
82
86
60
18
-19
-46
-63
-67
-59
-56
-52
-42
-33
-21
-29
-45
-49
-49
-43
-30
-24
-33
-41
-49
-51
-51
-66
-77
-79
-66
-42
-28
-22
-32
-46
-66
-67
-65
-74
-59
-38
-17
5
23
32
18
-7
-39
-63
-69
-77
-72
-68
-67
-54
-45
-35
-27
-12
-17
-17
3
7
15
19
12
-3
-13
-17
-29
-16
-12
1
5
-6
-2
8
31
31
21
28
46
69
87
94
99
87
79
71
72
97
107
106
99
89
81
71
73
81
95
105
114
121
125
117
100
79
62
50
30
22
16
11
17
19
16
34
40
37
36
28
16
6
-9
-27
-44
-55
-35
-15
-5
-19
-37
-32
-24
-6
1
-6
-4
-9
-9
6
17
22
-1
-27
-54
-83
-99
-102
-93
-91
-76
-65
-56
-40
-39
-28
-30
-52
-64
-66
-57
-44
-36
-29
-20
-1
6
-12
-46
-73
-78
-68
-55
-67
-70
-56
-41
-26
-17
-33
-61
-76
-85
-72
-49
-24
0
26
39
17
1
-15
-27
-28
-18
-9
2
15
18
11
4
-2
1
-2
-12
-24
-32
-30
-10
25
51
69
76
65
53
26
-6
-21
-27
-21
-8
33
69
97
110
96
71
45
30
14
0
-16
-13
11
45
77
99
94
72
54
33
21
7
7
10
16
8
11
38
46
54
42
17
-1
-9
-8
-1
13
29
55
70
68
59
48
61
61
37
36
42
62
75
71
56
33
23
3
-11
-17
-36
-41
-37
-29
-15
-19
-21
-41
-60
-57
-63
-76
-82
-84
-79
-76
-70
-61
-54
-50
-56
-57
-52
-52
-51
-58
-66
-62
-44
-43
-59
-60
-56
-42
-32
-42
-50
-56
-42
-14
17
40
50
48
33
4
-20
-43
-54
-47
-44
-33
-12
-2
-5
-2
-5
-3
7
22
30
47
59
60
61
67
80
79
78
67
53
45
29
16
5
9
5
-10
-23
-15
13
34
34
15
23
42
64
75
61
45
19
-1
3
-6
-24
-55
-92
-118
-138
-106
-51
-11
39
63
61
46
14
-27
-40
-31
-20
-7
5
-1
-16
-21
-19
-17
-22
-28
-49
-58
-17
8
45
72
72
62
27
3
-10
-17
0
14
23
37
44
58
64
42
26
9
3
-3
-12
-10
-11
-14
-21
-8
20
22
34
45
19
8
-30
-45
-33
-69
-44
-11
-39
-32
-8
-1
-19
-34
-19
-13
-10
6
24
56
61
71
61
5
-21
-11
-1
7
14
8
18
20
19
2
-6
-16
-29
-16
15
43
49
41
41
27
11
-5
-26
-53
-65
-75
-84
-74
-61
-21
11
42
64
65
58
41
-1
-30
-57
-77
-80
-70
-40
-19
10
27
42
56
43
35
37
26
26
27
18
17
3
1
-3
-32
-57
-53
-21
5
18
23
17
-10
-30
-33
-32
-38
-53
-59
-54
-45
-42
-32
-5
28
57
55
41
29
-1
-19
-30
-34
-39
-27
-11
-18
-11
1
-6
-19
-36
-33
-33
-28
-2
19
41
43
32
26
10
2
-4
0
1
-4
-25
-47
-34
-17
-12
-10
-7
-12
-14
-17
-11
-21
-21
-2
12
23
20
22
17
18
18
20
14
0
10
25
47
62
60
52
54
58
59
67
53
43
55
63
50
57
75
81
80
74
55
35
31
46
62
60
41
29
23
16
5
-7
-14
-23
-29
-24
-22
-27
-26
-30
-36
-45
-66
-79
-82
-89
-85
-61
-50
-33
-42
-40
-45
-49
-46
-60
-80
-88
-73
-49
-25
-20
-18
-18
-14
4
19
5
-6
-24
-30
-17
11
43
70
79
80
68
32
15
-3
-15
-25
-29
-18
3
27
31
36
43
28
10
-3
-15
-22
-31
-30
-31
-39
-23
-18
-29
-44
-73
-79
-78
-65
-27
-2
-18
-27
-24
-33
-32
-27
-19
-30
-42
-58
-61
-48
-33
-18
-3
2
10
28
40
48
34
30
47
45
31
33
45
60
73
79
64
41
26
19
23
22
24
23
36
54
66
58
42
47
63
70
82
83
77
50
24
15
10
22
18
14
-10
-12
10
15
21
27
42
41
19
12
22
5
1
11
25
12
-13
-13
-24
-24
-21
-19
-35
-53
-48
-54
-47
-44
-35
-28
-20
-8
-3
5
18
28
16
-4
-19
-17
-18
-34
-57
-74
-79
-74
-58
-39
-23
-36
-46
-39
-34
-31
-31
-32
-31
-34
-46
-47
-44
-42
-36
-27
-16
-25
-13
1
-3
11
17
12
7
19
23
19
25
13
4
-12
-2
22
18
8
19
21
32
51
42
15
-1
20
13
-2
5
-20
-19
21
12
6
32
3
-19
-6
-22
-40
-39
-33
-14
-5
13
18
18
40
56
76
79
32
25
27
16
15
3
19
24
22
19
17
12
7
5
-8
-30
-23
-5
-17
-3
9
-4
-2
-9
-23
4
19
7
-5
-26
-44
-44
-25
-18
4
8
-17
5
13
25
27
9
-11
-10
-2
5
2
14
13
0
9
5
-1
1
-1
10
45
50
44
67
65
35
30
19
5
30
25
18
29
20
45
10
-4
6
-11
-15
-35
-19
-37
-33
-13
-24
-13
-19
-18
-37
-45
-47
-35
-39
-43
-25
-21
-30
-42
-39
-38
-12
-6
-19
-34
-28
-16
-22
-20
-9
-20
7
11
-13
6
-3
-13
-33
-43
-25
-4
13
2
23
23
11
5
-6
6
17
38
39
32
32
57
64
42
14
12
10
0
3
1
16
7
3
-5
-23
-10
-4
2
-12
13
28
8
13
18
10
0
-20
-23
-17
-24
-17
-30
-21
-3
3
-4
-16
-5
1
0
-18
-1
-6
-12
-23
-40
-31
-43
-28
-13
5
-5
-15
-12
-39
-21
-9
-30
-39
-11
3
-3
12
-7
-19
9
15
24
47
41
24
13
23
35
31
25
5
11
40
7
1
-6
-19
-9
18
36
19
38
44
41
20
8
21
22
23
59
77
62
57
23
13
10
7
26
15
-6
-6
4
-14
-6
8
13
22
11
22
22
-9
-32
-50
-40
-9
-19
5
20
19
18
-1
-14
-22
-28
-19
-6
4
-4
-3
-1
0
1
5
6
-22
-12
5
2
11
9
-5
-14
-8
-20
-26
-11
-31
-44
-50
-54
-61
-58
-45
-40
-25
12
-6
-31
-12
-30
-36
-26
-12
-24
-21
-3
-19
-31
-25
-25
-40
-20
-20
-27
-18
-24
-25
-25
-18
-26
-38
-44
-40
-34
-47
-41
-39
-17
8
22
14
4
-3
-6
12
24
47
60
70
66
65
58
40
24
7
28
22
30
46
43
35
25
28
15
-1
7
23
32
30
19
23
28
17
31
28
22
4
3
0
-1
21
39
38
40
59
38
30
38
15
-1
-7
2
1
7
35
39
34
45
38
34
31
25
40
25
25
19
1
-18
-5
8
-23
-24
-27
-29
-16
-11
-12
-5
-10
-17
-9
-18
-13
-31
-36
-25
-36
-34
-21
-14
-22
-31
-6
5
-10
-21
-37
-40
-33
-32
-29
-21
-10
2
-10
-18
-25
-13
-19
-42
-54
-47
-29
-31
-30
-28
-24
-27
-32
-12
-9
-4
-1
-14
-10
0
-3
-11
-21
-22
-11
-19
-8
5
9
-7
-7
6
-3
-4
-1
-14
-21
-21
-18
-21
-21
-20
-13
8
4
-20
-18
-2
-7
-2
12
10
12
13
11
17
3
2
5
-1
7
8
15
17
15
3
9
14
11
26
28
9
16
24
23
19
27
34
29
41
42
38
26
33
38
44
72
78
54
57
70
58
26
35
60
55
52
42
30
39
37
28
41
34
19
14
-12
-29
-29
-18
-2
-3
-13
-19
-2
3
8
21
3
-12
-7
-13
-22
-27
-46
-51
-57
-76
-55
-41
-42
-32
-30
-41
-58
-49
-47
-51
-42
-28
-33
-20
-14
-16
-15
-44
-53
-68
-53
-39
-22
8
18
26
18
9
5
-3
2
19
20
24
23
20
14
10
20
22
12
6
-4
-9
-9
-6
6
19
9
17
21
-22
-2
22
7
8
0
-7
-17
0
-2
-11
-27
-31
-20
-31
-37
-29
-37
-41
-33
-31
-39
-29
-24
-35
-29
-5
8
1
5
5
6
14
13
13
6
7
-2
9
13
13
14
11
11
12
3
1
9
16
28
8
-7
-4
-5
13
13
18
18
5
2
-7
6
26
33
45
65
63
49
39
20
13
14
20
35
23
19
14
-5
22
43
53
78
62
42
36
23
34
22
17
30
12
28
25
12
4
-13
-24
-14
-19
-15
-15
-23
-8
0
8
-1
-15
-27
-31
-43
-40
-28
-31
-39
-25
-15
-23
-17
-38
-48
-34
-37
-36
-28
-32
-30
-36
-43
-20
-16
-11
6
10
27
43
31
12
9
7
-2
-6
-10
7
19
23
22
21
16
12
29
37
35
22
-1
-28
-17
-15
-15
-17
-10
-5
-19
-19
-24
-38
-63
-57
-51
-38
-24
-23
-19
-42
-39
-33
-24
-15
-17
-26
-37
-49
-69
-72
-64
-54
-29
-11
-19
-22
-8
-7
-6
-14
-7
-13
-10
14
24
30
28
26
0
-2
7
5
11
16
26
25
24
39
48
48
54
64
54
51
46
34
27
34
44
43
62
67
74
88
86
71
56
45
40
44
53
63
59
52
35
23
12
8
10
-1
9
8
16
12
3
-10
-35
-34
-37
-15
-5
6
8
7
15
3
-10
-21
-40
-52
-36
-30
-31
-33
-38
-21
-19
-32
-35
-48
-52
-42
-41
-34
-43
-50
-49
-47
-22
-19
-26
-23
-29
-23
-23
-24
-13
-30
-43
-28
-10
0
5
5
2
-1
6
26
13
5
17
14
10
3
2
8
15
18
34
37
35
47
45
26
12
19
-8
-26
-30
-19
-9
-7
-10
-12
-3
0
-4
-4
-9
-16
-5
-6
-5
9
-3
-15
-17
-18
-25
-29
-34
-25
-23
-25
-18
-21
-18
-22
-16
-32
-36
-22
-25
-25
-21
-13
-21
-20
-8
-2
-3
1
2
8
11
13
-3
-11
14
13
24
42
41
35
23
22
14
24
31
20
26
26
38
43
34
26
24
10
10
15
8
10
12
11
27
35
45
53
60
75
67
59
62
38
33
30
27
33
32
36
25
27
32
45
31
28
24
19
27
3
-10
-30
-39
-43
-30
-12
-9
-13
-21
-22
-14
-12
-19
-23
-31
-15
-9
-19
-12
-12
-14
-23
-45
-42
-47
-54
-54
-52
-34
-29
-30
-32
-45
-54
-50
-61
-60
-52
-55
-44
-27
-22
-28
-24
-26
-23
-23
-20
-13
-11
-9
-20
-25
-23
-17
-7
-4
-1
-12
-9
0
5
14
13
7
-1
-6
-4
-3
0
6
16
17
28
38
45
49
38
44
48
40
38
34
19
5
3
-2
1
2
2
1
4
1
-6
-12
-9
-5
-9
4
7
7
9
1
-7
-21
-10
0
-8
-10
-21
-19
-17
-11
-6
15
28
29
29
26
25
20
23
19
14
27
32
35
49
45
41
30
27
33
26
20
12
10
2
-2
8
13
22
35
34
26
28
22
20
27
22
16
17
17
22
22
19
17
6
-15
-21
-22
-18
-1
1
-4
-4
-10
-20
-19
-34
-40
-33
-26
-31
-31
-23
-32
-29
-36
-41
-37
-36
-19
-4
2
3
-6
-13
-25
-31
-27
-27
-35
-34
-38
-41
-29
-21
-8
0
7
-4
-21
-17
-7
1
6
10
9
-1
-3
3
0
-8
-9
-14
-12
-14
-20
-23
-28
-33
-36
-37
-32
-16
-11
-11
-18
-30
-26
-22
-21
-14
-7
0
6
5
4
6
12
19
26
26
30
38
38
35
35
23
22
17
9
23
25
29
25
33
31
24
35
34
38
31
25
23
17
8
11
12
16
24
17
14
11
14
9
-8
-9
-9
4
5
13
14
14
5
6
12
11
9
8
16
2
-9
4
5
9
11
8
3
-4
-10
-10
0
-1
-1
7
10
8
14
21
21
13
15
15
20
20
17
18
5
-2
-15
-19
-25
-30
-21
-18
-23
-25
-20
-20
-20
-26
-32
-38
-35
-27
-21
-10
-7
-8
-1
4
2
-3
-10
-25
-28
-20
-13
1
-1
0
1
-9
-8
-18
-30
-32
-32
-36
-26
-10
-12
-4
9
19
18
17
18
20
17
9
4
1
-3
-15
-13
-10
-10
-21
-26
-27
-38
-28
-26
-33
-27
-30
-27
-38
-30
-12
-10
-5
0
7
16
22
20
12
10
9
4
8
13
15
30
36
40
44
46
45
39
37
25
20
15
13
11
10
15
20
25
28
25
29
31
22
10
-3
-10
-12
-13
-11
5
5
2
-8
-16
-15
-16
-16
-25
-23
-32
-37
-30
-13
-15
-11
1
2
15
22
29
26
18
23
31
33
24
17
20
16
6
5
10
15
13
9
4
7
10
6
7
6
3
-6
-2
-2
-9
-7
-17
-21
-23
-30
-30
-27
-28
-20
-11
-1
9
10
15
10
9
2
-11
-15
-12
-9
7
22
22
22
17
16
17
21
12
13
16
13
26
20
16
11
4
-1
4
-4
-4
-1
-2
-6
-14
-3
0
6
-5
-23
-19
-17
-15
-24
-31
-43
-47
-52
-63
-55
-60
-53
-42
-36
-30
-23
-25
-39
-41
-36
-38
-41
-35
-29
-23
-10
-3
-11
-11
-8
-6
-3
2
6
7
3
7
6
8
11
12
11
6
7
8
19
20
13
3
-7
0
16
29
31
33
30
35
37
27
27
25
25
22
22
13
16
26
24
24
26
22
13
13
8
-3
8
16
30
39
41
47
39
46
45
38
34
31
21
14
20
23
29
23
24
32
22
14
7
1
1
-6
-9
4
8
9
8
4
-4
-8
-12
-18
-9
-3
-7
1
6
-1
-12
-21
-25
-26
-33
-33
-26
-26
-23
-21
-30
-30
-30
-29
-24
-23
-22
-17
-15
-18
-20
-18
-27
-31
-28
-17
-23
-24
-24
-27
-32
-41
-32
-25
-17
-11
-4
-1
-9
-9
-3
3
1
-6
-14
-4
3
5
5
-1
4
-6
-8
-13
-9
5
4
3
8
14
13
9
-4
-11
-18
-16
-12
-20
-14
-13
-21
-19
-28
-36
-30
-29
-24
-18
-16
-15
-18
-12
-6
-8
-13
-11
-13
-6
5
17
12
5
11
12
20
33
50
58
63
68
59
67
78
77
72
69
74
68
59
47
36
20
15
14
15
13
5
11
12
10
16
10
3
0
-9
-8
-5
-7
0
-4
-4
1
-5
1
2
6
1
2
6
2
-1
-1
1
6
14
18
20
13
7
8
11
10
10
12
6
0
-12
-16
-17
-17
-16
-24
-26
-28
-31
-31
-29
-30
-33
-28
-28
-15
-10
-10
-14
-17
-19
-25
-19
-19
-18
-20
-25
-23
-24
-29
-25
-33
-31
-26
-23
-26
-28
-30
-33
-30
-32
-28
-17
-10
-6
0
-7
-5
-6
-9
-12
-15
-20
-25
-21
-17
-15
-10
-2
2
11
18
17
26
20
16
16
17
20
16
21
20
15
15
17
23
21
17
6
-4
-5
-9
-11
-11
-15
-19
-21
-17
-20
-8
4
17
25
23
18
4
0
6
11
16
15
14
24
26
30
41
35
33
34
38
45
39
40
29
24
23
15
8
8
13
10
3
-1
5
10
13
11
7
-1
-7
-3
-9
-7
-3
-6
-5
-8
1
11
16
28
29
35
29
23
20
24
26
19
27
30
39
34
31
32
23
14
4
-1
-8
-11
-16
-22
-23
-29
-35
-44
-47
-44
-44
-42
-43
-40
-34
-26
-25
-37
-44
-46
-48
-41
-31
-19
-20
-24
-23
-24
-26
-27
-32
-37
-37
-35
-32
-22
-13
-20
-21
-19
-26
-24
-11
-2
6
7
8
7
-2
-7
-3
2
3
5
2
10
18
24
29
20
12
3
-5
-11
-12
-10
-9
4
8
11
14
9
14
6
9
7
6
6
7
14
20
22
15
7
1
-7
-9
-16
-17
-17
-12
-6
-5
-6
-6
1
11
18
14
29
24
12
15
17
28
37
52
52
50
39
26
19
19
19
10
8
6
4
6
13
18
20
19
19
19
6
6
14
6
2
0
-2
6
10
10
15
4
2
4
3
5
3
7
3
0
-9
-7
4
8
17
21
14
14
10
2
5
10
11
11
11
8
11
9
5
-5
-16
-18
-14
-1
7
6
9
10
15
14
6
-7
-28
-38
-44
-49
-50
-44
-38
-40
-30
-29
-28
-32
-36
-36
-42
-48
-47
-45
-46
-41
-36
-33
-30
-27
-36
-34
-28
-41
-61
-54
-50
-54
-45
-28
-13
-9
-13
-16
-8
-10
-20
-27
-25
-26
-20
-11
0
5
12
22
21
23
31
38
48
50
50
51
45
50
51
47
40
36
45
48
55
58
48
38
33
28
27
28
29
31
29
29
26
24
23
24
18
19
28
27
24
21
22
12
19
19
19
26
23
6
-2
1
-3
2
7
13
5
-4
8
14
17
17
11
17
7
-4
-10
-17
-22
-18
-20
-19
-19
-21
-23
-16
-16
-28
-31
-40
-46
-50
-55
-58
-52
-41
-37
-35
-24
-13
-10
-15
-22
-28
-27
-17
-12
-5
0
-8
-10
-12
-14
-13
1
9
9
14
12
17
23
22
19
17
12
21
29
24
29
26
18
6
-2
-9
2
0
1
14
12
10
0
1
0
6
8
0
-6
-3
8
12
8
-4
-5
-6
-4
3
0
2
4
1
1
-4
-5
-13
-18
-17
-22
-17
-17
-14
-10
-13
-22
-22
-13
-2
-1
-2
-3
-9
-12
-19
-13
-7
-4
-2
-3
-9
-17
-27
-22
-18
-26
-31
-32
-34
-35
-34
-33
-31
-29
-27
-21
-11
-9
-7
-5
-9
-4
-3
12
24
32
37
34
41
36
42
42
40
41
37
45
49
57
59
49
46
36
33
34
28
29
20
17
15
16
20
29
37
37
36
29
26
18
15
16
12
7