13
11
9
8
5
4
-6
6
17
6
9
2
-6
-13
-21
-23
-23
-29
-28
-32
-35
-39
-44
-44
-49
-45
-46
-46
-50
-52
-44
-41
-47
-45
-49
-55
-54
-53
-48
-39
-44
-44
-48
-52
-52
-57
-53
-54
-48
-43
-40
-30
-28
-26
-22
-23
-27
-34
-31
-29
-27
-15
-6
-5
0
2
-8
-17
-12
0
6
17
23
22
25
25
28
31
31
27
27
32
37
39
42
50
41
44
46
49
54
54
55
57
61
59
53
49
44
39
34
32
33
25
21
16
15
16
20
23
22
24
19
19
22
21
21
18
9
1
6
10
15
12
15
12
7
13
11
18
15
2
-12
-22
-32
-35
-37
-38
-34
-29
-27
-27
-24
-29
-32
-27
-25
-27
-31
-31
-35
-38
-33
-32
-23
-11
-3
3
6
3
-2
3
13
17
24
23
21
28
34
38
30
18
10
3
3
0
6
7
-3
-11
-16
-11
-10
-11
3
11
16
11
-3
-3
-11
-9
-8
-11
-2
2
-1
-4
2
-7
-13
-18
-19
-21
-13
-3
-5
-13
-20
-23
-26
-29
-31
-31
-24
-15
-11
-6
-3
-3
-9
-8
-9
-10
-12
-5
0
-6
-5
-1
-2
3
6
6
15
12
12
20
15
10
-2
-10
-16
-18
-25
-21
-17
-23
-24
-23
-16
-21
-22
-23
-24
-27
-22
-14
-11
-8
-2
-5
-4
-4
-8
-2
-8
-2
0
-5
-11
-9
-1
6
11
13
17
18
20
20
29
38
42
45
42
40
36
31
41
45
40
41
38
39
47
49
44
37
31
27
27
29
31
33
29
28
17
14
11
16
16
9
11
8
14
17
16
16
14
14
6
2
-4
-9
-13
-18
-22
-17
-10
-10
-3
-6
-12
-9
-7
-8
-7
-10
-12
-14
-16
-13
-11
-12
-11
-7
-8
-15
-19
-14
-3
2
3
3
4
3
0
1
-10
-16
-27
-30
-25
-32
-34
-36
-42
-44
-46
-50
-49
-41
-37
-26
-24
-24
-26
-28
-26
-29
-34
-39
-39
-39
-36
-40
-40
-35
-33
-35
-28
-17
-17
-11
-12
-15
-25
-32
-25
-14
-3
0
1
12
7
-1
10
8
1
0
4
9
13
14
18
24
24
26
27
36
44
39
37
36
38
39
29
24
10
7
6
1
12
18
22
20
22
27
31
36
43
49
48
49
48
55
61
57
45
40
40
37
39
44
54
63
70
74
71
54
42
28
25
22
13
7
7
11
14
15
10
7
-1
-5
-9
-10
-7
-11
-11
-14
-18
-20
-22
-25
-28
-31
-39
-46
-49
-53
-55
-66
-71
-76
-79
-77
-76
-68
-59
-49
-49
-46
-40
-41
-45
-44
-40
-37
-32
-22
-8
-3
1
3
-2
0
1
2
6
3
5
4
9
13
10
10
9
2
0
5
4
1
-3
-5
-10
-10
-18
-17
-6
-2
5
-1
-9
-10
-10
-13
-9
-10
-13
-10
4
11
19
25
25
30
27
22
14
9
6
-3
-8
-9
-10
-13
-10
1
-1
-2
4
1
0
2
0
9
13
18
18
20
22
9
6
10
14
18
22
19
6
-11
-16
-17
-11
-1
8
18
18
19
29
32
29
24
22
20
12
16
22
28
31
19
17
24
24
26
40
43
27
23
16
14
24
34
39
39
38
36
21
9
2
-2
-2
6
3
-3
-2
-9
-15
-10
-6
-1
12
15
9
-9
-26
-37
-35
-29
-27
-23
-16
-17
-13
-14
-13
-15
-29
-41
-39
-40
-42
-37
-41
-38
-35
-41
-47
-41
-32
-25
-26
-19
-19
-17
-10
-9
-6
-11
-11
-6
-1
-3
0
7
10
12
12
9
10
12
10
3
8
7
14
18
17
16
10
4
-11
-17
-21
-22
-25
-30
-35
-26
-22
-26
-24
-22
-20
-14
-12
-19
-20
-24
-25
-23
-16
-14
-16
-11
-6
-8
-2
-2
-7
1
7
14
15
15
11
13
15
20
25
30
25
18
17
24
31
29
28
18
7
12
19
34
39
42
44
41
34
29
29
29
33
27
30
30
28
26
24
27
19
15
16
12
15
18
25
33
37
43
42
40
35
37
43
47
42
38
34
21
10
4
10
11
10
4
-7
-17
-27
-30
-30
-30
-35
-33
-35
-36
-38
-41
-43
-40
-42
-43
-43
-44
-53
-58
-47
-57
-63
-59
-61
-60
-65
-61
-48
-42
-44
-40
-41
-44
-37
-27
-18
-23
-20
-12
-12
-5
1
7
-1
-15
-15
-10
4
11
24
25
29
35
42
48
41
37
19
14
14
18
17
19
22
21
24
21
23
19
18
12
6
-5
-4
0
-1
9
9
9
-1
-7
-6
-6
-1
-1
-1
6
3
6
7
14
7
-11
-7
-3
1
2
-2
6
6
1
-1
-2
-9
-22
-25
-26
-28
-17
-6
1
2
6
11
2
5
7
13
20
24
23
26
26
25
26
24
20
21
24
26
37
42
39
27
22
13
18
27
27
26
18
13
9
7
-1
-2
-2
-11
-14
-15
-11
-3
4
8
-4
-8
-9
-6
0
4
5
-3
-6
-7
-4
-14
-30
-33
-30
-23
-20
-17
-16
-17
-18
-25
-27
-21
-16
-7
-1
-4
-5
-17
-19
-17
-12
-12
-15
-11
-17
-19
-28
-33
-33
-34
-34
-33
-32
-17
-10
-7
-4
-4
1
-1
7
15
17
22
28
36
42
42
42
44
44
41
31
20
16
4
9
7
8
16
13
15
12
13
10
10
11
7
-2
-9
-9
-17
-20
-19
-10
-17
-23
-25
-33
-33
-40
-39
-32
-22
-15
-13
-8
-9
-10
-10
-11
-12
-13
-14
-18
-27
-29
-18
-10
-5
-9
-11
-11
-7
-10
-12
-11
-13
-13
-8
3
8
9
13
17
17
19
20
22
26
28
32
29
28
33
35
39
42
42
38
28
16
20
19
18
17
15
15
19
19
17
9
4
6
5
11
12
7
-7
-15
-8
-4
0
2
5
10
13
18
21
16
14
10
17
23
18
17
17
17
16
14
8
12
8
3
3
-2
-3
-11
-12
-15
-11
-10
-17
-21
-27
-19
-17
-9
-10
-15
-19
-28
-26
-26
-24
-29
-20
-19
-23
-26
-35
-24
-18
-17
-22
-27
-31
-33
-23
-20
-19
-14
-18
-14
-14
-17
-20
-26
-28
-28
-19
-8
-6
-15
-24
-29
-27
-19
-12
-2
3
6
9
11
12
12
11
13
5
0
5
7
12
11
8
-2
-4
-3
4
14
18
20
14
10
12
8
5
9
12
13
11
7
5
10
13
21
27
25
17
10
-2
-4
0
-5
5
11
22
29
18
8
7
5
16
26
30
34
34
29
22
22
22
29
23
12
3
-3
-6
-1
3
1
-7
-3
3
-3
6
2
10
8
1
-9
-20
-21
-27
-20
-17
-20
-15
-8
6
7
6
7
1
1
4
3
9
10
13
20
22
21
24
31
24
14
14
14
16
19
18
12
8
9
1
0
9
5
2
3
1
-5
-14
-19
-26
-30
-35
-38
-33
-33
-36
-39
-38
-29
-31
-28
-21
-19
-27
-30
-25
-29
-26
-23
-16
-12
-11
-14
-15
-14
-16
-13
-10
-12
-14
-12
-19
-26
-30
-35
-29
-31
-27
-21
-11
4
8
13
9
6
0
-7
-10
-11
-7
-4
7
14
22
20
15
11
-2
5
6
11
20
21
22
16
7
5
11
14
11
7
9
10
15
24
25
23
18
15
13
14
23
26
21
16
10
11
11
8
12
19
16
7
8
8
11
17
16
3
-6
-11
-12
-6
-1
-3
-5
-7
-3
0
-2
1
7
12
12
10
10
19
25
24
22
17
10
-4
-7
-4
-7
-4
-3
6
11
11
6
3
0
-3
6
7
15
19
13
10
22
31
34
35
32
34
32
39
39
40
41
36
34
25
17
10
-4
-12
-8
-11
-13
-6
-13
-13
-12
-21
-27
-30
-31
-35
-29
-25
-25
-28
-29
-28
-27
-21
-21
-23
-27
-27
-30
-38
-42
-48
-49
-53
-54
-57
-59
-53
-50
-56
-62
-63
-70
-71
-65
-63
-60
-64
-70
-68
-68
-58
-44
-39
-35
-34
-26
-16
-13
-1
6
17
19
7
4
8
15
23
25
32
35
40
46
48
44
41
41
45
53
54
62
63
59
48
41
44
48
38
33
29
31
42
49
58
59
60
61
54
52
47
47
49
45
40
35
30
26
32
33
31
28
24
22
22
23
22
22
20
19
27
28
22
15
11
2
5
6
8
16
11
8
-1
-6
-1
1
0
-6
-9
-20
-23
-25
-35
-39
-43
-42
-37
-41
-34
-28
-23
-19
-26
-23
-17
-17
-18
-8
-11
-19
-26
-30
-28
-27
-24
-21
-18
-18
-22
-28
-30
-33
-34
-41
-38
-31
-30
-27
-29
-29
-27
-22
-26
-28
-35
-29
-26
-29
-20
-27
-35
-33
-38
-53
-57
-47
-37
-29
-23
-28
-26
-26
-28
-34
-36
-21
-22
-20
-15
-21
-10
0
10
18
19
16
3
4
14
21
21
31
36
25
30
46
43
37
37
34
33
26
29
37
30
30
35
37
42
47
48
47
40
34
32
38
42
50
49
42
35
30
32
37
36
29
29
25
26
22
13
11
6
10
15
15
18
20
19
24
20
13
10
3
0
-9
-15
-9
0
6
7
8
14
7
3
-4
-17
-24
-32
-30
-26
-25
-7
1
-10
-7
-1
-1
-5
-5
-2
-1
-8
-23
-21
-25
-34
-28
-16
-12
-11
-13
-18
-11
-15
-26
-32
-33
-30
-33
-26
-13
-5
-1
0
-2
-1
-9
-12
-8
-8
1
6
4
-2
-4
-1
4
4
0
4
-4
-9
-6
-2
-6
-9
-7
-12
-13
-20
-24
-24
-21
-22
-17
-13
-14
-27
-28
-25
-18
-16
-22
-18
-15
-12
-18
-25
-24
-25
-25
-19
-17
-17
-20
-22
-21
-18
-17
-17
-23
-20
-14
-18
-13
-9
-4
2
5
2
-3
-2
-3
8
15
20
34
35
35
37
35
31
32
32
34
36
34
37
32
26
22
25
31
35
29
21
19
20
22
23
42
53
55
56
59
59
42
34
26
21
16
15
18
26
32
41
42
36
37
28
28
17
14
9
8
8
5
6
-1
4
-2
-10
-13
-15
-10
-5
-7
-11
-21
-29
-29
-30
-31
-28
-26
-26
-20
-14
-12
-22
-30
-29
-29
-19
-13
-12
-12
-12
-18
-29
-31
-32
-33
-31
-35
-33
-25
-15
-9
-18
-23
-27
-26
-20
-10
-6
-5
-9
-16
-23
-26
-19
-13
-18
-15
-6
2
3
4
-2
-12
-7
-3
5
19
19
11
8
-4
-12
-11
-11
-7
-12
-7
-1
-3
-6
-3
-1
-8
-19
-28
-26
-28
-28
-28
-30
-22
-16
-9
-1
-9
-16
-21
-23
-21
-15
-17
-12
-5
-2
-1
1
3
5
12
21
30
26
23
22
16
14
16
16
18
16
18
23
27
29
23
22
24
36
43
52
42
45
51
41
29
17
15
20
29
41
50
47
37
33
35
36
35
30
24
19
24
22
19
8
0
2
-11
-14
-15
-18
-13
-15
-14
-13
-7
-3
0
4
10
14
15
11
7
2
-3
-7
-11
-8
-5
-6
0
7
4
5
5
6
8
5
-1
-6
-5
-1
8
3
3
-3
-10
-15
-20
-16
-19
-17
-17
-20
-17
-23
-32
-41
-44
-48
-54
-47
-35
-20
-14
-15
-21
-30
-34
-37
-27
-16
-11
-14
-17
-19
-21
-16
-9
-9
-9
-14
-18
-14
-16
-17
-23
-19
-14
-18
-15
-18
-21
-25
-30
-34
-32
-31
-32
-31
-30
-24
-26
-28
-23
-29
-36
-39
-38
-40
-40
-30
-23
-9
0
3
-1
-4
0
4
8
11
19
25
31
36
35
34
31
30
39
45
54
66
64
73
72
72
80
78
79
76
75
72
70
72
73
72
71
61
48
53
49
44
45
40
32
25
24
22
23
25
20
17
6
1
3
7
9
9
20
20
14
8
12
16
14
14
13
10
3
-10
-10
-16
-24
-26
-33
-32
-32
-39
-40
-39
-35
-34
-43
-45
-54
-65
-71
-76
-76
-69
-59
-54
-54
-57
-58
-59
-55
-48
-43
-37
-37
-33
-32
-32
-25
-19
-21
-17
-17
-22
-21
-13
-10
-14
-16
-15
-15
-18
-22
-23
-13
-6
-1
0
-9
19
3
-21
-14
3
17
12
19
13
5
-9
22
18
11
2
19
56
46
20
6
-3
9
14
4
1
-2
6
10
13
14
5
-14
-20
-13
-3
-2
-7
-12
-12
-19
-15
-6
-9
-19
-15
-8
-1
9
6
12
12
15
17
16
24
38
39
45
50
49
54
49
47
48
38
34
30
26
32
31
36
45
45
41
38
31
33
31
36
31
22
25
27
21
19
19
12
11
7
4
-2
-8
-12
-12
-4
-3
3
4
1
-2
-12
-5
3
3
0
-7
-4
-3
-8
-3
-9
-10
-9
-14
-14
-17
-19
-23
-21
-26
-34
-33
-33
-34
-36
-40
-39
-39
-30
-22
-22
-19
-19
-24
-33
-40
-40
-36
-29
-22
-13
-12
-18
-21
-19
-16
-8
-5
-12
-16
-14
-19
-16
-14
-15
-13
-15
-15
-8
0
-1
0
1
-1
2
3
0
1
2
2
2
5
9
7
6
7
2
-1
-4
-5
-8
-12
-14
-11
-3
1
8
8
1
-10
-23
-20
-13
-8
2
10
14
14
7
-3
-5
-1
-4
-7
-7
-8
-8
-12
-6
-10
-15
-13
-8
5
20
25
17
10
9
17
15
17
19
16
19
15
17
20
26
38
35
32
36
49
55
59
58
51
42
40
41
39
45
45
53
54
59
57
52
50
40
28
26
19
14
25
24
22
24
26
21
16
23
19
4
2
4
-5
-20
-33
-31
-32
-38
-33
-24
-25
-25
-15
-12
-30
-48
-57
-66
-66
-63
-57
-47
-39
-44
-40
-40
-39
-36
-39
-40
-42
-43
-40
-40
-38
-37
-36
-37
-38
-29
-20
-12
-7
-5
-3
6
3
-3
-6
-14
-14
-12
-10
-9
-7
-12
-13
-13
-11
-13
-9
0
-2
-1
4
9
6
7
21
17
6
3
7
9
6
2
2
1
-1
-2
0
9
2
6
7
2
-2
-7
-2
1
-1
2
5
8
5
1
10
11
11
14
13
13
22
28
31
28
15
19
13
14
14
7
7
1
8
14
17
14
9
5
9
14
9
9
4
3
5
3
5
8
16
18
24
29
28
28
22
18
20
19
20
20
23
29
33
43
43
37
34
29
23
18
17
15
22
18
26
30
24
16
12
18
17
14
5
-3
-6
-11
-18
-22
-25
-26
-27
-30
-33
-32
-28
-23
-19
-20
-24
-26
-27
-31
-28
-33
-34
-34
-29
-25
-24
-30
-37
-30
-30
-27
-28
-27
-23
-14
-12
-13
-13
-12
-12
-14
-9
-6
-3
-2
-2
0
4
1
0
1
-5
-4
-6
-11
-9
-15
-12
-20
-28
-26
-27
-22
-25
-25
-22
-17
-16
-17
-12
-15
-12
-12
-16
-19
-20
-20
-19
-24
-20
-17
-15
-6
-3
-3
-2
-7
1
13
14
16
9
5
4
7
15
14
14
19
22
21
17
12
15
18
25
31
34
42
44
46
45
37
29
29
30
31
34
31
28
29
27
27
29
34
36
36
29
26
27
27
24
14
14
15
16
17
18
18
21
21
18
17
9
3
5
6
3
-3
-8
-4
2
12
13
15
13
13
18
18
19
9
5
-1
-6
-11
-12
-10
-10
-15
-20
-26
-25
-21
-20
-14
-17
-20
-29
-33
-43
-48
-43
-44
-37
-31
-24
-18
-19
-22
-21
-20
-21
-17
-8
4
8
6
4
-1
3
-2
-5
-7
-10
-14
-15
-19
-19
-12
-10
-8
-11
-7
-8
-11
-9
-13
-13
-20
-31
-34
-34
-40
-39
-36
-32
-28
-32
-30
-26
-27
-32
-33
-31
-27
-28
-24
-19
-22
-27
-26
-23
-23
-22
-29
-34
-31
-23
-13
3
11
10
5
1
-2
-7
-3
-3
9
19
28
35
39
48
53
52
52
52
52
60
65
70
68
69
73
68
67
68
71
69
70
69
64
66
61
59
52
41
35
32
30
29
28
21
15
7
4
1
3
-3
-8
-12
-9
-5
-7
1
2
-3
-1
-3
-5
-1
1
1
-5
-7
-9
-3
4
1
6
-2
-11
-13
-17
-17
-23
-25
-27
-31
-37
-46
-41
-34
-33
-34
-28
-22
-15
-12
-14
-15
-17
-17
-18
-20
-23
-27
-25
-28
-34
-30
-27
-29
-27
-25
-20
-12
-15
-21
-15
-11
-14
-15
-18
-17
-16
-27
-30
-27
-24
-27
-25
-26
-26
-26
-31
-37
-42
-37
-30
-13
-14
-15
-21
-27
-23
-26
-24
-23
-20
-19
-22
-15
-17
-21
-23
-22
-22
-26
-13
-7
0
5
0
6
9
22
20
20
30
33
43
45
53
57
58
65
63
65
59
58
63
60
71
70
71
69
68
73
68
68
57
46
50
48
39
40
29
16
12
12
10
4
-3
-3
5
9
8
10
16
12
7
10
10
8
12
15
18
17
6
-1
-9
-14
-14
-17
-16
-22
-28
-33
-33
-27
-28
-34
-42
-54
-59
-55
-50
-46
-36
-31
-26
-21
-19
-14
-16
-25
-25
-18
-16
-6
7
6
7
4
0
-4
-4
-4
-19
-11
2
-2
-3
-3
-3
-10
-15
-19
-17
-15
-10
-11
-13
-9
-11
-12
-13
-11
-19
-22
-16
-11
1
4
7
6
3
-1
-13
-8
-3
-2
-4
-2
-8
-2
5
2
6
11
13
6
4
14
13
11
10
5
3
1
-3
-5
0
-5
-4
-6
-12
-19
-23
-19
-16
-14
-22
-24
-26
-27
-29
-30
-29
-33
-33
-30
-31
-25
-15
-10
-6
-1
-1
-1
-3
-4
-5
1
3
7
23
26
26
23
18
20
23
25
35
35
39
38
36
44
43
47
50
43
48
48
47
51
55
58
55
52
45
37
33
34
30
26
25
29
35
36
40
36
27
22
17
13
4
6
9
1
-2
-2
-3
-7
-6
-11
-13
-6
1
6
4
-3
-4
-14
-16
-16
-14
-3
4
6
-1
-6
-15
-20
-16
-21
-21
-20
-18
-16
-17
-19
-21
-31
-43
-48
-61
-61
-56
-53
-44
-44
-49
-48
-41
-41
-43
-44
-44
-50
-47
-42
-33
-35
-40
-41
-46
-45
-45
-45
-43
-49
-53
-46
-47
-43
-31
-27
-17
-15
-20
-13
-10
0
0
6
13
-1
8
11
12
11
-3
2
10
15
21
27
27
24
20
19
18
20
26
33
33
34
37
43
48
44
48
55
55
53
60
58
50
49
47
50
52
56
57
61
61
60
55
47
38
27
29
24
19
19
17
22
22
19
17
12
11
14
12
12
14
14
15
16
15
8
3
-2
-7
-9
-2
-2
-14
-15
-13
-18
-20
-23
-17
-19
-33
-35
-36
-33
-37
-46
-46
-42
-45
-47
-45
-37
-26
-14
-4
-6
-8
-16
-22
-19
-14
-6
-2
2
10
10
13
13
5
4
-3
-6
-4
-3
-10
-10
-13
-20
-23
-34
-37
-36
-37
-37
-31
-23
-23
-18
-10
-5
-8
-11
-14
-16
-10
-4
-7
-6
-7
-8
-7
-3
-7
-5
-5
-5
4
6
4
-3
-2
-8
-14
-18
-20
-14
-7
-2
-3
-6
-4
2
-2
-9
-11
-15
-18
-17
-15
-11
-12
-12
-9
-15
-15
-9
1
5
4
9
14
10
5
6
9
12
14
21
26
28
32
30
34
29
23
28
30
37
42
43
45
48
48
59
67
66
65
54
45
38
29
24
23
20
15
12
13
13
10
10
9
6
3
7
14
10
2
6
8
-1
-8
-8
-10
-13
-11
-18
-22
-19
-17
-14
-6
-7
-14
-21
-20
-22
-20
-14
-9
-6
-6
-10
-3
4
0
1
-3
-5
-3
-7
-8
-7
-8
-9
-9
-7
-3
-1
0
-4
-7
-10
-9
-4
-6
-7
-16
-24
-35
-34
-35
-34
-28
-24
-20
-17
-8
0
1
-5
-15
-17
-13
-15
-14
-13
-12
-10
-15
-20
-17
-12
-9
-12
-17
-21
-26
-25
-17
-16
-10
-19
-23
-20
-21
-19
-19
-16
-22
-26
-26
-20
-12
-9
-8
-10
-9
-3
2
1
-3
-13
-24
-19
-14
-7
0
1
2
-4
-3
-5
-5
1
0
5
13
15
22
18
11
18
27
31
34
32
36
40
45
55
57
59
55
53
48
45
43
43
49
58
57
57
58
49
46
50
54
51
46
45
40
36
36
36
31
31
31
20
14
14
6
1
5
0
-8
-11
-14
-12
-17
-17
-15
-20
-25
-23
-15
-12
-13
-13
-16
-22
-20
-21
-16
-16
-16
-11
-8
-6
-8
-9
-13
-23
-32
-33
-36
-34
-33
-33
-39
-46
-45
-43
-37
-30
-29
-22
-28
-38
-45
-41
-33
-31
-33
-37
-38
-43
-42
-35
-26
-28
-35
-39
-41
-34
-30
-22
-17
-23
-28
-30
-22
-16
-8
-4
-6
-8
-14
-16
-20
-13
-11
-5
-1
7
22
26
29
24
20
14
12
5
-1
-5
-7
-4
4
19
26
30
33
31
29
27
26
19
27
35
27
29
32
32
31
31
39
37
32
31
30
30
30
28
29
26
24
25
23
34
30
23
24
24
20
15
17
21
22
25
27
32
32
29
24
20
12
9
11
15
26
15
12
5
-5
-1
-4
-11
-17
-21
-25
-21
-16
-11
-11
-11
-14
-21
-14
-7
-9
-9
-7
-3
5
6
14
13
9
10
9
7
3
3
2
4
-2
-10
-15
-17
-14
-5
-8
-15
-20
-27
-31
-34
-36
-38
-37
-33
-32
-33
-33
-27
-26
-28
-32
-38
-42
-42
-32
-25
-22
-27
-24
-29
-27
-31
-34
-28
-31
-29
-21
-11
-6
-3
-4
-8
-14
-19
-19
-16
-12
-11
-7
-3
2
8
15
22
21
17
16
18
19
26
25
15
1
-2
3
5
10
13
16
11
9
8
9
12
12
10
11
6
5
11
15
12
6
-4
-3
-2
-6
-2
3
10
9
10
13
12
5
3
4
7
18
18
16
22
16
7
8
9
10
12
20
22
24
18
18
25
26
35
38
40
33
34
39
45
45
34
23
12
17
22
31
38
31
20
15
11
4
3
0
-4
-9
-15
-13
-8
4
6
3
0
-10
-11
-4
8
8
-1
-7
-9
-8
1
0
-6
-4
-5
-1
-3
-2
-2
-7
-18
-31
-27
-23
-17
-18
-22
-29
-30
-31
-28
-30
-29
-24
-24
-19
-20
-22
-25
-29
-36
-34
-37
-31
-21
-21
-17
-15
-13
-15
-20
-25
-22
-26
-28
-28
-30
-26
-34
-34
-35
-43
-43
-43
-38
-31
-28
-23
-21
-28
-33
-30
-27
-26
-19
-15
-16
-8
3
14
19
18
16
18
18
14
15
11
10
11
10
11
17
21
22
32
41
42
39
35
38
35
31
26
23
23
21
25
30
37
43
44
48
48
46
43
41
46
47
43
45
44
42
45
35
28
23
22
19
19
18
19
15
8
6
0
3
-2
0
3
0
2
5
12
14
15
9
-3
-10
-14
-18
-9
2
6
10
19
31
22
10
14
11
0
-1
0
6
2
-5
1
-2
-15
-18
-19
-21
-26
-28
-23
-27
-21
-20
-24
-28
-38
-41
-39
-36
-34
-31
-26
-22
-19
-22
-26
-35
-41
-40
-43
-39
-42
-44
-41
-44
-44
-43
-36
-25
-21
-23
-26
-27
-27
-16
-7
-2
-4
-5
-12
-20
-20
-9
-7
-9
-13
-17
-15
-11
-13
-7
-2
-19
-29
-25
-11
7
6
12
13
3
-5
-10
-7
-10
-4
12
18
16
15
15
20
21
24
36
39
43
48
52
48
40
40
38
34
26
29
36
29
20
22
20
9
-1
-8
-14
-21
-18
-9
7
16
23
28
30
26
20
14
16
22
26
30
35
42
42
42
36
32
31
31
30
32
26
32
36
31
30
22
26
21
14
17
19
14
11
9
8
0
-22
-26
-27
-12
-5
-5
3
-7
-9
-18
-15
-17
-24
-23
-28
-26
-27
-16
-1
-8
-28
-46
-44
-31
-16
-1
7
4
0
-3
-7
-14
-26
-33
-40
-38
-27
-7
9
7
-4
-19
-28
-38
-40
-36
-37
-34
-31
-28
-27
-31
-32
-33
-34
-32
-34
-38
-29
-21
-18
-22
-21
-20
-31
-38
-35
-25
-21
-16
-19
-14
-16
-17
-12
-6
-1
-5
-3
-3
0
4
8
13
15
8
8
8
6
11
12
6
10
10
4
11
8
11
12
15
19
19
17
15
8
-1
9
20
32
43
46
40
32
32
30
34
33
34
35
42
48
57
62
42
40
45
43
49
52
53
47
45
36
35
31
30
24
14
14
12
16
10
5
-1
-8
-10
-9
-6
-11
-14
-14
-18
-26
-21
-14
-11
-9
-9
-7
-6
-4
0
0
-4
-3
-9
-13
-14
-15
-1
3
2
-5
-11
-19
-19
-22
-32
-28
-33
-32
-34
-39
-34
-29
-25
-25
-27
-25
-28
-21
-15
-8
-1
-5
-2
-5
-6
-1
-2
-3
-8
-14
-21
-26
-14
5
10
7
1
-1
-2
-3
-8
-12
-12
-16
-15
-15
-20
-14
-18
-27
-18
-8
2
8
2
-4
-9
-10
-12
-11
-8
-1
5
0
2
1
0
-2
-7
-15
-18
-16
-15
1
-4
-3
-7
-10
-10
-15
-12
-11
-9
-6
0
4
5
3
2
1
-5
-12
-4
2
13
24
27
28
27
25
22
19
23
26
26
31
37
39
38
41
33
26
17
19
15
2
-5
-13
-16
-20
-15
-6
0
3
0
0
-4
-9
6
13
22
23
19
16
18
22
30
38
41
43
41
44
41
40
36
28
21
18
16
23
27
24
12
0
2
0
2
8
5
-3
-18
-29
-26
-28
-22
-10
2
-2
-11
-9
-4
6
9
11
10
8
20
29
16
13
10
16
18
7
-5
-15
-23
-34
-38
-31
-30
-38
-42
-38
-42
-46
-55
-48
-47
-52
-58
-44
-37
-48
-31
-38
-10
-18
-29
-41
-52
-25
-43
-40
-42
-49
-45
-29
-21
0
-17
-12
-1
2
21
-4
4
-2
-3
9
9
-3
-3
-25
-18
-4
3
14
-7
-5
-11
1
-1
-18
-22
-30
-22
-7
-1
7
-10
-13
-9
2
22
21
23
25
7
12
15
21
35
28
34
25
37
54
60
55
29
17
29
47
33
4
15
0
9
21
24
48
18
50
65
30
23
9
41
52
32
63
45
81
75
50
73
55
56
39
24
46
36
17
12
-29
-5
-1
26
-3
-16
-1
-2
-11
1
-22
-36
-30
-34
-20
-67
-7
11
-1
-2
3
-3
-28
-34
20
2
-2
-14
-18
-20
-51
-44
-28
-17
2
11
34
27
-12
-50
-65
-40
-33
-49
-62
-52
-30
-22
-73
-65
-8
-5
-23
-24
-26
-46
-53
-23
-17
-39
-90
-63
-26
-21
-42
-48
-24
-26
7
7
15
9
-11
-23
-20
-8
-3
-35
-30
-37
-22
-2
15
32
2
8
-10
-16
-23
-29
-27
-11
9
27
38
24
16
7
13
20
14
23
27
22
23
20
7
-28
-11
11
38
53
39
24
11
32
26
9
4
8
19
31
10
-9
-15
20
52
69
70
62
78
54
40
27
16
19
8
21
42
43
46
32
20
31
31
35
37
49
35
25
51
35
-32
-86
-6
67
43
1
-13
-3
10
29
17
-46
-87
-23
38
32
-47
-91
-34
37
58
13
-35
-29
2
32
-1
-45
-63
-70
-43
-39
0
8
-30
-61
-66
2
34
9
-18
-48
-30
-19
-33
-47
-56
-23
-9
-8
-19
-13
24
33
32
21
-10
-8
8
-3
-20
-30
-28
-37
-40
-16
-5
26
43
29
31
28
28
15
-10
-28
-52
-49
-26
-30
-18
-15
-1
14
13
6
-12
-13
-7
-20
-20
-27
-32
-29
-30
-14
-14
-15
-14
-22
-12
-11
-25
-23
-19
-26
-33
-40
-25
-23
-32
-33
-30
-19
-17
-17
-7
0
0
7
9
9
7
7
2
1
10
27
38
40
52
53
52
52
43
36
51
64
61
54
43
37
42
46
45
36
30
27
23
23
28
31
32
31
28
20
9
15
22
28
31
35
28
26
24
19
17
14
16
14
13
26
19
-7
-2
6
12
13
17
21
12
7
-1
-4
-5
-8
-17
-25
-26
-25
-24
-14
-16
-14
-20
-30
-31
-42
-37
-33
-31
-37
-49
-48
-40
-33
-24
-18
-18
-12
-14
-26
-22
-13
-13
-20
-27
-19
-15
-22
-27
-26
-23
-25
-15
-14
-15
-6
-2
-8
-14
-17
-10
0
3
8
8
7
-1
-18
-27
-19
-20
-19
-16
-18
-10
-8
-8
-7
-11
-3
-14
-11
2
0
4
7
2
-2
6
6
1
4
2
-7
1
5
10
16
9
4
-7
-16
-7
4
4
0
-10
-27
-40
-30
-18
-20
-19
-12
-2
6
11
18
20
23
23
20
20
18
28
36
37
39
41
50
56
57
49
35
32
26
16
14
9
12
19
20
20
15
16
15
13
19
22
32
41
44
41
36
28
20
16
15
18
18
23
24
27
20
10
9
-1
-8
-10
-12
-11
-8
1
2
-7
-13
-16
-23
-19
-19
-17
-13
-17
-19
-24
-20
-14
-12
-23
-34
-30
-28
-22
-13
-15
-10
-7
-8
-14
-13
-13
-17
-15
-17
-14
-9
-8
1
-7
-10
-12
-13
-15
-11
-4
-6
-8
-20
-26
-27
-16
-6
-5
-12
-15
-19
-20
-22
-17
-13
-16
-21
-29
-17
-12
-15
-16
-18
-22
-18
-11
-7
-3
1
1
1
4
0
11
7
-4
-6
-11
-11
-9
-5
-3
5
9
0
-9
-15
-18
-17
-14
-7
-12
-24
-19
-9
0
4
1
-9
-15
-7
2
2
2
-5
-4
4
6
5
8
25
28
26
28
30
38
39
41
36
34
38
42
44
46
50
47
43
41
36
25
28
30
16
8
3
0
4
20
28
30
32
32
29
31
24
21
15
14
27
29
30
29
22
17
21
11
-4
-7
-4
-1
2
7
9
5
4
9
10
8
-1
-8
-7
-9
-9
-12
-28
-28
-27
-25
-20
-20
-22
-26
-22
-24
-27
-28
-29
-24
-24
-31
-28
-30
-21
-21
-23
-31
-38
-33
-24
-15
-18
-14
-19
-22
-22
-20
-19
-24
-31
-31
-22
-20
-11
-10
-5
3
8
4
-1
-2
-15
-22
-24
-29
-32
-29
-23
-25
-34
-44
-57
-49
-38
-32
-25
-31
-29
-23
-13
-6
0
2
-4
-12
-13
-14
-1
7
14
12
12
5
-2
10
15
23
29
30
33
33
26
21
18
19
26
34
35
40
42
42
48
50
48
45
44
44
42
44
43
44
48
39
38
42
37
30
24
24
22
15
13
6
8
13
18
15
15
15
10
0
-5
-5
-3
8
9
11
3
-6
-4
-1
1
1
-5
-10
-7
-9
-11
-9
-7
-7
-3
-8
-7
0
-2
-1
-3
-8
-14
-17
-16
-10
-6
-6
-8
-6
0
-2
-1
-7
-19
-25
-27
-30
-25
-24
-23
-26
-31
-26
-26
-17
-9
0
4
3
1
2
4
1
-1
-11
-15
-17
-15
-13
-5
6
6
-1
-5
-1
3
4
5
4
0
-7
-13
-17
-26
-34
-41
-46
-44
-47
-45
-37
-32
-33
-40
-43
-35
-32
-24
-21
-26
-25
-24
-16
-18
-25
-21
-14
-9
-5
5
11
17
20
17
19
21
19
17
15
7
3
3
4
15
16
9
7
11
19
19
24
30
22
19
18
27
28
28
29
33
40
37
27
25
32
35
26
25
28
32
39
37
38
40
35
27
27
34
37
34
25
23
25
14
3
0
-2
7
15
9
7
3
-1
-3
6
0
-3
6
14
17
9
8
0
5
-1
-13
-6
-15
-13
-10
-15
-25
-35
-30
-27
-28
-29
-31
-22
-15
-7
0
8
12
7
10
6
0
-4
-7
-4
-1
-5
-8
-2
-3
1
1
2
5
8
13
10
7
-1
-9
-13
-12
-19
-12
-15
-17
-22
-29
-25
-24
-28
-35
-37
-41
-37
-30
-34
-28
-28
-30
-26
-27
-25
-20
-20
-31
-42
-47
-40
-34
-36
-38
-33
-33
-29
-18
-11
-5
-10
-8
-5
-5
3
11
15
15
8
8
0
-7
-13
-20
-19
-16
-13
-10
-4
-7
-2
-2
-4
-5
-1
6
13
32
36
33
33
34
25
25
26
28
36
36
35
34
37
42
47
49
44
57
65
56
58
53
48
53
48
37
29
18
10
6
9
16
20
26
32
22
17
18
16
22
23
38
48
29
23
31
27
23
14
6
15
6
1
9
8
6
0
1
5
-4
-1
4
2
-9
-16
-17
-28
-26
-26
-23
-26
-29
-28
-34
-36
-34
-36
-38
-38
-34
-28
-28
-21
-15
-27
-34
-33
-32
-30
-34
-34
-26
-21
-24
-25
-20
-27
-36
-41
-45
-44
-35
-28
-20
-18
-27
-31
-30
-32
-34
-38
-44
-31
-16
-21
-19
-15
-16
-23
-30
-23
-11
-14
-17
-14
-6
-11
-16
-12
-21
-27
-28
-21
-12
-9
0
9
4
4
0
1
4
17
32
27
27
24
31
35
40
36
29
33
35
42
41
38
30
33
37
37
39
41
44
47
51
51
44
43
41
39
41
41
35
37
33
29
38
46
52
58
54
47
34
19
10
10
14
-1
-5
0
0
-1
-10
-13
-13
-9
-7
-5
0
0
-5
-9
-5
-5
-3
-5
-2
4
-3
-8
-16
-17
-14
-12
-5
-9
-2
4
-1
-1
-7
-11
-18
-20
-19
-25
-32
-36
-44
-51
-53
-51
-43
-36
-33
-31
-28
-23
-19
-20
-14
-15
-15
-12
-9
-2
-2
-4
-6
-6
-9
-13
-18
-22
-17
-15
-7
-2
0
8
8
0
-8
-13
-22
-18
-15
-3
6
0
-10
-31
-32
-28
-19
-12
-12
-2
-7
-2
2
4
0
-4
-6
-15
-15
-12
-12
-2
5
6
7
8
7
4
10
12
12
14
7
2
4
3
-3
-6
-1
7
19
27
34
21
20
19
18
15
8
12
9
8
12
23
21
15
11
3
-3
-2
10
21
36
41
37
36
15
6
5
4
10
7
6
11
23
21
15
11
9
10
10
10
13
11
7
7
1
3
6
15
29
39
44
41
34
30
27
20
18
8
4
3
-5
-12
-20
-21
-28
-35
-27
-8
6
20
24
26
28
24
13
7
-2
-13
-21
-26
-26
-32
-36
-38
-38
-36
-35
-28
-20
-17
-8
-4
-7
-12
-20
-18
-8
-5
-9
-15
-18
-21
-13
-13
-21
-17
-15
-16
-20
-21
-25
-31
-30
-27
-17
-17
-21
-18
-17
-13
-13
-7
-3
0
-1
-13
-18
-24
-28
-30
-32
-25
-24
-31
-24
-27
-24
-25
-35
-35
-40
-32
-21
-6
-3
-4
-9
-17
-17
-26
-25
-17
-6
-3
-9
-6
4
12
18
28
41
49
58
69
70
68
65
59
51
50
60
60
61
55
44
33
35
38
41
48
48
47
48
51
43
35
27
19
24
26
22
29
38
39
42
41
29
16
12
13
15
12
7
3
-2
-8
-15
-21
-22
-16
-11
-10
-8
-7
-10
-14
-18
-27
-25
-29
-33
-41
-47
-51
-60
-63
-65
-57
-44
-36
-23
-11
-5
1
3
14
23
25
23
21
12
8
1
-9
-17
-35
-39
-41
-42
-41
-47
-46
-51
-49
-38
-30
-18
-10
-8
-8
-6
-5
-6
2
5
7
8
3
1
6
5
-1
-4
-8
0
9
11
7
2
10
11
10
15
20
18
18
9
-10
-20
-28
-32
-36
-39
-38
-38
-39
-34
-37
-34
-32
-29
-23
-15
-5
-2
5
6
7
7
12
14
24
34
32
29
19
13
11
12
8
6
9
15
23
38
44
42
49
46
47
44
48
51
48
48
42
42
42
41
36
32
28
19
28
31
28
22
18
15
14
15
12
10
8
6
1
3
4
1
-6
-11
-10
-12
-13
-10
-6
0
-5
-13
-15
-25
-27
-35
-40
-41
-37
-29
-23
-21
-15
-8
-14
-13
-14
-8
-1
3
2
-2
-4
-9
-14
-17
-17
-25
-18
-16
-17
-9
-11
-4
-2
3
-7
-12
-10
-19
-20
-12
-6
-4
-5
-11
-17
-22
-22
-15
-14
-17
-18
-15
-10
-6
0
-2
-7
-7
0
5
3
5
7
7
1
-6
-5
1
-9
-12
-1
8
16
17
26
30
27
17
13
11
9
4
-4
-8
-10
-11
-11
-9
-9
-12
-20
-24
-27
-25
-22
-24
-23
-31
-32
-27
-26
-26
-26
-21
-23
-19
-18
-14
-6
1
16
18
27
33
35
37
32
33
33
33
32
24
28
35
32
30
28
30
37
45
45
42
35
33
22
22
23
11
11
11
13
16
18
15
7
1
-8
-12
-4
1
16
33
38
37
28
25
23
16
8
0
-2
4
10
13
17
14
12
5
3
6
9
9
10
-1
-8
-13
-13
-15
-25
-25
-31
-40
-49
-49
-47
-46
-46
-41
-39
-41
-35
-37
-30
-30
-38
-27
-11
-5
-4
-9
-9
-8
-14
-17
-18
-28
-35
-32
-36
-33
-23
-19
-18
-9
-11
-17
-13
-8
0
8
8
2
-5
-10
-4
-1
2
6
1
6
9
13
23
26
20
14
7
5
1
14
15
9
13
19
15
1
-4
4
5
-5
-9
-12
-22
-24
-20
-11
-11
-17
-11
-16
-18
-13
-13
-8
-6
-6
5
9
10
13
7
2
-5
-2
7
11
9
7
5
10
22
23
24
23
27
29
34
38
46
52
56
50
40
38
36
42
39
38
30
18
17
17
16
22
23
23
26
30
29
35
51
37
25
17
14
17
9
9
12
11
7
6
10
0
-9
-15
-25
-35
-36
-38
-30
-27
-20
-16
-23
-24
-25
-26
-29
-34
-38
-40
-38
-30
-25
-25
-37
-44
-46
-42
-37
-35
-30
-27
-31
-36
-33
-29
-27
-26
-24
-20
-18
-10
-6
2
8
7
5
1
0
-2
-5
-2
0
2
11
11
9
14
12
8
7
7
3
3
2
3
-1
-7
-11
-15
-22
-30
-29
-28
-34
-38
-30
-16
-1
-4
-4
-3
-9
-8
-8
-3
-4
-3
-3
-9
-7
-3
-1
-2
-1
3
9
8
11
10
7
14
21
21
18
21
27
29
26
23
16
18
17
14
14
15
15
21
24
27
30
29
28
26
31
33
34
32
33
34
35
33
29
29
27
21
22
27
24
29
28
28
35
41
43
53
56
54
56
51
45
35
27
16
3
-4
-13
-16
-18
-14
-13
-16
-19
-34
-40
-36
-29
-25
-26
-26
-26
-24
-34
-35
-30
-29
-28
-35
-31
-36
-35
-33
-32
-34
-33
-28
-32
-28
-24
-28
-24
-26
-33
-24
-29
-37
-37
-40
-40
-42
-45
-49
-46
-42
-38
-45
-40
-22
-18
-10
-10
-11
-9
-19
-20
-13
-2
5
7
7
-1
3
10
14
18
12
3
0
-10
-6
-6
-6
-4
-4
-5
-4
9
17
24
18
10
9
7
6
6
8
9
13
16
18
17
15
13
8
12
13
12
21
23
22
16
17
13
14
15
18
26
16
15
20
24
27
18
21
29
26
24
26
30
29
37
41
41
46
46
36
27
28
29
31
31
29
37
46
45
41
35
27
24
19
16
15
22
18
23
21
17
15
17
15
5
-1
-11
-7
-8
-21
-31
-39
-37
-35
-36
-30
-30
-27
-26
-29
-24
-19
-18
-17
-15
-22
-25
-28
-30
-23
-16
-20
-28
-40
-43
-40
-34
-26
-25
-20
-22
-22
-26
-26
-24
-28
-29
-38
-45
-46
-54
-59
-61
-58
-56
-54
-45
-38
-35
-37
-35
-28
-27
-31
-27
-17
-21
-13
-5
3
12
14
18
16
18
13
9
12
9
9
5
4
11
16
14
12
14
19
20
22
23
19
20
18
19
21
18
28
40
43
38
37
34
38
44
44
42
36
40
41
40
38
26
18
10
-3
3
9
5
7
10
10
6
-1
0
6
8
24
31
32
32
25
18
10
6
10
9
12
8
6
9
6
9
16
20
25
23
19
13
13
13
4
5
5
3
2
-1
-5
-12
-12
-7
-2
-14
-14
-3
8
7
1
-6
-11
-17
-27
-32
-23
-13
-16
-19
-30
-37
-31
-33
-34
-32
-30
-24
-17
-11
-4
-2
-6
-12
-18
-19
-16
-9
-9
-11
-11
-7
-10
-12
-22
-24
-16
-11
-7
-3
6
7
0
-13
-23
-19
-21
-24
-17
-3
3
5
8
12
12
5
-1
-4
-1
-3
-11
-11
-14
-13
-17
-21
-22
-23
-26
-19
-6
-5
-11
-15
-12
-10
-10
-16
-12
-10
-7
-10
-11
-4
4
3
-5
-9
-13
-11
-8
-5
4
10
7
5
9
10
8
2
-1
0
-2
0
8
14
21
18
16
15
21
27
27
32
32
27
26
29
34
39
36
35
29
37
45
47
50
44
41
31
25
28
35
33
24
19
17
13
17
16
12
11
8
9
14
22
25
22
17
10
7
3
-3
0
-4
-8
-12
-15
-11
-13
-11
-7
-4
9
12
19
18
6
3
3
-2
-16
-22
-20
-12
-9
-17
-24
-17
-8
-12
-14
-15
-12
-26
-42
-45
-40
-34
-38
-32
-29
-25
-26
-35
-33
-32
-29
-30
-35
-37
-36
-37
-37
-34
-34
-33
-33
-32
-35
-31
-38
-34
-27
-23
-21
-23
-19
-26
-25
-12
-3
3
3
-3
-3
-3
-3
-2
3
11
22
20
10
11
18
29
36
33
26
23
24
23
18
12
10
14
18
27
33
38
36
36
45
44
40
41
41
34
17
12
11
10
7
10
6
4
1
-12
-12
-14
-16
-18
-18
-18
-20
-28
-30
-22
-23
-24
-21
-13
-8
-2
2
-6
-11
-13
-9
1
4
12
10
11
18
20
26
27
23
28
28
22
33
42
44
34
18
10
3
-5
-7
-2
4
6
8
7
11
20
18
19
28
28
22
36
43
35
34
31
33
30
12
6
2
6
2
-6
-2
3
1
-1
-6
-11
-8
-3
8
19
24
18
9
3
-7
-19
-26
-26
-27
-30
-34
-29
-29
-26
-27
-28
-31
-35
-37
-37
-27
-26
-28
-28
-34
-32
-30
-28
-22
-18
-15
-13
-14
-17
-27
-35
-35
-34
-35
-37
-25
-20
-18
-17
-18
-6
-10
-23
-25
-24
-27
-33
-36
-30
-25
-27
-23
-14
-15
-29
-30
-25
-23
-24
-27
-20
-12
-2
2
3
7
10
5
-1
-7
-8
-14
-17
-11
-9
-7
-13
-20
-16
-14
-9
-7
-5
-1
2
12
20
26
22
27
37
43
45
50
61
68
63
63
65
72
84
87
86
86
86
82
77
66
61
63
66
62
67
70
71
65
57
55
52
61
60
59
63
62
59
61
61
55
55
53
45
36
33
30
24
19
5
-6
-11
-13
-15
-19
-17
-18
-26
-31
-30
-33
-37
-48
-55
-57
-57
-57
-60
-60
-66
-70
-77
-88
-90
-82
-84
-88
-94
-103
-104
-104
-104
-104
-108
-106
-101
-102
-96
-86
-81
-84
-87
-87
-88
-79
-79
-78
-76
-77
-68
-57
-54
-50
-44
-43
-44
-37
-31
-27
-24
-19
-21
-15
-12
-12
-10
1
7
8
10
13
29
42
50
47
43
47
61
74
84
93
95
102
103
105
109
108
118
119
121
119
118
124
125
127
129
125
125
124
120
118
108
98
81
75
77
77
73
68
59
54
52
49
43
36
38
37
35
36
34
32
32
27
20
14
13
19
28
21
20
14
7
7
7
8
2
-6
-11
-20
-27
-35
-43
-54
-65
-76
-86
-104
-121
-146
-168
-186
-209
-232
-264
-289
-308
-322
-331
-340
-351
-360
-369
-374
-371
-368
-364
-360
-353
-338
-315
-289
-256
-222
-190
-158
-115
-70
-24
23
71
119
171
223
272
324
369
404
435
465
489
508
519
524
519
512
502
494
478
462
447
423
411
394
369
349
328
304
282
257
231
206
181
157
136
114
99
80
63
49
33
21
8
-7
-24
-32
-49
-58
-66
-69
-66
-42
23
98
150
141
101
74
55
6
-99
-230
-341
-422
-482
-546
-638
-745
-824
-849
-843
-854
-885
-899
-887
-877
-887
-883
-863
-868
-900
-906
-835
-754
-729
-733
-664
-521
-408
-361
-300
-165
-14
101
202
320
434
513
576
655
716
734
726
736
751
734
694
681
681
665
632
614
615
605
585
577
594
589
542
495
490
498
491
465
450
462
480
493
503
515
504
483
466
443
417
381
349
324
293
263
235
214
183
145
106
75
36
-9
-46
-80
-100
-143
-190
-219
-221
-220
-244
-272
-278
-263
-232
-166
-83
-7
27
19
6
3
-11
-76
-188
-307
-400
-470
-531
-622
-751
-861
-921
-934
-946
-993
-1044
-1048
-1038
-1039
-1049
-1048
-1044
-1085
-1129
-1108
-1033
-990
-1013
-1014
-911
-779
-702
-661
-571
-432
-283
-139
38
252
406
491
584
714
810
817
790
803
824
809
791
797
801
763
730
752
803
820
801
813
836
826
785
754
734
687
629
595
601
586
544
530
558
576
530
485
465
458
431
392
378
368
343
292
260
251
215
159
116
99
71
32
-9
-31
-46
-94
-127
-146
-170
-204
-230
-236
-249
-282
-315
-327
-307
-295
-279
-225
-133
-17
103
177
212
222
223
203
149
44
-82
-191
-286
-364
-466
-594
-708
-790
-833
-857
-889
-925
-937
-955
-981
-997
-1004
-1016
-1081
-1153
-1169
-1114
-1085
-1111
-1116
-1061
-961
-893
-859
-789
-676
-545
-411
-262
-85
92
251
418
577
697
772
834
879
895
872
842
828
808
779
738
707
716
739
741
753
800
834
847
825
793
800
810
756
664
615
619
608
545
477
447
441
402
321
278
277
268
251
233
225
235
223
193
166
152
138
106
73
35
3
-2
-17
-63
-113
-139
-139
-139
-171
-194
-187
-187
-208
-249
-255
-212
-177
-137
-59
62
195
263
268
281
320
311
217
67
-69
-158
-243
-333
-475
-618
-731
-817
-852
-898
-950
-984
-983
-996
-1022
-1029
-1024
-1032
-1108
-1157
-1132
-1067
-1052
-1115
-1130
-1055
-966
-936
-911
-814
-694
-583
-472
-308
-122
31
188
365
556
675
741
812
890
925
897
875
876
870
808
753
759
785
775
735
737
777
800
782
750
784
820
790
729
695
682
653
602
539
505
456
403
338
306
289
264
257
253
243
240
264
269
260
244
238
250
226
182
118
110
101
56
7
-29
-53
-90
-120
-161
-164
-183
-220
-244
-273
-269
-259
-246
-213
-139
-20
101
173
192
219
289
307
261
141
12
-90
-181
-269
-396
-521
-636
-737
-802
-875
-932
-984
-982
-991
-1030
-1037
-1032
-1046
-1132
-1208
-1209
-1168
-1172
-1220
-1223
-1175
-1109
-1079
-1056
-984
-913
-825
-717
-560
-409
-288
-132
77
315
479
570
656
765
855
889
910
925
915
860
841
855
868
838
799
798
843
874
854
847
865
880
883
883
875
835
792
744
719
696
630
560
529
515
475
418
370
360
353
346
353
382
394
382
366
358
356
319
253
209
184
158
116
63
1
-49
-86
-131
-182
-233
-267
-304
-339
-367
-383
-408
-434
-419
-355
-257
-137
-55
-10
38
109
190
219
143
25
-62
-119
-192
-324
-468
-579
-675
-741
-804
-887
-950
-979
-987
-991
-998
-998
-1007
-1039
-1091
-1129
-1109
-1080
-1115
-1163
-1159
-1090
-1031
-1017
-1017
-964
-868
-767
-656
-534
-391
-235
-56
143
330
467
586
703
810
887
918
930
941
921
881
848
842
843
814
783
785
807
817
792
764
772
809
815
792
767
758
766
746
688
634
611
591
550
497
456
437
420
385
356
361
390
393
371
356
376
390
360
297
248
231
201
137
63
16
-14
-68
-138
-206
-263
-303
-353
-413
-464
-486
-502
-517
-517
-496
-450
-370
-282
-170
-54
27
86
151
235
286
280
215
135
72
-5
-123
-269
-408
-512
-603
-700
-807
-871
-892
-923
-982
-1032
-1017
-994
-1018
-1089
-1139
-1115
-1088
-1121
-1175
-1184
-1141
-1104
-1086
-1054
-991
-908
-818
-704
-559
-403
-253
-88
119
332
526
685
819
917
986
1050
1086
1093
1044
989
959
950
919
842
769
728
716
701
686
687
719
765
791
817
848
872
858
813
770
746
707
637
555
506
474
426
357
297
269
273
285
290
298
319
337
330
302
263
228
191
139
64
6
-43
-112
-203
-278
-328
-367
-414
-485
-541
-562
-565
-565
-578
-594
-589
-554
-512
-466
-380
-259
-140
-62
-20
37
135
216
223
187
166
149
98
-8
-136
-254
-355
-454
-573
-693
-781
-821
-840
-891
-974
-1020
-992
-959
-985
-1043
-1047
-1018
-1016
-1058
-1086
-1055
-1015
-996
-989
-935
-848
-765
-667
-531
-375
-227
-59
139
344
511
657
808
956
1051
1086
1119
1165
1175
1115
1024
971
941
889
810
756
742
733
713
695
694
726
760
779
789
801
835
848
825
779
720
680
634
556
459
387
350
311
260
210
202
231
240
228
216
229
241
208
148
93
60
6
-91
-181
-244
-270
-320
-397
-441
-454
-458
-493
-531
-535
-506
-485
-497
-508
-489
-445
-419
-413
-389
-330
-250
-158
-73
-29
-5
45
132
209
227
197
184
194
185
111
-9
-135
-244
-356
-477
-602
-709
-770
-812
-892
-997
-1055
-1049
-1037
-1086
-1171
-1193
-1133
-1094
-1128
-1178
-1165
-1108
-1073
-1065
-1033
-946
-847
-749
-629
-485
-323
-162
30
261
488
686
863
1012
1146
1253
1327
1386
1388
1342
1292
1257
1212
1120
1006
913
852
787
711
632
605
613
596
589
628
712
789
810
782
752
740
705
619
535
481
427
357
278
216
190
192
206
224
259
309
355
384
395
382
351
298
201
104
35
-19
-97
-201
-296
-355
-391
-445
-523
-576
-593
-610
-639
-655
-634
-579
-548
-530
-491
-438
-389
-349
-292
-192
-81
-25
-26
-14
59
143
166
127
102
132
144
63
-86
-216
-300
-402
-568
-743
-862
-930
-1013
-1136
-1270
-1340
-1338
-1343
-1399
-1471
-1500
-1454
-1398
-1388
-1399
-1376
-1292
-1214
-1160
-1096
-996
-862
-717
-567
-402
-213
6
256
500
737
967
1207
1426
1594
1718
1829
1939
1996
1976
1894
1826
1762
1652
1487
1315
1201
1111
986
824
696
623
571
504
458
496
585
647
651
646
661
662
595
460
341
269
206
114
15
-53
-64
-49
-47
-32
30
133
210
247
271
294
288
214
79
-62
-167
-272
-404
-537
-632
-674
-712
-754
-792
-796
-762
-738
-729
-704
-649
-574
-512
-469
-415
-353
-315
-319
-320
-280
-211
-148
-121
-116
-83
3
104
164
160
145
178
222
195
63
-109
-237
-325
-452
-651
-855
-982
-1037
-1115
-1258
-1387
-1427
-1395
-1393
-1443
-1465
-1416
-1328
-1267
-1236
-1185
-1102
-999
-897
-808
-708
-578
-407
-226
-56
122
338
603
869
1109
1351
1610
1851
2043
2189
2305
2396
2416
2347
2241
2134
2001
1804
1576
1375
1197
1010
795
586
436
331
206
34
-131
-224
-244
-226
-201
-158
-69
56
146
170
146
82
10
-56
-108
-128
-124
-120
-134
-133
-84
7
101
179
281
399
500
514
431
319
208
50
-158
-378
-555
-685
-799
-894
-935
-933
-931
-952
-965
-914
-819
-734
-693
-658
-572
-461
-375
-322
-270
-182
-61
56
119
132
147
208
292
339
304
274
329
394
340
164
-7
-91
-179
-398
-718
-968
-1057
-1105
-1273
-1510
-1653
-1626
-1547
-1560
-1643
-1662
-1553
-1410
-1333
-1299
-1235
-1096
-922
-785
-669
-523
-329
-124
66
251
466
737
1032
1280
1503
1788
2125
2391
2536
2619
2742
2848
2820
2656
2459
2301
2087
1767
1414
1114
865
590
267
-7
-163
-250
-384
-570
-702
-721
-692
-691
-709
-678
-560
-393
-267
-190
-101
-22
39
64
82
127
196
273
315
366
453
532
553
527
520
570
614
553
400
266
174
26
-217
-485
-698
-840
-982
-1147
-1241
-1232
-1212
-1236
-1249
-1177
-1042
-927
-872
-792
-618
-430
-293
-207
-95
83
304
472
540
588
683
821
910
875
764
705
733
691
450
119
-113
-235
-426
-815
-1261
-1521
-1590
-1691
-1953
-2219
-2281
-2166
-2070
-2101
-2137
-2028
-1797
-1605
-1500
-1398
-1231
-1011
-805
-651
-486
-249
42
312
536
779
1115
1518
1864
2121
2390
2730
3052
3230
3272
3288
3307
3242
2995
2656
2324
1983
1538
1011
540
181
-159
-547
-898
-1085
-1108
-1124
-1226
-1303
-1242
-1088
-954
-891
-840
-731
-569
-416
-280
-135
24
183
339
519
730
944
1122
1232
1306
1418
1536
1556
1446
1287
1164
1051
851
528
193
-68
-309
-607
-937
-1210
-1395
-1553
-1725
-1847
-1848
-1789
-1770
-1752
-1649
-1429
-1198
-1042
-914
-702
-414
-145
110
426
787
1067
1243
1424
1726
2003
2007
1797
1659
1688
1605
1137
440
-76
-335
-685
-1382
-2173
-2634
-2754
-2903
-3300
-3689
-3730
-3485
-3289
-3251
-3160
-2843
-2399
-2056
-1834
-1560
-1161
-765
-483
-274
-8
388
820
1156
1417
1725
2179
2680
3069
3334
3617
3974
4250
4305
4176
4007
3802
3433
2856
2223
1640
1032
274
-546
-1174
-1559
-1917
-2360
-2714
-2745
-2476
-2185
-2039
-1864
-1486
-990
-586
-340
-143
103
377
567
677
810
988
1135
1237
1361
1552
1786
1947
1977
1982
2069
2142
2029
1732
1394
1140
879
454
-104
-594
-937
-1278
-1683
-2042
-2220
-2276
-2373
-2506
-2468
-2207
-1927
-1790
-1680
-1403
-975
-598
-381
-187
156
639
1159
1585
1862
2078
2412
2846
3105
3014
2721
2550
2531
2281
1512
532
-167
-608
-1263
-2344
-3427
-3999
-4145
-4432
-5019
-5419
-5258
-4771
-4433
-4320
-4058
-3416
-2645
-2105
-1763
-1331
-723
-136
239
472
814
1338
1839
2144
2353
2720
3292
3818
4047
4106
4321
4714
4890
4617
4129
3749
3405
2735
1693
635
-162
-893
-1851
-2895
-3596
-3832
-3950
-4183
-4282
-3864
-3050
-2280
-1732
-1134
-235
744
1429
1786
2104
2516
2829
2859
2699
2624
2660
2578
2286
2030
1987
2010
1873
1525
1223
1139
1079
745
190
-267
-534
-820
-1319
-1896
-2242
-2338
-2481
-2746
-2863
-2670
-2336
-2124
-1986
-1639
-1019
-446
-149
77
515
1095
1494
1618
1800
2328
2938
3151
3007
3024
3402
3648
3278
2532
2060
1940
1489
279
-1216
-2207
-2676
-3390
-4724
-6059
-6580
-6348
-6201
-6495
-6631
-6014
-4854
-3856
-3247
-2593
-1574
-439
365
827
1250
1774
2187
2275
2145
2135
2340
2501
2387
2164
2203
2586
2967
2980
2755
2688
2901
3029
2700
1985
1304
796
174
-752
-1778
-2554
-3087
-3614
-4109
-4255
-3927
-3387
-2910
-2344
-1337
14
1230
2047
2727
3585
4454
4901
4826
4552
4353
4094
3518
2724
2002
1468
938
295
-294
-605
-721
-948
-1314
-1544
-1467
-1321
-1408
-1667
-1746
-1538
-1349
-1392
-1464
-1276
-921
-675
-577
-376
55
452
588
630
868
1244
1389
1193
999
1097
1309
1303
1176
1298
1667
1859
1735
1655
1874
2002
1608
899
418
196
-406
-1719
-3150
-3934
-4226
-4850
-6012
-6833
-6576
-5690
-5141
-5006
-4469
-3098
-1486
-426
168
868
1823
2566
2723
2505
2335
2242
1895
1203
506
186
151
27
-283
-403
-7
694
1183
1290
1358
1691
2064
2015
1508
876
381
-149
-928
-1792
-2380
-2633
-2823
-3000
-2859
-2171
-1212
-426
214
1108
2325
3407
3948
4099
4275
4529
4520
4045
3338
2712
2157
1532
839
237
-196
-561
-915
-1143
-1133
-1021
-1027
-1125
-1109
-869
-589
-504
-594
-604
-404
-151
-38
-49
16
221
404
433
427
504
592
545
356
233
253
211
-94
-482
-588
-376
-195
-168
91
770
1419
1646
1748
2197
2735
2647
1876
1159
895
464
-879
-2780
-4092
-4464
-4833
-5968
-7164
-7169
-5984
-4861
-4478
-4073
-2752
-885
480
1024
1388
2056
2698
2723
2183
1648
1373
1047
397
-320
-574
-309
-20
2
56
581
1447
2096
2197
1987
1924
1981
1677
844
-151
-912
-1501
-2191
-2908
-3260
-3152
-2901
-2676
-2197
-1214
-26
879
1428
2051
2955
3725
3922
3700
3546
3548
3402
2949
2380
1946
1615
1204
753
456
281
53
-266
-487
-477
-356
-371
-551
-638
-491
-259
-150
-199
-251
-123
87
178
135
83
99
113
34
-99
-169
-207
-354
-598
-740
-718
-709
-869
-1004
-796
-324
192
827
1621
2300
2678
2971
3457
3838
3500
2420
1326
691
-36
-1666
-3926
-5532
-5913
-6080
-6996
-7957
-7567
-5861
-4280
-3556
-2816
-1190
789
1985
2244
2372
2792
3062
2578
1578
835
578
265
-462
-1156
-1111
-386
212
300
399
1050
1972
2430
2148
1629
1423
1347
839
-98
-917
-1332
-1613
-2072
-2510
-2463
-1972
-1624
-1560
-1255
-398
491
816
800
1123
1857
2378
2403
2328
2552
2911
3008
2817
2633
2522
2210
1650
1120
793
496
-18
-604
-865
-732
-579
-628
-635
-318
192
580
780
965
1177
1272
1170
1005
830
546
88
-435
-824
-1077
-1341
-1725
-2118
-2313
-2245
-2067
-1919
-1662
-1089
-310
508
1542
2847
3847
4133
4111
4430
4802
4249
2498
613
-437
-1223
-2973
-5601
-7495
-7613
-7047
-7354
-8010
-7203
-4746
-2405
-1310
-614
912
2876
3848
3454
2736
2505
2318
1386
-175
-1374
-1639
-1606
-1964
-2397
-2054
-844
369
888
1083
1712
2688
3173
2760
2067
1841
1865
1349
273
-547
-743
-879
-1463
-2151
-2235
-1764
-1514
-1792
-1915
-1261
-318
105
169
698
1791
2702
3071
3291
3715
4059
3882
3259
2658
2165
1413
329
-637
-1098
-1218
-1390
-1618
-1428
-648
237
793
1183
1754
2400
2705
2563
2304
2086
1687
970
151
-488
-910
-1300
-1819
-2296
-2407
-2158
-1937
-1972
-2013
-1710
-1050
-402
-12
420
1362
2712
3696
3842
3636
3768
4037
3512
1873
12
-1174
-1997
-3437
-5720
-7654
-7912
-7090
-6855
-7273
-6696
-4330
-1462
177
623
1432
3129
4371
4030
2661
1544
1065
362
-1171
-2679
-3144
-2929
-2900
-3025
-2544
-1133
411
1155
1350
1946
3008
3697
3391
2511
2050
2143
1926
918
-247
-852
-1057
-1495
-2242
-2699
-2509
-2211
-2301
-2279
-1469
-171
781
1263
1938
3248
4554
4998
4691
4350
4119
3502
2294
877
-282
-1224
-2147
-2823
-2846
-2339
-1786
-1238
-329
1042
2368
3075
3318
3613
3912
3747
3029
2150
1378
603
-275
-1077
-1589
-1872
-2083
-2206
-2100
-1764
-1397
-1168
-1000
-725
-294
259
774
1166
1707
2763
3918
4303
3854
3370
3326
3013
1480
-864
-2670
-3503
-4381
-6317
-8489
-8944
-7489
-6187
-6109
-5714
-3449
-126
2098
2521
2562
3425
4335
3879
2054
110
-1008
-1721
-2909
-4243
-4683
-4110
-3316
-2755
-2056
-643
1144
2270
2456
2548
3195
3915
3804
2828
2002
1857
1734
917
-317
-1234
-1661
-2101
-2907
-3586
-3561
-3165
-2959
-2622
-1487
249
1760
2759
3779
5104
6206
6416
5684
4588
3512
2241
552
-1201
-2526
-3347
-3820
-3859
-3195
-2010
-844
170
1385
2846
3968
4242
3952
3692
3489
2944
1951
890
111
-386
-848
-1291
-1544
-1608
-1641
-1687
-1639
-1411
-1145
-1085
-1068
-768
-61
840
1549
2216
3471
5051
5777
5291
4388
3846
3210
1412
-1483
-3952
-5135
-5950
-7495
-9333
-9645
-7720
-5417
-4461
-3718
-1449
1879
4228
4471
3716
3530
3688
2740
468
-1932
-3422
-4027
-4563
-5192
-5073
-3985
-2680
-1645
-676
608
2002
2713
2496
2244
2641
3268
3275
2461
1579
1365
1380
700
-621
-1799
-2420
-2767
-3292
-3885
-3976
-3382
-2360
-1196
145
1882
3714
4925
5523
5949
6054
5407
3899
1978
284
-944
-2013
-3000
-3492
-3266
-2398
-1219
-138
838
1751
2385
2734
2907
2789
2298
1615
1024
777
737
562
354
358
555
762
777
479
32
-443
-1005
-1532
-1810
-1893
-1932
-1849
-1313
-140
1244
2317
3266
4512
5625
5739
4677
3312
2314
1123
-985
-3573
-5327
-5738
-5881
-6930
-7983
-7067
-4429
-2376
-1872
-1395
584
3251
4347
3331
1936
1537
1525
512
-1602
-3484
-3994
-3755
-3828
-3991
-3520
-2411
-1322
-738
-293
636
1712
2072
1798
1901
2848
3752
3430
2190
1256
870
196
-1234
-2920
-4035
-4353
-4390
-4464
-4075
-2686
-821
679
2015
3847
5605
6275
5880
5056
4149
3008
1335
-623
-2113
-2858
-3069
-2794
-2069
-1037
121
1064
1787
2569
3088
2838
2097
1475
1220
1064
628
122
71
409
782
1097
1192
994
736
486
75
-432
-906
-1340
-1594
-1481
-972
-307
277
831
1506
2264
2982
3593
3907
3680
2939
1986
1141
381
-692
-2284
-3821
-4448
-4205
-4229
-5225
-6040
-5100
-2914
-1458
-1316
-1052
543
2708
3574
2696
1505
1149
1004
-60
-1851
-3202
-3566
-3612
-3803
-3656
-2797
-1701
-925
-426
271
1369
2377
2750
2765
3087
3527
3393
2492
1185
-153
-1367
-2527
-3701
-4512
-4717
-4608
-4351
-3561
-1869
165
1573
2440
3577
4871
5528
5170
3901
2312
1081
109
-1048
-2140
-2716
-2697
-2078
-1027
121
1131
1706
1873
2107
2427
2265
1504
666
245
270
382
419
513
683
867
1078
1206
1034
542
-93
-638
-802
-649
-613
-770
-674
-73
728
1347
1735
2048
2347
2565
2849
3288
3381
2630
1335
365
-51
-588
-1952
-3782
-4892
-4775
-4406
-4941
-5708
-5064
-2955
-1067
-380
19
1308
3065
3671
2600
1094
364
8
-1088
-2884
-4074
-3837
-2971
-2562
-2331
-1430
46
1172
1485
1511
1947
2741
3202
3001
2557
2309
1976
1112
-187
-1472
-2431
-3091
-3596
-3917
-3882
-3366
-2384
-1174
44
1321
2559
3497
4115
4363
4078
3247
1977
486
-787
-1643
-2308
-2769
-2666
-1926
-831
247
1016
1575
2036
2230
2079
1714
1180
576
65
-236
-266
-126
-27
95
414
741
830
676
373
-46
-449
-724
-827
-776
-539
-141
280
709
1192
1533
1700
1884
2057
2222
2733
3474
3568
2663
1414
627
97
-1095
-3212
-5116
-5609
-5048
-4887
-5533
-5449
-3384
-609
822
845
1097
2395
3449
2615
362
-1413
-1960
-2233
-3157
-4292
-4361
-3025
-1494
-719
-154
849
1839
2085
1761
1700
2307
3007
2992
2397
2031
2006
1484
84
-1504
-2455
-2791
-3074
-3586
-3837
-3251
-2004
-741
305
1442
2814
4005
4608
4738
4556
3889
2633
1108
-258
-1216
-1870
-2410
-2640
-2248
-1261
-105
728
1127
1413
1711
1758
1465
989
412
-53
-232
-256
-211
-110
-77
-108
-51
16
-76
-352
-644
-807
-783
-614
-333
-21
246
623
1046
1241
1201
1117
1094
1263
1680
2243
2994
3687
3693
2735
1365
115
-1023
-2487
-4411
-5886
-5897
-4866
-4121
-3888
-3028
-898
1318
2014
1327
804
1167
1250
-171
-2363
-3548
-3289
-2788
-2948
-3226
-2561
-1015
225
536
623
1167
1822
1900
1469
1380
1992
2511
2215
1464
1098
1168
875
-271
-1704
-2540
-2615
-2611
-3007
-3247
-2555
-1215
-121
618
1568
2760
3551
3659
3500
3407
3091
2255
1142
359
208
309
158
-111
36
630
1105
1141
956
797
624
383
169
-4
-198
-398
-454
-354
-221
-168
-279
-504
-653
-682
-799
-1012
-1151
-1127
-879
-450
-63
184
390
573
579
367
271
619
1280
1811
2278
3185
4261
4457
3200
1167
-395
-1231
-2326
-4241
-5801
-5581
-3969
-2779
-2733
-2492
-831
1263
1847
768
-237
10
611
-72
-1968
-3248
-2881
-1990
-2002
-2697
-2729
-1578
-314
-6
-210
156
1105
1761
1796
1978
3115
4647
5044
3974
2686
1878
822
-1085
-3252
-4581
-4632
-4081
-3770
-3577
-2757
-1169
291
899
1301
2247
3161
3350
3086
2759
2331
1651
691
-238
-667
-617
-459
-260
193
1042
1985
2417
2292
2131
2057
1814
1445
1175
1030
922
763
500
208
-113
-636
-1341
-1954
-2224
-2143
-2049
-2082
-1864
-1107
-214
356
694
1018
1342
1366
1008
601
600
1004
1340
1520
2051
2900
2999
1692
-234
-1574
-2229
-3039
-4411
-5396
-4828
-3095
-1799
-1601
-1358
39
1738
1992
703
-442
-304
234
-374
-2064
-3167
-2742
-1825
-1877
-2758
-2983
-1982
-860
-619
-732
-213
914
1770
1936
2206
3407
4850
5118
4060
2782
1948
1015
-575
-2442
-3576
-3508
-2899
-2614
-2648
-2205
-1012
67
408
650
1444
2403
2864
2743
2378
2013
1496
605
-405
-918
-808
-539
-434
-199
522
1320
1533
1225
1038
1175
1353
1356
1346
1571
1908
1997
1688
1256
787
125
-772
-1588
-1937
-1908
-1878
-1841
-1391
-552
202
595
727
857
1017
1069
1025
1155
1583
2138
2727
3391
3888
3491
1807
-403
-2035
-2989
-3987
-5331
-6132
-5461
-3837
-2867
-2956
-2691
-1056
786
1004
-186
-749
286
1399
847
-879
-1888
-1476
-945
-1589
-2854
-3215
-2334
-1428
-1274
-1186
-444
517
852
715
1015
2055
3057
3456
3679
4124
4224
3280
1466
-497
-2086
-3266
-4155
-4419
-3604
-2164
-1084
-547
250
1613
2615
2458
1783
1725
2269
2550
2014
1038
472
527
509
36
-404
-443
-264
-90
164
616
987
922
616
651
1234
1870
1953
1515
1232
1271
1017
154
-816
-1495
-1899
-2138
-2205
-2021
-1496
-825
-390
-83
357
861
1045
943
1049
1676
2600
3411
4052
4572
4523
3464
1477
-513
-1744
-2472
-3381
-4279
-4309
-3424
-2553
-2662
-3345
-3205
-1964
-936
-1060
-1497
-917
570
1319
373
-1160
-1779
-1637
-1901
-2862
-3471
-2785
-1382
-514
-348
-87
545
853
330
-332
-83
1065
2115
2639
3276
4415
5161
4382
2247
-111
-1930
-3319
-4343
-4512
-3409
-1523
55
742
923
1243
1570
1217
317
38
970
2240
2826
2594
2033
1626
1175
190
-1057
-1671
-1343
-580
137
848
1656
2104
1753
982
539
642
1016
1288
1396
1663
2050
1864
809
-592
-1747
-2588
-3192
-3314
-2759
-1805
-997
-589
-422
-194
146
267
159
562
1758
3127
4031
4585
4745
3896
1837
-549
-2049
-2527
-2736
-3183
-3406
-2742
-1636
-1450
-2501
-3235
-2515
-1292
-937
-1139
-568
996
2080
1385
-509
-1844
-1951
-1917
-2752
-3644
-3114
-1419
-147
-62
-457
-521
-319
-477
-992
-957
252
1943
3038
3498
3918
4256
3876
2607
862
-833
-2140
-2841
-2832
-2123
-1052
-180
120
-39
-246
-303
-258
-48
535
1445
2512
3441
3734
3097
1873
678
-225
-812
-1039
-831
-244
463
942
960
581
90
-326
-580
-376
543
1920
3051
3449
3124
2377
1437
343
-824
-1719
-2012
-1659
-1036
-658
-743
-1100
-1427
-1664
-1817
-1656
-1015
-4
1220
2391
3169
3546
3760
3488
2284
387
-1291
-2064
-2124
-2076
-2137
-2092
-2011
-2243
-3170
-4383
-4651
-3428
-1731
-681
-88
668
1473
1513
464
-1023
-2058
-2380
-2225
-1812
-1039
35
677
373
-310
-661
-934
-1523
-1925
-1248
419
1977
2691
2899
3138
3147
2367
1030
222
462
827
331
-558
-786
-437
-448
-1146
-1825
-1724
-944
-180
227
689
1525
2254
2194
1510
972
833
842
868
1008
1223
1274
1014
542
86
-255
-531
-754
-722
-196
592
1177
1482
1696
1739
1418
894
534
507
561
426
129
-115
-304
-617
-1078
-1484
-1527
-1192
-753
-374
-16
353
638
920
1256
1663
2093
2467
2703
2538
1757
484
-727
-1463
-1727
-1859
-2059
-2311
-2487
-2748
-3294
-3786
-3639
-2751
-1735
-1153
-1020
-987
-1009
-1307
-1812
-2082
-1873
-1389
-961
-652
-317
-32
-31
-302
-493
-429
-275
-132
285
1259
2369
2878
2605
2057
1683
1464
1115
685
553
758
846
433
-260
-784
-980
-1058
-1066
-745
-15
751
1154
1182
1089
990
815
592
530
802
1240
1551
1638
1531
1241
720
35
-482
-475
-28
446
695
815
951
1018
854
548
353
367
519
673
660
431
137
-198
-658
-1100
-1334
-1295
-1004
-614
-291
-107
-57
-176
-430
-631
-585
-195
389
928
1235
1311
1230
1095
883
504
10
-400
-557
-591
-639
-736
-793
-787
-758
-826
-1119
-1523
-1794
-1755
-1506
-1175
-963
-1016
-1277
-1612
-1959
-2313
-2548
-2505
-2129
-1553
-1005
-705
-688
-800
-848
-736
-489
-137
335
930
1471
1767
1811
1737
1627
1486
1294
1085
964
943
890
777
700
700
694
616
559
553
553
549
564
630
797
940
862
599
290
71
-1
31
134
292
415
398
330
213
33
-44
116
456
801
1041
1191
1289
1267
1093
824
595
482
427
335
195
47
-98
-229
-374
-493
-512
-437
-337
-277
-274
-272
-212
-130
-102
-139
-204
-265
-275
-198
-39
156
294
310
191
61
22
51
58
48
118
227
287
225
55
-190
-447
-678
-898
-1169
-1464
-1664
-1787
-1930
-2111
-2265
-2341
-2339
-2280
-2218
-2148
-2068
-2018
-1970
-1803
-1470
-1144
-959
-813
-537
-168
68
57
9
145
412
628
750
882
1095
1352
1542
1635
1705
1743
1735
1714
1659
1531
1405
1356
1333
1265
1112
925
775
725
738
727
715
736
769
740
690
728
826
899
982
1142
1295
1336
1259
1165
1095
952
702
429
246
165
107
-33
-214
-289
-230
-170
-181
-202
-182
-142
-148
-213
-339
-509
-655
-752
-856
-947
-978
-940
-915
-955
-932
-758
-474
-283
-278
-306
-150
156
365
341
259
306
425
428
179
-248
-675
-905
-984
-1080
-1238
-1312
-1269
-1307
-1500
-1760
-1864
-1771
-1654
-1663
-1700
-1604
-1449
-1359
-1304
-1151
-955
-882
-949
-891
-609
-362
-342
-421
-294
78
459
669
813
1054
1345
1521
1546
1532
1545
1562
1566
1558
1471
1295
1151
1107
1073
933
720
597
643
763
804
726
666
720
795
841
929
1111
1294
1405
1475
1510
1458
1209
898
658
500
393
246
95
33
97
178
160
11
-116
-94
26
133
104
30
-3
-62
-267
-622
-955
-1130
-1189
-1272
-1384
-1419
-1342
-1259
-1216
-1170
-1015
-686
-278
43
218
294
346
410
431
329
117
-65
-115
-43
-45
-233
-474
-606
-649
-701
-836
-1044
-1180
-1221
-1245
-1296
-1335
-1316
-1254
-1146
-1027
-957
-1049
-1237
-1312
-1228
-1153
-1176
-1168
-1018
-718
-392
-173
-66
61
274
552
805
1028
1245
1388
1432
1394
1299
1167
1046
1003
1074
1159
1156
1062
942
827
663
428
241
255
484
798
1038
1176
1248
1283
1250
1160
1099
1080
1059
1011
958
876
738
530
329
252
263
261
243
259
345
448
441
294
134
63
20
-58
-168
-273
-339
-406
-523
-689
-872
-1018
-1104
-1140
-1168
-1166
-1089
-942
-735
-524
-368
-231
-54
137
272
285
183
84
91
178
236
179
87
20
-18
-76
-303
-673
-935
-921
-783
-742
-830
-881
-850
-878
-1045
-1273
-1409
-1406
-1323
-1302
-1354
-1451
-1561
-1610
-1553
-1388
-1213
-1076
-874
-503
-100
140
158
98
151
347
589
788
945
1131
1349
1474
1432
1278
1127
1047
1070
1101
1048
961
941
993
1012
973
877
811
850
958
1036
1041
1003
976
922
799
654
576
572
597
579
477
383
360
385
403
379
334
296
260
219
188
128
29
-53
-74
-66
-68
-137
-248
-333
-357
-399
-503
-590
-589
-515
-456
-471
-537
-602
-640
-663
-642
-521
-310
-100
60
215
401
551
544
353
87
-85
-106
-39
-35
-164
-312
-330
-222
-173
-311
-512
-530
-371
-284
-441
-724
-907
-968
-1055
-1251
-1402
-1362
-1206
-1144
-1250
-1410
-1517
-1602
-1665
-1618
-1484
-1320
-1122
-853
-542
-289
-169
-75
185
581
906
1042
1086
1149
1248
1273
1164
1022
940
957
1052
1145
1104
940
801
791
873
915
835
749
809
908
894
735
546
462
495
528
451
307
172
122
143
77
-97
-199
-130
52
199
224
216
261
328
323
248
237
333
456
544
589
568
459
336
243
151
34
-72
-141
-128
-84
-64
-64
-48
33
106
103
14
-81
-112
-72
-62
-162
-297
-331
-204
-26
44
-58
-173
-136
-12
27
-93
-244
-252
-100
20
-48
-239
-370
-360
-331
-452
-717
-959
-1098
-1222
-1430
-1665
-1812
-1842
-1842
-1898
-1991
-2047
-1996
-1841
-1613
-1391
-1231
-1115
-926
-600
-272
-90
-23
86
314
557
671
696
784
960
1132
1223
1225
1199
1218
1307
1441
1515
1456
1308
1211
1223
1218
1066
798
600
587
614
479
236
93
108
125
-5
-189
-264
-177
-39
13
-8
5
131
334
523
647
746
820
858
861
799
648
514
482
528
579
593
588
617
681
683
582
425
273
181
136
26
-159
-332
-451
-537
-612
-670
-690
-633
-532
-450
-383
-335
-290
-159
101
394
558
548
455
410
451
467
336
103
-64
-89
-79
-234
-545
-852
-1009
-1030
-1114
-1368
-1626
-1658
-1561
-1563
-1708
-1816
-1730
-1558
-1506
-1574
-1608
-1573
-1533
-1483
-1385
-1283
-1249
-1261
-1140
-830
-535
-425
-393
-175
221
551
655
726
945
1180
1246
1142
1031
1059
1158
1183
1125
1013
870
731
647
601
538
465
428
474
582
644
618
614
705
822
851
807
837
955
1022
959
812
677
611
601
618
673
772
880
969
1020
1011
959
885
819
787
749
656
516
369
274
188
51
-115
-216
-243
-296
-393
-460
-446
-375
-302
-287
-297
-245
-136
-35
-22
-40
-28
3
33
23
-30
-71
-27
89
191
133
-111
-380
-476
-391
-321
-390
-567
-663
-560
-401
-440
-694
-952
-988
-826
-741
-914
-1209
-1371
-1414
-1510
-1739
-1935
-1895
-1679
-1530
-1546
-1627
-1686
-1658
-1574
-1447
-1325
-1263
-1218
-1042
-739
-566
-627
-746
-670
-410
-203
-149
-62
204
511
642
565
498
595
841
1128
1348
1462
1509
1565
1637
1642
1534
1378
1314
1423
1585
1589
1458
1402
1491
1578
1511
1377
1367
1507
1663
1667
1483
1226
1036
940
858
750
640
571
539
480
319
81
-105
-115
5
92
77
53
115
221
239
130
3
-18
66
116
67
-37
-148
-234
-321
-424
-518
-546
-506
-426
-396
-466
-587
-654
-631
-559
-456
-366
-283
-167
23
201
235
66
-216
-448
-522
-459
-378
-377
-441
-478
-455
-412
-480
-710
-897
-827
-620
-572
-797
-1073
-1148
-1193
-1467
-1871
-2068
-1942
-1763
-1834
-2087
-2246
-2278
-2312
-2324
-2203
-1982
-1788
-1618
-1318
-941
-754
-777
-729
-418
-43
109
140
352
765
1057
1048
942
1034
1341
1650
1846
1939
2022
2111
2176
2206
2171
2100
2064
2128
2236
2191
1961
1733
1652
1641
1562
1372
1220
1244
1346
1348
1187
986
868
831
805
746
680
625
589
504
317
67
-119
-158
-84
-13
-27
-85
-127
-139
-176
-277
-367
-333
-197
-85
-76
-136
-178
-189
-236
-380
-544
-606
-554
-471
-447
-500
-571
-628
-691
-755
-786
-744
-612
-459
-370
-380
-455
-428
-220
35
118
-30
-237
-308
-254
-261
-435
-631
-680
-610
-555
-686
-1017
-1274
-1213
-966
-889
-1119
-1401
-1424
-1323
-1434
-1774
-2016
-1922
-1688
-1671
-1880
-2003
-1942
-1822
-1743
-1672
-1572
-1466
-1322
-1009
-565
-282
-273
-271
7
447
710
731
851
1211
1554
1630
1513
1484
1654
1891
2031
2073
2093
2170
2339
2521
2566
2456
2307
2229
2260
2250
2073
1835
1724
1710
1604
1338
1025
836
838
912
884
730
584
543
560
485
325
224
264
351
304
66
-222
-382
-432
-456
-514
-582
-621
-621
-618
-658
-761
-860
-837
-699
-568
-496
-455
-411
-367
-404
-557
-694
-700
-595
-473
-427
-487
-572
-638
-729
-833
-882
-851
-753
-615
-511
-474
-474
-467
-448
-457
-442
-315
-126
-27
-101
-326
-506
-505
-438
-495
-624
-600
-402
-204
-267
-604
-853
-750
-504
-470
-701
-904
-868
-823
-1031
-1373
-1506
-1327
-1112
-1132
-1304
-1390
-1367
-1320
-1240
-1097
-933
-804
-646
-311
98
282
223
219
458
776
932
977
1181
1535
1761
1714
1528
1430
1498
1676
1845
1971
2050
2087
2121
2158
2127
1991
1848
1766
1755
1745
1655
1548
1477
1369
1154
886
693
617
606
622
641
594
448
260
104
-29
-169
-242
-220
-152
-113
-192
-354
-508
-628
-705
-764
-816
-835
-823
-819
-815
-811
-825
-834
-785
-710
-643
-605
-610
-610
-585
-601
-667
-706
-694
-665
-644
-651
-681
-717
-743
-756
-748
-668
-513
-353
-269
-275
-327
-373
-395
-409
-410
-371
-301
-224
-113
52
174
167
23
-198
-330
-271
-95
31
43
10
31
46
-119
-453
-690
-600
-291
-133
-294
-537
-602
-612
-817
-1139
-1272
-1069
-778
-691
-767
-823
-805
-781
-778
-714
-580
-430
-236
61
355
431
305
254
430
691
864
967
1167
1457
1615
1529
1339
1238
1283
1399
1500
1550
1537
1507
1508
1531
1503
1392
1276
1242
1237
1146
997
890
868
841
765
663
587
589
612
592
518
425
318
204
120
44
-62
-167
-237
-303
-427
-595
-727
-815
-875
-905
-894
-825
-723
-627
-572
-560
-565
-561
-554
-522
-478
-448
-416
-370
-344
-381
-449
-504
-489
-408
-324
-254
-190
-163
-201
-247
-255
-252
-260
-272
-281
-285
-299
-330
-356
-384
-448
-551
-643
-667
-611
-536
-453
-294
-67
130
162
1
-206
-268
-188
-109
-130
-192
-182
-111
-104
-283
-566
-721
-608
-365
-286
-406
-485
-401
-352
-529
-773
-801
-582
-367
-369
-494
-550
-542
-562
-599
-597
-545
-474
-365
-147
85
153
105
148
346
537
585
635
873
1172
1271
1169
1052
1050
1140
1206
1221
1238
1258
1255
1219
1196
1180
1157
1144
1160
1173
1132
1064
1031
1040
1020
918
798
758
786
775
670
545
462
384
273
154
75
51
57
50
-10
-126
-232
-287
-354
-427
-456
-434
-387
-344
-330
-340
-373
-412
-428
-453
-481
-478
-435
-379
-352
-372
-386
-375
-392
-447
-492
-532
-553
-567
-624
-697
-733
-741
-783
-851
-876
-844
-807
-794
-806
-810
-790
-756
-716
-673
-604
-530
-477
-377
-175
96
295
312
176
19
-27
36
115
136
155
243
329
322
163
-121
-314
-246
-70
-50
-235
-370
-297
-268
-485
-789
-900
-783
-676
-751
-906
-964
-931
-889
-871
-849
-792
-696
-534
-289
-83
-53
-85
26
282
485
537
573
763
1020
1107
1010
917
962
1099
1204
1244
1281
1336
1367
1366
1343
1316
1328
1409
1518
1576
1506
1347
1243
1241
1199
1037
853
784
855
894
768
590
514
535
523
409
280
264
297
247
118
-41
-177
-241
-283
-384
-480
-518
-517
-496
-488
-534
-602
-634
-628
-618
-647
-654
-594
-544
-554
-578
-606
-616
-587
-616
-725
-826
-870
-840
-761
-724
-744
-739
-699
-710
-777
-805
-753
-635
-526
-475
-463
-460
-446
-446
-454
-452
-429
-389
-316
-208
-102
19
171
257
211
83
-35
-40
61
130
102
62
68
97
40
-170
-378
-404
-266
-151
-181
-282
-291
-283
-427
-660
-780
-734
-616
-550
-594
-668
-693
-674
-659
-654
-640
-579
-432
-213
-1
95
109
172
303
417
474
549
712
923
1067
1069
1022
1017
1064
1154
1223
1243
1248
1268
1309
1327
1296
1286
1347
1426
1441
1363
1222
1131
1124
1125
1050
940
889
936
1014
978
819
663
599
593
550
439
350
353
349
220
-5
-194
-268
-286
-358
-497
-611
-675
-719
-775
-880
-982
-1015
-989
-957
-965
-1019
-1030
-976
-932
-937
-970
-985
-941
-863
-838
-845
-848
-845
-825
-779
-742
-723
-693
-637
-568
-524
-514
-488
-407
-318
-266
-256
-241
-202
-185
-200
-225
-217
-199
-170
-126
-70
7
104
222
344
390
316
199
179
299
417
405
325
303
332
292
126
-80
-169
-94
2
-58
-227
-338
-380
-481
-679
-850
-860
-739
-610
-587
-661
-751
-813
-825
-798
-757
-674
-524
-294
-45
95
115
117
212
373
498
561
672
907
1148
1245
1206
1151
1167
1256
1338
1378
1418
1489
1573
1601
1524
1384
1291
1316
1388
1390
1296
1148
1015
939
886
802
705
660
688
718
672
515
317
204
182
136
16
-106
-151
-173
-308
-555
-776
-854
-816
-794
-867
-970
-997
-988
-1005
-1043
-1071
-1050
-952
-822
-734
-720
-768
-779
-757
-760
-791
-812
-746
-574
-445
-459
-518
-540
-525
-492
-460
-404
-282
-133
-55
-71
-133
-178
-186
-185
-204
-238
-261
-254
-230
-229
-277
-343
-377
-359
-314
-275
-236
-160
-70
-7
15
42
116
215
271
252
188
135
122
116
93
71
63
64
58
12
-72
-126
-97
-25
16
-11
-63
-92
-130
-218
-328
-376
-357
-350
-379
-420
-441
-437
-418
-378
-331
-259
-139
25
209
367
468
539
618
708
773
826
894
999
1102
1126
1120
1132
1155
1159
1137
1112
1111
1140
1164
1182
1178
1151
1126
1141
1154
1112
1008
881
790
738
668
550
434
346
270
180
50
-122
-230
-224
-192
-222
-302
-375
-388
-417
-539
-680
-741
-703
-639
-667
-791
-900
-958
-1009
-1074
-1099
-1062
-996
-918
-847
-802
-803
-811
-777
-718
-661
-627
-585
-500
-412
-419
-498
-566
-589
-571
-546
-545
-515
-438
-375
-339
-327
-332
-313
-265
-207
-144
-91
-54
-7
20
-4
-81
-140
-144
-112
-98
-115
-112
-83
-56
-43
-19
15
61
119
185
255
316
335
332
326
300
264
236
218
224
243
230
187
141
94
65
64
61
43
25
35
57
63
57
50
55
51
37
44
69
105
140
171
213
255
282
299
348
420
473
512
565
651
744
826
897
972
1043
1062
1036
1018
1006
973
911
839
769
702
631
558
495
429
351
289
272
282
269
220
163
125
66
-22
-103
-146
-157
-198
-279
-353
-397
-437
-487
-531
-541
-507
-473
-448
-420
-394
-371
-374
-386
-377
-372
-397
-429
-449
-466
-506
-577
-661
-723
-753
-771
-797
-804
-782
-732
-679
-644
-620
-607
-600
-597
-587
-569
-543
-525
-526
-526
-515
-482
-444
-413
-392
-376
-349
-304
-262
-220
-171
-112
-53
-29
-30
-40
-32
5
48
67
89
141
201
221
192
156
141
164
198
216
241
277
310
333
341
338
343
375
407
438
458
475
479
471
464
421
359
319
326
368
401
417
424
442
473
486
476
486
526
576
601
588
556
536
523
471
412
386
379
360
338
316
300
277
244
210
180
157
142
120
103
108
106
85
44
11
-16
-56
-98
-133
-155
-171
-175
-161
-136
-121
-109
-92
-66
-40
-34
-33
-33
-39
-56
-87
-128
-152
-177
-217
-260
-295
-314
-313
-318
-337
-339
-340
-354
-362
-376
-397
-408
-403
-398
-383
-367
-363
-371
-382
-371
-377
-386
-389
-374
-353
-342
-339
-349
-341
-315
-278
-240
-204
-160
-110
-71
-51
-56
-82
-100
-111
-136
-167
-197
-208
-208
-212
-234
-251
-238
-214
-191
-165
-136
-107
-62
-30
-21
-18
-20
-6
14
16
2
16
61
106
140
166
198
239
266
291
324
360
399
429
441
438
437
442
456
471
453
411
379
367
377
375
355
355
378
387
372
375
392
412
437
431
399
363
340
323
315
290
254
240
246
232
186
164
143
111
76
34
0
-10
-10
-21
-43
-78
-127
-172
-197
-222
-256
-279
-281
-280
-282
-293
-303
-295
-287
-285
-286
-281
-268
-250
-234
-235
-221
-189
-158
-132
-114
-107
-101
-95
-98
-98
-96
-78
-52
-47
-78
-100
-89
-62
-35
-24
-23
-6
9
5
1
3
1
23
53
70
64
57
83
130
154
136
117
126
142
160
171
169
169
154
122
79
31
-3
-24
-53
-101
-155
-210
-244
-261
-299
-358
-423
-454
-453
-448
-446
-447
-444
-430
-420
-422
-433
-432
-413
-380
-361
-370
-369
-337
-288
-242
-219
-208
-174
-127
-81
-49
-27
2
43
94
137
167
191
214
234
241
236
246
268
321
356
351
336
322
341
370
375
375
382
390
387
373
365
387
410
413
396
390
397
390
390
393
396
377
336
313
306
309
297
272
253
247
236
197
155
125
90
58
22
-29
-71
-96
-114
-124
-139
-175
-205
-206
-199
-203
-202
-190
-171
-150
-133
-115
-87
-49
-24
-11
10
39
54
56
55
62
69
87
105
115
121
114
117
134
142
147
145
124
88
57
31
5
-12
-37
-70
-94
-120
-157
-205
-260
-308
-332
-344
-362
-376
-392
-402
-405
-415
-430
-455
-473
-477
-476
-473
-471
-458
-456
-471
-485
-498
-500
-495
-485
-465
-435
-419
-416
-399
-370
-331
-304
-285
-260
-240
-212
-189
-163
-125
-91
-52
-12
20
45
84
143
210
263
299
337
390
448
480
489
500
512
522
505
486
482
484
473
448
427
419
409
396
381
369
366
351
358
374
378
355
320
294
280
273
265
271
282
269
241
219
209
198
185
190
210
228
236
242
237
231
227
214
190
170
151
132
122
108
79
35
-7
-44
-79
-103
-128
-147
-153
-160
-170
-194
-208
-221
-233
-241
-256
-254
-254
-255
-261
-274
-294
-306
-310
-300
-278
-261
-239
-229
-218
-219
-225
-238
-240
-219
-190
-166
-157
-144
-127
-137
-161
-178
-187
-174
-168
-173
-175
-171
-169
-169
-159
-146
-139
-130
-106
-73
-65
-78
-83
-74
-60
-57
-64
-69
-70
-58
-61
-68
-76
-86
-73
-49
-24
-6
3
15
24
23
21
17
24
40
47
49
41
27
12
-11
-26
-35
-29
-30
-27
-17
-4
5
1
0
7
40
73
86
98
111
119
122
104
91
85
80
85
98
117
134
152
161
174
199
221
242
265
297
321
339
339
314
290
281
278
273
273
267
259
250
220
184
149
128
130
139
138
128
105
71
33
-8
-36
-54
-58
-54
-65
-89
-123
-140
-148
-154
-161
-167
-154
-136
-120
-110
-109
-98
-75
-59
-44
-29
-19
-10
0
8
2
-11
-18
-13
-12
-13
-19
-21
-14
-7
2
9
16
27
30
20
1
-23
-30
-31
-39
-52
-64
-70
-65
-60
-74
-84
-93
-103
-108
-114
-113
-117
-127
-130
-140
-155
-161
-164
-157
-157
-165
-179
-189
-192
-198
-208
-221
-220
-210
-187
-162
-151
-136
-115
-96
-91
-86
-73
-52
-35
-30
-22
-15
-11
-17
-25
-29
-23
-14
-7
-2
-15
-20
-4
14
25
37
53
73
94
111
112
99
90
86
97
111
125
137
148
144
132
113
103
111
116
114
102
87
79
72
63
42
11
-7
-12
-20
-28
-35
-48
-65
-70
-70
-53
-29
7
43
69
85
94
109
127
148
161
176
204
240
272
288
292
290
296
304
305
293
287
298
317
321
298
278
275
271
262
249
224
201
175
145
114
71
25
-19
-54
-86
-123
-157
-170
-171
-196
-229
-258
-279
-293
-308
-324
-338
-337
-339
-358
-379
-397
-414
-423
-418
-404
-383
-357
-337
-325
-296
-258
-216
-184
-138
-85
-51
-22
4
32
59
73
85
105
127
146
164
177
188
193
193
190
184
183
173
155
137
116
94
77
57
36
14
-16
-44
-74
-105
-131
-144
-151
-163
-173
-181
-177
-165
-156
-144
-138
-134
-122
-112
-102
-95
-96
-95
-94
-95
-94
-103
-104
-96
-84
-84
-84
-74
-55
-32
-9
17
44
70
82
93
122
147
167
175
172
175
177
179
191
193
185
183
194
218
238
252
267
278
287
289
284
272
257
244
227
205
181
150
116
84
46
13
-12
-31
-46
-46
-44
-50
-55
-65
-78
-82
-92
-111
-119
-123
-132
-142
-149
-152
-152
-154
-154
-148
-131
-112
-101
-82
-49
-24
-11
4
27
43
59
70
68
62
59
47
38
35
35
28
13
10
23
32
25
27
32
43
54
62
69
70
67
54
43
35
22
7
-3
-13
-37
-53
-56
-50
-49
-45
-46
-45
-41
-42
-33
-26
-21
-24
-23
-4
0
-5
0
-10
-24
-40
-62
-73
-82
-85
-85
-87
-97
-93
-76
-59
-47
-37
-29
-26
-31
-41
-51
-61
-85
-105
-123
-140
-149
-157
-156
-161
-164
-167
-171
-173
-167
-154
-142
-132
-128
-121
-118
-124
-115
-107
-99
-91
-89
-88
-83
-70
-54
-42
-27
-1
23
40
64
87
111
131
149
169
181
189
194
193
180
172
166
146
132
129
124
120
117
121
130
128
109
102
110
113
113
110
109
103
98
91
81
71
72
77
75
78
73
68
65
68
71
82
94
112
132
146
156
158
152
150
141
129
122
113
115
112
99
88
80
74
72
63
60
63
69
82
94
101
104
102
98
92
80
76
78
63
41
13
-9
-15
-24
-36
-53
-59
-67
-75
-78
-87
-107
-126
-136
-142
-151
-175
-195
-208
-218
-235
-264
-290
-314
-343
-363
-370
-366
-362
-355
-341
-335
-340
-340
-335
-319
-296
-282
-271
-264
-253
-244
-234
-218
-204
-190
-179
-160
-139
-120
-95
-74
-47
-21
8
36
58
78
94
108
118
123
128
126
131
147
145
136
124
124
132
147
158
153
156
163
172
179
181
177
171
166
159
154
144
141
127
119
112
95
81
74
74
84
94
93
96
99
110
120
128
139
146
140
138
145
151
153
149
153
160
169
169
166
170
176
184
193
209
219
223
229
230
232
225
208
195
186
169
144
120
97
77
60
48
42
33
25
9
-4
-19
-33
-39
-52
-63
-82
-102
-118
-133
-153
-179
-197
-216
-233
-249
-269
-283
-294
-300
-302
-301
-295
-290
-285
-281
-273
-272
-280
-281
-277
-279
-277
-278
-277
-272
-260
-251
-237
-220
-198
-173
-147
-118
-97
-69
-37
-13
6
17
32
50
61
68
68
74
82
83
85
88
95
94
83
76
81
84
74
61
56
53
51
52
47
35
23
12
6
-1
-10
-17
-26
-33
-36
-35
-38
-33
-34
-26
-17
-8
13
31
39
51
65
79
89
95
101
104
105
102
100
101
109
121
139
152
173
192
198
211
218
213
213
213
211
195
189
184
180
172
151
132
119
106
90
86
78
72
63
55
49
46
39
28
11
-1
-15
-25
-34
-49
-64
-79
-96
-117
-130
-135
-138
-134
-129
-121
-118
-111
-101
-87
-77
-69
-59
-59
-58
-56
-49
-43
-51
-60
-62
-63
-67
-74
-70
-58
-47
-38
-41
-36
-19
-9
-6
-7
-4
8
16
23
23
21
17
19
22
13
12
11
17
23
25
35
42
43
42
39
35
35
35
26
13
-2
-21
-43
-53
-59
-78
-100
-119
-136
-143
-142
-148
-148
-150
-150
-149
-158
-152
-142
-136
-133
-131
-123
-121
-123
-118
-102
-97
-94
-93
-80
-57
-47
-38
-22
-12
-13
-17
-15
-10
-3
10
19
25
22
17
18
18
18
20
24
34
36
34
33
38
56
73
88
102
110
115
120
125
131
126
128
133
126
119
115
103
97
101
98
106
113
119
126
128
125
119
117
124
128
130
138
147
153
148
142
132
116
112
104
100
108
119
123
115
113
116
116
118
115
116
114
102
88
82
75
59
39
24
8
0
-6
-14
-19
-24
-40
-59
-72
-76
-78
-87
-88
-80
-78
-81
-85
-94
-103
-119
-134
-139
-150
-158
-162
-170
-181
-184
-188
-185
-182
-179
-181
-187
-188
-193
-198
-204
-211
-215
-221
-222
-227
-230
-228
-232
-234
-229
-216
-201
-186
-169
-152
-138
-122
-108
-97
-81
-67
-54
-39
-29
-28
-18
-12
-1
9
13
27
41
54
68
80
97
114
126
129
133
145
145
145
146
144
148
147
148
151
150
152
145
144
144
140
142
149
153
161
166
166
176
181
180
180
186
181
175
173
166
158
149
140
132
129
129
126
118
105
101
93
84
77
73
65
51
35
26
14
1
-10
-20
-29
-44
-53
-60
-67
-78
-82
-89
-94
-97
-96
-88
-85
-79
-75
-67
-69
-70
-67
-65
-55
-45
-39
-38
-30
-26
-18
-4
-4
-8
-5
-7
-7
-6
-7
-5
-10
-17
-22
-25
-24
-41
-58
-73
-84
-101
-119
-130
-140
-152
-157
-155
-150
-147
-151
-150
-147
-141
-141
-134
-126
-130
-130
-129
-130
-123
-117
-115
-110
-105
-92
-78
-66
-58
-45
-30
-17
-10
-5
2
13
30
42
54
61
68
78
86
85
81
76
81
92
97
99
105
112
121
130
138
146
155
166
170
176
180
172
163
157
148
136
119
110
103
97
95
91
79
69
64
52
44
38
34
19
8
-6
-16
-29
-51
-71
-91
-105
-118
-125
-135
-141
-145
-143
-144
-145
-140
-136
-123
-109
-105
-96
-82
-71
-64
-59
-44
-41
-43
-21
-10
-8
2
18
38
43
42
55
76
89
97
117
129
136
145
150
156
157
165
160
145
136
127
120
113
103
95
84
67
52
43
30
21
11
1
-5
-9
-15
-24
-30
-35
-39
-47
-50
-57
-62
-63
-66
-64
-66
-69
-67
-73
-77
-76
-71
-65
-65
-62
-63
-62
-63
-65
-63
-64
-72
-66
-55
-61
-65
-62
-63
-65
-67
-63
-56
-54
-55
-55
-47
-50
-61
-67
-63
-66
-69
-69
-69
-68
-71
-72
-80
-80
-69
-52
-36
-29
-18
-8
-2
6
9
5
-2
0
6
13
13
6
5
4
7
11
16
20
18
12
8
8
15
17
18
27
29
31
29
29
30
34
37
30
26
26
37
39
41
51
60
62
68
75
80
86
84
95
109
121
130
139
143
132
120
116
117
117
116
111
108
107
107
106
99
96
99
94
92
79
73
69
58
48
31
16
2
-6
-8
-9
-16
-20
-19
-19
-13
-11
-1
5
4
1
-2
-7
-1
-7
-22
-33
-42
-52
-61
-58
-61
-66
-81
-90
-92
-91
-91
-90
-93
-100
-100
-97
-98
-97
-102
-111
-119
-124
-123
-128
-132
-135
-135
-140
-138
-143
-140
-132
-135
-131
-117
-108
-99
-90
-89
-84
-88
-90
-92
-88
-85
-80
-76
-73
-65
-66
-60
-55
-41
-27
-25
-12
-6
11
30
48
60
60
61
71
87
94
98
102
103
106
111
119
121
121
127
137
143
149
152
154
156
161
161
159
155
151
142
131
126
110
106
106
105
98
93
96
93
94
90
87
90
83
78
74
65
55
38
24
14
-6
-26
-30
-42
-47
-53
-61
-69
-81
-83
-94
-96
-92
-90
-91
-86
-78
-76
-74
-78
-82
-80
-73
-71
-74
-73
-67
-64
-56
-51
-43
-33
-24
-12
-14
-12
-3
0
8
7
6
3
5
12
13
14
14
13
9
1
-3
-3
-5
-1
0
-1
-2
-8
-7
-3
-9
-14
-17
-15
-19
-22
-28
-30
-32
-40
-44
-47
-51
-51
-46
-45
-46
-49
-57
-54
-50
-42
-38
-40
-40
-35
-31
-31
-33
-29
-19
-12
-9
-9
-4
3
10
8
8
10
17
19
23
38
50
49
46
50
51
51
47
40
31
31
37
34
32
30
30
35
33
39
42
49
54
53
54
54
56
57
64
63
58
46
36
30
21
12
10
6
-3
-10
-12
-13
-13
-13
-14
-14
-17
-21
-28
-39
-45
-51
-54
-57
-64
-65
-68
-71
-73
-78
-83
-80
-70
-62
-54
-44
-30
-19
-9
-2
4
10
17
15
22
26
30
37
36
39
36
46
48
46
53
60
61
60
61
75
79
80
76
61
47
40
39
41
35
32
29
27
30
34
35
41
39
41
42
46
53
52
52
52
49
42
35
31
25
13
6
-7
-16
-17
-24
-26
-32
-36
-40
-42
-43
-47
-40
-42
-53
-59
-68
-67
-69
-76
-86
-94
-91
-92
-86
-84
-87
-91
-99
-94
-98
-92
-79
-72
-70
-70
-72
-69
-62
-61
-58
-52
-45
-37
-26
-18
-21
-19
-14
-7
4
13
13
18
16
19
22
21
20
17
20
22
25
32
36
40
40
30
25
21
13
10
12
14
18
15
17
17
11
11
8
2
-8
-22
-27
-29
-31
-19
-7
-2
0
0
6
12
19
27
28
34
43
48
50
56
63
67
71
80
90
95
103
106
111
115
116
118
116
117
108
103
98
96
93
90
83
72
64
56
53
48
45
45
45
44
42
45
40
34
28
28
33
28
24
24
16
12
0
-9
-20
-29
-38
-49
-52
-67
-71
-77
-82
-89
-99
-101
-107
-112
-124
-135
-146
-155
-156
-164
-170
-172
-162
-156
-150
-142
-141
-137
-134
-131
-130
-124
-115
-99
-84
-75
-71
-59
-39
-26
-20
-21
-21
-8
0
9
17
29
37
34
29
32
35
34
37
39
42
51
59
62
60
56
54
51
52
51
49
54
53
53
58
53
51
48
43
44
40
36
35
37
34
31
29
25
25
14
12
15
20
23
23
21
21
21
20
25
27
29
24
27
24
28
37
47
55
52
49
47
43
41
43
47
54
54
47
43
47
53
54
50
46
48
52
47
40
34
23
17
11
7
7
5
-3
-7
-8
-7
-6
-5
-2
-8
-14
-18
-22
-28
-28
-31
-31
-24
-26
-32
-36
-39
-39
-43
-42
-42
-40
-43
-49
-54
-57
-59
-52
-47
-48
-45
-44
-34
-28
-29
-34
-37
-44
-46
-46
-44
-31
-21
-15
-16
-23
-23
-24
-20
-14
-14
-11
-4
-7
-14
-20
-25
-30
-43
-47
-48
-44
-46
-45
-32
-30
-32
-35
-26
-31
-38
-27
-21
-16
-16
-14
-7
-7
-13
-12
-7
-11
-6
0
5
10
12
16
21
21
23
31
34
35
40
46
57
66
75
81
78
70
67
63
65
60
52
53
54
53
52
60
58
49
38
30
27
28
23
14
8
0
-3
-4
-4
-7
-8
-9
-8
-7
-9
-2
1
11
9
1
7
3
6
19
15
11
13
8
3
1
-2
3
-4
-11
-16
-19
-13
-15
-13
-12
-13
-17
-18
-11
-9
-6
-6
-14
-20
-20
-15
-14
-17
-12
-9
-5
3
9
11
17
16
19
27
31
33
36
37
34
29
22
21
18
11
2
-5
-11
-13
-16
-22
-22
-26
-33
-43
-54
-58
-55
-54
-52
-48
-39
-26
-28
-24
-22
-24
-25
-31
-33
-35
-39
-29
-26
-24
-23
-28
-30
-31
-33
-27
-23
-29
-27
-20
-12
-1
1
8
13
8
11
10
13
11
4
6
12
8
7
12
12
14
10
15
16
19
25
29
32
32
38
45
40
34
29
18
19
22
24
29
34
36
27
25
19
11
13
9
12
5
-1
-11
-21
-21
-26
-27
-24
-27
-33
-30
-26
-23
-22
-23
-18
-19
-20
-17
-11
-6
-10
-12
-11
-13
-17
-19
-26
-28
-22
-11
-1
-3
-7
-9
-4
1
3
5
11
14
17
19
22
32
31
37
44
44
38
39
43
48
54
52
53
50
50
55
61
64
65
67
71
71
69
66
67
59
52
48
40
37
35
32
26
14
4
-2
-8
-13
-24
-26
-34
-45
-49
-49
-51
-47
-48
-58
-64
-74
-83
-85
-82
-83
-87
-88
-80
-78
-78
-76
-70
-62
-55
-56
-56
-51
-49
-52
-49
-43
-34
-25
-17
-9
-10
-1
4
9
11
18
18
19
27
30
32
27
28
17
9
4
-2
-1
3
1
6
14
22
26
25
24
24
18
6
1
7
18
16
16
24
27
18
15
14
11
4
-6
-11
-15
-20
-22
-24
-27
-28
-29
-20
-27
-43
-44
-50
-45
-41
-32
-27
-18
-11
-2
1
3
12
28
34
27
32
27
39
50
52
65
68
71
73
73
72
72
71
74
67
63
53
41
44
42
45
45
41
36
29
24
21
20
13
10
6
1
-2
-5
0
-2
-8
-17
-19
-22
-26
-29
-29
-30
-27
-26
-25
-20
-15
-9
-10
-13
-16
-15
-11
-3
1
4
4
-3
-4
-3
4
-2
-7
-9
-12
-13
-16
-21
-15
-12
-14
-9
-9
-3
-3
-11
-16
-18
-14
-9
-5
-1
-2
-10
-13
-20
-22
-23
-24
-23
-28
-32
-35
-37
-33
-34
-38
-47
-52
-49
-51
-50
-50
-48
-46
-49
-45
-42
-39
-31
-26
-25
-25
-23
-24
-19
-12
-5
-2
-7
-6
2
2
6
12
11
11
9
14
19
22
26
33
34
31
32
35
38
41
39
35
36
39
39
37
39
37
31
28
25
23
15
13
12
8
3
2
-2
-3
0
-4
-10
-14
-14
-17
-16
-13
-11
-8
-6
-9
-10
-14
-9
-6
-5
-4
-1
-1
-1
3
7
16
27
35
44
52
56
65
71
73
73
81
84
79
80
83
89
93
89
82
71
57
53
49
44
38
31
22
18
10
5
7
5
4
-4
-14
-20
-30
-34
-31
-32
-37
-47
-51
-57
-62
-60
-56
-56
-58
-60
-57
-52
-46
-46
-52
-52
-60
-62
-63
-65
-65
-64
-66
-66
-58
-52
-48
-53
-54
-58
-48
-40
-37
-36
-31
-27
-25
-25
-32
-39
-44
-45
-40
-36
-33
-28
-24
-25
-27
-25
-20
-12
-9
-9
-4
-6
-12
-7
-11
-14
-11
-11
-8
0
-2
-1
-3
-5
-1
-4
-2
-2
6
10
20
24
32
36
37
34
31
35
34
40
37
41
47
52
59
61
56
60
59
60
67
72
74
76
74
75
78
80
82
87
89
85
83
82
82
75
70
65
56
49
40
30
24
17
9
4
3
3
0
1
2
-1
-7
-15
-21
-26
-24
-31
-37
-38
-36
-34
-34
-33
-35
-36
-41
-41
-36
-22
-14
-8
-4
-11
-18
-23
-19
-13
-11
-16
-15
-11
-10
-25
-30
-29
-30
-28
-28
-30
-30
-29
-31
-35
-34
-31
-36
-36
-35
-39
-45
-45
-47
-45
-45
-47
-52
-58
-59
-66
-62
-65
-64
-54
-52
-46
-43
-38
-31
-33
-31
-29
-28
-19
-15
-14
-8
-5
-4
-4
-2
-1
7
16
20
24
30
36
31
35
38
42
44
46
49
51
58
58
54
51
53
56
55
54
48
49
48
48
42
39
38
33
30
24
25
31
27
16
15
14
2
-6
-15
-19
-19
-19
-15
-17
-18
-19
-22
-21
-26
-30
-28
-31
-30
-27
-18
-11
-14
-5
7
5
5
11
17
13
5
8
18
22
22
27
31
33
37
52
62
59
52
51
46
43
46
43
38
27
18
16
16
14
13
4
-1
-6
-8
-11
-15
-17
-22
-26
-32
-33
-25
-24
-26
-30
-35
-38
-41
-42
-41
-42
-43
-47
-45
-37
-33
-29
-27
-26
-25
-20
-9
-5
-4
-2
-1
9
3
-5
1
2
7
4
4
16
20
14
12
19
20
16
17
13
9
18
23
28
31
31
26
18
12
8
-1
-8
-14
-22
-20
-21
-24
-33
-42
-42
-43
-41
-40
-46
-50
-58
-64
-63
-62
-54
-50
-49
-42
-42
-41
-38
-41
-37
-36
-35
-29
-21
-21
-19
-20
-24
-21
-21
-14
-8
-8
-5
0
11
4
6
13
18
24
23
27
42
48
50
50
49
47
41
44
54
61
63
66
65
58
61
66
68
70
65
60
59
60
62
56
51
48
44
45
43
43
40
39
38
34
33
31
31
25
24
21
19
16
16
17
17
13
8
14
11
7
4
7
13
13
8
10
11
5
-2
-6
-14
-19
-22
-23
-32
-39
-44
-50
-51
-57
-59
-61
-58
-58
-58
-61
-66
-63
-56
-49
-51
-54
-54
-56
-47
-40
-40
-39
-40
-43
-40
-35
-33
-27
-25
-27
-25
-32
-40
-42
-39
-42
-39
-32
-32
-37
-35
-32
-32
-34
-34
-32
-27
-22
-16
-11
-9
-9
-7
1
4
8
14
14
14
14
12
10
13
13
10
11
20
29
34
31
29
25
18
19
25
35
42
42
39
38
37
34
28
28
28
34
38
43
50
51
51
47
42
39
42
38
40
36
42
40
37
38
41
50
42
37
30
26
23
20
22
16
10
7
10
15
19
17
11
4
-1
-1
-3
-3
-8
-15
-14
-14
-15
-16
-13
-12
-13
-14
-10
-10
-9
-3
-5
-4
-12
-17
-24
-24
-16
-9
-8
-10
-13
-15
-12
-10
-9
-4
-1
-3
-6
-14
-14
-20
-26
-31
-31
-27
-30
-33
-37
-39
-42
-48
-52
-52
-48
-39
-38
-40
-40
-39
-32
-28
-26
-24
-21
-18
-9
-3
-1
-6
-9
-7
-1
5
9
9
13
18
15
14
17
15
10
2
1
4
11
17
18
21