35
41
47
51
44
36
34
28
31
33
29
25
25
21
14
13
9
5
5
-2
-7
-10
-14
-20
-21
-18
-18
-23
-26
-24
-16
-13
-12
-10
-10
-15
-19
-16
-19
-23
-29
-29
-20
-12
-2
-7
-13
-13
-13
-7
-4
-3
3
7
2
0
-3
-1
0
1
0
6
5
4
14
16
19
18
10
10
4
1
-2
-6
-7
-4
-4
-1
-2
-3
-5
-13
-15
-12
-9
-2
7
11
12
7
3
3
0
-6
-3
7
14
11
1
3
4
-6
-11
-13
-10
-6
-7
-7
-2
-3
-3
-3
-9
-19
-24
-19
-15
-11
-10
-7
-5
-3
-7
-8
-7
-12
-17
-19
-21
-18
-7
1
7
2
3
0
-10
-4
-3
-4
-7
-5
1
3
-1
-6
-6
-3
-1
-3
0
0
7
8
4
5
1
-4
-7
1
-1
-1
15
23
19
18
14
4
-1
1
6
16
17
17
23
24
20
17
24
16
11
9
14
21
19
21
26
28
25
15
7
2
-2
7
9
16
20
19
17
9
5
1
4
2
-3
-5
-6
-10
-8
-1
-2
-6
-14
-18
-7
3
10
5
3
5
5
10
7
-4
-10
-15
-12
-9
-3
6
10
-1
-12
-10
-6
5
9
4
1
-6
-13
-9
-5
-11
-14
-16
-17
-11
-6
-7
-5
-6
-7
-8
-12
-9
-10
-12
-16
-15
-17
-18
-21
-17
-18
-21
-15
-16
-14
-19
-24
-16
-10
-7
-5
-5
-12
-19
-17
-11
-7
-9
-5
-7
-12
-16
-14
-12
-8
-5
-3
-4
-8
-13
-15
-18
-16
-15
-12
-2
2
0
-6
-10
-9
-6
-3
8
15
15
16
23
26
22
14
13
13
13
15
12
16
15
19
21
21
23
23
27
27
26
29
30
32
36
41
41
37
31
23
22
18
15
16
24
17
6
2
3
10
15
13
11
11
4
3
1
0
-3
-1
7
9
6
6
2
-5
-7
-6
-2
-4
1
5
7
4
3
-5
-14
-17
-20
-17
-13
-6
-11
-18
-20
-22
-22
-15
-3
3
4
0
1
2
-4
-6
-6
-12
-13
-8
-2
4
3
4
4
3
-2
-6
-10
-8
-5
-11
-13
-16
-23
-22
-25
-27
-31
-36
-37
-31
-29
-25
-27
-31
-33
-34
-31
-29
-29
-31
-30
-33
-29
-23
-18
-19
-13
-11
-14
-12
-13
-8
-1
1
7
17
25
21
21
22
18
11
2
2
7
8
7
6
10
15
17
18
21
21
15
17
29
33
30
20
12
11
8
17
22
28
35
32
26
17
6
1
-4
-6
7
15
24
23
16
15
22
20
18
20
17
12
11
12
14
18
8
-4
-6
-5
8
13
14
12
5
8
10
14
13
11
5
5
5
6
9
9
18
17
14
9
4
-1
-7
-7
-7
-4
5
-2
-8
-8
-6
-5
-6
-8
-13
-17
-21
-21
-17
-20
-21
-21
-25
-24
-17
-14
-11
-12
-19
-21
-21
-22
-21
-23
-20
-21
-22
-18
-12
-5
0
2
-1
0
-6
-11
-8
-7
-11
-17
-17
-17
-19
-20
-14
-9
-11
-21
-27
-19
-11
-10
-10
-8
-4
1
0
-4
-6
-9
-1
6
12
13
16
17
10
5
2
-1
-9
-7
-4
0
4
2
3
6
6
2
3
0
-3
-8
-9
-2
1
10
6
6
7
2
3
3
9
17
21
18
14
8
9
13
21
23
21
17
13
21
25
26
23
15
14
17
13
16
20
17
14
9
6
8
7
9
12
9
10
11
12
12
3
-2
-6
-1
2
0
-1
-6
-6
-8
-8
-12
-11
-8
-12
-10
-1
3
4
10
9
2
4
3
-1
1
3
2
0
1
2
6
10
6
3
-6
-10
-2
0
5
0
-7
-4
-8
-11
-6
-1
7
5
-8
-8
-7
-3
3
7
5
-4
-6
0
-2
-7
-8
-14
-17
-16
-13
-12
-15
-25
-28
-22
-19
-15
-9
-4
-7
-8
-6
-6
-4
-9
-10
-7
-6
-6
-3
-1
-4
-11
-12
-11
-19
-23
-23
-21
-19
-17
-16
-11
-6
-6
-8
-10
-18
-23
-17
-12
-7
-6
-2
7
6
2
2
2
4
10
9
7
6
8
10
10
11
12
14
12
7
-2
-3
2
4
6
7
6
11
10
13
15
14
10
8
6
9
16
16
26
23
12
12
19
19
21
19
12
11
9
10
14
14
12
7
5
5
4
5
5
15
20
22
22
22
20
19
20
19
20
22
17
7
-1
-3
1
8
9
12
13
13
18
16
15
8
4
1
1
7
5
5
2
-7
-13
-6
0
-4
0
0
3
1
-5
-14
-20
-21
-28
-29
-25
-20
-17
-17
-19
-23
-24
-25
-27
-27
-26
-24
-28
-29
-32
-33
-34
-38
-38
-39
-37
-38
-31
-25
-25
-18
-16
-9
-5
-2
-3
-14
-18
-20
-19
-16
-10
-5
-9
-9
-8
-10
-7
-8
-9
-7
-10
-8
2
7
5
4
6
12
16
19
16
17
17
10
5
9
15
13
11
12
17
23
23
23
26
27
27
32
29
30
27
28
28
30
37
38
34
31
32
32
33
29
28
27
19
17
17
16
15
10
6
7
-1
-3
-3
-7
-10
-18
-15
-18
-19
-17
-13
-13
-14
-16
-16
-16
-22
-21
-15
-13
-12
-14
-19
-18
-15
-5
-4
-9
-16
-16
-9
-15
-23
-26
-23
-15
-9
-8
-11
-6
1
5
10
5
2
0
5
10
11
12
9
16
18
13
12
13
16
13
24
28
19
30
41
39
34
21
11
10
7
7
10
9
9
13
17
19
11
5
-6
-14
-12
-15
-14
-17
-15
-17
-24
-32
-31
-22
-16
-12
-16
-21
-28
-30
-31
-32
-34
-31
-27
-28
-32
-29
-33
-39
-42
-45
-43
-40
-28
-19
-12
-6
-6
-6
-1
-1
-8
-10
-12
-12
-8
-8
-9
-5
3
6
12
20
13
4
7
9
10
8
6
17
25
18
14
21
22
20
18
20
18
19
23
26
31
28
28
26
30
34
28
27
22
32
39
38
36
27
14
10
14
20
28
27
23
14
9
10
3
2
-3
-9
-10
-9
-9
-11
-14
-17
-16
-7
-4
-6
-14
-23
-24
-21
-27
-33
-29
-29
-22
-16
-13
-10
-12
-10
-12
-10
-8
-11
0
11
7
4
9
11
19
20
16
13
3
5
10
11
3
-2
1
7
13
16
20
17
15
9
4
3
5
7
8
5
5
1
-4
-2
-1
2
2
1
-1
3
0
-3
-5
-13
-12
-10
-14
-15
-12
-12
-14
-13
-14
-6
-4
-7
-6
-9
-14
-19
-20
-16
-16
-17
-23
-26
-29
-28
-29
-31
-31
-38
-39
-39
-34
-29
-29
-24
-20
-17
-7
-1
-5
-5
-4
-4
-7
-8
1
6
3
3
5
5
5
1
-4
1
2
6
15
19
23
19
15
21
30
35
38
42
36
27
23
20
21
18
13
17
20
22
14
7
4
7
10
6
4
4
9
12
14
17
18
20
17
21
12
12
17
19
18
14
14
12
9
3
7
8
8
5
1
2
2
3
2
-7
-12
-14
-16
-11
-4
7
11
6
11
14
16
16
10
4
-2
0
2
-3
-4
-4
2
6
3
3
-3
-11
-16
-18
-8
-3
1
-1
-5
-5
-8
-6
-5
-1
-4
-8
-8
-12
-10
-13
-19
-22
-24
-28
-27
-16
-13
-18
-19
-17
-20
-24
-24
-22
-24
-28
-31
-27
-21
-19
-9
-1
1
-2
-4
-6
-16
-20
-21
-17
-14
-15
-19
-19
-16
-16
-21
-17
-11
-13
-9
-11
-13
-13
-16
-11
-11
-9
-6
0
6
11
18
20
15
8
12
18
26
27
20
22
25
23
25
24
25
22
10
10
13
19
27
27
19
10
10
15
13
10
4
2
13
20
22
13
5
11
16
20
20
18
10
6
10
15
14
11
7
1
10
19
20
15
9
3
-1
0
0
6
13
9
6
4
-5
-7
-3
4
8
5
2
1
-5
-2
5
13
14
9
3
2
8
16
18
12
5
0
3
5
8
7
2
-4
-15
-12
-9
-7
-6
-4
-1
-2
-4
-8
-9
-16
-15
-11
-13
-10
-13
-19
-23
-21
-21
-21
-23
-22
-19
-26
-29
-28
-30
-29
-32
-31
-28
-26
-24
-21
-18
-19
-24
-25
-21
-20
-19
-12
-16
-22
-19
-16
-9
-10
-12
-14
-14
-14
-12
-7
-8
-8
-7
-2
2
-4
-1
1
-1
4
7
12
13
9
7
14
24
26
17
15
20
21
20
16
21
27
23
18
18
19
24
24
25
28
27
27
21
12
14
12
9
6
0
0
4
5
7
3
0
-6
0
5
6
1
0
7
12
14
12
12
11
9
7
12
11
9
4
4
5
3
2
2
11
19
26
20
15
12
7
6
3
0
2
1
-5
-10
-12
-10
-3
-1
-1
-3
-6
-4
-2
2
2
3
11
14
10
4
1
3
7
8
5
5
7
0
-4
-3
-4
-3
1
1
2
-4
-4
-1
6
9
-1
-4
-4
-3
-1
-4
-5
-4
-6
-14
-17
-22
-23
-27
-28
-29
-32
-32
-34
-38
-42
-38
-36
-34
-37
-43
-44
-42
-36
-29
-29
-28
-31
-26
-22
-20
-17
-14
-11
-13
-15
-12
-12
-9
-11
-14
-9
-6
-4
-4
-6
-11
-13
-5
-1
6
7
9
16
20
23
22
17
13
14
20
28
33
31
29
27
32
35
40
36
33
37
33
33
31
30
33
31
28
26
26
22
17
17
12
13
9
9
20
16
8
6
8
7
5
1
9
15
15
15
17
21
24
20
16
15
15
19
18
19
22
19
16
8
5
6
8
2
-7
-13
-11
-9
-9
-10
-13
-17
-15
-10
-5
-3
-8
-18
-20
-20
-13
-12
-8
-7
-18
-20
-15
-11
-6
-9
-11
-11
-15
-19
-25
-26
-24
-25
-26
-24
-24
-24
-25
-29
-33
-31
-28
-28
-25
-19
-18
-18
-18
-13
-11
-11
-11
-11
-9
-8
-8
-3
-1
-8
-8
-7
-5
4
4
8
11
10
5
3
2
0
-5
-3
2
3
-2
-9
-12
-17
-13
-11
-10
-5
0
1
10
8
-6
-4
3
-5
-3
-5
-1
3
5
10
7
13
17
16
17
14
4
6
6
7
14
21
23
23
23
18
15
11
11
8
4
10
10
13
13
14
13
10
8
5
3
8
9
13
19
13
13
14
11
12
13
14
10
12
20
23
25
27
25
33
31
30
30
24
23
27
27
26
31
32
19
11
18
21
24
14
7
5
3
-4
-8
-1
-5
-13
-19
-15
-20
-20
-17
-13
-17
-16
-15
-17
-11
-16
-21
-27
-29
-27
-29
-33
-38
-36
-39
-43
-47
-42
-39
-36
-35
-37
-32
-34
-35
-32
-35
-44
-47
-45
-38
-33
-26
-20
-16
-14
-14
-18
-19
-22
-20
-16
-16
-10
-3
0
-1
-6
-2
4
8
10
10
12
11
13
22
25
17
13
10
18
27
26
26
22
16
11
8
14
17
15
17
26
33
31
26
31
29
25
28
22
16
19
17
14
12
12
16
17
18
16
18
17
13
9
8
5
3
-2
4
11
9
12
11
13
6
-2
6
6
8
9
7
6
5
3
3
1
-7
-13
-16
-6
-3
-1
-3
-10
-12
-14
-13
-11
-13
-13
-11
-9
-1
2
6
8
2
3
5
14
14
12
11
7
6
10
13
16
17
16
15
15
13
11
11
12
9
-2
-3
-3
-9
-16
-22
-17
-12
-12
-9
-7
-6
-11
-20
-26
-31
-27
-23
-23
-21
-24
-23
-27
-25
-21
-32
-34
-39
-43
-38
-30
-29
-28
-33
-36
-26
-20
-9
-12
-18
-13
-10
-8
-9
-9
-11
-20
-30
-23
-15
1
6
5
18
22
25
24
18
16
14
14
19
29
35
38
35
34
26
21
26
25
21
21
29
31
32
29
21
16
9
2
-2
3
11
18
20
18
11
11
14
14
5
-2
0
-1
3
9
9
5
3
1
6
7
4
-1
-2
-3
-8
-9
-11
-6
-6
-7
-4
-3
0
-3
-2
-2
-11
-19
-16
-13
-5
2
1
-1
-2
-1
-2
-1
-7
-6
-3
-6
-4
-6
-12
-15
-11
-5
5
6
4
8
6
2
1
-1
3
-2
0
1
2
12
12
14
20
25
23
20
22
18
17
14
7
3
3
12
19
16
4
-3
-6
-4
-3
-2
-3
-9
-9
-16
-17
-20
-23
-28
-28
-23
-21
-21
-26
-28
-28
-29
-22
-16
-11
-8
-9
-6
0
0
-5
-7
-11
-10
-13
-15
-14
-11
-8
-7
-6
-2
2
-4
-11
-15
-14
-10
-9
-4
4
2
4
6
3
-1
-4
-3
1
5
7
4
6
11
12
16
17
17
14
6
5
7
7
10
8
13
12
3
-1
2
5
8
11
5
-4
-8
-5
3
11
7
5
-1
-7
-10
3
7
7
16
12
14
8
5
4
4
3
-2
-1
0
9
15
11
2
-1
-1
1
3
1
4
11
21
27
31
30
27
18
21
25
25
19
14
10
8
15
16
22
19
8
7
10
15
16
13
14
16
3
-5
-6
-11
-14
-20
-20
-21
-22
-19
-11
-5
-4
-4
-5
-11
-20
-28
-29
-26
-19
-13
-16
-17
-17
-15
-16
-16
-19
-19
-18
-25
-27
-26
-27
-30
-29
-25
-18
-16
-18
-22
-20
-15
-21
-28
-28
-25
-18
-20
-14
-9
-8
-9
-16
-14
-13
-12
-2
9
10
10
13
16
16
9
7
4
4
8
14
18
21
23
22
21
20
14
15
17
9
10
17
21
23
14
8
10
9
12
15
21
19
13
9
16
13
8
2
6
10
5
8
10
15
15
8
2
-10
-8
-11
-8
-5
-9
-14
-11
-6
-5
1
11
15
13
12
9
7
3
1
0
-1
-2
-1
4
5
5
3
5
5
4
1
1
-3
0
3
5
7
8
11
13
16
14
12
11
17
17
10
9
8
11
12
7
9
13
7
7
10
11
8
1
-5
-5
-4
-5
-7
-14
-25
-30
-27
-21
-18
-18
-18
-15
-10
-8
-15
-14
-19
-22
-17
-19
-24
-29
-22
-15
1
7
-7
-17
-24
-23
-26
-28
-24
-17
-14
-15
-19
-18
-17
-18
-12
-17
-21
-22
-18
-7
-4
-11
-23
-29
-29
-28
-23
-19
-18
-5
1
8
10
12
10
6
-5
-7
5
12
20
19
19
22
27
33
37
39
33
31
31
30
27
24
25
27
23
18
24
29
31
31
25
20
12
11
7
11
16
12
13
17
17
21
21
18
10
1
4
2
4
4
5
2
5
3
-1
-5
-11
-3
-4
4
9
11
7
3
-5
-9
-10
-10
-7
-11
-9
-13
-18
-11
-9
-1
-10
-22
-22
-16
-13
-15
-12
-6
-13
-15
0
-3
-8
-7
-2
6
-4
-7
0
5
2
1
6
15
15
14
13
4
2
-3
-6
-5
-2
-3
-10
-10
-2
6
1
-11
-19
-19
-15
-9
-2
-2
-9
-16
-16
-14
-19
-26
-29
-30
-27
-24
-20
-14
-12
-15
-14
-14
-14
-15
-15
-18
-21
-15
-12
-5
-5
-7
-11
-9
-5
-7
-4
7
18
18
20
21
13
13
7
6
10
4
5
13
19
25
21
17
15
11
13
19
25
29
29
21
16
22
22
25
25
15
13
12
7
5
4
-1
4
3
1
-1
-7
-14
-12
-5
-1
1
0
3
1
1
1
0
0
0
-4
0
7
8
9
7
8
13
16
20
19
13
0
-7
-12
-7
-4
2
7
5
5
-2
-1
-6
-10
-7
-10
-12
-15
-16
-9
-4
-13
-20
-21
-21
-18
-16
-9
-5
-7
-1
-2
1
0
0
5
7
7
4
8
11
9
5
7
13
10
2
-3
-1
3
4
7
8
8
12
14
14
10
6
2
-5
-8
-7
-8
-5
-2
0
-2
-7
-4
-7
-11
-18
-19
-17
-19
-16
-18
-19
-14
-21
-19
-18
-17
-16
-19
-15
-18
-15
-14
-13
4
5
1
2
6
11
5
-4
-7
-9
-4
-4
-3
-2
-6
-8
-4
1
6
9
8
11
9
10
8
8
6
6
4
0
3
3
3
2
2
-6
-16
-16
-17
-20
-12
-8
-7
-6
-11
-4
1
3
3
-3
-1
-2
3
4
6
12
15
21
27
24
21
22
18
20
22
25
26
31
31
34
32
21
20
23
23
16
13
16
19
27
22
22
25
19
17
14
12
8
8
5
-1
2
2
6
5
5
10
18
15
14
10
-1
-9
-7
-2
-5
-11
-10
-3
-6
-2
-3
-8
-7
-12
-20
-22
-19
-18
-14
-22
-23
-26
-29
-28
-31
-32
-35
-35
-36
-33
-30
-27
-30
-37
-40
-37
-28
-23
-17
-16
-20
-23
-28
-27
-26
-21
-20
-18
-11
-12
-5
1
-3
-7
-12
-13
-10
-9
-12
-12
-12
-15
-14
-1
8
5
1
-3
-6
-5
5
13
14
11
2
5
12
16
17
15
17
22
23
23
24
20
16
20
29
32
35
35
29
25
26
30
28
26
23
21
19
20
22
23
16
12
7
2
2
8
11
15
11
7
2
-2
6
13
17
20
22
19
27
34
39
36
28
27
27
30
32
23
21
17
13
14
9
11
10
5
-2
-6
-9
-5
-3
-5
-6
-11
-11
-10
-14
-20
-27
-31
-30
-26
-27
-31
-34
-29
-28
-31
-33
-34
-41
-52
-51
-47
-38
-33
-32
-29
-25
-29
-37
-30
-31
-30
-39
-34
-24
-19
-14
-17
-14
-18
-19
-20
-16
-11
-15
-17
-11
-3
0
-4
0
0
-4
-2
-2
6
11
14
13
8
7
15
20
25
29
25
21
15
14
11
6
1
3
9
15
18
21
25
27
20
20
22
21
23
18
18
17
17
15
6
5
5
7
9
9
5
2
2
6
14
14
17
17
19
24
21
27
26
25
23
17
10
6
7
11
19
17
12
10
4
-7
-13
-13
-11
-13
-9
-6
2
12
10
11
-1
-3
-6
-6
-3
-13
-15
-13
-9
-5
-5
-8
-6
-12
-13
-9
0
4
1
-6
-11
-15
-14
-11
-8
-2
-11
-13
-10
-7
2
6
7
2
-8
-10
-9
-9
-6
-2
-3
-9
-12
-14
-9
-11
-11
-12
-12
-14
-15
-14
-18
-25
-26
-24
-16
-19
-19
-14
-19
-15
-16
-15
-11
-11
-5
-4
0
-2
-3
-4
-3
-3
-5
1
2
0
-1
4
6
10
10
7
11
7
12
15
19
21
20
21
16
10
5
4
11
13
10
12
17
22
26
32
31
25
22
21
27
19
15
11
6
3
-2
2
5
10
9
3
-3
-1
2
1
-1
-8
-16
-18
-17
-16
-18
-16
-11
-12
-8
-4
-8
-12
-16
-10
-5
3
9
5
-1
-9
-13
-16
-16
-9
-7
-9
-9
-11
-11
-10
-2
-3
-4
-3
-2
0
5
10
9
10
2
-1
8
8
8
9
8
13
13
10
5
6
17
20
16
11
7
3
5
2
5
11
19
23
18
15
6
-5
-3
3
6
2
-3
-2
4
7
1
2
6
0
0
2
2
0
-4
-10
-14
-15
-12
-11
-9
-13
-14
-11
-7
-7
-11
-20
-25
-21
-17
-17
-23
-22
-23
-23
-25
-24
-16
-8
0
-2
-7
-14
-17
-16
-18
-13
-13
-7
-1
4
15
22
25
23
20
16
13
15
17
9
4
12
14
11
9
6
8
10
5
-1
0
3
3
12
17
9
8
20
9
-1
-9
-13
0
-1
-2
1
-7
-10
-7
1
7
-5
-8
-10
-8
-9
-10
-6
-8
-10
-9
-2
-4
0
-2
-8
-5
-5
-9
-8
-6
-4
4
5
4
7
8
4
1
2
3
6
13
16
10
7
5
5
12
11
5
3
4
1
4
7
11
13
9
5
3
7
6
3
16
18
7
11
10
8
8
2
3
4
1
-5
1
8
-2
-8
-7
-2
-1
-1
4
4
9
6
4
9
5
1
3
6
8
10
5
-3
-10
-19
-19
-13
-8
-2
-2
-1
0
-6
-5
-4
-6
-6
-6
-3
-7
-6
-4
-8
-13
-8
-6
-9
-10
-11
-14
-19
-18
-16
-14
-9
-16
-9
-6
-3
4
4
-2
-8
-14
-17
-15
-16
-13
-10
-7
-1
5
13
16
14
9
2
-4
-2
-5
-1
-6
-5
-8
-14
0
2
8
8
4
0
-7
-3
2
1
-2
-9
-8
-2
-1
3
8
7
6
4
-1
3
1
1
-1
-2
3
3
6
6
7
8
2
2
7
8
3
-7
-7
-2
-4
-1
1
-3
-5
-9
-5
2
6
5
3
-3
0
4
12
15
17
26
27
28
28
25
20
14
14
18
24
28
20
19
18
8
5
7
6
3
1
5
12
16
13
17
18
19
12
10
19
18
14
11
12
14
13
9
5
-1
-10
-15
-15
-10
-13
-18
-18
-22
-22
-15
-14
-10
-10
-8
-7
-13
-22
-32
-32
-26
-26
-24
-19
-17
-16
-20
-24
-25
-24
-19
-16
-13
-13
-23
-29
-23
-20
-14
-22
-31
-36
-35
-19
-8
-8
-10
-17
-24
-21
-21
-21
-19
-17
-7
-3
2
3
5
11
10
13
13
14
16
10
15
16
16
15
14
12
10
9
7
10
15
15
10
11
12
15
20
22
23
16
7
9
18
23
26
27
32
29
20
22
26
24
23
20
16
17
11
13
14
8
7
5
5
6
11
5
-3
-4
-13
-15
-10
-8
-5
-5
-10
-14
-17
-12
-7
-8
-9
-6
-4
-2
3
6
-1
-10
-11
-11
-7
-11
-12
-14
-13
-9
-2
6
6
1
-4
1
10
14
17
18
20
20
21
19
17
13
13
12
16
16
11
10
7
5
3
4
3
3
3
5
-2
-10
-19
-18
-10
-8
-10
-14
-17
-20
-15
-12
-16
-19
-21
-22
-20
-21
-26
-27
-30
-35
-32
-28
-26
-21
-20
-14
-16
-19
-22
-18
-15
-16
-20
-23
-18
-14
1
5
5
0
-1
4
5
-1
-5
-4
-2
0
6
10
5
4
6
10
20
17
10
9
17
18
15
15
12
6
6
6
7
15
17
20
22
10
-4
-3
2
6
3
-1
-4
-4
4
14
15
13
5
-4
1
3
9
11
10
8
4
6
9
9
6
2
-2
-7
-1
6
12
10
5
-3
-7
2
1
3
0
-2
2
10
15
11
13
11
8
-4
-8
-3
5
7
2
9
5
4
4
7
13
5
5
6
9
20
18
10
13
16
14
9
9
7
12
19
22
34
33
26
16
11
11
11
11
4
2
4
13
20
19
13
4
-3
-11
-15
-18
-20
-17
-16
-19
-29
-38
-36
-25
-17
-23
-25
-27
-25
-24
-28
-36
-50
-54
-46
-36
-33
-28
-35
-40
-47
-54
-53
-53
-44
-40
-39
-37
-35
-33
-35
-39
-41
-36
-21
-19
-22
-23
-26
-24
-18
-8
-2
2
7
6
8
10
15
22
24
17
14
21
35
45
43
39
39
43
50
52
50
51
52
59
63
66
68
60
49
42
32
33
48
56
52
43
35
26
29
33
34
33
30
26
18
10
8
14
14
11
-4
-14
-21
-20
-13
-17
-16
-14
-11
-5
-3
-8
-10
-13
-11
-5
-13
-17
-19
-16
-12
-22
-17
-18
-23
-26
-33
-35
-34
-29
-27
-29
-37
-37
-32
-18
-10
-16
-23
-26
-19
-12
-10
-11
-13
-19
-17
-13
-7
-1
3
1
1
3
8
15
16
16
7
5
5
14
22
25
17
5
2
5
7
7
8
14
19
18
21
22
11
0
-4
-1
13
19
11
10
2
2
7
7
7
-2
-7
-16
-12
-6
-4
-1
2
-3
-14
-20
-20
-13
-4
3
-3
-11
-12
-11
-6
-4
-9
-9
-21
-23
-20
-20
-18
-24
-31
-35
-45
-49
-43
-37
-37
-44
-42
-38
-37
-36
-34
-39
-48
-51
-46
-40
-33
-33
-28
-27
-26
-25
-25
-24
-20
-19
-16
-12
-6
0
11
17
12
16
19
28
32
44
49
56
62
58
58
55
56
60
71
83
94
95
95
98
103
110
115
117
119
122
139
164
166
178
184
181
182
183
197
214
231
243
258
254
238
217
202
181
158
133
94
75
58
33
-11
-63
-104
-138
-171
-209
-252
-296
-336
-378
-416
-449
-482
-514
-542
-550
-554
-565
-576
-577
-567
-545
-526
-496
-455
-418
-382
-345
-307
-265
-218
-168
-127
-96
-64
-36
0
41
87
119
144
169
191
225
259
283
308
341
363
372
391
411
425
441
457
477
495
510
518
522
518
497
477
469
456
442
424
406
389
378
349
321
305
295
291
293
289
290
309
334
358
350
282
203
164
160
135
77
32
22
4
-63
-151
-217
-240
-254
-291
-369
-472
-573
-645
-674
-698
-771
-893
-977
-995
-982
-994
-1035
-1074
-1076
-1049
-1022
-997
-966
-917
-839
-734
-627
-530
-442
-339
-224
-127
-62
-25
20
100
196
268
309
340
370
416
462
501
520
533
548
569
593
599
594
583
589
599
605
605
606
616
629
631
614
593
581
581
589
590
572
543
524
515
508
485
448
416
390
363
332
287
248
215
191
163
118
72
36
9
-25
-63
-105
-137
-165
-201
-242
-293
-332
-357
-367
-384
-405
-424
-441
-456
-479
-502
-513
-497
-477
-452
-406
-335
-261
-212
-209
-227
-227
-212
-183
-148
-109
-72
-49
-50
-59
-64
-62
-48
-31
-31
-56
-98
-133
-155
-182
-241
-331
-417
-467
-497
-520
-545
-576
-603
-616
-609
-600
-592
-599
-575
-513
-435
-349
-261
-173
-78
6
60
99
142
195
259
328
381
421
441
446
453
464
479
485
489
492
499
502
487
475
467
462
461
455
454
459
463
471
475
470
469
468
469
477
478
470
465
461
458
459
451
444
430
404
368
321
279
236
194
166
141
108
66
11
-36
-79
-116
-147
-178
-198
-208
-222
-232
-235
-224
-203
-183
-157
-115
-45
27
56
26
-26
-44
-24
-12
-18
-28
-34
-62
-138
-213
-253
-259
-271
-317
-396
-494
-601
-676
-714
-762
-843
-959
-1048
-1077
-1068
-1078
-1112
-1143
-1148
-1118
-1076
-1026
-975
-916
-839
-732
-615
-509
-411
-299
-172
-63
13
62
125
210
301
388
437
465
493
537
590
632
654
668
683
717
745
767
776
770
776
788
810
824
840
849
845
827
796
770
746
742
742
724
693
654
616
589
564
527
487
446
405
364
321
264
213
168
124
83
41
-6
-49
-93
-145
-196
-242
-275
-296
-325
-365
-400
-427
-449
-464
-454
-425
-387
-359
-338
-308
-234
-141
-82
-80
-105
-90
-48
-10
-7
1
24
44
19
-37
-70
-71
-62
-79
-126
-198
-285
-369
-426
-484
-569
-693
-802
-854
-865
-886
-933
-970
-989
-980
-962
-940
-911
-866
-792
-689
-580
-489
-408
-324
-211
-96
-6
49
100
164
240
309
351
366
373
390
415
446
464
478
492
507
526
529
518
506
510
531
550
553
556
560
557
554
544
529
523
534
545
553
541
514
495
484
481
472
451
436
417
393
360
324
293
264
234
200
167
139
114
95
63
25
-10
-38
-50
-62
-83
-118
-143
-156
-139
-116
-99
-73
-42
-10
15
78
184
272
268
199
161
191
224
207
182
190
195
137
48
-9
-13
-33
-97
-184
-279
-392
-515
-600
-662
-767
-937
-1098
-1176
-1195
-1232
-1320
-1406
-1447
-1447
-1438
-1423
-1406
-1384
-1330
-1229
-1095
-979
-893
-797
-662
-511
-402
-331
-251
-139
-13
105
185
245
303
362
428
499
559
602
649
714
775
818
834
840
874
924
965
987
997
1007
1018
1027
1021
1000
984
974
981
985
960
934
912
900
882
848
809
765
724
684
640
587
525
462
405
347
273
209
152
102
58
9
-57
-112
-151
-194
-241
-296
-358
-409
-446
-461
-453
-425
-393
-368
-353
-319
-233
-130
-83
-125
-183
-176
-141
-133
-150
-140
-109
-116
-201
-285
-299
-277
-282
-330
-404
-508
-625
-712
-754
-804
-936
-1107
-1205
-1196
-1164
-1195
-1279
-1333
-1341
-1324
-1289
-1254
-1220
-1178
-1089
-942
-789
-677
-588
-469
-309
-176
-103
-48
35
164
290
381
437
470
505
551
606
657
695
716
755
807
854
871
858
855
876
911
948
975
996
1017
1023
1013
987
962
945
938
941
930
900
871
841
821
795
753
702
657
604
546
483
417
358
298
239
183
120
60
8
-35
-75
-118
-161
-198
-225
-263
-302
-341
-376
-403
-414
-409
-382
-335
-287
-255
-224
-181
-97
20
86
61
-13
-36
0
33
13
-8
14
9
-58
-156
-193
-180
-195
-259
-363
-474
-593
-700
-759
-800
-924
-1106
-1241
-1270
-1259
-1312
-1399
-1468
-1489
-1479
-1451
-1415
-1364
-1313
-1235
-1100
-950
-826
-726
-591
-425
-273
-177
-115
-23
116
245
345
424
473
524
578
647
717
756
771
784
823
879
907
900
894
913
954
973
981
1003
1015
1019
1015
1008
991
957
938
942
951
936
910
892
880
850
804
757
703
653
608
556
484
404
336
271
213
156
86
16
-47
-103
-156
-213
-272
-321
-354
-394
-434
-466
-485
-495
-490
-470
-430
-381
-332
-278
-209
-94
43
122
93
29
23
101
151
141
121
144
141
59
-60
-109
-87
-100
-164
-277
-385
-511
-647
-722
-770
-893
-1088
-1241
-1276
-1254
-1306
-1422
-1496
-1507
-1489
-1461
-1416
-1369
-1329
-1263
-1137
-983
-859
-769
-640
-467
-312
-219
-157
-68
54
171
269
343
398
441
490
549
610
643
643
656
718
799
849
852
840
853
884
923
956
979
1003
1019
1028
1019
989
956
937
954
980
987
972
947
916
877
826
767
712
673
654
626
562
478
393
318
269
223
173
119
72
34
-3
-54
-129
-182
-213
-223
-247
-286
-312
-332
-332
-321
-290
-247
-197
-151
-80
47
155
152
57
-5
41
118
121
76
74
84
16
-126
-225
-231
-211
-244
-337
-446
-584
-745
-856
-913
-994
-1160
-1350
-1442
-1420
-1421
-1521
-1652
-1729
-1735
-1701
-1643
-1575
-1520
-1471
-1375
-1220
-1063
-961
-865
-697
-491
-329
-241
-173
-71
61
167
247
314
370
442
526
602
652
659
641
662
747
857
933
959
963
978
993
1015
1042
1076
1112
1140
1156
1147
1125
1105
1103
1120
1139
1151
1159
1173
1171
1137
1070
1003
951
922
905
870
817
739
650
562
495
428
374
327
281
229
156
75
-7
-77
-139
-194
-236
-266
-290
-309
-327
-329
-306
-268
-243
-215
-123
13
59
-34
-171
-205
-146
-124
-176
-209
-187
-212
-333
-480
-533
-529
-561
-646
-737
-840
-998
-1151
-1239
-1287
-1417
-1630
-1783
-1776
-1714
-1750
-1866
-1966
-1993
-1965
-1907
-1819
-1718
-1628
-1524
-1352
-1140
-975
-871
-738
-518
-285
-110
-1
98
230
352
448
541
628
695
779
890
994
1044
1013
967
1001
1102
1205
1244
1249
1260
1280
1301
1302
1289
1276
1285
1308
1337
1343
1303
1254
1223
1213
1197
1167
1153
1149
1155
1133
1065
973
879
811
775
744
689
611
534
464
396
314
222
138
88
52
-4
-75
-163
-246
-319
-385
-433
-441
-435
-440
-442
-442
-440
-426
-382
-271
-119
-51
-135
-275
-325
-263
-209
-233
-265
-263
-294
-394
-513
-558
-540
-544
-616
-727
-837
-971
-1090
-1159
-1206
-1321
-1516
-1680
-1715
-1661
-1669
-1780
-1906
-1958
-1924
-1849
-1765
-1676
-1585
-1482
-1321
-1117
-940
-814
-693
-498
-244
-21
125
224
321
424
526
604
680
742
823
936
1045
1110
1070
997
994
1072
1168
1207
1206
1215
1253
1282
1273
1225
1175
1147
1164
1214
1240
1222
1183
1162
1150
1136
1105
1070
1070
1105
1125
1096
1023
923
835
784
745
703
641
570
514
470
411
323
229
134
57
-5
-68
-136
-196
-249
-304
-364
-433
-491
-526
-518
-462
-404
-376
-335
-205
-49
-30
-178
-350
-386
-305
-261
-272
-258
-237
-323
-506
-664
-705
-680
-682
-761
-849
-939
-1060
-1183
-1283
-1376
-1522
-1720
-1857
-1832
-1732
-1712
-1788
-1896
-1942
-1929
-1892
-1810
-1672
-1508
-1350
-1150
-917
-725
-609
-507
-335
-89
146
317
452
587
701
791
850
885
903
950
1074
1229
1300
1222
1095
1062
1132
1184
1181
1140
1122
1131
1215
1315
1298
1127
943
884
937
999
1017
972
888
838
859
932
979
962
939
946
975
999
959
857
719
629
639
660
652
611
550
485
376
272
221
179
113
43
-27
-74
-147
-257
-369
-430
-362
-176
17
120
258
621
1043
1032
488
-88
-187
46
118
-38
-144
-221
-549
-1063
-1369
-1362
-1464
-1866
-2182
-2032
-1775
-1960
-2460
-2821
-2892
-2928
-3000
-2917
-2663
-2466
-2331
-2028
-1679
-1558
-1693
-1677
-1270
-702
-228
93
422
747
924
984
1049
1132
1187
1251
1389
1512
1416
1141
861
630
402
165
16
-15
-1
-42
-70
-41
-17
-18
9
130
307
489
683
906
1135
1284
1310
1276
1281
1365
1501
1603
1625
1605
1591
1538
1432
1309
1195
1081
979
919
864
748
576
448
400
347
248
182
149
137
140
177
205
175
145
147
194
253
270
253
267
286
293
337
466
707
1178
1991
2700
2377
996
-230
-357
56
-25
-576
-909
-1128
-1846
-2795
-3122
-2864
-2959
-3569
-3675
-2745
-1811
-1953
-2729
-2970
-2562
-2243
-2177
-1963
-1533
-1151
-767
-148
286
15
-638
-861
-485
9
320
527
714
706
413
56
-143
-161
-121
-148
-233
-248
-172
-191
-410
-698
-837
-765
-577
-306
15
359
674
938
1170
1338
1454
1569
1710
1835
1904
1984
2103
2083
1773
1355
1145
1161
1110
854
600
496
467
429
380
352
286
218
257
413
525
544
556
642
793
921
967
918
808
730
745
811
802
625
425
364
422
414
126
-336
-636
-556
-111
460
893
1301
2080
2918
2751
1380
-4
-339
-122
-345
-799
-895
-1089
-2216
-3575
-3764
-3078
-2994
-3653
-3690
-2503
-1291
-1251
-1878
-2111
-1952
-1931
-1901
-1507
-1037
-824
-567
-35
203
-270
-1010
-1315
-1160
-886
-468
97
493
421
104
-130
-235
-241
-182
-121
9
404
834
745
145
-406
-665
-715
-553
-161
280
540
692
966
1359
1537
1461
1470
1691
1963
2115
2144
2108
1970
1609
1120
810
640
390
191
247
389
391
345
343
302
182
183
366
643
990
1250
1346
1251
1096
923
634
271
14
-17
38
78
65
-129
-466
-566
-442
-354
-397
-443
-226
64
450
903
1394
2297
3486
3847
2571
765
-145
-181
-398
-1101
-1567
-1606
-2294
-3691
-4125
-3361
-2933
-3505
-3794
-2658
-867
-230
-846
-1172
-897
-850
-1157
-1121
-773
-616
-536
-87
436
264
-644
-1451
-1517
-1109
-617
-161
243
518
568
386
135
100
194
112
-159
-286
-136
-72
-364
-820
-1114
-1207
-1262
-1175
-745
-70
554
1032
1468
1888
2188
2240
2127
2007
1931
1869
1789
1626
1296
887
539
301
72
-170
-258
-176
-17
276
675
989
1068
967
888
948
1087
1162
1176
1228
1180
966
828
714
405
-19
-260
-268
-144
17
65
-11
-146
-318
-498
-552
-453
-189
166
467
723
1088
1943
3259
3903
2646
431
-705
-669
-900
-1697
-2138
-2086
-2481
-3472
-3815
-3066
-2415
-2778
-3157
-2084
-91
817
124
-591
-395
-85
-299
-674
-874
-998
-997
-649
-180
-200
-872
-1642
-1870
-1460
-805
-280
131
563
827
816
781
858
792
305
-387
-731
-631
-599
-928
-1324
-1513
-1570
-1575
-1418
-965
-320
267
820
1490
2166
2518
2401
2029
1686
1431
1167
943
816
679
470
292
203
160
106
40
111
431
1019
1600
1873
1894
1855
1725
1476
1335
1268
1070
865
672
471
418
351
26
-368
-555
-527
-306
-133
-211
-117
187
283
262
276
255
371
710
1134
2191
3866
4483
3019
676
-841
-1191
-1414
-2230
-2947
-2952
-3040
-3593
-3642
-2895
-2350
-2675
-3036
-2125
-213
859
326
-418
-300
50
-207
-869
-1284
-1282
-1101
-801
-352
-54
-349
-1115
-1516
-1050
-218
301
550
870
1234
1370
1227
1049
795
192
-531
-860
-838
-970
-1422
-1889
-1969
-1676
-1370
-1227
-1012
-442
390
1136
1577
1860
2169
2390
2243
1646
963
605
466
175
-244
-433
-258
-55
-130
-246
-46
323
559
785
1125
1543
1998
2175
1903
1607
1553
1417
1112
954
940
852
638
367
123
-95
-334
-557
-649
-398
104
499
636
579
391
163
199
620
1268
2151
3399
4282
3533
1375
-492
-1373
-1970
-2683
-3169
-3184
-3172
-3569
-3870
-3191
-2026
-1760
-2222
-1878
-231
1196
1147
427
199
186
-267
-982
-1410
-1415
-1240
-1053
-714
-304
-394
-1044
-1506
-1224
-533
80
673
1298
1624
1457
1148
1011
860
349
-484
-1155
-1330
-1262
-1392
-1713
-1967
-1953
-1609
-1108
-646
-206
326
992
1717
2265
2429
2249
1909
1497
968
362
-97
-306
-448
-632
-727
-628
-431
-344
-311
-68
492
1190
1645
1743
1792
1964
1957
1623
1368
1324
1278
1151
900
677
645
556
250
69
165
164
-4
-79
98
404
446
275
261
420
635
952
1340
1943
3155
4394
4211
2261
-64
-1412
-1952
-2496
-3138
-3476
-3590
-3918
-4198
-3526
-2154
-1483
-1879
-2012
-860
633
925
131
-446
-476
-640
-1228
-1769
-1927
-1885
-1812
-1514
-821
-198
-276
-877
-1080
-510
274
896
1480
1961
2055
1828
1593
1395
874
-159
-1230
-1699
-1629
-1569
-1646
-1606
-1351
-995
-671
-277
351
1059
1552
1875
2232
2615
2759
2350
1459
506
-165
-464
-568
-765
-954
-782
-305
36
92
78
104
294
700
1131
1446
1750
1976
1715
1130
661
305
75
34
131
278
440
464
214
-72
-236
-207
-96
-41
40
297
704
872
744
798
1217
1855
2865
4190
4886
3936
1693
-321
-1223
-1653
-2475
-3414
-3874
-4059
-4232
-3877
-2783
-1766
-1567
-1751
-1267
72
1027
613
-348
-798
-799
-915
-1370
-1873
-2030
-1738
-1281
-847
-501
-433
-685
-872
-415
540
1372
1800
1891
1782
1642
1622
1575
1143
191
-921
-1669
-1955
-2094
-2256
-2283
-2024
-1494
-802
-56
658
1157
1480
1893
2413
2748
2667
2247
1661
1062
495
-55
-459
-680
-765
-621
-325
-6
216
208
76
99
383
776
1211
1546
1532
1271
1049
792
330
11
-29
-112
-210
-178
-235
-465
-535
-436
-357
-92
253
385
455
500
537
625
704
874
1279
1923
3009
4481
4928
3406
1031
-818
-1784
-2166
-2554
-3157
-3556
-3732
-3943
-3611
-2407
-1435
-1470
-1661
-856
609
1355
819
-257
-951
-1139
-1275
-1617
-1922
-2021
-1864
-1307
-524
-53
-124
-507
-663
-179
585
1205
1781
2187
2057
1639
1440
1404
973
-166
-1457
-2029
-1961
-1952
-2101
-2059
-1668
-1030
-432
46
652
1398
1986
2340
2616
2785
2703
2261
1567
848
242
-214
-510
-662
-649
-397
-81
185
495
700
581
439
653
983
1182
1312
1361
1292
1110
806
319
-346
-923
-1075
-723
-288
-18
114
-33
-244
-300
-263
-214
-224
-305
-301
22
499
914
1291
1716
2675
4200
5164
4268
1810
-395
-1457
-1907
-2442
-3120
-3657
-4144
-4528
-4117
-2607
-1268
-1264
-1765
-1287
254
1264
659
-549
-1060
-927
-972
-1475
-1940
-1982
-1684
-1297
-742
-84
166
-145
-416
-76
653
1351
1894
2156
1981
1569
1391
1425
1064
-32
-1319
-2012
-2024
-1902
-2025
-2181
-1942
-1250
-425
278
897
1469
1960
2407
2716
2774
2602
2146
1388
589
102
-43
-52
-129
-266
-181
180
542
716
766
770
790
918
1049
1100
1074
874
518
255
107
-94
-354
-528
-583
-508
-292
-122
-153
-376
-569
-499
-157
120
46
-135
-182
-92
312
1081
2024
3431
5038
5514
4112
1821
40
-984
-1701
-2585
-3413
-3833
-4128
-4404
-3962
-2602
-1569
-1622
-1857
-1136
311
1012
303
-737
-1111
-1073
-1286
-1764
-2076
-1920
-1347
-757
-294
16
2
-320
-362
312
1239
2009
2551
2736
2476
1839
965
69
-667
-1388
-2041
-2244
-2097
-1985
-2002
-1982
-1632
-866
17
747
1439
2109
2561
2747
2589
2154
1710
1311
782
150
-273
-286
0
282
407
431
481
612
762
871
1014
1185
1110
889
797
856
798
323
-245
-477
-428
-409
-511
-554
-379
-109
-122
-228
-32
118
-25
-145
-66
161
370
219
-124
188
1125
2204
3640
5044
5221
3549
1013
-641
-1002
-1134
-1914
-2996
-3781
-4162
-4109
-3436
-2426
-1932
-2002
-1751
-599
801
1066
58
-938
-1342
-1660
-2009
-2240
-2475
-2491
-1915
-945
-50
321
-60
-623
-463
349
1195
2021
2751
2928
2433
1634
925
248
-720
-1873
-2574
-2534
-2233
-2098
-2047
-1741
-1070
-287
427
1172
1939
2474
2740
2883
2871
2602
2048
1260
430
-165
-441
-488
-278
32
215
392
710
1058
1158
1111
1221
1551
1895
1745
1189
897
900
604
7
-283
-340
-535
-727
-751
-512
-154
-31
-239
-369
-106
111
-55
-409
-514
-310
-302
-454
-117
985
2602
4248
5143
4456
2347
52
-1361
-1709
-1634
-1957
-2756
-3415
-3612
-3375
-2604
-1897
-1953
-2128
-1405
95
1185
1082
198
-689
-1328
-1846
-2320
-2716
-2911
-2695
-2015
-1050
-257
-116
-508
-805
-502
318
1388
2396
2958
2828
2133
1401
884
277
-777
-1919
-2446
-2310
-2048
-1992
-1942
-1585
-907
-154
623
1489
2275
2727
2918
3040
2960
2491
1724
975
401
-62
-361
-308
-1
133
-18
-121
99
538
841
868
899
1222
1555
1538
1337
1249
1177
858
396
188
303
315
-49
-453
-560
-536
-506
-470
-321
-32
109
-78
-342
-462
-666
-818
-287
919
2342
3780
4855
4659
2909
778
-577
-1087
-1433
-2151
-2930
-3457
-3867
-3991
-3300
-2267
-1905
-1982
-1645
-362
1154
1393
461
-291
-615
-1098
-1670
-2012
-2185
-2215
-2086
-1736
-1244
-1000
-1175
-1367
-946
122
1349
2374
2964
2834
2033
1222
805
482
-107
-906
-1599
-1959
-2066
-2159
-2266
-2215
-1843
-1127
-146
946
1849
2384
2660
2799
2833
2765
2474
1905
1277
821
527
376
322
204
-6
-277
-455
-301
36
359
666
900
1044
1163
1217
1150
1068
994
915
940
881
614
375
74
-349
-547
-546
-595
-522
-306
-210
-125
-83
-218
-121
464
1395
2737
4309
4930
3549
1077
-581
-959
-942
-1378
-2213
-2929
-3691
-4620
-4746
-3652
-2661
-2547
-2511
-1592
192
1405
971
-59
-444
-493
-680
-826
-961
-1134
-1138
-991
-794
-759
-1174
-1766
-1853
-1255
-190
1137
2154
2200
1406
658
570
895
969
476
-281
-866
-1225
-1573
-1949
-2231
-2240
-1783
-905
117
1081
1720
1833
1746
1845
2182
2586
2725
2435
2108
2014
1865
1449
810
112
-281
-178
132
314
335
284
144
-33
-101
-11
143
342
656
967
1160
1252
1222
1134
1074
888
414
-111
-440
-553
-413
-223
-146
-181
-361
-569
-475
141
1101
2341
3650
4226
3292
1215
-390
-754
-661
-964
-1777
-2912
-4299
-5339
-5108
-3777
-2721
-2661
-2669
-1773
-423
47
-570
-936
-560
-170
-7
288
561
383
-155
-648
-748
-630
-824
-1220
-1236
-731
59
910
1438
1170
232
-564
-563
77
653
767
569
236
-300
-1069
-1795
-2203
-2223
-1782
-812
467
1512
1936
1794
1454
1292
1415
1665
1857
1932
1926
1927
2012
2036
1732
1102
421
40
129
403
457
311
266
429
593
411
8
-93
200
480
564
633
775
1013
1083
857
692
610
280
-128
-304
-434
-471
-237
-137
-265
-32
565
1241
2102
2972
3162
2019
-4
-1327
-990
-153
-268
-1241
-2404
-3687
-4886
-5109
-4222
-3298
-2989
-2751
-1803
-501
-218
-1173
-1858
-1568
-1052
-603
-12
481
578
373
152
186
298
92
-220
-213
134
746
1529
1865
1200
41
-612
-396
202
568
486
38
-538
-1070
-1381
-1384
-1242
-1085
-745
-54
712
1175
1163
879
769
1082
1701
2246
2336
1894
1271
802
642
813
1008
1051
1123
1277
1273
1072
698
156
-268
-390
-287
-27
338
491
479
492
464
507
627
527
186
141
458
750
830
591
166
-149
-312
-446
-450
-178
274
880
1729
2852
3817
3457
1459
-583
-1091
-485
-146
-550
-1479
-2733
-4212
-5076
-4487
-3272
-2911
-3313
-3151
-2199
-1555
-1903
-2578
-2588
-2024
-1314
-457
133
-112
-827
-1019
-576
-140
122
480
983
1183
1114
1334
1843
1765
793
-35
54
731
1212
1101
536
-74
-571
-1054
-1433
-1508
-1341
-964
-293
467
1070
1387
1353
1240
1321
1546
1854
2159
2188
1917
1486
973
718
919
1188
1242
1308
1362
1233
924
565
227
146
274
239
88
-93
-193
-216
-194
-246
-178
198
585
781
739
482
275
269
211
7
2
74
72
204
358
616
977
1663
2681
3317
2496
571
-581
-414
138
122
-436
-1382
-2923
-4671
-5170
-3847
-2597
-2940
-3616
-3118
-2093
-1947
-2740
-3285
-2916
-2183
-1655
-1081
-728
-1084
-1579
-1235
-327
150
229
390
700
779
730
1070
1729
1802
1082
526
639
951
946
547
-81
-451
-459
-513
-678
-725
-667
-489
-170
124
433
877
1322
1626
1859
2137
2521
2781
2616
2101
1550
1163
1060
1192
1298
1397
1572
1682
1598
1258
763
255
-55
-186
-147
-41
-23
39
79
-106
-362
-302
26
341
468
413
396
493
500
443
450
314
-24
-390
-743
-949
-609
179
1013
2080
3112
3083
1568
-404
-1260
-462
663
637
-238
-1265
-2715
-4036
-4016
-2999
-2513
-2984
-3496
-3254
-2585
-2632
-3188
-2968
-2045
-1477
-1403
-1485
-1856
-2284
-2128
-1249
-131
536
595
441
314
189
439
1184
1652
1431
1091
1053
1096
1067
896
517
116
-187
-436
-569
-675
-872
-849
-415
110
470
713
815
831
978
1267
1693
2277
2773
2876
2546
1995
1527
1452
1621
1671
1679
1822
1951
1773
1321
858
560
290
6
-151
-108
-24
-10
-35
-77
-53
78
121
-3
-26
167
486
723
797
730
583
247
-138
-262
-319
-620
-682
-6
892
1720
2307
2100
694
-782
-958
191
1217
916
-351
-1740
-3006
-3788
-3256
-2047
-1845
-2879
-3668
-3431
-3025
-3332
-3768
-3276
-2210
-1724
-1864
-2005
-2248
-2606
-2436
-1448
-316
250
78
-362
-468
-54
771
1572
1797
1401
1034
999
1087
1213
1315
1172
767
384
86
-271
-670
-860
-670
-235
101
219
210
113
36
286
930
1687
2273
2507
2383
2059
1764
1724
2034
2451
2610
2497
2365
2146
1748
1366
1139
894
591
414
265
103
39
139
117
-33
-125
-139
-114
-156
-81
355
934
1168
990
812
786
562
128
-249
-51
539
955
989
939
1300
1612
1218
140
-541
-223
484
708
390
-339
-1714
-3394
-3889
-2691
-1511
-1912
-3336
-4092
-3860
-3507
-3461
-3340
-3113
-3136
-3199
-2884
-2510
-2566
-2690
-2205
-1307
-809
-784
-779
-618
-452
-51
778
1508
1440
734
236
371
986
1706
2020
1579
748
194
89
146
174
124
33
-124
-297
-306
-181
-77
19
275
695
1173
1541
1700
1700
1747
2034
2494
2748
2655
2439
2425
2593
2675
2483
2059
1632
1224
928
798
747
670
476
171
-142
-273
-173
-79
-24
39
207
378
358
256
311
588
808
778
558
317
239
337
652
1170
1861
2409
2197
963
-385
-506
551
1499
1387
385
-1069
-2623
-3447
-2648
-1172
-1024
-2500
-3955
-4206
-3728
-3421
-3298
-3132
-3220
-3600
-3750
-3464
-3309
-3407
-3032
-2001
-1256
-1348
-1697
-1691
-1252
-526
528
1436
1449
582
-155
32
879
1720
2056
1662
744
20
23
481
722
462
-13
-323
-412
-402
-276
-91
44
157
376
674
865
876
903
1186
1694
2199
2446
2411
2296
2366
2712
3061
3018
2542
2021
1825
1898
1823
1457
1053
730
399
195
184
191
126
13
-113
-119
-27
-50
-85
96
371
672
843
709
430
364
557
766
882
1090
1273
1419
1658
1795
1362
502
205
704
1217
964
96
-982
-2153
-2795
-2007
-661
-786
-2548
-3999
-3944
-3238
-3015
-3099
-3069
-3355
-4072
-4306
-3685
-3226
-3454
-3452
-2656
-1969
-2090
-2290
-1775
-922
-437
-43
532
726
218
-266
75
1045
1827
1924
1427
783
447
563
826
876
658
310
-58
-332
-421
-372
-226
-15
176
190
48
-4
167
531
1064
1669
2043
2055
1972
2043
2269
2506
2625
2690
2805
2776
2513
2215
1969
1733
1495
1263
961
791
779
794
712
448
131
-43
-65
-17
114
149
76
85
225
488
661
648
474
320
304
485
875
1136
1551
2133
2203
1365
497
645
1317
1319
524
-303
-1043
-1817
-1905
-947
-420
-1650
-3476
-3929
-3177
-2825
-3152
-3297
-3467
-4247
-4957
-4569
-3726
-3706
-4054
-3573
-2646
-2526
-2896
-2487
-1404
-735
-613
-293
266
367
105
328
1103
1736
1863
1650
1314
1094
1170
1403
1479
1183
592
0
-310
-276
-38
143
73
-152
-415
-621
-588
-149
536
1030
1191
1241
1436
1684
1843
1971
2178
2431
2594
2660
2610
2456
2201
1964
1867
1870
1789
1607
1362
1156
1075
1012
766
399
165
74
20
-26
-68
-128
-137
-84
137
379
269
-28
-77
191
519
633
631
829
1169
1575
2010
2079
1349
446
545
1445
1702
749
-437
-1176
-1672
-1750
-950
-244
-1120
-3037
-3940
-3298
-2705
-3078
-3567
-3741
-4144
-4653
-4420
-3612
-3443
-4008
-4022
-3109
-2445
-2515
-2351
-1478
-727
-632
-598
-102
449
598
678
1154
1770
1995
1827
1569
1410
1358
1305
1141
940
739
544
389
259
51
-243
-502
-566
-369
-7
366
609
678
656
715
984
1369
1717
1928
1949
1857
1833
1965
2124
2081
1833
1734
1881
2044
1950
1680
1434
1312
1191
964
724
584
465
245
145
90
-54
-286
-383
-203
28
58
-18
27
196
301
351
470
471
279
81
267
834
1307
1579
1694
1397
545
67
650
1463
1231
164
-586
-847
-1113
-1161
-708
-777
-2079
-3386
-3273
-2382
-2322
-3091
-3520
-3581
-3932
-4306
-3944
-3268
-3292
-3648
-3298
-2463
-2193
-2352
-1983
-1102
-632
-720
-621
-46
524
764
976
1323
1551
1468
1281
1274
1454
1598
1507
1217
906
647
456
362
384
490
559
490
314
146
153
415
710
823
761
733
882
1085
1159
1150
1222
1431
1679
1806
1761
1641
1591
1648
1729
1732
1607
1420
1217
1000
868
864
837
632
336
90
28
7
-69
-79
13
53
-4
-4
67
131
198
261
309
240
-3
-197
-140
63
225
339
334
524
959
1246
925
394
433
847
799
162
-331
-547
-905
-1253
-942
-691
-1569
-2880
-3154
-2432
-2128
-2706
-3164
-3138
-3290
-3558
-3200
-2511
-2549
-3049
-2874
-2063
-1671
-1765
-1579
-1031
-753
-816
-593
-38
262
267
529
985
1207
1235
1296
1330
1275
1249
1348
1455
1404
1231
1056
904
746
631
592
595
623
615
477
311
267
366
492
617
849
1104
1099
841
757
1061
1450
1596
1509
1363
1243
1140
1104
1213
1331
1230
905
618
654
849
830
587
375
329
326
289
240
189
82
-80
-45
222
309
19
-350
-546
-502
-326
-224
-227
-212
-375
-618
-598
-193
170
211
332
678
828
362
143
808
1335
605
-516
-698
-471
-861
-1188
-602
-341
-1439
-2544
-2078
-1039
-1345
-2410
-2422
-1832
-2093
-2707
-2347
-1660
-1956
-2659
-2434
-1720
-1793
-2167
-1690
-797
-655
-1039
-946
-391
-29
163
555
1052
1333
1397
1433
1471
1488
1555
1585
1497
1445
1398
1144
760
616
751
819
647
480
457
418
284
180
230
286
320
420
571
649
656
739
850
859
786
752
757
800
883
964
993
997
1030
1013
897
820
845
837
685
510
492
589
506
211
-84
-265
-371
-456
-431
-389
-348
-349
-433
-533
-573
-630
-660
-625
-629
-636
-612
-528
-232
79
273
642
1047
912
226
70
806
1471
1138
341
71
79
-207
-240
280
177
-996
-1837
-1248
-399
-858
-2011
-2361
-2084
-2184
-2459
-2196
-1969
-2514
-3052
-2623
-1877
-1780
-1888
-1488
-955
-925
-1020
-545
222
493
411
557
927
1234
1433
1566
1539
1438
1393
1437
1498
1421
1204
935
707
598
551
477
407
401
319
87
-90
-33
130
168
137
196
306
314
319
515
851
1086
1089
901
728
794
1058
1251
1136
860
693
662
670
687
698
514
122
-146
-105
24
-30
-222
-394
-463
-536
-588
-536
-531
-619
-676
-606
-537
-496
-444
-404
-345
-396
-442
-333
-228
-181
15
483
870
1071
1269
1401
1145
766
994
1622
1684
899
266
217
122
-200
-100
166
-393
-1461
-1709
-992
-687
-1340
-1851
-1706
-1725
-2183
-2223
-1730
-1701
-2210
-2240
-1607
-1334
-1662
-1709
-1181
-853
-1031
-969
-390
133
222
175
255
508
868
1189
1252
1048
896
989
1146
1192
1144
961
641
396
425
521
446
348
379
397
321
297
404
445
322
234
296
352
327
403
582
608
379
128
82
228
354
312
163
44
53
148
209
225
210
85
-73
-98
50
110
-45
-160
-67
89
-7
-250
-329
-195
-31
59
85
87
147
270
363
330
253
239
308
423
494
510
497
567
695
922
1320
1514
1147
528
641
1474
1799
1036
204
183
344
92
127
627
365
-875
-1557
-795
2
-598
-1603
-1654
-1432
-1862
-2222
-1779
-1498
-2197
-2859
-2439
-1805
-2021
-2391
-1987
-1398
-1508
-1787
-1413
-687
-393
-444
-344
32
438
716
826
776
739
874
1098
1253
1324
1221
922
683
778
1016
991
686
425
323
249
137
62
42
-81
-305
-458
-512
-510
-454
-346
-271
-255
-287
-328
-242
15
234
241
140
150
331
500
593
681
765
765
737
793
882
898
869
892
920
877
789
777
826
838
741
531
371
341
402
414
336
238
105
-75
-190
-85
90
60
-62
2
314
606
900
1365
1582
1148
581
894
1789
2035
1355
787
756
616
330
634
1095
406
-1007
-1413
-569
-228
-1208
-2104
-2016
-1984
-2560
-2825
-2442
-2470
-3196
-3433
-2785
-2424
-2825
-2984
-2389
-1892
-2036
-2020
-1319
-593
-444
-471
-189
296
683
968
1228
1356
1232
986
896
1071
1258
1091
609
231
188
192
1
-220
-287
-378
-653
-868
-772
-563
-573
-719
-730
-559
-399
-303
-135
166
447
533
483
542
859
1221
1373
1388
1478
1648
1725
1771
1927
2041
1885
1567
1451
1599
1659
1463
1188
986
812
614
435
340
297
164
-46
-180
-185
-131
-67
-100
-180
-199
-195
-52
253
455
420
331
388
572
724
842
988
1275
1610
1631
1253
932
1095
1486
1461
898
325
-64
-424
-554
-203
-108
-987
-2114
-2291
-1663
-1470
-2096
-2601
-2606
-2760
-3139
-3069
-2600
-2640
-3158
-3136
-2465
-2117
-2356
-2340
-1787
-1477
-1703
-1690
-1100
-562
-526
-637
-495
-206
-14
82
201
309
270
129
105
304
489
327
-57
-218
-57
116
150
186
254
187
25
73
352
607
719
854
1094
1243
1264
1389
1719
2065
2212
2145
2052
2099
2274
2411
2362
2174
1950
1727
1559
1534
1547
1357
991
763
767
765
581
368
269
177
15
-77
9
97
81
3
-76
-97
-36
29
25
-3
5
80
190
262
280
239
124
71
150
212
207
221
263
239
360
750
956
510
-176
-166
419
576
-34
-579
-656
-820
-1109
-810
-300
-763
-1964
-2342
-1477
-914
-1654
-2553
-2535
-2340
-2705
-3009
-2719
-2608
-3197
-3573
-3060
-2520
-2785
-3169
-2788
-2174
-2183
-2401
-1980
-1145
-779
-924
-871
-376
88
223
293
524
722
722
704
911
1252
1400
1312
1270
1467
1779
1974
2029
2069
2106
2094
2064
2116
2209
2172
2018
1851
1717
1618
1599
1676
1769
1767
1630
1400
1209
1210
1347
1406
1250
1039
1001
1054
1011
916
874
783
578
405
415
498
462
354
309
280
110
-72
-74
-1
-51
-206
-283
-236
-228
-306
-303
-257
-345
-498
-543
-479
-436
-474
-492
-425
-382
-480
-542
-421
-191
-60
8
312
719
732
197
-127
175
514
250
-316
-598
-799
-1211
-1315
-873
-842
-1861
-2867
-2638
-1817
-1887
-2713
-3071
-2909
-3018
-3324
-3109
-2695
-2955
-3502
-3299
-2585
-2434
-2714
-2466
-1721
-1440
-1621
-1321
-436
138
147
335
1004
1538
1611
1696
2086
2397
2289
2061
2124
2347
2319
2075
1974
2057
2030
1790
1608
1658
1728
1567
1363
1398
1550
1521
1328
1261
1382
1457
1373
1295
1350
1463
1477
1398
1354
1341
1300
1247
1216
1202
1128
925
712
654
710
664
430
173
20
-67
-160
-231
-261
-342
-509
-629
-651
-719
-855
-885
-726
-598
-684
-803
-708
-475
-398
-475
-462
-339
-317
-412
-406
-251
-172
-350
-526
-503
-455
-570
-629
-461
-314
-265
-196
-102
-285
-707
-860
-572
-372
-644
-1056
-1305
-1574
-1797
-1552
-1033
-1080
-1784
-2205
-1810
-1309
-1358
-1516
-1390
-1343
-1611
-1667
-1260
-1010
-1266
-1417
-1057
-752
-934
-1133
-830
-415
-369
-439
-205
106
120
56
366
934
1211
1071
912
1077
1404
1556
1488
1452
1513
1522
1490
1596
1818
1878
1753
1734
1913
2003
1829
1670
1749
1824
1679
1508
1536
1572
1377
1107
1083
1247
1234
1008
854
863
805
597
450
482
470
232
-23
4
155
51
-262
-437
-403
-421
-563
-603
-530
-588
-803
-873
-716
-627
-708
-756
-693
-681
-722
-654
-504
-472
-593
-628
-512
-467
-579
-662
-646
-689
-835
-892
-832
-846
-975
-1055
-1025
-995
-1000
-924
-707
-501
-332
-127
29
-16
-177
-194
-16
154
193
169
84
-57
-107
61
302
339
117
-99
-144
-149
-242
-386
-494
-583
-745
-975
-1188
-1337
-1418
-1427
-1434
-1485
-1542
-1537
-1422
-1260
-1090
-902
-692
-492
-324
-135
186
524
696
756
897
1132
1267
1294
1400
1604
1703
1647
1657
1802
1868
1736
1640
1718
1795
1735
1643
1627
1577
1386
1190
1154
1188
1129
978
857
791
715
619
541
505
470
415
356
297
248
225
190
108
11
-62
-117
-221
-347
-432
-504
-640
-812
-896
-890
-919
-1015
-1080
-1083
-1091
-1130
-1081
-962
-915
-961
-961
-849
-744
-721
-707
-570
-401
-354
-377
-314
-193
-167
-211
-142
75
198
131
53
122
227
217
182
253
360
370
370
430
414
235
49
47
147
134
-21
-117
-102
-146
-278
-336
-246
-192
-311
-527
-665
-714
-812
-955
-1071
-1163
-1281
-1416
-1503
-1494
-1458
-1450
-1462
-1461
-1379
-1228
-1065
-907
-742
-527
-303
-140
9
212
440
616
732
857
1019
1144
1198
1281
1412
1492
1447
1412
1534
1683
1665
1541
1511
1543
1439
1242
1221
1320
1268
1054
932
992
1026
908
806
815
781
644
585
700
765
630
408
316
322
273
144
24
-64
-217
-403
-503
-507
-585
-811
-1020
-1032
-945
-934
-979
-924
-801
-773
-786
-683
-465
-334
-330
-280
-138
-65
-112
-118
15
179
234
228
230
213
156
116
161
197
128
12
-38
-41
-103
-203
-285
-329
-391
-472
-493
-405
-296
-282
-365
-471
-549
-562
-495
-437
-436
-482
-544
-601
-597
-515
-452
-507
-651
-753
-783
-826
-910
-929
-888
-938
-1071
-1140
-1111
-1074
-1049
-972
-853
-770
-725
-637
-502
-371
-248
-105
61
222
387
582
736
810
886
1029
1169
1224
1242
1309
1365
1321
1264
1316
1408
1398
1285
1194
1188
1192
1155
1079
1005
935
867
818
798
801
767
680
572
532
544
502
407
361
387
372
273
180
141
90
-23
-130
-161
-176
-219
-257
-275
-303
-357
-413
-441
-410
-327
-267
-299
-349
-292
-182
-131
-149
-138
-90
-96
-153
-154
-93
-55
-60
-34
28
11
-89
-150
-137
-147
-227
-313
-351
-395
-514
-624
-676
-713
-803
-927
-973
-921
-900
-941
-915
-780
-628
-588
-625
-609
-528
-461
-450
-404
-279
-188
-196
-248
-232
-111
32
67
29
36
72
108
132
153
134
28
-113
-150
-70
-31
-112
-232
-283
-313
-355
-355
-313
-329
-402
-396
-245
-82
-47
-52
36
190
326
404
470
532
566
605
678
773
824
814
752
691
691
739
794
785
716
648
627
634
633
613
596
593
567
522
500
517
538
536
510
470
410
338
298
319
348
316
283
301
318
283
226
209
192
121
53
63
88
29
-71
-106
-79
-135
-269
-330
-292
-279
-353
-415
-417
-410
-447
-480
-477
-483
-495
-481
-442
-440
-492
-540
-569
-593
-636
-678
-699
-727
-766
-786
-764
-721
-683
-670
-660
-620
-512
-366
-241
-112
45
208
309
303
289
348
433
509
559
591
582
523
463
466
506
518
455
365
283
194
89
4
-58
-159
-320
-502
-633
-719
-777
-839
-909
-963
-1027
-1064
-1019
-886
-769
-737
-708
-600
-434
-308
-228
-114
18
109
168
245
324
345
344
379
422
419
411
471
546
532
479
494
565
568
523
564
680
745
717
700
744
773
777
823
897
887
799
760
807
843
812
754
706
654
588
567
564
501
357
207
106
40
-20
-74
-130
-199
-245
-240
-231
-264
-311
-307
-264
-230
-226
-228
-210
-198
-206
-220
-250
-306
-368
-400
-412
-432
-491
-571
-619
-627
-630
-666
-717
-744
-715
-665
-636
-614
-584
-542
-490
-425
-334
-260
-217
-149
-16
144
259
343
455
575
622
613
597
606
590
554
522
468
383
295
224
177
128
52
-75
-263
-434
-523
-566
-643
-775
-884
-924
-970
-1046
-1108
-1109
-1091
-1110
-1099
-1010
-894
-845
-848
-815
-716
-588
-470
-375
-266
-159
-75
13
102
205
298
364
419
476
581
689
731
768
846
934
960
945
977
1053
1099
1084
1086
1129
1159
1141
1147
1220
1244
1192
1116
1082
1055
1004
960
942
882
737
597
510
457
375
277
187
98
5
-71
-109
-154
-247
-359
-450
-482
-485
-510
-546
-568
-554
-563
-635
-689
-668
-623
-630
-680
-684
-622
-571
-548
-515
-493
-522
-552
-503
-386
-311
-313
-319
-283
-253
-250
-222
-168
-147
-169
-164
-85
0
21
16
37
76
111
160
217
279
343
393
390
306
209
160
145
100
38
-2
-76
-222
-366
-426
-435
-465
-523
-572
-602
-691
-808
-879
-886
-896
-950
-1005
-1034
-1053
-1042
-994
-921
-852
-793
-705
-580
-454
-325
-182
-33
107
232
338
452
586
732
856
933
986
1018
1018
992
973
983
995
957
900
869
855
827
769
703
628
570
537
545
556
539
516
500
483
465
456
432
399
393
428
457
453
429
404
396
379
377
387
366
303
252
253
250
198
107
36
1
-41
-92
-136
-166
-196
-238
-288
-340
-381
-408
-407
-390
-369
-372
-401
-413
-397
-358
-309
-275
-251
-249
-245
-211
-175
-178
-230
-262
-252
-248
-285
-343
-379
-408
-437
-460
-482
-535
-612
-667
-696
-716
-742
-752
-696
-646
-647
-628
-542
-399
-301
-271
-230
-152
-107
-80
14
161
262
258
243
307
397
441
454
487
490
396
283
261
296
235
67
-99
-183
-239
-332
-414
-436
-484
-595
-689
-699
-679
-718
-763
-749
-660
-550
-453
-348
-264
-204
-142
-44
77
183
258
312
362
417
498
578
611
605
613
670
737
771
768
760
761
768
793
814
809
802
813
840
864
871
864
868
895
932
956
938
904
880
876
867
830
795
760
712
643
570
491
408
321
240
156
84
21
-69
-176
-273
-349
-440
-553
-656
-701
-735
-795
-853
-856
-838
-871
-903
-871
-814
-812
-845
-822
-736
-680
-683
-686
-640
-589
-582
-592
-581
-553
-526
-527
-534
-522
-520
-526
-531
-507
-446
-392
-378
-381
-346
-276
-218
-189
-153
-96
-27
54
124
176
190
185
183
192
232
266
259
214
181
170
150
109
63
35
-21
-109
-187
-243
-308
-401
-486
-552
-625
-690
-695
-659
-641
-656
-650
-595
-535
-484
-399
-271
-158
-63
43
159
275
369
450
523
590
663
748
815
846
859
886
922
940
926
904
916
941
948
934
934
968
989
967
940
955
986
1001
1008
1035
1056
1038
1006
993
985
938
873
828
792
707
596
514
452
361
223
90
-9
-103
-219
-357
-463
-540
-623
-693
-737
-756
-790
-868
-929
-950
-944
-950
-962
-940
-897
-872
-893
-918
-889
-830
-790
-748
-703
-665
-651
-637
-619
-605
-595
-592
-572
-552
-551
-557
-558
-556
-573
-597
-609
-603
-586
-569
-560
-550
-542
-549
-540
-501
-436
-373
-319
-259
-185
-115
-59
14
121
249
351
433
490
517
530
552
601
645
657
648
637
616
594
590
614
631
578
466
373
313
278
242
184
100
-16
-115
-156
-150
-155
-189
-220
-224
-212
-186
-121
-17
83
143
190
278
392
485
559
637
732
794
789
774
804
859
858
834
819
780
715
651
621
595
525
432
369
318
229
112
30
-18
-78
-138
-162
-152
-166
-217
-253
-247
-238
-244
-230
-178
-125
-114
-117
-103
-83
-87
-95
-72
-50
-69
-116
-155
-161
-185
-247
-320
-376
-403
-433
-484
-540
-592
-640
-688
-727
-728
-720
-733
-756
-746
-709
-687
-688
-660
-586
-512
-474
-448
-400
-349
-328
-290
-229
-200
-194
-179
-122
-69
-75
-101
-110
-113
-124
-106
-42
25
37
28
43
78
103
125
172
243
312
366
438
515
564
588
618
690
807
919
935
877
839
839
858
874
886
869
795
683
608
589
575
546
485
397
273
124
-5
-89
-149
-220
-309
-412
-509
-590
-649
-701
-755
-795
-820
-825
-824
-808
-787
-786
-760
-703
-641
-597
-552
-481
-396
-323
-272
-235
-208
-186
-142
-59
23
69
78
89
125
161
184
203
223
249
290
333
355
356
367
405
450
493
524
540
546
535
553
583
598
595
597
617
623
599
546
488
425
362
323
295
252
186
105
35
-12
-73
-152
-213
-234
-241
-275
-337
-400
-441
-479
-509
-513
-508
-512
-510
-489
-438
-394
-369
-341
-303
-249
-206
-163
-116
-82
-58
-29
24
65
67
57
85
124
144
137
129
136
128
124
138
141
118
84
58
47
28
-11
-29
-15
1
-8
-40
-60
-76
-95
-103
-108
-103
-93
-36
51
87
-2
-148
-234
-225
-177
-164
-173
-201
-266
-357
-401
-381
-340
-329
-356
-392
-430
-457
-482
-483
-463
-470
-497
-511
-486
-458
-460
-464
-446
-406
-368
-327
-263
-178
-116
-80
-31
64
177
257
339
448
561
630
666
710
755
793
820
879
958
993
964
940
952
931
870
818
816
824
792
734
682
632
551
464
413
397
363
297
223
165
109
44
-3
-24
-45
-86
-117
-128
-130
-140
-160
-166
-159
-159
-160
-149
-137
-144
-174
-209
-235
-248
-247
-216
-175
-170
-206
-243
-251
-250
-256
-249
-230
-229
-254
-270
-260
-265
-299
-325
-310
-297
-323
-355
-359
-355
-370
-397
-412
-419
-434
-432
-411
-405
-430
-459
-466
-453
-450
-450
-438
-425
-430
-449
-460
-451
-432
-423
-408
-372
-336
-329
-320
-288
-242
-209
-179
-130
-85
-13
87
198
277
285
252
245
297
370
451
527
567
549
504
506
566
637
692
706
683
644
602
555
535
553
545
493
440
402
380
334
266
201
153
124
91
57
45
29
-2
-36
-62
-75
-80
-71
-68
-64
-58
-78
-128
-189
-212
-184
-144
-108
-94
-96
-103
-102
-88
-67
-60
-54
-19
35
72
58
37
33
33
61
102
150
182
195
218
233
218
194
194
222
262
289
294
271
229
187
171
172
161
131
102
87
62
29
-17
-66
-116
-151
-171
-168
-163
-177
-213
-270
-330
-367
-378
-379
-375
-365
-375
-412
-449
-463
-461
-461
-470
-460
-432
-413
-426
-453
-458
-459
-460
-459
-431
-393
-366
-353
-341
-317
-288
-238
-169
-107
-60
-8
59
115
143
183
259
323
363
406
477
544
567
558
559
569
575
577
576
603
621
604
539
444
365
306
264
225
214
193
120
16
-77
-125
-139
-140
-142
-163
-216
-284
-340
-374
-400
-415
-423
-435
-456
-461
-447
-433
-435
-437
-424
-402
-374
-348
-310
-281
-259
-231
-189
-143
-103
-43
29
88
119
127
139
165
208
271
331
364
362
357
384
404
400
384
379
402
410
400
391
382
355
318
295
287
280
267
251
241
232
196
153
120
110
121
142
166
182
184
162
148
157
174
177
176
195
223
230
209
185
175
175
174
179
185
184
171
138
104
75
48
29
16
3
-20
-47
-87
-132
-180
-220
-253
-293
-330
-354
-382
-427
-473
-507
-545
-589
-633
-649
-661
-668
-674
-689
-706
-726
-721
-698
-667
-634
-609
-584
-563
-540
-515
-473
-421
-364
-311
-260
-210
-176
-146
-113
-72
-20
48
119
175
222
277
338
386
409
402
404
428
448
459
477
496
479
426
377
353
344
335
336
327
279
196
118
77
45
22
-10
-60
-113
-152
-173
-195
-232
-270
-294
-294
-279
-257
-227
-201
-174
-145
-116
-88
-42
12
76
135
174
202
219
237
278
332
383
423
463
511
547
564
575
578
589
612
647
680
681
661
647
649
657
644
627
631
637
628
596
569
546
512
470
432
413
391
350
283
216
157
84
-13
-101
-147
-187
-259
-351
-433
-492
-561
-658
-732
-766
-793
-839
-873
-879
-902
-955
-1000
-1012
-997
-979
-962
-926
-883
-855
-846
-807
-742
-687
-632
-572
-520
-486
-454
-417
-362
-303
-242
-198
-165
-139
-120
-103
-81
-48
-18
11
33
49
66
92
107
125
142
155
175
205
242
262
274
297
318
317
311
314
336
365
368
369
381
372
342
311
299
288
258
225
207
196
181
150
120
103
84
67
55
52
62
60
43
26
29
49
65
86
117
150
164
164
166
177
202
229
271
299
311
315
323
335
340
339
336
340
332
323
319
301
278
255
238
225
216
208
200
188
175
162
147
128
103
94
105
120
122
122
124
135
116
77
77
82
89
83
70
65
53
24
-13
-39
-86
-127
-149
-169
-209
-268
-327
-366
-397
-438
-471
-493
-524
-564
-603
-631
-651
-669
-675
-676
-660
-648
-643
-630
-610
-594
-571
-541
-511
-465
-408
-361
-339
-329
-301
-268
-229
-191
-167
-142
-116
-79
-45
-23
-11
-7
9
29
64
104
126
147
168
193
215
239
263
289
321
354
373
375
375
382
397
424
449
449
439
432
430
421
403
384
371
362
344
323
302
280
251
218
197
189
177
158
144
143
130
101
63
27
7
0
-10
-23
-28
-41
-64
-92
-110
-122
-138
-155
-164
-174
-190
-193
-179
-163
-170
-182
-183
-176
-154
-136
-120
-98
-85
-71
-55
-34
-19
-5
23
51
76
88
104
132
153
166
172
190
208
207
206
206
197
188
184
185
180
159
136
107
70
40
11
-10
-29
-55
-78
-95
-115
-132
-143
-142
-135
-151
-165
-165
-152
-152
-145
-138
-125
-132
-146
-147
-132
-115
-122
-122
-114
-110
-108
-108
-102
-97
-101
-107
-109
-103
-103
-108
-105
-90
-79
-67
-57
-40
-24
-13
11
39
60
71
84
99
110
111
111
103
91
91
80
75
59
52
51
38
14
-9
-25
-53
-89
-124
-139
-151
-173
-187
-197
-214
-238
-254
-259
-249
-243
-243
-240
-230
-210
-190
-165
-142
-113
-72
-35
5
42
85
121
150
180
202
234
273
296
318
335
342
337
335
343
341
340
327
314
299
262
226
197
177
162
154
146
138
115
79
47
14
-2
-15
-28
-43
-47
-56
-79
-88
-99
-109
-121
-132
-139
-139
-133
-132
-126
-134
-158
-169
-171
-161
-151
-136
-136
-151
-163
-160
-143
-116
-86
-65
-40
-13
5
11
25
56
84
112
139
161
175
205
226
244
262
270
280
281
301
328
344
341
327
316
303
278
242
213
191
160
123
96
69
15
-34
-80
-106
-126
-158
-187
-226
-256
-285
-311
-336
-350
-362
-369
-363
-361
-363
-367
-371
-374
-370
-363
-353
-339
-337
-346
-339
-323
-315
-315
-300
-265
-229
-209
-181
-147
-127
-111
-87
-52
-19
8
46
81
108
120
129
151
179
214
248
273
285
288
284
284
274
274
289
310
323
313
292
266
233
206
192
176
158
142
129
113
97
75
43
11
-14
-28
-35
-43
-52
-55
-63
-84
-102
-109
-96
-81
-71
-66
-75
-75
-65
-45
-23
-6
-6
-14
-12
-3
9
18
19
25
29
22
11
23
48
52
45
45
50
46
40
43
45
45
41
43
47
50
52
48
44
49
52
50
60
64
57
46
41
38
38
33
35
32
27
28
22
9
-7
-7
1
1
-4
-10
-17
-25
-37
-64
-75
-66
-65
-69
-70
-73
-82
-85
-78
-67
-66
-76
-83
-80
-71
-68
-72
-66
-59
-50
-29
-2
22
31
25
24
30
36
48
57
73
83
74
65
58
51
47
52
64
67
59
49
41
33
19
-3
-15
-20
-24
-28
-35
-54
-79
-104
-126
-135
-138
-149
-170
-177
-173
-174
-183
-190
-186
-183
-182
-180
-179
-168
-164
-162
-160
-159
-152
-141
-123
-111
-102
-96
-87
-72
-58
-56
-56
-55
-47
-36
-29
-18
-6
0
-4
-3
-1
10
33
44
48
54
54
56
65
83
105
112
120
130
138
146
159
175
195
199
201
207
205
202
199
209
222
225
231
236
239
239
244
254
263
267
269
269
279
279
259
246
245
254
249
237
230
228
219
203
191
186
178
169
164
160
148
129
106
89
72
48
24
7
-7
-28
-39
-59
-91
-123
-154
-175
-198
-215
-233
-259
-297
-328
-340
-353
-363
-364
-376
-381
-390
-397
-400
-409
-415
-425
-418
-411
-404
-390
-377
-370
-370
-357
-328
-301
-278
-263
-247
-227
-211
-200
-186
-167
-143
-121
-102
-80
-66
-72
-81
-74
-52
-29
-18
1
21
31
33
24
23
28
34
46
66
82
86
81
84
99
105
108
114
132
159
182
196
209
233
244
256
276
297
326
345
351
361
363
354
361
369
381
393
398
394
391
385
375
365
365
365
349
321
294
277
266
241
211
181
151
118
86
71
55
32
6
-5
-9
-32
-54
-75
-87
-102
-111
-122
-137
-144
-162
-178
-197
-215
-231
-244
-249
-253
-264
-274
-283
-290
-296
-300
-301
-296
-285
-278
-264
-251
-258
-248
-229
-216
-198
-176
-149
-130
-124
-118
-101
-85
-73
-53
-31
-16
0
23
37
41
38
38
42
34
32
40
38
27
3
-21
-36
-40
-45
-43
-35
-30
-27
-33
-33
-38
-49
-61
-70
-57
-33
-21
-20
-28
-35
-46
-55
-47
-37
-36
-37
-23
-10
1
-3
-14
-3
12
21
38
49
55
63
65
71
81
90
102
131
155
162
158
163
187
211
222
228
241
238
236
241
246
249
243
237
235
233
226
201
175
159
148
125
102
82
62
49
18
-14
-41
-71
-97
-123
-139
-152
-170
-177
-176
-180
-191
-209
-223
-228
-215
-206
-196
-190
-190
-186
-179
-162
-140
-127
-113
-98
-82
-62
-40
-28
-18
-4
5
21
37
52
73
81
84
86
87
93
93
101
105
101
97
83
76
79
75
74
70
64
56
47
46
38
22
13
7
5
2
-14
-33
-53
-68
-75
-89
-95
-94
-102
-109
-109
-110
-111
-121
-124
-120
-115
-109
-101
-81
-60
-51
-34
-21
-18
-13
-10
5
27
47
64
72
82
85
79
81
88
96
108
108
98
91
91
91
84
75
67
55
36
24
21
14
-2
-9
-18
-29
-37
-48
-54
-54
-49
-51
-41
-30
-16
-7
-2
8
9
8
16
25
26
19
12
10
14
27
30
38
45
35
24
14
5
-3
-11
-18
-20
-27
-38
-56
-72
-89
-112
-126
-127
-125
-121
-116
-121
-130
-139
-141
-134
-130
-125
-120
-113
-97
-82
-74
-74
-69
-63
-55
-48
-34
-12
-1
14
33
52
62
74
92
113
135
150
177
196
202
215
229
242
243
241
243
249
257
263
269
264
261
251
247
240
220
209
201
196
190
182
169
146
123
103
88
66
36
8
-6
-18
-35
-55
-85
-118
-142
-161
-180
-197
-220
-235
-244
-260
-277
-292
-298
-305
-313
-328
-338
-345
-349
-340
-333
-320
-308
-298
-278
-252
-232
-217
-198
-168
-140
-125
-109
-85
-65
-49
-25
0
26
45
61
70
83
100
111
125
133
141
143
140
145
144
138
133
124
118
114
105
96
88
75
60
55
60
62
62
65
59
48
35
28
33
34
29
21
21
20
21
14
8
5
7
15
22
26
21
22
25
26
41
56
74
96
107
104
108
121
136
158
179
200
206
201
202
203
211
213
201
201
202
199
189
178
167
147
130
118
107
88
69
54
38
11
-7
-24
-46
-62
-75
-87
-103
-119
-139
-150
-166
-172
-180
-189
-193
-209
-225
-249
-267
-270
-269
-266
-267
-264
-261
-261
-263
-265
-259
-254
-251
-243
-236
-229
-223
-217
-213
-210
-203
-191
-173
-152
-130
-114
-96
-80
-67
-44
-26
-7
9
31
61
84
100
111
126
144
156
164
178
194
197
190
186
189
198
200
199
198
195
190
189
183
178
170
164
167
166
159
146
131
112
95
92
90
78
64
61
57
56
57
59
52
40
29
23
31
29
22
11
7
2
-4
-2
-4
-2
1
7
9
16
13
7
9
8
8
7
1
-3
-10
-10
-14
-26
-34
-36
-42
-49
-51
-43
-38
-37
-35
-31
-25
-27
-30
-32
-28
-30
-34
-39
-43
-37
-40
-42
-39
-42
-51
-50
-50
-58
-53
-43
-40
-46
-55
-55
-55
-58
-62
-69
-73
-75
-75
-68
-67
-67
-73
-79
-83
-80
-72
-69
-61
-54
-56
-63
-73
-76
-68
-67
-70
-67
-61
-63
-63
-61
-64
-72
-79
-80
-77
-69
-62
-55
-46
-35
-31
-30
-25
-15
4
17
27
45
53
53
57
66
80
96
105
109
114
128
144
163
175
188
193
195
203
210
217
224
230
233
231
225
224
222
216
207
197
180
169
156
140
123
107
99
85
61
36
11
-11
-42
-76
-96
-112
-123
-138
-157
-167
-184
-201
-207
-213
-224
-235
-240
-229
-215
-209
-213
-210
-203
-199
-197
-188
-169
-149
-133
-118
-107
-106
-105
-95
-80
-63
-46
-34
-32
-26
-16
-4
10
20
34
50
66
73
72
78
79
85
94
96
102
106
109
111
120
119
117
121
126
124
121
117
110
96
83
73
61
58
53
51
51
42
30
26
24
23
24
17
7
-2
-3
-5
-2
2
3
7
1
5
7
1
-2
-11
-16
-10
-7
-11
-16
-18
-19
-20
-32
-40
-45
-52
-59
-64
-65
-71
-72
-62
-55
-55
-66
-72
-67
-68
-68
-64
-61
-61
-61
-53
-36
-28
-35
-30
-22
-19
-16
-22
-21
-20
-22
-21
-19
-18
-22
-24
-21
-10
4
5
0
-9
-11
-5
-1
1
0
-4
-4
0
0
-5
0
2
7
10
15
20
13
21
28
32
30
27
36
43
40
30
21
26
29
33
40
32
17
16
13
13
20
20
25
31
36
42
47
44
38
48
63
70
74
72
76
75
74
81
77
82
102
121
135
133
126
120
112
112
112
105
97
92
85
82
70
60
47
31
23
17
18
16
-2
-19
-30
-41
-52
-67
-80
-95
-104
-110
-110
-115
-123
-135
-147
-148
-143
-139
-144
-145
-150
-163
-161
-162
-175
-176
-176
-181
-182
-182
-169
-154
-154
-161
-164
-157
-153
-158
-150
-142
-139
-127
-115
-102
-90
-80
-72
-64
-48
-37
-20
5
29
49
64
79
97
112
121
134
148
166
179
191
207
224
244
249
241
237
236
239
229
218
213
211
205
202
196
177
148
126
111
98
86
78
65
60
48
27
16
4
-5
-23
-48
-61
-68
-68
-72
-84
-90
-99
-109
-112
-114
-114
-109
-110
-102
-101
-106
-106
-115
-113
-106
-98
-88
-90
-82
-80
-81
-73
-66
-53
-43
-37
-34
-25
-17
1
17
20
29
40
51
65
75
75
83
95
102
101
102
102
107
110
106
102
104
112
111
101
85
73
71
73
73
70
59
40
28
22
7
1
-15
-30
-48
-60
-75
-93
-99
-105
-111
-126
-138
-148
-150
-159
-163
-164
-165
-171
-174
-169
-167
-168
-169
-165
-154
-141
-126
-112
-100
-96
-96
-94
-91
-77
-69
-56
-40
-28
-16
-13
-2
11
15
22
29
36
51
66
84
99
108
113
121
133
138
143
153
159
158
167
169
168
172
172
182
187
186
184
178
174
167
159
150
137
123
105
87
72
62
50
35
21
3
-4
-13
-22
-35
-56
-71
-79
-88
-97
-100
-104
-112
-115
-111
-119
-129
-136
-140
-146
-142
-134
-126
-122
-123
-124
-118
-106
-104
-98
-93
-92
-88
-79
-68
-49
-35
-24
-10
4
13
24
35
45
52
57
68
82
100
114
123
124
128
131
137
138
127
130
136
141
140
121
114
112
106
99
88
77
72
54
30
18
-3
-12
-20
-26
-34
-41
-43
-45
-55
-73
-84
-93
-100
-105
-107
-105
-106
-111
-113
-112
-119
-121
-124
-120
-110
-106
-107
-108
-102
-100
-96
-96
-101
-100
-93
-85
-80
-65
-42
-22
-5
12
29
43
50
61
73
91
100
103
109
114
118
124
127
127
121
120
123
115
111
96
82
73
56
44
28
14
6
-10
-30
-44
-56
-60
-62
-69
-86
-96
-107
-110
-113
-121
-122
-126
-119
-121
-121
-111
-104
-98
-95
-94
-86
-78
-73
-65
-58
-42
-29
-18
-3
10
16
25
38
56
70
85
97
111
128
142
160
174
180
184
187
186
196
201
203
203
205
210
207
200
197
191
191
181
160
148
135
119
104
88
75
56
40
27
17
8
-2
-15
-35
-52
-65
-72
-82
-91
-103
-116
-126
-137
-143
-146
-146
-151
-157
-166
-177
-181
-187
-186
-181
-173
-160
-154
-152
-151
-142
-140
-132
-124
-124
-123
-118
-115
-102
-90
-77
-57
-49
-40
-40
-45
-50
-47
-45
-50
-49
-46
-51
-53
-50
-48
-40
-42
-47
-45
-49
-47
-48
-46
-40
-34
-27
-23
-23
-20
-8
8
25
43
56
54
50
56
68
79
97
108
119
127
133
134
140
153
159
165
164
161
163
162
160
164
166
172
176
178
179
172
165
160
151
150
149
146
141
132
121
114
100
87
77
72
66
52
43
34
17
0
-16
-25
-30
-37
-40
-57
-76
-91
-99
-105
-113
-116
-129
-140
-145
-143
-138
-130
-128
-130
-133
-138
-134
-133
-125
-113
-105
-102
-92
-84
-81
-86
-93
-88
-77
-68
-59
-53
-44
-44
-52
-51
-49
-43
-37
-36
-26
-25
-29
-25
-27
-22
-15
-14
-13
-11
-4
1
-1
-5
-12
-14
-15
-17
-20
-19
-15
-15
-16
-18
-21
-24
-23
-23
-17
-14
-13
-12
-12
-7
-3
-1
6
11
15
25
30
31
28
30
38
50
57
64
73
77
81
90
107
118
122
123
130
133
132
141
148
152
154
147
136
134
132
124
120
113
110
99
86
72
64
54
46
42
32
26
8
-4
-8
-18
-22
-32
-38
-50
-60
-67
-77
-83
-91
-104
-110
-110
-107
-107
-108
-99
-96
-93
-93
-93
-101
-112
-123
-130
-128
-121
-112
-108
-103
-102
-99
-98
-98
-98
-97
-93
-83
-71
-57
-49
-43
-39
-34
-24
-15
-4
3
3
11
16
20
28
31
32
30
32
37
43
44
46
52
52
48
49
50
52
52
51
63
64
70
67
59
55
54
57
65
77
80
79
76
79
84
89
85
85
89
87
92
83
80
82
77
79
75
65
65
55
50
50
52
46
40
37
31
22
13
16
10
1
-7
-10
-19
-24
-29
-40
-48
-53
-53
-53
-59
-81
-82
-83
-98
-103
-109
-108
-103
-115
-119
-110
-117
-126
-122
-119
-116
-116
-118
-115
-115
-111
-101
-93
-92
-81
-71
-58
-43
-29
-19
-19
-15
-10
-2
12
22
28
30
33
36
40
45
46
38
30
27
22
19
20
21
22
21
18
13
6
2
3
11
18
18
16
17
22
29
32
35
35
38
42
52
50
40
42
51
63
74
75
74
73
66
67
76
87
88
83
90
92
88
91
99
105
106
101
93
97
111
111
109
105
99
101
94
83
72
60
44
37
30
25
24
17
8
-4
-21
-38
-57
-73
-83
-95
-105
-113
-117
-126
-128
-136
-146
-163
-173
-170
-166
-165
-162
-162
-162
-160
-157
-157
-160
-157
-146
-129
-115
-97
-80
-69
-64
-61
-52
-38
-27
-21
-16
-8
2
6
15
21
24
24
21
21
27
34
36
30
26
31
26
27
25
27
29
30
38
43
47
51
49
52
52
45
42
39
42
43
43
48
45
43
40
44
53
54
55
62
76
83
73
67
64
63
75
85
94
92
81
72
70
72
81
93
94
99
100
96
94
92
85
69
55
52
47
39
27
16
8
1
-1
-4
-12
-21
-29
-35
-51
-54
-57
-65
-72
-75
-78
-82
-87
-92
-96
-106
-110
-106
-104
-103
-108
-108
-104
-104
-101
-96
-93
-88
-89
-92
-82
-69
-58
-55
-62
-70
-69
-60
-47
-32
-28
-29
-31
-32
-31
-26
-24
-20
-11
-1
12
24
35
40
41
44
41
46
52
47
55
58
62
64
62
63
68
66
61
59
57
60
52
45
37
27
22
16
16
13
6
0
2
6
5
1
-7
-14
-14
-9
-5
-8
-7
-6
-7
-8
-1
8
10
10
11
15
18
20
26
33
41
38
33
33
30
32
36
46
50
45
46
52
61
69
70
65
63
61
53
44
36
31
31
32
29
27
29
26
11
-1
-13
-23
-28
-41
-41
-38
-39
-35
-36
-44
-56
-72
-80
-83
-82
-82
-89
-94
-93
-100
-103
-102
-102
-100
-94
-83
-74
-76
-78
-72
-68
-67
-60
-55
-44
-42
-47
-42
-38
-30
-24
-21
-18
-11
-8
-1
6
10
16
14
25
32
33
28
26
26
28
41
43
47
51
53
55
58
55
58
60
58
57
55
57
63
65
66
65
63
57
54
54
44
43
43
42
40
47
53
54
56
53
53
47
50
55
62
69
67
64
56
50
47
43
38
35
31
30
21
4
-8
-13
-14
-14
-17
-22
-33
-40
-46
-55
-64
-69
-67
-69
-77
-88
-96
-100
-93
-88
-86
-81
-85
-79
-69
-61
-55
-55
-58
-61
-57
-45
-34
-33
-32
-36
-32
-26
-29
-28
-27
-33
-26
-23
-18
-19
-28
-24
-21
-14
-9
2
3
-4
-13
-15
-18
-14
4
13
17
19
25
29
28
28
24
23
20
20
26
32
35
35
33
34
35
36
35
36
26
19
16
20
24
23
25
26
37
42
39
40
44
46
50
54
55
55
56
54
52
50
46
49
50
53
60
66
70
66
64
63
61
51
48
49
51
50
42
28
14
3
-5
-6
-7
-10
-20
-25
-30
-40
-41
-42
-50
-56
-64
-71
-75
-78
-86
-94
-98
-101
-98
-99
-98
-100
-104
-102
-99
-97
-97
-95
-94
-95
-98
-98
-96
-86
-75
-65
-58
-52
-41
-39
-38
-32
-24
-18
-2
8
13
19
23
33
39
45
55
61
71
74
78
74
75
82
85
86
87
87
87
81
77
75
77
79
82
88
88
87
88
80
69
60
49
48
51
48
44
39
37
36
26
14
10
1
-5
-2
-8
-15
-20
-26
-22
-26
-29
-27
-29
-34
-38
-41
-42
-43
-47
-47
-42
-40
-37
-30
-28
-22
-23
-35
-31
-31
-34
-32
-28
-21
-19
-24
-26
-31
-34
-33
-43
-37
-33
-24
-17
-21
-25
-32
-35
-33
-28
-25
-22
-25
-27
-26
-26
-22
-20
-12
-12
-25
-29
-27
-21
-17
-23
-17
-12
-8
-3
1
7
13
14
23
31
29
34
33
30
27
29
32
35
44
50
45
49
57
57
65
68
60
57
63
67
71
64
50
44
36
35
38
44
44
39
25
13
10
3
3
1
-2
-6
-6
3
4
0
-12
-20
-20
-13
-12
-8
-4
-8
-10
-13
-21
-26
-36
-37
-36
-38
-31
-29
-28
-28
-39
-44
-46
-46
-48
-49
-45
-53
-58
-55
-53
-49
-45
-41
-41
-38
-37
-36
-31
-27
-23
-30
-31
-24
-22
-20
-24
-21
-19
-12
-3
0
1
-3
-3
5
9
8
6
-2
2
6
9
16
18
20
24
23
21
30
42
49
48
55
55
43
48
62
66
62
58
58
65
63
59
60
54
46
51
64
69
67
63
60
50
42
35
27
19
12
14
10
12
14
20
13
-5
-17
-23
-21
-27
-29
-25
-23
-15
-14
-21
-29
-37
-42
-43
-33
-29
-30
-34
-37
-44
-48
-42
-42
-43
-46
-49
-46
-45
-43
-44
-48
-48
-38
-35
-35
-35
-44
-39
-48
-62
-57
-55
-50
-40
-39
-33
-27
-23
-20
-13
-14
-23
-24
-24
-10
0
10
19
18
16
14
11
11
7
1
2
-4
-3
-1
-3
-6
-9
-11
-10
-1
3
3
-3
-9
-4
1
13
17
20
21
23
35
42
45
47
50
56
64
61
67
66
62
61
61
68
69
75
80
78
74
74
73
72
70
68
72
72
68
70
64
63
57
47
41
41
37
29
25
19
10
9
6
8
7
-1
-3
-7
-10
-17
-19
-26
-29
-36
-38
-43
-58
-64
-72
-80
-82
-82
-86
-86
-91
-93
-92
-98
-100
-101
-102
-105
-106
-106
-103
-98
-97
-95
-89
-79
-80
-85
-80
-66
-64
-62
-56
-53
-41
-37
-31
-14
-6
-4
1
7
14
20
30
38
41
39
38
38
39
37
42
44
47
54
59
54
45
44
41
41
39
40
43
45
48
45
46
43
43
39
35
38
36
38
45
48
45
46
46
52
60
55
55
50
47
55
51
44
42
34
29
28
28
30
31
33
30
30
33
33
33
32
27
23
16
20
20
17
13
1
-8
-11
-8
-10
-10
-12
-22
-24
-24
-22
-20
-20
-23
-30
-40
-48
-48
-53
-59
-64
-66
-57
-48
-51
-54
-62
-73
-65
-64
-67
-65
-65
-67
-62
-65
-63
-56
-54
-46
-44
-46
-47
-41
-36
-33
-27
-22
-19
-15
-6
-4
0
2
8
9
7
12
13
12
8
6
9
14
19
18
19
20
17
19
27
26
25
22
26
33
34
37
46
55
49
43
42
40
37
38
40
42
47
42
46
51
45
39
36
34
39
50
48
36
26
25
28
28
19
16
17
16
13
14
15
4
-6
-15
-9
-13
-17
-22
-23
-23
-24
-19
-20
-20
-27
-38
-39
-35
-34
-35
-40
-41
-42
-46
-42
-33
-30
-28
-24
-18
-10
-3
0
-4
-9
-20
-25
-34
-41
-36
-33
-29
-28
-24
-27
-27
-18
-17
-19
-24
-23
-15
-5
-1
-1
2
2
-4
0
6
11
15
11
20
22
29
31
25
28
26
30
38
44
