9
8
10
13
11
11
9
7
15
14
21
23
24
22
28
32
27
29
27
26
30
33
34
38
36
34
28
26
28
26
32
38
38
33
31
34
33
30
30
32
33
27
24
28
29
19
14
17
16
11
11
10
12
12
14
14
14
15
13
6
1
-1
-5
0
1
3
0
-6
-9
-19
-22
-24
-22
-21
-17
-11
-7
-6
-11
-14
-7
-5
0
-2
-1
-2
-6
-11
-10
-10
-13
-10
-15
-16
-15
-14
-6
-3
-13
-17
-20
-26
-33
-34
-30
-32
-28
-25
-24
-21
-21
-22
-19
-17
-19
-18
-22
-23
-19
-18
-16
-18
-15
-12
-12
-13
-18
-18
-21
-22
-25
-19
-16
-15
-18
-19
-17
-17
-16
-13
-5
-3
-5
-10
-11
-12
-14
-13
-8
-3
1
1
4
1
-5
-5
-3
-8
-7
0
5
8
10
11
16
16
16
23
18
23
23
25
30
26
31
35
32
28
29
29
30
29
37
43
48
47
45
43
40
40
36
38
40
37
34
34
34
28
25
22
27
23
17
16
19
22
19
13
12
10
3
4
7
6
3
-3
-8
-13
-15
-14
-14
-16
-14
-15
-17
-18
-20
-20
-26
-27
-32
-34
-42
-43
-36
-35
-31
-34
-33
-36
-35
-35
-35
-32
-28
-24
-20
-17
-11
-8
-7
-3
-5
-6
-5
-2
8
14
13
10
10
9
4
4
6
13
18
15
19
14
14
15
12
4
-1
-4
0
5
3
7
7
4
-2
0
-2
-4
-11
-13
-18
-20
-22
-26
-25
-23
-19
-18
-14
-18
-20
-21
-27
-31
-31
-32
-26
-17
-16
-15
-6
-1
-4
-11
-13
-10
-9
-5
-3
-2
1
-4
-7
-7
-11
-14
-17
-12
-5
-1
-2
-4
0
-3
1
-1
-1
7
13
15
15
17
18
22
21
22
30
33
38
40
43
49
45
48
47
51
51
46
41
37
32
28
31
34
38
39
38
36
31
22
19
17
11
9
9
6
8
5
8
4
2
4
2
9
9
7
5
5
10
4
5
-1
-5
-11
-12
-8
-15
-17
-22
-29
-34
-40
-44
-47
-50
-48
-46
-49
-49
-47
-41
-40
-36
-31
-23
-22
-22
-20
-9
-10
-19
-4
3
-3
-4
-1
9
11
11
18
22
22
17
19
25
20
16
13
8
1
-4
-6
-6
2
7
8
10
6
2
1
-5
-11
-15
-19
-18
-19
-17
-11
-18
-22
-27
-27
-29
-36
-34
-33
-34
-34
-32
-27
-26
-23
-28
-31
-33
-29
-26
-25
-23
-17
-9
-8
-7
-9
-11
-9
-2
-1
9
26
24
19
23
22
23
19
14
21
21
15
18
27
26
22
27
31
34
40
43
48
48
47
46
42
39
31
33
32
32
38
39
37
36
35
27
25
21
25
23
22
23
24
26
18
11
9
3
-2
1
1
3
1
2
3
0
-6
-12
-13
-19
-19
-12
-9
-9
-7
-7
-12
-12
-20
-21
-20
-22
-28
-26
-22
-22
-25
-29
-27
-28
-24
-23
-22
-21
-22
-21
-20
-15
-11
-9
-8
-10
-12
-10
-10
-5
-1
0
4
2
3
-1
-2
2
0
2
2
1
4
6
9
14
20
23
18
12
9
7
0
-2
2
2
-4
-9
-12
-14
-13
-11
-17
-20
-18
-21
-20
-22
-23
-20
-34
-41
-41
-40
-33
-33
-34
-34
-39
-32
-27
-28
-28
-27
-31
-30
-30
-25
-18
-13
-4
-4
-2
-3
2
4
5
10
18
22
20
14
4
4
1
5
17
26
31
29
29
30
35
39
38
38
45
43
44
45
42
50
47
43
46
41
44
40
34
28
20
20
19
20
25
22
20
20
19
23
23
25
23
22
16
15
14
14
14
7
6
2
-1
-1
-2
0
2
3
3
-5
-5
-8
-9
-4
0
3
6
13
15
13
6
2
0
0
-2
-10
-7
-5
-5
-8
-17
-19
-28
-32
-30
-30
-26
-23
-31
-36
-37
-40
-41
-44
-43
-41
-43
-42
-36
-33
-32
-36
-43
-42
-47
-47
-38
-28
-20
-18
-15
-10
-8
-17
-17
-12
-16
-7
-8
-5
-6
-13
-12
-12
-5
-4
-9
-8
-3
-7
-6
-6
-2
1
6
10
9
13
9
10
5
10
9
8
7
-2
-1
-4
-6
-9
-9
-6
-8
-10
-10
-6
5
13
16
21
21
15
14
15
15
13
13
16
20
30
32
30
36
34
38
43
47
53
50
48
46
41
46
41
42
41
36
37
34
29
15
9
5
8
6
11
16
13
16
14
15
11
4
2
-2
-5
-6
-10
-10
-11
-14
-18
-20
-22
-19
-15
-10
-10
-8
-1
0
4
1
-2
5
1
6
13
11
13
17
17
15
12
7
4
4
2
4
2
-1
-10
-18
-23
-29
-26
-26
-26
-32
-34
-37
-37
-37
-39
-44
-46
-45
-41
-35
-29
-28
-34
-33
-34
-35
-36
-31
-30
-25
-27
-28
-22
-18
-13
-17
-17
-18
-16
-9
-8
-2
3
-1
-4
-6
-8
-5
-1
-1
-3
2
5
8
7
9
8
3
1
-3
-5
-3
0
-2
1
-1
-7
-2
-2
1
4
5
11
10
10
13
18
19
21
18
24
24
22
26
27
34
33
27
31
34
35
34
31
30
30
27
22
22
27
29
30
34
33
35
32
35
34
31
31
30
26
25
27
10
7
6
1
3
-4
-12
-14
-14
-15
-12
-11
-11
-13
-17
-19
-23
-22
-25
-21
-21
-24
-20
-15
-10
-11
-8
-4
-3
-3
2
0
-2
-3
-15
-13
-9
-7
-5
-8
-9
-11
-6
-3
-1
4
6
6
5
2
5
1
1
-2
-2
-2
-2
-6
-17
-19
-17
-14
-8
-3
-4
-9
-8
-3
-2
0
-5
-5
-9
-17
-18
-15
-13
-15
-17
-19
-17
-23
-22
-20
-20
-21
-18
-17
-16
-16
-14
-12
-15
-10
-9
-4
-2
-9
-9
-9
-8
-3
-6
0
1
3
7
11
15
15
10
9
8
2
-2
-5
-9
-7
-2
5
5
4
3
4
2
-3
-1
2
9
7
5
10
15
16
13
12
3
-4
-8
-6
-4
-5
-5
-5
-3
2
0
7
15
15
15
10
10
12
13
17
13
12
17
16
19
25
25
29
34
38
41
37
36
30
31
33
30
29
26
23
17
9
-2
-6
-7
-11
-14
-16
-8
-8
-8
-5
-5
-6
-7
-5
0
5
4
9
10
13
14
15
15
12
10
7
7
6
5
6
4
2
4
7
7
11
11
12
8
-3
-9
-12
-10
-6
-10
-6
-4
-10
-7
-11
-15
-19
-26
-26
-23
-19
-22
-29
-32
-39
-42
-42
-43
-42
-43
-44
-38
-46
-47
-45
-45
-42
-44
-45
-48
-50
-49
-44
-37
-27
-27
-35
-35
-33
-34
-26
-18
-15
-14
-6
-6
0
2
4
11
10
15
18
21
18
16
16
14
15
15
17
21
28
31
37
48
39
35
39
36
28
28
36
40
38
35
38
38
32
29
25
28
27
31
35
39
38
34
33
25
16
13
18
24
25
26
20
14
13
5
4
0
-2
2
6
16
18
20
13
9
7
5
5
2
10
11
11
14
7
7
2
-1
-7
-6
-6
-5
0
3
5
-2
-2
-5
-3
-4
-6
-2
0
-13
-21
-18
-19
-22
-23
-22
-22
-29
-35
-30
-26
-27
-20
-14
-18
-21
-28
-27
-19
-13
-9
-10
-12
-17
-14
-12
-12
-13
-14
-13
-13
-7
-1
5
5
-2
-7
-12
-18
-20
-18
-16
-15
-13
-15
-22
-24
-31
-30
-30
-27
-26
-23
-17
-18
-15
-24
-28
-31
-28
-28
-26
-21
-20
-22
-28
-27
-26
-24
-23
-15
-9
-5
1
3
6
10
12
14
18
23
21
18
22
18
20
23
25
35
39
46
47
52
60
56
59
58
57
61
57
56
48
47
48
51
52
53
50
43
38
31
32
29
24
25
18
11
8
2
2
-4
-6
-7
-10
-10
-18
-19
-14
-16
-15
-19
-21
-23
-25
-25
-26
-26
-26
-27
-29
-23
-25
-23
-19
-19
-19
-18
-17
-16
-14
-7
-8
-3
-2
-2
-2
-6
-12
-12
-9
-10
-7
-8
-2
2
8
17
18
16
12
10
11
11
6
7
8
11
8
12
21
17
16
13
6
3
0
-4
-1
0
0
-2
-4
-7
-10
-6
-5
-4
-6
-11
-11
-14
-16
-23
-34
-40
-43
-43
-38
-35
-33
-35
-33
-32
-32
-25
-23
-27
-27
-19
-16
-19
-22
-25
-29
-32
-37
-40
-42
-43
-40
-38
-30
-25
-25
-24
-19
-13
-10
-5
1
3
8
10
13
21
21
23
25
23
22
27
34
42
47
50
50
50
49
48
44
41
41
45
49
48
48
44
44
41
32
28
26
22
24
26
29
27
22
24
28
29
19
14
18
18
18
21
23
21
24
22
20
23
20
18
17
15
8
4
-2
-3
-5
-9
-6
-9
-10
-12
-17
-18
-12
-10
-12
-10
-11
-10
-11
-10
-5
-9
-13
-21
-31
-31
-34
-36
-36
-37
-35
-34
-38
-35
-31
-26
-23
-25
-22
-20
-23
-22
-19
-19
-21
-24
-23
-22
-20
-17
-14
-6
-4
-6
-10
-13
-8
0
3
5
5
5
-1
-1
0
0
-2
-10
-12
-15
-12
-7
-10
-11
-6
-1
-5
-8
-11
-12
-7
-9
-9
-9
-11
-10
-6
-4
2
-3
-2
2
5
10
12
16
12
11
10
7
5
8
9
8
6
0
-2
-6
-9
-6
-3
-5
-9
-7
-6
-7
-6
-4
-3
1
6
9
16
17
17
20
23
23
23
26
33
38
45
46
41
39
32
33
31
25
18
16
13
12
17
13
8
4
2
-1
-1
1
2
9
13
20
16
10
10
10
12
15
21
22
18
16
15
6
3
-6
-11
-2
2
9
17
19
17
11
9
3
-2
-4
-2
-4
-7
-4
-5
-8
-16
-23
-16
-9
-2
-5
-6
2
-6
-9
-14
-23
-28
-29
-26
-21
-15
-20
-27
-30
-31
-31
-34
-34
-34
-30
-29
-29
-31
-26
-26
-25
-21
-21
-18
-20
-19
-16
-13
-8
-9
-14
-16
-11
-13
-9
-3
-5
-7
-5
-3
-2
-3
-5
-4
-6
-2
-2
-2
6
6
0
-6
-3
-3
1
4
-1
-5
-8
-10
-14
-14
-20
-15
-7
-4
2
-3
-4
-5
0
6
4
3
1
2
5
10
6
1
0
3
16
32
40
39
35
36
33
33
29
28
29
34
38
37
32
28
25
35
41
35
29
30
37
40
41
29
14
13
16
22
21
10
1
-2
2
1
0
-8
-7
-4
1
1
-9
-9
-5
4
7
6
3
2
7
15
12
4
3
-4
-5
-3
-7
-13
-11
-6
-1
-4
-13
-20
-16
-10
-9
-12
-13
-16
-10
-5
-1
3
-1
3
4
0
-2
-1
2
2
1
3
-4
-5
-7
-11
-11
-22
-24
-24
-29
-25
-23
-26
-21
-24
-29
-33
-35
-31
-30
-28
-34
-32
-34
-37
-39
-41
-37
-36
-32
-33
-36
-33
-34
-32
-22
-17
-9
-5
-3
5
16
16
15
7
-2
0
3
3
-3
-13
-13
-5
5
8
7
4
4
5
4
7
8
13
18
18
18
14
13
8
9
16
21
31
36
38
45
51
50
48
45
35
37
33
30
28
22
20
16
14
13
7
4
7
12
16
14
13
10
9
14
12
8
3
-2
0
1
1
5
3
-4
-1
4
9
20
25
31
30
28
28
21
17
12
11
12
16
10
8
9
3
-1
-6
-14
-16
-10
-9
-9
-9
-13
-21
-25
-17
-17
-34
-23
-9
-9
-10
-19
-19
-22
-22
-14
-8
-2
-1
4
8
6
3
1
-7
-17
-21
-22
-24
-27
-25
-30
-31
-33
-33
-32
-33
-36
-40
-38
-35
-26
-20
-14
-16
-20
-21
-20
-23
-25
-21
-20
-17
-14
-15
-15
-16
-15
-12
-11
-12
-8
-2
2
15
20
21
25
21
18
20
23
25
24
33
47
41
35
39
40
33
21
17
20
18
14
13
17
13
-4
-10
-10
-12
-14
-16
-20
-19
-16
-11
-10
-6
-7
-6
-7
-15
-10
-5
-2
3
4
6
9
5
4
4
-1
2
2
6
2
-5
-5
-5
-2
1
4
4
8
15
17
11
12
10
6
9
4
16
21
25
31
31
36
38
40
41
42
35
32
35
41
35
30
31
28
30
26
21
17
17
11
12
12
7
0
0
-2
-7
-10
-11
-7
-7
-4
-4
-5
-10
-19
-22
-26
-29
-29
-25
-25
-27
-24
-17
-19
-22
-24
-27
-29
-35
-36
-35
-40
-45
-43
-37
-30
-36
-38
-34
-31
-21
-14
-2
4
-1
-4
-8
-9
-10
-11
-12
-8
-7
-6
3
3
3
-2
-6
-13
-19
-18
-21
-23
-21
-20
-17
-20
-27
-29
-27
-18
-12
-10
-6
-4
-2
-3
-5
-4
-2
-3
4
6
2
8
16
21
18
14
15
18
18
18
17
17
15
13
20
19
17
19
15
12
6
4
10
12
17
18
21
21
17
18
22
31
31
34
38
43
45
43
42
42
36
27
15
13
17
19
19
20
18
10
9
11
15
20
23
24
25
25
29
25
28
29
27
28
17
12
9
2
1
0
0
6
1
-8
-14
-18
-24
-27
-22
-24
-24
-30
-29
-27
-31
-36
-39
-39
-35
-25
-13
-6
-14
-21
-25
-27
-24
-29
-29
-30
-34
-29
-26
-28
-33
-37
-38
-32
-32
-33
-31
-26
-22
-11
-7
-10
-17
-17
-17
-17
-16
-19
-18
-19
-15
-14
-12
-16
-24
-20
-16
-10
-6
6
9
9
10
9
10
9
11
13
16
14
16
22
27
30
23
19
15
14
12
20
27
25
25
27
27
22
11
0
-3
1
4
5
7
8
2
-5
-7
-8
-12
-18
-15
-9
0
9
9
8
3
-4
-5
-5
0
0
3
10
15
24
18
12
14
17
20
22
30
38
38
39
34
34
29
16
5
-1
6
10
16
12
10
8
0
-1
-2
1
1
2
8
8
5
-4
-8
-10
-11
-12
-9
-5
-3
-6
-4
-1
-7
-1
-4
-2
1
-3
-3
-7
-11
-12
-8
-4
-3
-7
-5
-3
-5
1
3
3
2
-4
-1
1
7
9
10
10
7
9
8
6
6
3
-3
-10
-12
-14
-21
-22
-19
-14
-11
-9
-5
-4
-7
-6
-5
-13
-14
-16
-20
-19
-17
-15
-17
-19
-20
-17
-9
-10
-8
-13
-12
-6
-9
-6
-6
-13
-15
-16
-19
-21
-15
-15
-12
-9
-6
-3
-6
-7
-20
-19
-17
-23
-25
-28
-29
-31
-32
-28
-27
-30
-27
-23
-23
-21
-25
-29
-32
-24
-16
-9
0
-2
4
9
12
11
8
6
9
18
17
21
25
28
27
35
41
46
49
52
59
58
61
62
57
55
52
52
54
56
60
63
62
55
48
46
47
42
39
42
39
38
39
36
33
27
24
22
23
25
25
17
18
18
19
19
16
14
11
9
5
1
-6
-15
-18
-21
-19
-17
-20
-22
-26
-24
-30
-33
-31
-31
-28
-30
-29
-32
-35
-36
-34
-33
-36
-42
-41
-38
-43
-42
-51
-49
-51
-58
-61
-64
-65
-64
-64
-62
-64
-65
-61
-65
-65
-65
-61
-55
-55
-48
-49
-51
-51
-54
-58
-59
-55
-45
-38
-31
-21
-15
-7
-3
1
5
4
12
22
24
27
31
35
39
39
39
44
42
46
51
62
68
65
68
65
65
60
55
53
52
50
48
50
52
53
52
50
48
56
66
72
74
72
71
75
74
73
67
63
59
60
61
60
53
49
45
36
25
11
3
-5
-11
-8
-5
-10
-11
-18
-20
-22
-26
-29
-33
-33
-34
-37
-30
-28
-35
-33
-32
-30
-32
-34
-36
-42
-45
-46
-53
-57
-62
-75
-83
-89
-87
-86
-78
-69
-72
-73
-77
-78
-78
-76
-79
-73
-66
-56
-54
-57
-59
-65
-61
-55
-52
-45
-34
-31
-29
-24
-19
-26
-35
-32
-22
-16
-12
-12
-5
4
11
19
23
30
41
53
71
90
102
117
126
132
138
142
150
154
163
176
187
188
187
184
177
173
163
159
149
145
138
122
122
111
106
94
74
59
45
33
20
7
-18
-40
-52
-65
-78
-91
-98
-102
-112
-116
-118
-116
-130
-128
-116
-130
-139
-135
-123
-110
-102
-87
-70
-58
-49
-36
-33
-44
-49
-48
-52
-56
-60
-67
-73
-82
-92
-105
-119
-128
-147
-166
-180
-202
-222
-236
-247
-253
-268
-291
-302
-310
-304
-284
-273
-253
-231
-212
-183
-157
-133
-108
-75
-30
22
68
109
148
178
200
221
243
265
286
307
329
356
378
395
406
410
422
419
403
405
397
403
393
400
402
385
381
350
347
332
315
314
301
285
266
247
221
192
163
140
119
107
94
87
56
35
1
-21
-35
-72
-79
-126
-153
-184
-203
-230
-256
-272
-304
-309
-331
-335
-354
-364
-366
-380
-381
-400
-404
-403
-399
-381
-362
-337
-306
-272
-242
-214
-207
-195
-192
-185
-173
-165
-151
-136
-126
-125
-126
-131
-130
-136
-141
-140
-139
-145
-161
-172
-192
-214
-241
-257
-266
-272
-269
-258
-243
-222
-199
-184
-154
-125
-92
-57
-19
28
79
136
181
222
259
295
327
365
409
446
470
487
507
526
538
539
536
536
526
518
507
497
488
460
438
418
404
381
344
317
293
274
254
243
229
224
203
179
171
152
143
138
129
121
111
90
73
47
23
9
-12
-26
-36
-59
-94
-103
-121
-143
-151
-187
-207
-219
-248
-262
-289
-311
-310
-315
-334
-337
-354
-359
-352
-375
-364
-362
-379
-348
-348
-340
-324
-323
-301
-308
-300
-293
-283
-266
-239
-218
-196
-168
-156
-130
-122
-104
-84
-74
-44
-31
-19
0
1
13
24
22
33
32
29
35
28
11
-5
-31
-55
-85
-112
-137
-164
-188
-202
-218
-231
-244
-253
-252
-242
-230
-214
-193
-163
-128
-97
-54
-7
38
80
124
170
220
264
304
343
375
410
441
463
487
512
528
545
550
558
566
565
559
543
522
496
473
440
422
406
386
384
363
351
326
308
288
281
259
233
223
195
165
153
122
97
94
55
40
14
-12
-17
-44
-42
-61
-107
-102
-168
-181
-198
-227
-205
-232
-266
-276
-320
-351
-354
-374
-388
-388
-430
-419
-433
-449
-424
-448
-418
-434
-422
-415
-435
-420
-423
-409
-400
-362
-350
-300
-288
-262
-236
-218
-180
-169
-143
-126
-116
-93
-85
-72
-43
-32
-7
14
13
23
30
15
13
5
-10
-16
-27
-52
-78
-100
-131
-148
-158
-170
-175
-176
-177
-172
-163
-154
-140
-115
-88
-55
-17
25
69
115
153
192
240
274
310
341
381
417
450
492
512
533
542
546
548
557
554
553
540
548
524
524
515
494
498
471
470
421
428
386
381
348
321
276
246
212
152
143
84
95
58
5
36
-41
-5
-34
-39
-42
-75
-91
-121
-133
-172
-149
-185
-181
-191
-248
-194
-282
-260
-254
-314
-278
-305
-331
-305
-350
-350
-336
-365
-359
-365
-390
-378
-385
-405
-383
-410
-392
-389
-390
-353
-338
-291
-263
-248
-219
-227
-207
-190
-184
-167
-141
-128
-95
-83
-79
-82
-91
-86
-86
-89
-79
-84
-93
-109
-144
-171
-200
-228
-253
-257
-256
-241
-230
-222
-208
-199
-192
-171
-145
-109
-60
-12
35
88
143
186
226
265
292
324
353
387
433
467
504
542
567
581
587
591
594
586
592
569
590
536
542
531
484
529
437
471
418
391
392
348
357
324
288
292
221
218
215
155
184
104
112
102
48
106
16
39
6
-77
-41
-153
-84
-146
-149
-150
-211
-152
-254
-172
-269
-243
-285
-336
-268
-379
-272
-371
-320
-364
-414
-378
-432
-374
-382
-344
-372
-347
-370
-368
-341
-379
-323
-334
-291
-250
-241
-212
-235
-242
-238
-249
-223
-226
-196
-161
-138
-128
-125
-122
-107
-103
-108
-95
-89
-73
-81
-101
-115
-154
-177
-210
-243
-238
-252
-235
-233
-210
-205
-195
-189
-197
-172
-154
-123
-79
-32
15
59
90
134
160
196
238
272
321
363
407
449
484
511
531
555
578
587
611
612
635
620
608
604
553
579
525
542
497
493
459
431
448
365
406
361
300
333
231
227
226
145
161
138
76
85
75
-8
81
-42
-10
-20
-102
-22
-99
-61
-79
-134
-115
-179
-173
-180
-175
-204
-190
-223
-233
-240
-302
-285
-332
-362
-334
-400
-363
-385
-401
-378
-420
-420
-417
-450
-425
-444
-429
-415
-399
-373
-327
-322
-329
-335
-337
-309
-307
-275
-265
-216
-180
-162
-153
-149
-141
-118
-117
-116
-106
-78
-89
-87
-118
-139
-163
-199
-223
-240
-236
-232
-240
-235
-222
-224
-225
-228
-221
-189
-160
-120
-61
-12
50
85
132
167
198
237
280
334
382
435
479
525
561
595
619
627
653
645
678
660
687
658
676
677
618
695
558
644
553
504
559
432
494
448
371
417
302
278
302
172
213
192
105
178
103
95
106
21
44
0
-28
-57
-6
-106
-17
-107
-147
-96
-212
-146
-213
-228
-221
-222
-255
-248
-273
-288
-285
-331
-324
-322
-367
-307
-350
-354
-355
-411
-379
-455
-416
-464
-451
-478
-455
-465
-465
-437
-488
-417
-455
-414
-385
-399
-374
-375
-378
-324
-342
-310
-280
-256
-190
-168
-163
-138
-133
-110
-97
-116
-72
-77
-43
-48
-84
-89
-114
-131
-138
-178
-161
-166
-165
-156
-153
-131
-129
-133
-116
-77
-49
0
39
95
149
183
225
270
307
340
383
431
480
524
576
610
642
657
648
675
634
687
630
708
658
654
708
572
651
541
551
545
489
433
487
324
381
362
195
358
159
214
198
67
182
69
114
94
86
41
78
37
-47
90
-130
31
-82
-78
-8
-162
35
-190
-64
-191
-194
-158
-245
-184
-266
-215
-253
-242
-249
-301
-253
-352
-300
-357
-407
-294
-401
-255
-393
-334
-455
-444
-442
-504
-411
-495
-411
-465
-442
-469
-470
-460
-482
-437
-444
-386
-362
-343
-310
-332
-285
-291
-278
-254
-215
-154
-130
-85
-77
-58
-16
-47
-27
-48
-28
-4
-8
-9
-20
-36
-52
-83
-121
-136
-139
-140
-124
-124
-98
-94
-95
-79
-81
-37
-9
43
99
151
204
264
300
359
363
404
424
426
481
475
526
578
528
608
576
552
613
523
580
593
595
560
638
464
561
479
378
505
280
451
325
373
374
296
340
280
294
231
303
198
287
230
193
295
88
281
55
160
157
50
169
37
71
35
16
-74
-9
-177
-78
-126
-253
-111
-310
-186
-282
-298
-306
-359
-430
-363
-471
-432
-444
-534
-451
-581
-496
-568
-600
-572
-621
-631
-606
-624
-606
-586
-629
-570
-580
-582
-518
-548
-469
-442
-427
-327
-354
-296
-291
-285
-233
-227
-163
-153
-97
-56
-13
-5
29
29
55
57
39
57
69
87
96
59
56
38
3
-21
-50
-33
-46
-37
-29
-15
-2
10
20
32
63
106
155
205
253
277
326
319
376
368
410
443
434
526
475
571
564
583
572
610
509
627
488
552
607
412
674
371
556
485
369
508
353
364
378
308
324
380
240
356
255
151
310
97
194
243
87
291
139
151
106
9
64
-46
26
-41
-34
-6
-77
-24
-183
-94
-267
-189
-198
-325
-155
-410
-235
-426
-364
-416
-521
-416
-531
-489
-474
-555
-506
-518
-649
-466
-703
-536
-605
-611
-540
-592
-535
-519
-542
-519
-476
-508
-408
-433
-365
-343
-351
-260
-278
-234
-156
-167
-102
-98
-68
-46
4
-36
39
5
55
69
64
112
121
131
154
98
121
134
104
146
92
96
87
46
64
-10
15
-2
-32
38
-19
94
48
91
106
111
155
153
221
214
300
299
370
343
421
421
376
472
376
465
435
453
480
406
531
411
428
491
350
473
427
430
402
503
348
455
365
246
506
146
481
262
304
353
86
468
5
444
48
252
239
31
313
-60
251
-51
225
-60
-71
19
-308
123
-344
-73
-280
-243
-215
-373
-312
-514
-267
-572
-226
-562
-488
-476
-640
-451
-630
-547
-594
-511
-535
-527
-557
-625
-543
-528
-456
-432
-452
-450
-395
-470
-387
-446
-407
-288
-336
-182
-271
-247
-176
-236
-139
-186
-155
-162
-78
-70
9
6
4
48
-27
58
-37
61
54
131
133
172
117
125
75
71
64
91
97
165
167
162
124
74
58
27
65
77
137
81
246
86
194
137
86
191
124
261
246
269
399
286
403
386
307
397
326
427
391
457
374
529
411
489
500
334
447
328
427
453
409
422
458
385
429
326
316
278
317
367
221
379
193
280
289
98
200
78
123
88
11
51
23
6
26
-80
-169
-53
-308
-101
-332
-245
-244
-259
-252
-419
-349
-552
-292
-591
-328
-531
-462
-358
-511
-360
-621
-442
-528
-517
-449
-575
-473
-473
-473
-449
-457
-528
-453
-401
-463
-309
-481
-357
-371
-428
-262
-446
-269
-323
-258
-228
-242
-232
-212
-167
-205
-99
-151
-54
-41
-49
4
-41
5
37
40
142
105
231
183
170
166
151
159
215
263
211
297
227
266
274
210
241
258
132
361
172
234
345
69
441
160
337
260
292
326
288
424
134
534
100
549
333
319
436
334
355
398
419
190
639
135
671
307
345
497
288
474
336
305
389
377
327
418
221
370
408
115
314
114
74
425
-111
280
4
-2
120
-102
-210
39
-257
-190
-73
-551
63
-378
-246
-281
-458
-436
-273
-602
-379
-390
-534
-136
-642
-425
-527
-588
-378
-617
-454
-493
-375
-361
-363
-557
-463
-491
-532
-289
-600
-277
-375
-411
-153
-599
-400
-413
-437
-268
-289
-370
-229
-263
-303
-146
-365
-230
-183
-184
-71
-122
-109
1
-7
30
55
-86
106
42
251
184
223
221
207
289
258
270
225
305
207
368
287
362
316
322
263
241
292
152
337
262
240
412
1
407
102
323
333
119
350
143
524
182
469
59
427
356
256
359
187
358
456
326
344
351
282
459
189
410
196
494
173
410
214
323
303
295
298
258
343
123
218
16
274
37
328
-159
397
-343
169
-235
-65
-92
-211
113
-347
108
-561
-56
-573
-242
-439
-355
-339
-367
-307
-497
-424
-552
-367
-568
-379
-582
-342
-598
-328
-526
-475
-438
-490
-328
-515
-376
-445
-398
-407
-417
-316
-459
-325
-381
-353
-278
-422
-147
-373
-93
-262
-179
-177
-225
-110
-234
-107
-154
-19
-12
19
39
-11
104
58
103
150
81
230
185
240
249
191
317
230
339
232
290
315
301
386
293
412
294
354
292
268
347
285
349
317
329
284
224
308
140
284
166
246
245
174
228
228
219
204
285
137
278
161
271
153
246
239
205
253
235
206
164
243
45
337
51
406
156
303
180
174
95
144
98
65
299
-117
250
-143
43
-168
-111
-27
-152
-23
-186
-102
-274
-52
-336
-163
-338
-283
-208
-409
-232
-368
-389
-278
-376
-375
-308
-429
-285
-336
-461
-328
-388
-316
-390
-320
-422
-292
-387
-332
-240
-415
-133
-355
-180
-395
-302
-323
-303
-257
-268
-87
-267
1
-222
-11
-179
-149
-46
-76
70
-20
22
-55
19
-74
79
40
50
131
85
148
181
77
191
105
162
195
159
226
154
206
205
213
189
226
162
213
172
197
235
194
229
220
250
198
278
213
296
265
345
270
237
346
186
324
136
294
306
298
343
236
323
209
269
231
284
264
257
305
184
233
193
237
181
218
211
142
167
128
85
151
97
78
37
-3
-23
-82
-23
12
-58
-91
-140
-175
-123
-218
-248
-197
-291
-248
-259
-350
-286
-338
-204
-268
-378
-465
-440
-455
-303
-275
-300
-316
-459
-423
-552
-442
-476
-278
-307
-156
-330
-331
-366
-426
-266
-367
-212
-280
-157
-181
-73
-137
-88
-147
-218
-121
-209
-30
-41
-16
62
-30
1
-40
-90
-67
-62
-95
7
14
32
46
-45
-124
-137
-187
-131
-97
-44
130
78
197
111
135
72
114
193
178
385
316
512
436
504
414
405
435
427
641
542
725
555
660
521
504
448
421
457
418
532
396
501
376
470
263
288
224
149
239
161
255
231
279
312
310
170
174
39
56
19
95
59
118
72
71
-3
-162
-116
-278
-139
-209
-94
-119
-224
-229
-410
-487
-570
-567
-588
-488
-428
-321
-306
-416
-403
-535
-608
-466
-536
-382
-350
-355
-252
-317
-342
-326
-376
-390
-286
-297
-183
-123
-92
7
-79
-167
-249
-345
-258
-205
-97
-58
26
-12
-115
-241
-366
-345
-386
-321
-322
-189
-170
-134
-243
-414
-469
-569
-537
-492
-398
-268
-197
-202
-243
-300
-288
-208
-153
-19
104
231
364
407
506
474
503
526
563
648
761
870
913
974
939
928
843
780
769
743
776
829
827
833
803
646
584
457
458
466
482
468
469
446
351
345
234
195
151
141
170
175
239
227
197
123
12
-21
-100
-64
-39
-24
-13
-68
-92
-204
-229
-342
-371
-324
-386
-318
-412
-354
-423
-459
-535
-582
-490
-503
-397
-444
-439
-497
-478
-483
-530
-444
-526
-455
-468
-393
-304
-289
-212
-122
-59
-102
-173
-247
-183
-138
-103
-55
21
29
-60
-272
-402
-373
-285
-280
-331
-363
-376
-384
-530
-689
-823
-882
-898
-908
-829
-764
-675
-725
-851
-921
-931
-762
-590
-380
-218
-95
6
21
118
166
296
442
585
778
916
1070
1087
1057
1005
1010
1069
1167
1266
1380
1405
1307
1181
1062
1010
937
897
899
893
898
879
757
634
515
379
294
314
330
352
313
254
200
90
23
-28
-17
19
120
139
111
113
46
-33
-151
-158
-122
-28
10
-43
-24
-108
-179
-233
-244
-279
-249
-226
-244
-250
-300
-303
-422
-482
-527
-478
-502
-437
-431
-445
-428
-482
-419
-386
-164
25
41
-180
-333
-297
-176
-88
-87
1
124
38
-258
-574
-627
-393
-293
-370
-556
-578
-531
-673
-939
-1214
-1312
-1316
-1314
-1265
-1177
-1103
-1184
-1402
-1622
-1566
-1321
-1028
-795
-669
-537
-425
-360
-269
-159
49
318
540
751
970
1174
1246
1166
1088
1184
1373
1549
1672
1752
1767
1686
1505
1411
1404
1414
1342
1218
1208
1152
1065
875
701
588
512
433
391
395
388
238
47
0
-31
29
-15
-43
-30
17
11
-36
-58
-21
31
-25
-30
33
129
166
104
42
16
-6
-8
-50
-46
-5
-6
-101
-167
-191
-214
-318
-391
-370
-304
-312
-371
-445
-490
-528
-555
-509
-357
-53
202
202
-144
-455
-454
-230
-35
69
177
268
103
-378
-835
-879
-460
-140
-249
-560
-732
-790
-943
-1332
-1602
-1598
-1499
-1427
-1465
-1480
-1500
-1669
-1957
-2102
-1922
-1432
-1024
-885
-925
-974
-899
-724
-445
-50
342
635
752
807
929
1161
1349
1432
1501
1645
1910
2009
1978
1918
1868
1839
1780
1814
1926
1930
1696
1379
1159
1111
1077
988
911
809
665
414
202
137
115
67
-43
-94
-67
-82
-231
-356
-388
-315
-218
-165
-127
-107
-142
-210
-242
-147
48
130
113
23
6
40
38
11
45
102
81
7
-34
-49
-40
-129
-225
-241
-232
-205
-266
-319
-368
-397
-426
-351
-51
350
413
27
-471
-554
-238
71
198
244
339
160
-422
-1059
-1098
-495
34
-35
-587
-1031
-1142
-1227
-1456
-1670
-1653
-1532
-1554
-1744
-1880
-1895
-1964
-2160
-2305
-2103
-1589
-1171
-1086
-1282
-1418
-1246
-847
-349
115
485
662
622
509
654
1114
1620
1894
1878
1856
1893
1904
1873
1915
2097
2247
2218
2077
1973
1851
1614
1314
1205
1293
1383
1258
979
721
464
264
128
171
271
232
33
-210
-310
-294
-274
-264
-205
-95
-23
-83
-210
-229
-160
-48
80
173
316
320
183
50
31
179
322
382
356
231
64
-46
-120
-101
-29
-6
-51
-155
-263
-341
-420
-438
-388
-364
-330
-218
103
402
216
-361
-732
-492
88
383
320
252
233
-131
-878
-1314
-861
82
428
-174
-1098
-1522
-1437
-1355
-1458
-1540
-1526
-1625
-1995
-2361
-2390
-2224
-2106
-2231
-2331
-2140
-1756
-1510
-1576
-1727
-1636
-1187
-626
-160
106
199
265
322
470
894
1496
1962
1962
1688
1578
1734
1977
2153
2298
2377
2318
2110
1948
1894
1844
1745
1578
1524
1493
1375
1110
791
618
540
503
447
368
244
40
-172
-271
-201
-93
-72
-153
-260
-270
-231
-155
-127
-78
4
39
70
104
187
239
204
212
257
352
372
348
302
221
181
149
143
147
100
-19
-125
-108
-41
-99
-228
-346
-335
-336
-279
-39
417
683
323
-482
-925
-468
356
743
531
253
67
-383
-1091
-1277
-577
408
494
-459
-1522
-1853
-1485
-1216
-1336
-1568
-1712
-1907
-2270
-2583
-2546
-2254
-2087
-2197
-2350
-2238
-1925
-1717
-1766
-1833
-1553
-955
-405
-142
-92
-46
126
377
766
1273
1697
1809
1631
1429
1519
1853
2186
2320
2287
2146
1933
1809
1834
1983
1943
1689
1412
1277
1205
1075
879
704
594
491
375
254
119
-2
-114
-172
-154
-116
-119
-210
-292
-287
-204
-71
20
1
-48
-56
12
123
252
358
401
319
201
191
294
426
457
402
293
191
93
32
37
72
100
52
-65
-194
-252
-283
-340
-321
-207
-51
79
311
557
421
-258
-764
-369
589
1090
721
203
8
-192
-750
-1063
-438
656
853
-305
-1681
-1988
-1349
-817
-945
-1359
-1647
-1970
-2436
-2685
-2470
-1992
-1803
-2099
-2462
-2499
-2155
-1778
-1622
-1636
-1457
-1039
-591
-380
-355
-202
145
512
811
1149
1527
1684
1474
1274
1501
2014
2328
2233
2042
1958
1858
1737
1740
1976
2087
1738
1228
982
1053
1115
947
723
628
485
254
28
-6
70
43
-112
-248
-263
-225
-233
-305
-275
-132
-16
-39
-140
-149
-32
91
170
226
288
292
210
109
136
268
380
368
259
92
-56
-93
-39
50
56
-35
-178
-301
-346
-352
-309
-255
-210
-232
-296
-232
69
568
719
227
-466
-517
230
945
889
442
280
240
-223
-906
-816
230
1022
436
-1042
-1901
-1570
-835
-727
-1172
-1574
-1798
-2101
-2502
-2539
-2141
-1764
-1883
-2322
-2549
-2281
-1790
-1540
-1547
-1499
-1145
-650
-376
-323
-171
207
650
894
1058
1348
1627
1656
1476
1522
1928
2305
2316
2068
1899
1877
1869
1823
1889
1972
1789
1358
982
952
1056
963
732
511
403
237
6
-102
-41
18
-68
-274
-388
-339
-285
-287
-291
-172
-30
-4
-104
-140
-9
163
239
246
272
339
320
234
197
256
354
309
198
95
52
6
-74
-122
-105
-137
-289
-440
-482
-399
-399
-526
-614
-535
-354
-284
-327
-113
408
713
187
-683
-686
307
1141
929
279
194
403
-58
-936
-966
252
1270
660
-992
-1965
-1602
-828
-743
-1186
-1516
-1723
-2111
-2601
-2672
-2229
-1776
-1822
-2241
-2551
-2380
-1899
-1546
-1443
-1384
-1058
-589
-349
-285
-116
329
806
1045
1207
1534
1878
1862
1603
1584
2036
2497
2546
2338
2157
2055
1871
1747
1907
2128
1978
1459
962
837
916
887
749
599
403
83
-222
-270
-92
-7
-136
-360
-456
-433
-404
-391
-310
-138
1
6
-99
-103
17
139
182
225
367
497
437
230
109
207
372
398
289
148
47
-86
-185
-224
-143
-109
-229
-434
-611
-611
-525
-444
-464
-478
-448
-373
-399
-356
43
663
773
30
-738
-497
546
1102
748
345
498
442
-434
-1299
-832
620
1250
156
-1486
-2112
-1581
-1025
-1107
-1431
-1656
-1918
-2409
-2835
-2773
-2291
-1899
-1929
-2274
-2509
-2319
-1818
-1437
-1300
-1193
-834
-373
-121
-35
166
616
1056
1301
1473
1739
2012
2042
1860
1877
2210
2565
2590
2361
2142
1968
1856
1874
1974
1919
1598
1172
900
784
723
695
611
406
112
-134
-212
-182
-170
-183
-233
-287
-336
-342
-293
-217
-114
-11
114
154
106
66
131
265
362
436
541
577
386
149
120
331
486
369
146
-39
-161
-264
-340
-293
-211
-265
-495
-752
-827
-715
-565
-497
-499
-520
-522
-522
-482
-187
469
978
655
-312
-779
-115
893
1162
826
650
617
-20
-1105
-1359
-189
1179
1058
-541
-2043
-2228
-1569
-1131
-1237
-1514
-1791
-2268
-2859
-3111
-2760
-2134
-1802
-2002
-2419
-2527
-2124
-1581
-1289
-1209
-975
-458
-7
180
262
524
906
1237
1509
1927
2393
2496
2160
1802
1895
2375
2748
2784
2604
2277
1841
1456
1448
1753
1892
1570
990
515
303
253
273
283
192
-47
-365
-571
-569
-421
-317
-290
-333
-343
-297
-235
-154
-18
175
328
376
352
396
469
488
511
612
780
780
554
333
287
339
289
146
30
-37
-196
-435
-569
-544
-533
-619
-758
-876
-943
-942
-818
-693
-622
-615
-585
-524
-409
-31
650
1052
576
-296
-457
383
1181
1139
775
812
847
38
-1141
-1274
5
1149
707
-903
-2093
-2105
-1653
-1547
-1739
-1875
-2015
-2441
-3005
-3212
-2891
-2331
-2029
-2156
-2398
-2317
-1826
-1311
-1115
-1045
-708
-109
392
627
819
1151
1438
1538
1710
2235
2881
3086
2711
2263
2152
2322
2546
2708
2795
2594
1995
1296
964
1040
1159
1042
744
397
-1
-324
-451
-404
-351
-450
-608
-673
-622
-532
-490
-504
-471
-296
-33
202
321
371
426
454
518
686
926
1091
1022
845
741
754
757
684
626
553
349
13
-228
-299
-338
-492
-679
-769
-834
-981
-1151
-1219
-1162
-1085
-1039
-972
-868
-783
-741
-716
-595
-312
266
1059
1516
1017
27
-325
366
1291
1547
1414
1450
1307
236
-1261
-1718
-570
826
827
-573
-2003
-2489
-2364
-2371
-2560
-2560
-2428
-2565
-3040
-3429
-3356
-2974
-2675
-2621
-2564
-2161
-1404
-768
-669
-882
-810
-145
785
1511
1998
2295
2301
2007
1831
2277
3200
3887
3820
3235
2663
2387
2294
2224
2232
2271
2042
1488
852
410
116
-178
-472
-644
-630
-526
-506
-748
-1127
-1362
-1257
-899
-457
-64
104
-19
-237
-165
287
816
1177
1369
1433
1382
1242
1159
1269
1451
1534
1454
1283
1121
889
535
168
-59
-147
-266
-474
-723
-1006
-1313
-1560
-1659
-1616
-1462
-1364
-1404
-1519
-1512
-1272
-964
-750
-606
-407
-183
22
246
800
1673
2238
1856
906
467
977
1666
1748
1523
1542
1454
426
-1174
-2006
-1375
-346
-351
-1458
-2548
-2857
-2841
-3209
-3854
-4138
-3896
-3549
-3387
-3353
-3218
-3023
-2969
-3015
-2848
-2070
-765
359
693
404
247
683
1469
2232
2902
3490
3729
3439
2969
2879
3231
3520
3383
2957
2617
2402
2066
1541
955
488
154
-134
-325
-443
-659
-1067
-1579
-1949
-1939
-1512
-949
-567
-458
-459
-402
-231
98
572
1046
1367
1550
1758
2030
2149
2043
1911
1926
2018
2044
1953
1794
1526
1075
562
213
96
24
-241
-638
-992
-1280
-1563
-1831
-1959
-1954
-1889
-1826
-1713
-1553
-1378
-1259
-1192
-1024
-706
-279
142
452
676
883
1015
1103
1494
2352
3044
2731
1724
1069
1211
1487
1244
866
889
881
-82
-1785
-2922
-2708
-2000
-2037
-2878
-3551
-3508
-3299
-3627
-4367
-4859
-4753
-4213
-3549
-2900
-2271
-1780
-1602
-1753
-1829
-1266
-26
1288
2016
2156
2218
2496
2806
2894
2910
3114
3391
3415
3166
2941
2843
2551
1790
837
228
125
181
21
-342
-771
-1250
-1691
-1953
-1925
-1729
-1508
-1326
-1149
-866
-445
-4
332
612
954
1376
1805
2210
2565
2784
2758
2574
2455
2488
2517
2384
2136
1872
1572
1147
665
235
-141
-469
-763
-953
-1024
-1131
-1403
-1814
-2092
-2096
-1963
-1757
-1511
-1247
-1041
-918
-838
-685
-383
19
384
645
801
908
1061
1178
1207
1253
1330
1351
1409
1765
2288
2274
1446
428
-53
-48
-145
-484
-578
-369
-633
-1812
-3173
-3640
-3171
-2732
-2941
-3344
-3252
-2735
-2459
-2754
-3314
-3631
-3474
-2876
-2081
-1297
-579
-34
174
48
-76
236
962
1611
1874
1958
2253
2744
2979
2713
2202
1790
1480
1196
1049
1204
1452
1317
627
-246
-853
-1185
-1365
-1365
-1180
-918
-699
-566
-516
-582
-676
-685
-529
-129
523
1292
1929
2264
2301
2178
2030
1926
1934
2059
2220
2333
2318
2135
1766
1266
729
296
16
-153
-275
-394
-550
-794
-1024
-1141
-1160
-1187
-1271
-1370
-1359
-1163
-857
-578
-372
-244
-221
-223
-166
-46
162
440
673
797
802
741
660
575
446
305
199
189
298
415
607
989
1275
996
248
-382
-542
-485
-603
-756
-618
-379
-641
-1526
-2390
-2577
-2296
-2250
-2623
-2864
-2499
-1835
-1554
-1856
-2375
-2697
-2654
-2362
-1989
-1489
-812
-113
314
353
305
546
977
1190
1081
1017
1399
2063
2496
2490
2237
1916
1519
1075
719
575
545
435
201
-27
-155
-210
-308
-542
-860
-1049
-960
-615
-175
145
336
433
465
539
798
1182
1502
1665
1771
1942
2128
2209
2163
2043
1846
1566
1268
1027
828
671
511
346
188
-6
-267
-601
-967
-1219
-1236
-1089
-888
-750
-690
-710
-773
-830
-806
-665
-459
-298
-214
-94
70
230
338
382
359
292
220
233
315
369
334
196
32
-72
-120
-149
-195
-290
-313
-6
519
791
566
67
-306
-442
-574
-771
-831
-679
-665
-1073
-1636
-1873
-1705
-1572
-1843
-2288
-2386
-2014
-1549
-1343
-1442
-1675
-1772
-1679
-1493
-1257
-947
-554
-157
127
310
551
909
1170
1113
858
763
1020
1391
1548
1496
1410
1311
1108
819
587
487
363
119
-149
-274
-152
92
242
224
170
202
331
448
518
576
668
796
907
1074
1318
1543
1596
1481
1388
1400
1430
1383
1269
1093
845
575
402
328
280
195
28
-191
-404
-559
-632
-631
-637
-644
-644
-587
-507
-439
-378
-292
-227
-195
-116
-31
115
178
212
236
264
296
291
312
269
184
8
-99
-175
-210
-254
-372
-479
-594
-671
-736
-803
-890
-991
-1069
-1093
-1053
-951
-821
-731
-703
-623
-331
92
342
343
271
271
296
198
20
-38
-2
-56
-290
-543
-570
-400
-351
-632
-1035
-1231
-1127
-964
-964
-1109
-1297
-1421
-1471
-1454
-1348
-1174
-944
-696
-492
-301
-40
295
555
618
574
612
836
1128
1370
1526
1620
1700
1757
1782
1737
1595
1376
1140
920
738
637
623
647
607
491
397
385
400
351
229
97
-4
-68
-83
-11
106
163
165
174
224
286
329
355
357
346
321
301
288
270
242
218
244
288
302
262
161
29
-97
-166
-170
-140
-127
-141
-136
-121
-134
-184
-230
-263
-308
-366
-430
-454
-421
-372
-360
-387
-442
-503
-544
-578
-595
-555
-457
-358
-314
-319
-354
-394
-440
-448
-396
-318
-270
-283
-306
-331
-312
-263
-182
-106
-49
-21
3
131
386
641
683
508
289
190
136
-19
-255
-432
-536
-706
-961
-1148
-1127
-1015
-1017
-1160
-1257
-1157
-907
-708
-647
-676
-671
-544
-364
-191
-11
207
462
698
873
1031
1220
1388
1457
1401
1294
1225
1230
1243
1166
1018
881
793
699
534
342
169
28
-127
-280
-382
-390
-349
-299
-228
-99
98
301
455
533
571
600
630
634
602
555
521
513
519
509
497
495
454
348
173
-13
-130
-234
-389
-564
-682
-707
-667
-625
-583
-544
-501
-436
-376
-330
-294
-240
-158
-79
-23
44
142
261
320
318
291
253
188
86
-29
-129
-217
-317
-395
-426
-401
-380
-423
-481
-508
-489
-457
-446
-469
-507
-554
-593
-606
-583
-518
-429
-343
-281
-234
-161
16
317
614
751
742
694
680
639
466
243
103
24
-128
-389
-616
-671
-618
-600
-691
-780
-725
-548
-393
-371
-478
-586
-614
-557
-478
-399
-272
-50
223
438
603
765
958
1086
1042
894
825
867
894
816
676
601
611
623
596
539
472
365
192
-1
-152
-249
-308
-328
-327
-323
-273
-115
142
388
517
547
555
559
510
397
276
165
77
14
1
56
114
113
26
-91
-183
-237
-263
-311
-387
-475
-515
-479
-415
-354
-295
-214
-147
-100
-31
81
186
216
185
173
220
285
316
300
260
227
225
227
214
156
11
-196
-402
-560
-647
-685
-723
-778
-821
-820
-768
-700
-642
-596
-543
-492
-426
-349
-273
-204
-174
-176
-151
-71
57
235
532
937
1273
1408
1368
1312
1311
1213
973
719
500
240
-153
-615
-897
-946
-932
-1007
-1124
-1143
-1012
-830
-704
-706
-802
-869
-880
-847
-809
-737
-577
-321
-18
314
690
1085
1419
1576
1533
1398
1263
1169
1069
898
662
432
256
140
59
-36
-138
-251
-387
-548
-708
-848
-952
-1046
-1120
-1099
-954
-702
-385
-59
244
489
674
842
967
1012
975
892
803
718
627
552
514
456
372
284
197
107
14
-47
-77
-97
-141
-194
-229
-231
-215
-184
-118
-37
22
46
61
91
109
103
77
58
36
20
28
48
45
-17
-126
-224
-271
-300
-331
-395
-501
-606
-680
-697
-657
-592
-536
-470
-364
-239
-113
10
115
209
246
246
242
264
266
209
248
495
849
1118
1217
1214
1185
1063
847
605
366
44
-393
-947
-1376
-1582
-1598
-1581
-1628
-1635
-1480
-1129
-693
-338
-239
-311
-432
-476
-438
-381
-361
-328
-258
-96
173
487
830
1128
1293
1260
1075
860
669
450
138
-242
-591
-825
-908
-870
-767
-685
-647
-628
-565
-462
-351
-277
-263
-260
-231
-109
142
466
770
1024
1246
1467
1664
1788
1858
1864
1775
1583
1316
1045
816
617
428
245
60
-105
-230
-304
-378
-487
-624
-741
-810
-818
-766
-661
-532
-425
-352
-263
-99
101
284
391
417
393
328
246
170
113
63
1
-45
-57
-33
3
8
-29
-90
-144
-192
-235
-297
-352
-402
-475
-550
-599
-564
-459
-350
-283
-256
-207
-148
-111
-114
-135
-161
-211
-271
-258
-10
415
805
1036
1110
1146
1209
1230
1165
1018
767
396
-91
-637
-1091
-1366
-1531
-1684
-1859
-1933
-1816
-1529
-1212
-1046
-1076
-1195
-1279
-1301
-1249
-1184
-1124
-1009
-810
-509
-120
314
794
1256
1564
1691
1721
1728
1689
1498
1150
753
390
92
-115
-222
-255
-271
-307
-343
-334
-268
-182
-127
-127
-149
-139
-61
79
280
502
726
965
1204
1408
1589
1730
1812
1796
1692
1535
1340
1099
804
509
254
53
-98
-195
-257
-318
-399
-503
-595
-676
-744
-793
-820
-832
-829
-797
-724
-597
-427
-262
-103
42
190
341
454
496
446
339
229
131
28
-81
-158
-181
-179
-174
-156
-99
-52
-50
-83
-123
-167
-219
-273
-316
-330
-338
-348
-355
-337
-307
-280
-258
-256
-280
-334
-421
-533
-663
-787
-860
-787
-522
-164
182
439
623
747
800
790
761
703
517
155
-335
-802
-1122
-1285
-1375
-1450
-1484
-1390
-1148
-816
-506
-322
-299
-410
-564
-656
-651
-616
-597
-549
-394
-83
336
783
1215
1564
1765
1809
1746
1630
1475
1248
931
572
224
-37
-137
-127
-84
-57
-38
17
82
111
92
37
-23
-74
-79
-29
88
278
513
752
959
1127
1253
1337
1364
1320
1192
996
752
486
219
-31
-229
-376
-493
-577
-596
-559
-482
-416
-385
-371
-388
-423
-444
-427
-373
-295
-189
-38
143
314
444
545
596
581
492
350
197
49
-102
-260
-394
-485
-518
-514
-492
-491
-506
-500
-477
-478
-550
-676
-800
-889
-951
-966
-920
-825
-717
-607
-472
-330
-218
-147
-118
-134
-189
-260
-312
-339
-372
-404
-430
-411
-348
-244
-119
5
162
389
670
948
1151
1248
1266
1206
1098
989
873
699
430
83
-273
-555
-738
-859
-924
-958
-975
-936
-790
-583
-396
-294
-290
-326
-356
-325
-248
-120
49
241
458
690
931
1181
1400
1497
1455
1303
1103
898
674
422
157
-97
-290
-400
-426
-396
-363
-349
-374
-411
-433
-426
-404
-386
-346
-237
-67
137
356
590
826
1015
1124
1171
1183
1161
1085
944
784
615
444
266
102
-10
-84
-148
-221
-305
-374
-410
-452
-521
-608
-670
-685
-670
-628
-573
-499
-416
-355
-292
-226
-170
-143
-170
-219
-277
-334
-394
-447
-481
-503
-502
-472
-417
-345
-283
-239
-226
-243
-266
-277
-257
-229
-199
-185
-167
-129
-77
-22
23
64
91
110
121
119
118
104
87
74
55
61
90
103
93
69
67
83
93
106
168
339
591
852
1041
1135
1151
1090
988
867
743
557
259
-143
-571
-909
-1110
-1213
-1265
-1288
-1278
-1201
-1040
-838
-673
-583
-584
-638
-680
-676
-584
-408
-185
55
318
618
958
1293
1553
1699
1714
1622
1456
1261
1060
849
654
472
308
197
147
135
116
29
-121
-299
-472
-613
-712
-770
-794
-767
-670
-499
-272
-41
168
344
456
509
514
476
398
273
122
-8
-87
-111
-94
-78
-65
-57
-63
-85
-121
-161
-213
-282
-373
-471
-535
-550
-514
-452
-372
-272
-164
-85
-43
-25
-35
-49
-74
-129
-208
-282
-326
-332
-299
-233
-138
-37
66
159
231
279
286
251
197
160
134
118
118
131
154
183
219
250
277
277
241
194
138
63
-20
-120
-221
-287
-328
-347
-363
-380
-389
-371
-354
-353
-359
-359
-367
-399
-405
-361
-240
-29
243
542
825
1052
1214
1306
1336
1307
1220
1063
823
527
216
-67
-306
-488
-613
-680
-679
-638
-561
-472
-401
-389
-431
-498
-560
-600
-620
-572
-447
-267
-75
108
304
507
680
771
770
696
557
391
227
86
-34
-156
-255
-320
-340
-322
-297
-286
-306
-355
-427
-508
-573
-605
-598
-536
-414
-253
-57
151
351
525
643
711
742
742
714
651
550
429
300
177
79
9
-47
-93
-125
-144
-163
-189
-194
-193
-201
-216
-225
-214
-171
-111
-51
19
101
172
203
212
213
210
179
123
43
-28
-69
-97
-132
-190
-240
-268
-285
-308
-323
-320
-302
-287
-270
-245
-189
-115
-49
-1
46
100
168
245
309
358
374
365
341
322
316
301
273
218
146
99
42
-29
-21
147
418
660
791
821
823
790
700
608
554
473
212
-243
-724
-1055
-1219
-1317
-1408
-1437
-1379
-1281
-1143
-946
-726
-573
-549
-614
-648
-620
-581
-516
-365
-123
134
335
533
781
1046
1224
1256
1179
1045
871
650
417
191
-17
-203
-346
-432
-456
-447
-436
-424
-423
-433
-443
-438
-380
-264
-131
-3
120
271
476
688
866
987
1060
1091
1078
1012
920
798
624
412
201
21
-137
-272
-398
-523
-641
-739
-801
-816
-806
-800
-791
-749
-679
-589
-456
-295
-129
29
172
297
406
502
566
598
601
577
531
469
400
331
287
258
232
204
180
152
114
63
9
-39
-91
-146
-209
-256
-272
-263
-223
-174
-130
-97
-68
-18
46
102
127
118
90
58
24
-3
-18
-37
-77
-125
-145
-147
-149
-164
-186
-211
-247
-286
-330
-353
-356
-353
-344
-331
-329
-325
-313
-292
-262
-227
-188
-153
-116
-76
-36
-4
23
51
73
99
144
206
251
266
284
305
315
327
348
367
352
297
230
194
174
143
91
32
-26
-81
-128
-150
-153
-153
-153
-180
-201
-205
-195
-190
-218
-263
-300
-305
-284
-257
-242
-230
-221
-204
-160
-93
2
98
163
220
279
347
421
463
472
455
440
438
437
436
434
430
426
406
374
348
329
302
269
228
212
219
215
191
147
106
90
76
46
22
-11
-50
-95
-123
-138
-158
-194
-244
-297
-331
-329
-301
-271
-269
-256
-189
-48
127
286
391
426
407
355
291
215
134
21
-166
-428
-704
-907
-1007
-1041
-1043
-1024
-981
-914
-829
-749
-675
-626
-610
-605
-606
-593
-552
-462
-319
-145
36
234
462
704
934
1119
1238
1289
1280
1213
1088
920
722
516
329
160
9
-127
-245
-334
-409
-469
-511
-534
-541
-544
-537
-514
-454
-364
-254
-137
-26
102
248
389
530
660
771
847
868
850
814
762
673
537
369
197
20
-137
-273
-375
-436
-472
-486
-487
-456
-382
-288
-200
-128
-64
7
83
130
161
187
203
212
209
198
192
192
193
187
163
126
77
23
-28
-86
-141
-193
-244
-285
-330
-362
-382
-372
-341
-306
-259
-207
-142
-89
-56
-34
-9
24
46
52
44
36
35
35
22
-1
-8
-6
-2
-4
-29
-55
-72
-75
-64
-53
-24
10
37
50
54
86
142
187
203
191
169
154
133
107
76
33
-3
-43
-79
-115
-163
-202
-252
-299
-336
-360
-371
-382
-389
-390
-386
-388
-370
-336
-295
-255
-233
-191
-140
-81
-23
29
81
120
151
188
222
251
279
294
307
315
334
358
377
387
392
408
431
450
467
488
498
494
466
433
415
399
380
350
317
290
263
238
208
155
100
49
20
1
-13
-33
-53
-76
-96
-114
-136
-154
-185
-226
-269
-310
-358
-422
-488
-535
-552
-539
-479
-362
-198
-28
103
177
222
262
277
257
199
107
-18
-190
-389
-573
-693
-747
-764
-758
-746
-697
-595
-460
-341
-278
-258
-249
-248
-263
-280
-269
-216
-133
-52
37
172
344
523
672
774
849
908
939
918
835
712
581
425
252
76
-92
-237
-375
-503
-600
-650
-663
-660
-634
-587
-518
-432
-342
-246
-139
-31
65
153
244
345
448
547
638
733
826
888
908
892
854
797
704
569
410
238
55
-128
-279
-382
-450
-499
-543
-557
-530
-473
-405
-354
-303
-245
-184
-120
-51
19
97
163
217
265
323
395
469
529
549
534
507
470
415
336
229
129
23
-87
-194
-292
-373
-442
-497
-541
-560
-558
-544
-511
-465
-420
-372
-320
-264
-204
-153
-110
-60
-2
54
102
149
196
227
232
222
212
199
184
158
134
105
73
36
-11
-53
-102
-151
-205
-263
-326
-381
-421
-448
-462
-471
-467
-448
-418
-365
-296
-231
-176
-136
-104
-76
-51
-33
-19
-12
-29
-46
-54
-50
-31
-4
15
32
46
68
98
118
133
141
149
160
173
189
207
226
242
258
277
306
334
357
381
400
407
408
400
396
401
408
420
430
441
434
430
425
419
417
397
361
317
267
214
161
109
62
7
-47
-97
-129
-147
-165
-164
-171
-178
-177
-178
-185
-196
-203
-204
-201
-202
-194
-176
-144
-108
-99
-93
-76
-46
-13
2
-3
-33
-87
-151
-219
-278
-332
-396
-471
-552
-602
-622
-607
-577
-548
-513
-475
-430
-371
-306
-258
-219
-185
-151
-107
-59
-9
46
107
165
217
264
320
366
389
380
340
299
252
198
144
91
39
-12
-57
-83
-90
-78
-59
-52
-54
-64
-52
-27
1
26
31
33
21
9
14
50
107
160
198
217
250
295
331
339
317
288
266
233
170
99
43
7
-17
-42
-54
-39
-20
1
12
23
49
78
101
106
99
92
97
96
86
70
55
39
13
-21
-45
-55
-68
-82
-116
-126
-38
178
444
624
673
650
656
693
706
668
594
481
252
-104
-455
-664
-724
-777
-920
-1076
-1099
-936
-699
-540
-491
-473
-428
-377
-374
-416
-423
-370
-319
-325
-335
-252
-48
185
328
387
455
562
650
644
550
435
323
211
62
-94
-224
-319
-402
-485
-548
-556
-521
-471
-436
-411
-359
-265
-148
-52
8
55
121
211
301
372
431
494
541
566
580
597
611
595
536
446
351
263
190
119
54
6
-27
-34
-32
-24
1
27
48
59
69
91
104
97
82
57
34
13
-17
-46
-62
-67
-71
-88
-109
-118
-128
-140
-163
-186
-199
-197
-182
-165
-138
-102
-50
-1
41
79
106
114
100
75
40
-7
-58
-116
-172
-232
-275
-290
-297
-293
-282
-261
-227
-193
-162
-140
-125
-113
-108
-95
-84
-64
-28
12
49
84
126
178
220
251
268
267
263
247
227
201
157
109
55
17
-5
-6
8
16
10
5
1
10
22
21
31
41
52
49
42
50
57
49
43
31
9
-1
-20
-38
-70
-106
-124
-141
-160
-175
-182
-187
-198
-203
-201
-195
-192
-183
-160
-131
-100
-75
-61
-50
-31
-2
25
43
55
58
63
68
83
101
114
117
111
104
100
107
123
151
177
195
209
220
233
249
265
283
296
292
279
255
217
178
141
101
69
40
19
0
-28
-52
-80
-88
-89
-105
-117
-113
-105
-93
-90
-76
-52
-41
-38
-18
23
60
80
74
56
26
7
-5
-14
-37
-75
-116
-155
-179
-195
-201
-208
-218
-236
-259
-267
-266
-259
-253
-255
-255
-241
-219
-181
-131
-91
-58
-35
-22
-2
10
15
27
38
39
34
24
8
5
4
-1
-14
-33
-42
-50
-64
-79
-76
-68
-53
-36
-19
9
35
62
90
115
134
148
161
176
186
197
212
217
222
224
228
232
232
225
214
192
162
134
104
67
31
-6
-42
-63
-77
-80
-79
-69
-45
-22
4
33
56
78
95
104
106
101
92
74
60
55
52
42
19
0
-22
-45
-70
-104
-135
-166
-187
-207
-223
-231
-227
-212
-198
-175
-142
-102
-54
-6
36
66
96
124
149
161
152
137
123
111
110
105
97
85
70
52
32
15
-9
-19
-37
-70
-101
-124
-130
-128
-115
-100
-84
-58
-31
-1
33
66
104
126
135
128
122
122
112
91
62
38
11
-19
-50
-70
-87
-119
-161
-195
-220
-242
-252
-262
-265
-260
-248
-233
-214
-183
-146
-97
-55
-12
28
62
86
100
105
102
102
99
95
89
84
78
63
51
35
27
26
25
26
30
35
31
25
20
28
41
53
63
65
67
69
66
70
77
82
76
76
76
77
81
81
86
86
78
78
76
66
59
38
22
-1
-28
-44
-52
-54
-61
-68
-68
-66
-58
-51
-50
-47
-49
-46
-40
-33
-33
-32
-31
-42
-44
-35
-20
-6
-6
-10
-14
-12
-3
-3
-5
-3
-9
-14
-19
-20
-14
0
8
12
16
24
37
51
63
68
79
89
98
104
107
122
128
123
106
83
62
42
22
-8
-31
-51
-61
-73
-82
-80
-80
-79
-76
-69
-49
-30
-15
-15
-2
11
16
20
25
36
44
52
51
47
41
33
20
7
-9
-20
-24
-33
-47
-66
-77
-83
-92
-93
-96
-103
-106
-108
-107
-107
-104
-88
-78
-70
-63
-58
-45
-35
-39
-41
-36
-32
-27
-30
-40
-47
-44
-42
-38
-27
-16
-8
5
22
41
56
71
86
95
94
89
88
83
71
54
30
16
1
-11
-19
-26
-25
-26
-13
5
23
35
44
51
53
50
52
62
69
81
89
91
95
101
105
102
93
87
79
70
55
30
6
-21
-44
-63
-84
-103
-124
-136
-139
-140
-135
-114
-98
-81
-63
-45
-23
0
25
51
65
70
76
79
82
85
86
84
82
76
62
54
56
59
68
59
32
2
-18
-25
-22
-27
-30
-31
-26
-9
4
24
40
48
55
60
65
53
39
16
-11
-37
-54
-63
-61
-62
-64
-59
-51
-36
-36
-46
-55
-64
-72
-65
-54
-44
-35
-25
-10
-2
3
6
2
-4
-20
-43
-62
-78
-84
-94
-101
-103
-102
-84
-60
-36
-8
12
22
32
43
48
52
52
42
35
32
31
34
44
53
59
64
67
69
62
46
36
21
14
10
-4
-16
-38
-53
-55
-55
-42
-32
-24
-9
0
6
14
25
37
36
31
19
11
6
-1
-3
-2
9
17
21
19
14
15
7
5
-5
-16
-12
-17
-18
-26
-43
-60
-68
-65
-48
-35
-26
-14
-3
6
13
24
37
59
70
77
79
76
70
63
40
1
-35
-59
-66
-76
-91
-100
-92
-80
-68
-62
-55
-46
-33
-20
-8
2
6
4
-6
-20
-31
-28
-14
0
5
14
19
34
56
79
97
110
116
125
141
149
159
151
136
119
95
70
48
33
10
-17
-40
-54
-62
-58
-53
-49
-34
-15
3
24
40
59
78
102
117
130
135
132
128
123
123
113
104
83
54
22
-11
-43
-60
-80
-101
-113
-127
-126
-138
-146
-156
-172
-189
-199
-193
-172
-138
-108
-80
-50
-26
-1
17
36
56
63
61
45
22
2
-13
-32
-59
-87
-106
-113
-116
-117
-128
-139
-148
-158
-168
-173
-169
-154
-129
-111
-98
-78
-54
-32
-18
-6
13
34
59
71
72
72
61
48
37
24
11
13
23
25
28
26
17
10
3
6
17
33
58
81
98
113
117
116
112
116
114
111
105
95
90
85
77
68
62
59
62
70
76
89
103
121
129
118
111
96
86
79
68
57
47
41
38
36
26
31
45
59
69
73
77
79
76
70
54
33
21
9
2
-15
-21
-16
7
19
9
21
36
42
40
24
12
0
-21
-42
-62
-78
-86
-100
-115
-139
-160
-153
-150
-146
-139
-127
-114
-102
-88
-77
-59
-38
-27
-22
-13
-6
1
-1
-16
-35
-58
-81
-106
-123
-144
-166
-182
-200
-204
-204
-199
-194
-191
-187
-176
-154
-128
-109
-93
-73
-50
-30
-13
3
24
43
49
40
32
30
33
27
18
23
24
25
30
30
35
46
58
71
76
68
76
85
82
74
71
89
107
123
135
148
166
185
197
195
195
197
199
196
181
173
169
151
132
105
82
60
46
31
11
-2
-10
-11
-15
-20
-20
-22
-21
-18
-20
-16
-10
-10
-17
-22
-22
-22
-9
2
9
15
25
32
32
22
6
-9
-27
-47
-57
-65
-69
-70
-62
-48
-41
-34
-26
-14
1
10
6
-1
-14
-30
-48
-59
-63
-66
-69
-65
-64
-61
-64
-67
-59
-52
-51
-52
-52
-53
-47
-48
-43
-26
-11
5
11
8
14
13
5
-3
-13
-26
-47
-63
-66
-69
-63
-56
-47
-34
-27
-19
-7
2
-2
-18
-38
-47
-62
-67
-69
-64
-55
-51
-31
-5
24
49
58
64
65
62
58
56
49
41
31
19
8
-3
-5
-3
9
23
34
37
47
45
36
23
6
-15
-34
-39
-42
-25
-8
12
32
46
59
70
75
78
87
83
81
65
49
37
26
24
23
31
45
59
64
75
83
86
78
60
40
23
16
4
0
-1
4
14
12
9
3
-2
-10
-20
-40
-50
-50
-57
-64
-72
-75
-72
-63
-51
-41
-30
-18
-14
-28
-29
-35
-37
-46
-64
-72
-78
-77
-77
-71
-70
-68
-64
-63
-65
-63
-62
-67
-64
-67
-60
-56
-52
-49
-47
-34
-17
4
27
44
62
78
96
116
136
154
165
170
174
168
162
151
137
125
104
81
63
52
39
31
18
9
6
-1
3
3
1
-1
-10
-6
-7
-9
-4
-4
-6
1
8
11
16
21
26
25
21
18
16
16
15
3
-13
-32
-58
-77
-87
-95
-98
-94
-94
-90
-74
-65
-50
-43
-46
-53
-66
-70
-77
-79
-79
-78
-75
-71
-65
-57
-45
-38
-30
-24
-32
-42
-52
-64
-79
-88
-97
-98
-93
-81
-68
-52
-37
-25
-8
5
13
21
23
26
24
22
19
11
6
0
-2
0
4
12
26
35
40
41
41
41
34
26
18
13
13
17
29
41
50
67
82
92
101
108
115
116
111
105
99
100
91
79
71
67
66
70
70
73
79
81
84
77
70
64
57
53
49
41
35
31
31
32
33
32
28
23
20
15
8
10
8
6
7
11
18
23
23
26
23
29
29
26
22
19
20
19
18
9
-5
-11
-14
-18
-26
-40
-47
-57
-70
-87
-101
-115
-131
-145
-157
-159
-159
-157
-162
-172
-170
-168
-164
-162
-164
-155
-150
-148
-144
-136
-123
-113
-100
-89
-73
-58
-47
-39
-32
-27
-24
-27
-24
-23
-23
-19
-22
-23
-26
-28
-25
-20
-19
-19
-13
-2
9
13
24
34
47
67
84
101
118
129
136
144
151
155
162
169
171
169
167
167
161
157
148
137
126
115
110
96
84
67
48
30
18
7
-5
-15
-25
-31
-40
-44
-50
-49
-37
-34
-28
-18
-4
11
13
19
27
28
30
25
22
25
29
33
36
31
28
27
21
11
2
-4
-6
-13
-16
-12
-13
-17
-15
-15
-11
-3
1
3
1
-1
-7
-7
-15
-24
-26
-27
-25
-26
-16
-14
-15
-16
-21
-22
-25
-27
-31
-37
-41
-41
-43
-47
-53
-52
-59
-68
-75
-74
-76
-75
-74
-79
-82
-87
-90
-88
-85
-84
-75
-69
-64
-56
-44
-32
-26
-23
-15
-2
0
8
17
21
27
25
24
26
30
37
40
40
36
35
38
40
41
38
31
28
25
23
20
19
16
3
2
-7
-14
-15
-17
-16
-22
-21
-11
-3
6
14
20
27
36
43
53
61
57
56
51
48
46
48
50
47
45
37
38
38
41
45
46
43
39
38
31
32
27
23
20
7
-3
-11
-15
-20
-22
-27
-31
-27
-25
-24
-22
-19
-15
-17
-21
-22
-26
-32
-38
-41
-44
-44
-39
-34
-28
-26
-27
-22
-17
-17
-17
-22
-21
-25
-25
-15
-4
6
15
29
39
49
63
75
74
66
62
55
49
46
46
51
53
51
54
55
58
58
53
52
47
40
33
22
13
4
-6
-6
-8
-12
-13
-13
-15
-27
-35
-39
-42
-46
-47
-55
-62
-64
-65
-62
-63
-62
-61
-65
-66
-65
-66
-59
-60
-57
-61
-62
-60
-59
-55
-53
-45
-42
-39
-40
-39
-43
-48
-45
-40
-37
-37
-31
-25
-32
-32
-33
-28
-24
-26
-19
-30
-32
-15
-3
-1
0
13
21
25
18
22
35
38
40
51
62
59
63
64
69
74
72
75
71
70
71
74
74
71
69
72
72
75
73
73
75
68
68
59
50
48
41
34
30
29
31
27
20
12
3
-6
-14
-15
-6
-7
-3
-2
-5
-7
-7
-1
7
9
6
1
4
3
1
-3
-9
-11
-30
-46
-52
-59
-59
-65
-70
-69
-74
-79
-76
-66
-60
-59
-54
-49
-44
-44
-41
-26
-18
-6
0
4
14
14
16
19
17
23
23
27
34
39
44
44
41
34
33
31
32
21
14
11
10
9
3
0
-4
-13
-19
-26
-35
-36
-40
-43
-43
-47
-47
-49
-50
-55
-63
-62
-58
-57
-57
-62
-53
-54
-55
-47
-42
-30
-20
-7
3
12
22
28
30
35
42
48
51
50
51
42
38
34
20
13
11
12
12
11
14
20
24
28
35
42
42
46
51
54
62
66
73
79
81
83
87
86
79
76
71
62
49
37
22
7
-10
-20
-31
-34
-42
-61
-71
-76
-82
-88
-85
-85
-91
-97
-100
-99
-96
-93
-83
-72
-59
-45
-35
-30
-20
-10
-3
3
8
14
16
22
28
31
32
29
22
17
17
11
7
2
0
-4
-10
-8
-9
-10
-8
-3
-1
2
4
10
17
23
25
26
41
47
56
68
73
76
77
79
77
80
75
71
56
47
39
29
24
8
5
7
8
8
2
-4
-7
-13
-18
-16
-16
-22
-20
-18
-15
-8
-6
0
3
6
8
10
10
11
10
4
2
-4
-15
-19
-19
-22
-29
-33
-37
-44
-53
-63
-72
-77
-82
-89
-88
-85
-79
-75
-72
-71
-67
-65
-61
-55
-48
-40
-32
-30
-30
-30
-27
-25
-18
-11
-7
2
3
6
8
7
9
8
7
8
11
12
19
25
27
30
34
34
29
32
34
32
29
23
24
31
34
40
47
45
51
50
49
48
45
44
39
35
27
15
9
6
5
4
3
-3
-5
-8
-10
-7
-3
-1
4
3
8
13
17
22
19
24
30
29
29
33
36
36
37
39
40
44
45
50
54
51
45
38
35
27
21
15
14
17
18
19
22
23
26
30
28
28
24
24
25
19
16
12
2
-2
-9
-15
-20
-26
-35
-43
-51
-55
-58
-68
-75
-80
-85
-89
-88
-93
-95
-94
-93
-86
-82
-76
-71
-67
-73
-81
-82
-76
-70
-65
-59
-53
-50
-40
-38
-36
-36
-40
-42
-36
-33
-31
-23
-18
-10
-10
-1
5
14
16
15
21
19
21
23
22
21
17
18
20
25
25
25
28
27
27
27
29
37
37
38
36
37
47
55
58
56
60
62
65
65
70
70
71
72
70
66
65
63
57
49
39
33
28
27
26
26
26
25
20
13
7
11
13
21
29
31
39
37
39
48
46
45
41
33
25
19
17
17
16
11
8
6
2
-4
-16
-18
-25
-35
-44
-50
-52
-57
-66
-67
-72
-75
-74
-68
-71
-72
-71
-70
-64
-60
-55
-52
-46
-37
-29
-19
-14
-11
-9
-6
-4
-6
-10
-12
-11
-17
-22
-23
-23
-29
-38
-46
-49
-47
-47
-45
-40
-38
-41
-36
-34
-39
-36
-32
-26
-23
-19
-12
-3
11
11
20
33
36
34
33
32
28
24
21
21
18
17
14
18
21
12
5
2
3
-5
-10
-6
-7
-5
-2
2
5
9
25
31
43
56
63
69
76
83
84
88
86
80
80
75
71
67
59
61
56
46
46
43
43
36
27
17
8
6
-3
-5
-7
-12
-16
-19
-20
-27
-26
-31
-32
-28
-30
-31
-31
-29
-34
-39
-42
-46
-46
-45
-43
-42
-35
-33
-31
-31
-30
-25
-26
-31
-33
-33
-29
-26
-24
-25
-25
-26
-29
-27
-25
-26
-21
-22
-22
-25
-26
-23
-24
-20
-13
-8
-5
1
4
10
18
16
18
22
23
28
33
39
43
47
49
49
51
45
44
49
45
44
41
38
34
27
24
22
19
15
10
8
2
1
0
-3
-2
-9
-15
-14
-17
-21
-25
-23
-23
-33
-31
-30
-29
-26
-23
-19
-18
-22
-21
-17
-13
-12
-13
-16
-18
-22
-25
-31
-32
-29
-28
-27
-30
-27
-23
-23
-25
-24
-20
-11
-8
-6
-3
-5
-7
-8
-6
-4
1
13
19
25
27
35
37
40
40
42
43
39
44
42
41
37
33
33
25
20
15
9
2
-1
3
4
-1
-13
-15
-21
-18
-16
-20
-17
-17
-17
-18
-18
-14
-14
-13
-9
-11
-6
-3
-1
4
6
6
4
4
11
9
5
6
5
4
6
10
20
20
16
18
23
31
26
38
51
40
41
58
62
58
50
44
45
34
27
25
28
26
20
21
24
14
5
0
-6
-13
-19
-15
-13
-18
-19
-19
-22
-22
-25
-29
-30
-32
-35
-34
-35
-38
-41
-47
-50
-51
-55
-58
-55
-58
-62
-62
-63
-69
-72
-75
-72
-65
-59
-51
-47
-42
-35
-27
-22
-16
-7
0
4
9
16
14
11
5
8
10
-3
0
8
8
5
1
1
-2
-5
-19
-18
-9
-8
-7
-1
9
10
8
8
12
16
22
27
25
28
36
41
42
45
47
48
50
58
61
59
61
60
56
56
51
44
44
40
42
47
49
48
46
43
40
41
46
46
47
50
46
42
36
30
30
23
22
21
17
10
2
-6
-12
-19
-31
-39
-39
-39
-39
-43
-41
-37
-31
-30
-27
-21
-21
-26
-28
-30
-32
-28
-22
-18
-19
-24
-28
-32
-34
-32
-31
-29
-26
-29
-29
-30
-29
-30
-28
-24
-24
-27
-27
-25
-23
-24
-24
-19
-23
-23
-19
-18
-21
-19
-17
-14
-12
-17
-10
-1
4
7
10
13
14
14
13
13
3
-3
-3
-5
-6
-8
-4
-2
-5
-4
-2
-9
-6
-10
-13
-13
-17
-19
-18
-16
-17
-13
-9
-3
5
6
9
15
15
14
17
20
15
14
16
13
19
21
17
14
5
-2
-7
-8
-9
-9
-9
-8
-11
-5
-4
-6
-4
1
9
18
27
37
43
50
55
52
50
50
47
50
55
52
52
48
45
46
45
36
32
30
27
23
21
22
21
21
19
21
16
18
19
20
18
19
15
10
12
6
14
15
16
17
13
17
13
7
3
1
-5
-15
-22
-28
-35
-39
-44
-48
-49
-55
-62
-64
-66
-70
-73
-79
-76
-76
-72
-70
-67
-63
-60
-56
-50
-47
-41
-34
-33
-29
-23
-9
-1
5
10
11
10
10
14
18
15
17
20
19
25
21
22
22
18
13
11
7
6
6
2
0
-9
-15
-16
-16
-13
-11
-12
-13
-13
-15
-12
-11
-9
-8
-6
-2
-4
-10
-13
-18
-19
-20
-16
-13
-14
-10
-10
-6
1
7
12
17
23
23
23
29
35
35
35
42
43
43
41
42
46
44
43
43
43
39
39
37
32
33
32
31
26
23
13
14
13
13
17
14
12
6
3
-2
-7
-1
-1
2
4
3
2
3
4
5
1
-3
-1
-3
-4
-4
-2
-1
-1
1
4
-2
-6
-3
-5
1
-3
3
8
9
11
12
12
9
7
6
8
10
12
13
16
17
14
11
4
-4
-13
-16
-16
-24
-32
-34
-35
-42
-44
-47
-51
-52
-56
-55
-52
-50
-49
-51
-51
-55
-53
-45
-43
-40
-36
-34
-28
-28
-28
-24
-20
-16
-20
-24
-19
-16
-21
-17
-8
-7
-6
0
2
5
10
11
12
13
17
19
19
23
20
22
24
24
25
26
26
19
13
12
13
15
16
18
22
20
18
24
24
20
21
19
19
23
21
19
23
21
21
21
25
26
22
24
23
18
16
13
9
10
2
1
1
-1
-4
-7
-11
-9
-8
-6
-3
-1
-1
-8
-2
-1
10
13
14
19
21
25
33
34
33
34
30
32
30
28
28
23
20
15
14
12
8
3
-2
-5
-9
-11
-16
-16
-20
-24
-24
-26
-26
-28
-31
-32
-36
-34
-29
-27
-26
-22
-17
-17
-18
-16
-19
-22
-24
-18
-14
-13
-15
-14
-17
-20
-20
-21
-16
-11
-13
-8
-7
-10
-6
-7
-8
-6
-6
-2
5
10
16
18
27
25
20
26
28
34
33
30
29
26
11