16
18
17
16
18
18
22
27
28
21
19
21
26
30
25
23
20
13
15
17
24
29
27
24
16
8
8
7
11
13
7
1
-3
-9
-9
-5
-4
-4
-10
-18
-22
-21
-19
-12
-12
-12
-6
-2
3
9
7
9
10
16
17
17
17
15
13
6
11
10
13
14
13
15
10
10
16
12
8
6
5
3
-1
4
6
6
6
11
13
9
4
-4
-6
-8
-4
-7
-5
-2
-6
0
-1
-1
1
0
-1
-2
-3
-7
-9
-20
-21
-15
-10
-2
-1
-8
-15
-16
-14
-9
-12
-17
-22
-22
-18
-11
-7
-5
-10
-14
-10
-4
-6
-10
-11
-16
-15
-15
-9
-6
1
6
-5
-14
-21
-21
-22
-22
-23
-20
-20
-18
-17
-19
-16
-11
-16
-22
-29
-31
-24
-23
-14
-14
-16
-19
-14
-1
1
6
8
4
2
-5
-4
-1
2
4
4
9
14
24
32
33
28
25
29
24
17
19
17
13
13
13
17
22
26
20
16
13
10
13
21
25
21
21
24
25
17
16
17
13
13
11
13
10
9
16
21
20
13
6
3
7
9
6
7
9
13
17
17
14
16
16
14
14
15
23
23
21
20
18
12
9
11
12
14
11
8
5
-1
-3
-12
-17
-16
-16
-18
-16
-20
-19
-19
-20
-22
-28
-27
-25
-24
-30
-29
-29
-30
-28
-22
-15
-15
-11
-14
-14
-15
-11
-13
-17
-22
-32
-29
-29
-30
-24
-23
-26
-15
-11
-10
-13
-18
-21
-24
-24
-26
-26
-24
-13
-8
-5
-1
-1
1
-3
-8
-11
-17
-9
-4
-1
2
-3
-6
-9
-8
-9
-4
-4
-5
5
12
19
22
27
34
24
14
12
12
21
19
19
21
17
18
16
11
13
15
20
22
23
20
19
21
26
22
22
23
21
21
14
11
9
4
3
-2
-2
4
3
-3
-4
2
7
19
21
12
6
10
12
7
7
7
4
4
-2
-3
-2
2
3
7
7
6
12
8
3
4
8
7
3
-1
-4
-4
-12
-10
-8
-7
-19
-17
-5
5
6
8
8
2
-5
-4
-5
-10
-11
-18
-23
-21
-10
-6
3
10
7
1
0
3
1
5
5
4
2
-8
-13
-17
-13
-11
-12
-10
-14
-14
-12
-2
-2
-2
1
0
2
-1
1
6
2
3
6
1
2
1
-5
-12
-15
-7
-13
-21
-24
-25
-17
-19
-14
-8
-10
-22
-32
-30
-32
-32
-26
-18
-10
-9
-7
-11
-15
-15
-13
-10
-6
-7
-3
-5
-4
2
4
7
6
10
18
23
24
27
30
27
20
16
10
10
14
19
22
20
21
20
18
11
6
9
14
21
29
27
23
17
12
9
12
14
11
10
6
-5
-13
-8
-2
-7
-9
-10
-13
-12
-11
-9
-7
-11
-15
-17
-15
-6
2
12
11
7
3
-5
-2
-3
-6
-7
-8
-6
-5
2
11
13
17
20
16
15
13
10
6
7
8
9
9
13
15
18
17
12
10
3
2
0
-3
-1
2
3
3
8
6
2
3
6
7
3
6
12
13
10
3
3
5
7
8
5
1
-1
-3
0
-2
-2
-2
-7
-10
-17
-22
-21
-19
-25
-29
-29
-28
-29
-26
-22
-21
-26
-29
-31
-29
-24
-16
-10
-14
-17
-18
-14
-17
-23
-22
-21
-25
-18
-14
-13
-11
-19
-26
-31
-35
-29
-27
-23
-18
-17
-13
-11
-4
0
6
4
0
11
15
24
24
28
30
27
26
29
34
31
31
28
25
25
21
18
21
17
14
11
13
16
14
10
9
13
21
25
29
30
31
26
25
21
17
15
13
20
21
24
16
17
14
8
7
3
11
17
13
5
6
6
0
-6
-9
-7
-5
-1
3
2
1
-6
-17
-20
-15
-11
-16
-16
-12
-10
-7
-2
0
-8
-16
-24
-27
-26
-24
-19
-18
-12
-5
-2
-8
-13
-12
-17
-20
-20
-20
-15
-18
-18
-10
-10
-8
-4
-1
1
3
3
-2
-1
5
7
10
14
7
3
4
1
2
0
0
-3
-6
-14
-20
-20
-26
-23
-17
-13
-11
-3
5
8
13
17
23
21
14
15
21
26
28
28
23
17
15
12
11
7
0
-9
-6
1
7
7
9
10
7
-1
-3
-1
-3
-6
-10
-9
-7
-3
-2
-6
-9
-12
-19
-19
-18
-11
-5
-4
-6
-12
-13
-15
-13
-5
-3
-3
-10
-12
-9
-3
-6
-9
-11
-13
-16
-16
-12
-9
-12
-11
-10
-9
-3
-1
1
6
6
4
9
13
10
10
11
13
19
25
23
26
23
19
18
12
14
20
15
12
16
18
20
19
13
18
15
8
-5
-11
-6
-5
1
-1
-2
-3
-5
-8
-6
-2
4
3
6
11
10
10
8
7
3
2
7
14
9
12
8
1
0
-2
-2
-3
0
7
5
7
2
2
4
-2
-4
-5
-4
1
6
8
8
1
-2
-1
1
2
-1
3
4
-2
-5
-1
3
11
10
11
4
-9
-13
-18
-19
-13
-15
-25
-31
-27
-28
-36
-35
-31
-34
-30
-29
-26
-31
-31
-30
-27
-23
-20
-14
-16
-19
-20
-19
-18
-12
-9
-6
-10
-5
-3
3
7
6
5
-1
-1
-5
-8
-7
-1
6
16
19
9
0
0
2
6
14
14
11
13
7
-2
-1
1
6
12
14
17
21
25
28
28
26
17
17
23
23
21
21
26
33
42
48
47
38
29
22
18
16
15
16
20
21
21
20
16
15
14
12
4
-3
-6
-1
3
-1
-4
-3
-3
-6
-7
-7
-4
-5
-10
-16
-17
-16
-15
-16
-10
-5
-7
-9
-14
-20
-26
-28
-25
-24
-28
-23
-20
-9
-5
-1
4
4
5
-1
-4
-11
-15
-20
-22
-17
-11
-5
-3
-1
-4
-8
-6
-10
-11
-9
-6
1
5
13
7
1
-3
-13
-20
-20
-20
-19
-13
-9
-10
-13
-11
-8
-3
-3
-6
-11
-9
-3
-2
2
0
-4
-11
-13
-12
-9
-11
-11
-13
-12
-10
-9
-5
-6
-2
5
12
16
17
15
13
14
13
9
13
20
21
23
23
20
18
16
20
22
22
23
18
16
17
20
30
37
39
35
23
19
17
20
22
17
8
3
-4
-11
-11
-13
-19
-19
-11
-5
-4
2
4
0
-8
-9
-9
-15
-17
-15
-9
-6
-1
-5
-3
-4
-6
-6
-7
-1
-1
2
11
11
14
12
3
-6
-12
-12
-13
-6
-6
-13
-12
-17
-22
-24
-22
-25
-27
-34
-35
-30
-32
-31
-35
-35
-28
-18
-11
-7
-1
-1
2
7
13
16
18
16
9
4
0
1
4
9
12
14
14
20
24
25
23
18
16
12
17
20
25
32
31
25
24
27
26
30
36
30
17
18
23
24
26
17
19
14
5
-3
-2
-6
-12
-7
4
0
-2
-5
-5
-8
-9
-12
-18
-18
-17
-14
-15
-19
-22
-24
-28
-26
-25
-28
-22
-18
-16
-14
-15
-16
-17
-19
-29
-36
-35
-30
-24
-26
-20
-18
-24
-25
-23
-26
-23
-20
-20
-21
-21
-18
-13
-5
0
3
9
19
22
17
16
17
14
7
10
12
10
10
13
24
24
18
22
30
29
17
12
7
6
10
6
10
13
12
14
12
12
12
9
11
12
21
29
27
29
29
34
28
29
29
23
16
11
5
-1
-5
-9
-10
-12
-10
-9
-6
-5
-8
-7
-2
2
-3
-9
-11
-5
-2
-1
5
4
3
5
10
7
9
4
2
-5
-7
-4
0
8
4
3
0
-1
2
4
1
-6
-11
-20
-15
-15
-15
-4
6
6
3
-1
-5
-5
-3
-7
-11
-10
-12
-16
-19
-26
-28
-25
-23
-20
-15
-15
-14
-12
-15
-13
-8
-4
-4
-7
-16
-26
-27
-19
-11
-13
-16
-18
-17
-12
-13
-6
-2
-4
-3
-9
-9
-6
-5
-2
3
1
0
4
-1
-4
-2
-1
-4
-4
-3
-3
1
0
5
-1
-4
-3
-4
2
8
10
13
14
19
24
26
30
30
26
26
33
37
39
39
37
38
26
21
21
16
16
13
11
14
14
20
22
22
26
23
20
17
19
18
16
15
12
5
7
12
7
-3
-9
-14
-21
-21
-13
-13
-12
-9
-10
-12
-20
-23
-24
-22
-19
-23
-19
-18
-11
-8
-4
-7
-16
-14
-19
-16
-21
-25
-20
-14
-8
-5
0
0
-1
-4
-10
-14
-10
-6
-7
-13
-12
-8
-12
-8
-6
-5
0
-6
-5
-4
-2
2
-1
-4
-5
-5
-9
-8
-3
4
8
9
11
9
4
0
-4
-9
-15
-15
-6
-2
-2
-5
-3
1
-1
-2
5
5
9
7
9
14
22
23
15
16
11
11
8
0
-4
-2
-4
-5
-3
-8
-8
2
6
1
1
0
5
6
8
8
8
9
1
-1
0
0
-3
-4
-4
-8
-4
0
-3
-12
-15
-16
-18
-11
-4
4
5
10
12
15
19
19
19
25
30
30
29
25
21
16
12
12
12
7
5
-1
-1
-1
-3
-6
-18
-24
-30
-28
-24
-19
-10
-15
-13
-12
-8
-5
-7
-4
-3
4
10
10
14
23
25
20
20
23
28
32
24
23
18
8
1
-8
-14
-19
-19
-25
-22
-16
-15
-13
-13
-17
-22
-24
-22
-17
-9
-5
0
-3
4
7
8
12
2
2
-3
-3
-1
1
-2
-4
-5
-9
-5
-9
-7
-3
3
9
5
5
6
1
2
4
-2
-8
-14
-15
-13
-11
-8
-12
-13
-10
-11
-7
-1
-3
-4
-7
-10
-6
-11
-16
-19
-21
-18
-15
-11
-4
-8
-15
-23
-19
-9
-1
10
7
12
19
16
15
13
16
20
20
27
30
32
33
36
38
32
24
18
16
12
12
11
12
22
14
10
7
11
8
2
2
4
4
7
8
1
-2
-8
-6
1
3
-4
-5
0
1
0
-1
-1
-7
-6
-7
-6
-5
-10
-8
-9
-4
-5
-7
-11
-16
-15
-14
-4
-4
-4
-6
-9
-10
-11
-6
-7
-8
-4
-1
0
-1
-5
-14
-12
-7
-5
-3
-3
-1
1
0
7
11
13
8
-1
-4
-13
-15
-14
-7
2
1
-3
-13
-21
-18
-15
-15
-13
-10
-8
-6
-7
-1
-1
-5
-5
-1
4
5
6
12
18
14
20
25
22
21
15
17
19
14
7
6
5
5
-5
-8
1
2
3
1
2
8
5
1
-3
-2
-2
-3
1
-6
-7
-3
-3
-2
-4
-2
-4
0
4
1
1
-1
-2
-2
-1
3
11
18
14
7
2
-3
-3
-6
-6
0
-4
-2
5
8
15
16
12
16
12
10
9
4
3
-2
-6
-3
-3
-9
-10
-11
-11
-12
-18
-19
-14
-7
-7
-8
-7
-7
-8
-8
-10
-11
-15
-16
-17
-20
-22
-20
-19
-21
-23
-25
-24
-16
-10
-7
1
4
8
14
12
15
14
16
17
19
18
19
26
28
26
20
22
26
26
34
35
34
38
41
38
25
12
10
-1
-9
-12
-16
-15
-15
-10
-13
-14
-19
-20
-16
-12
-3
2
4
6
5
2
3
8
7
9
12
16
15
17
15
9
-6
-20
-25
-26
-21
-29
-31
-33
-28
-32
-39
-26
-20
-17
-19
-16
-11
-8
-2
-3
0
-2
-10
-8
-2
-2
-1
2
-1
1
1
-1
-1
-1
-3
-11
-12
-15
-11
-1
10
16
18
24
24
21
15
11
10
10
8
7
4
2
-5
-8
0
3
9
15
27
30
26
32
19
8
10
14
9
7
10
16
14
9
13
9
1
-11
-9
-4
-6
-4
-1
2
-5
-7
-5
-3
1
0
-9
-13
-12
-10
-5
-5
-5
-6
-6
-9
-15
-13
-13
-12
-9
-9
-4
-5
-5
-5
-8
-14
-14
-5
-4
1
3
0
0
-5
0
6
10
13
16
20
18
23
21
22
23
17
12
18
21
11
7
13
12
9
2
-3
4
-5
-16
-11
-6
-6
-10
-13
-17
-16
-16
-28
-30
-29
-22
-19
-20
-15
-13
-15
-19
-24
-23
-24
-24
-18
-17
-18
-19
-18
-20
-24
-22
-26
-26
-16
-6
4
9
10
10
9
8
9
4
6
10
12
14
17
22
24
23
24
22
23
29
36
39
35
26
25
29
27
31
30
33
30
21
19
19
19
18
19
15
9
9
8
5
5
-3
-6
-6
-7
-9
-15
-22
-21
-15
-9
-5
3
8
7
4
-2
-8
-14
-14
-10
-9
-7
-2
1
1
-4
-11
-13
-12
-6
-8
-8
-9
-7
-7
-8
-6
-9
-10
-8
-12
-14
-16
-18
-17
-15
-12
-14
-16
-18
-19
-18
-20
-17
-6
-3
-3
-6
-6
-4
-8
-1
-1
-13
-14
-17
-14
-15
-14
-14
-18
-21
-20
-14
-9
3
9
11
14
17
20
15
12
9
10
15
10
10
10
9
8
9
6
4
11
11
9
6
10
8
5
6
14
14
6
-1
-2
1
7
17
22
16
12
13
18
15
16
18
14
20
19
18
11
8
13
6
5
5
2
4
5
3
3
-2
-3
-4
-9
-15
-10
-7
-9
-7
0
6
3
3
4
4
7
9
10
7
2
-4
-9
-2
-1
0
8
13
14
14
15
14
9
8
5
0
-5
-5
-9
-15
-20
-20
-14
-16
-14
-17
-17
-18
-24
-24
-21
-19
-21
-13
-8
-6
-5
-1
7
9
7
0
-3
-9
-17
-23
-15
-14
-15
-17
-27
-27
-34
-36
-35
-34
-22
-19
-16
-13
-10
-7
-6
-8
-11
-10
-9
-6
-3
4
8
7
6
5
6
3
6
12
13
15
14
15
16
15
13
22
30
30
32
29
29
24
19
16
22
23
17
14
12
15
19
23
26
27
27
21
14
10
11
17
15
20
16
8
8
2
7
12
9
3
2
0
-1
-3
-9
-9
-7
-4
6
4
5
7
-1
-13
-13
-16
-28
-32
-26
-17
-14
-15
-9
-6
-7
-7
-5
-1
-2
-6
-7
-7
-10
-9
-15
-17
-19
-25
-23
-19
-18
-22
-23
-17
-13
-11
-11
-9
-5
0
-1
5
9
10
16
11
8
5
2
-1
-1
-4
-5
-6
-3
6
11
14
18
17
14
12
2
-1
-2
5
5
3
-4
-7
-9
-17
-9
-7
-8
-10
-10
-10
-11
-9
-3
0
0
1
1
6
8
10
20
31
34
39
37
28
21
12
11
10
7
6
2
-5
-15
-18
-21
-19
-13
-10
-9
-17
-20
-18
-18
-18
-19
-21
-17
-4
0
-2
1
0
7
4
5
8
6
6
4
8
8
10
17
21
25
23
21
18
12
6
0
4
0
-2
2
1
1
1
-2
-11
-14
-17
-19
-10
-2
-1
2
-4
-13
-13
-12
-12
-16
-20
-15
-10
-6
-5
-10
-10
-11
-7
-2
1
0
-1
-2
2
10
14
21
24
25
21
16
8
5
7
14
20
20
20
16
16
18
18
12
11
8
7
2
-5
-9
-11
-9
-4
-5
-4
2
3
6
-1
-5
-2
0
-2
0
1
-7
-9
-11
-9
-10
-7
-8
-10
-11
-16
-19
-14
-9
-9
-3
-1
-4
-8
-4
2
8
12
8
3
-1
1
-1
0
6
7
0
-5
-11
-7
5
7
3
-3
-8
-7
-6
-6
-4
-2
-1
1
-5
-6
-5
-14
-14
-11
-10
-7
-12
-8
-9
-21
-20
-18
-14
-11
-11
-10
-5
-3
1
3
0
-4
-14
-18
-16
-16
-13
-12
-9
-4
1
6
7
15
22
28
24
20
20
19
22
25
28
28
29
23
25
22
20
14
13
19
26
32
32
34
26
22
21
12
9
3
0
5
7
5
0
-10
-12
-18
-20
-20
-19
-15
-17
-15
-12
-7
-7
-10
-12
-9
-2
5
9
3
3
3
-1
-4
-6
-7
-14
-17
-17
-12
-14
-21
-28
-33
-40
-40
-35
-28
-23
-23
-17
-14
-9
-6
-1
7
19
19
26
35
42
40
33
36
34
29
25
25
20
15
15
14
14
8
1
-3
-5
-3
-5
-2
2
1
-4
-9
-12
-16
-12
-9
-6
-4
-8
-10
-15
-16
-16
-11
-14
-15
-16
-19
-16
-13
-8
-6
-7
-10
-9
-1
5
0
-3
-5
-10
-13
-14
-4
-5
-10
5
7
-4
-9
-13
-11
-10
-14
-10
1
8
4
7
5
1
2
0
2
1
3
7
11
17
12
2
-2
-2
5
14
20
27
30
29
19
17
14
8
3
9
11
13
13
1
-3
-6
-8
-4
3
5
3
2
0
1
1
-5
-9
-14
-19
-23
-14
-4
4
8
2
-1
-13
-13
4
16
13
13
14
12
13
4
3
1
-7
-12
-14
1
3
-8
-8
-2
6
9
14
19
15
16
12
12
12
6
10
6
12
14
9
3
-6
-4
-7
-11
-11
-9
-8
-10
-8
-3
2
4
-1
2
9
23
23
15
7
-2
-10
-14
-14
-15
-15
-8
-2
3
7
4
0
-3
-9
-15
-11
-14
-14
-9
-3
-2
-11
-17
-29
-25
-23
-24
-32
-37
-26
-23
-21
-21
-20
-5
3
-3
2
8
-3
-19
-15
-10
-15
-1
-1
-1
-5
-5
-10
-18
2
13
7
-10
-4
-2
0
-11
-12
-6
14
26
8
25
26
47
41
26
23
16
17
11
16
7
28
14
15
13
-5
23
22
24
26
12
18
19
1
7
5
-1
19
12
-2
-17
-13
-4
-4
-9
-6
14
4
9
11
4
15
5
0
-11
0
2
-20
-29
-15
-5
-6
4
-6
0
23
15
16
-5
7
16
-6
3
11
11
-1
1
-34
-21
-9
-26
-31
-25
1
-11
-1
-9
-5
15
3
-18
-20
-7
35
6
-14
13
-5
11
-16
-15
-3
32
35
-10
7
25
-5
-34
-22
14
-10
25
5
-27
31
3
-21
-36
-6
-11
-38
-8
-7
7
2
-6
-33
13
20
-14
-9
5
21
-12
-30
11
1
14
3
-35
2
11
-16
-12
10
-5
16
1
-12
7
44
16
-27
-8
16
-5
-41
23
5
-1
32
-17
-27
14
5
1
-30
-24
30
-30
-14
44
-22
7
2
-13
-17
-22
-37
-28
11
-37
-9
-33
20
0
-11
9
4
0
-11
27
-43
-28
17
7
-17
-10
42
2
43
10
32
22
55
19
-6
65
18
2
-14
33
31
18
61
-16
33
53
-20
-8
11
36
2
-7
-4
44
-19
13
12
-43
39
12
-59
-31
29
38
38
6
-30
18
-59
-17
-29
-5
65
12
-3
0
-13
-7
11
-15
41
26
-36
-45
-14
-36
-17
-28
-34
7
-30
2
-18
-14
49
3
12
11
38
-20
33
-26
-24
53
-28
20
35
-4
52
-3
-32
28
-30
1
-10
0
3
33
13
-30
56
-62
-17
-1
-41
1
-32
4
-19
-55
-31
-3
-81
-30
-34
-48
-2
7
-20
2
-22
-9
36
-45
4
-21
3
-6
-60
-17
-23
-42
-55
0
-47
2
-13
-47
-6
-15
-13
18
-9
13
-30
12
-11
-36
24
-11
52
14
52
64
26
64
60
22
36
38
48
-5
-16
-4
44
26
24
85
-51
38
-1
-14
23
-7
30
-10
56
-61
61
-7
-19
98
28
82
88
10
72
54
-40
101
19
-6
97
0
-8
65
-4
-6
-30
12
-8
21
-41
36
-10
-76
61
-2
-31
14
-21
-52
-33
-5
-55
26
-85
33
20
-103
24
-45
-50
76
-19
-42
32
-117
-7
-37
-108
-3
-39
-38
26
-17
-123
66
-71
-96
165
-144
109
26
-30
11
-80
19
-48
-24
19
59
-102
-7
-53
-98
63
-89
-9
81
-59
-21
-37
-114
36
-69
-19
12
-62
66
1
-51
-13
85
-41
74
22
19
81
12
35
27
-37
97
9
-52
124
-11
11
92
-51
34
89
-81
52
77
-83
116
-42
15
7
-62
23
44
-28
-17
48
-46
-10
-40
-9
77
7
41
61
50
35
4
41
12
59
15
47
45
18
38
-3
-36
32
-75
-10
12
-9
82
-70
30
22
27
116
-51
67
-36
96
-30
-11
-99
25
-32
-58
18
-45
36
-90
113
-91
-30
-35
4
12
-58
65
-155
68
-99
2
-29
-58
87
-133
140
-131
-30
51
-127
-65
-40
-82
-7
-62
-1
-37
-9
19
5
-12
-54
28
-12
26
26
7
-57
-23
39
-100
-42
116
-57
49
18
-17
21
-1
21
19
37
52
-101
99
-44
31
-6
-37
101
-4
54
68
27
89
36
19
11
-39
108
79
-27
23
98
-87
81
-61
-11
60
-12
15
-70
90
0
-46
-30
21
-44
-54
30
-115
67
2
-9
-53
32
39
-54
58
-60
120
-59
61
39
-13
-3
57
-22
-56
51
-36
20
-94
33
-63
-52
-43
-153
71
-38
-20
44
-22
11
-119
8
-36
-63
107
13
-99
87
-91
-43
24
53
-41
83
69
-50
70
-67
64
-43
28
-2
31
90
-111
70
-68
-7
40
-58
189
-126
92
-18
52
-5
28
33
-23
106
-84
58
-82
102
48
-123
66
-52
61
-143
117
-40
-46
134
-106
77
42
-19
4
-19
-41
-24
-37
-94
-64
-16
-14
-120
11
-80
78
30
-85
156
-22
53
168
-126
25
86
-170
102
-50
-55
141
-107
21
46
-168
71
57
-71
86
43
55
185
-71
-29
64
-88
-32
40
-117
28
-46
-97
64
-134
53
66
-92
184
55
23
36
-17
80
-43
-15
3
-44
-57
-2
-69
-44
158
25
-26
129
-106
-54
5
-141
57
-2
131
-67
-4
-12
-84
-211
-78
2
-159
71
-65
-38
-48
-18
-69
-67
243
-34
195
72
73
83
29
80
-14
-5
-59
58
-62
112
-63
-66
118
-63
6
-42
-64
88
28
59
-37
26
-49
61
-60
-176
136
-166
273
52
-231
202
80
-141
267
-115
182
207
-121
224
-97
-75
187
-188
-29
56
-157
-16
48
-250
155
-172
-72
132
-93
49
-30
-19
3
67
-127
-38
-54
-159
207
-122
-71
171
-138
148
-71
-128
34
-5
-13
83
17
29
31
-6
28
-89
3
90
-68
42
66
-161
5
-19
-59
-8
3
81
-48
114
-94
42
34
-147
88
-75
81
13
-58
56
7
16
49
35
22
128
-90
-61
82
-91
136
-37
-66
234
-236
38
-57
-132
92
-54
52
88
13
-50
-120
-100
-121
151
-102
117
32
-6
163
-214
34
60
-86
120
36
-37
90
-19
-139
62
-36
5
-59
17
175
24
4
124
-58
7
63
-263
169
-62
6
79
-42
86
-31
88
-65
13
95
31
47
-177
68
-130
-63
57
-111
42
72
-39
-31
-105
-12
128
35
15
49
-59
21
-33
-159
100
136
-110
129
-43
46
106
-219
64
-72
60
31
16
80
162
-35
-59
29
-146
74
-40
-120
93
-21
-34
5
-234
9
15
-76
91
22
101
106
-93
-96
-42
-143
87
-76
3
72
-121
32
-105
87
-83
59
60
8
139
1
50
8
45
-114
-17
81
-78
50
0
-87
175
-44
-54
25
-120
133
-100
-44
167
-96
-50
-9
-129
6
-33
-119
65
-45
7
84
-101
81
21
-26
71
-20
39
132
4
13
74
-59
66
8
25
-4
38
39
75
49
-112
78
-164
38
33
-118
34
-78
91
-63
-60
-27
17
82
3
-36
-58
66
-22
-22
-63
72
106
-36
88
35
24
-6
-8
32
-39
56
68
-166
75
31
-48
127
-122
-62
27
-29
61
-81
93
63
-12
88
30
3
3
44
7
-7
31
25
-45
-123
-104
-83
-60
17
5
4
-14
32
-77
-130
-82
-86
-35
28
88
69
19
66
7
74
60
76
206
202
92
12
10
-77
-55
-4
-86
-80
14
-114
-132
-59
-61
-99
-113
-66
-66
-87
-37
-32
-108
35
-42
-43
81
-71
30
51
68
87
22
150
30
35
25
-80
-42
45
-11
-11
18
-23
-95
-50
-43
-54
-19
98
50
-99
-20
-37
-11
-36
-18
50
-15
152
44
-33
96
51
84
-2
99
51
23
94
-51
138
51
10
127
8
23
-84
-11
45
-29
-14
59
-20
-59
2
-86
-11
22
1
23
4
10
83
39
131
84
7
60
54
84
29
27
17
8
-10
-46
-82
-107
-112
-98
-4
-54
-79
13
-35
-131
-84
-75
-66
-116
-57
-35
-17
23
-8
-62
-50
8
-34
114
25
6
91
-43
34
-23
8
31
-41
62
-3
7
80
71
-51
-56
-44
-76
-8
-90
-12
24
-81
-18
-71
-72
28
-74
-41
20
31
116
28
-58
37
-38
-27
46
46
115
60
-13
80
8
-14
8
30
57
24
109
24
33
-4
-50
-41
34
120
42
-22
10
2
-6
11
31
-16
-8
9
36
116
88
44
-15
-43
9
-49
4
-10
-22
-11
-35
12
19
48
-39
0
61
65
92
76
142
134
106
176
201
198
199
156
106
150
145
70
-4
-75
-138
-234
-285
-304
-319
-360
-433
-478
-527
-578
-570
-665
-637
-549
-592
-513
-506
-480
-439
-380
-245
-169
-52
98
125
177
333
364
433
554
589
620
646
700
642
566
559
503
429
501
492
467
447
388
421
467
440
347
347
389
614
849
948
1116
1152
1043
765
520
641
830
871
785
606
420
147
-253
-576
-756
-893
-1075
-1323
-1478
-1556
-1815
-2164
-2591
-2771
-2705
-2594
-2250
-1907
-1624
-1509
-1617
-1595
-1387
-1142
-838
-438
27
465
712
866
1013
1043
1019
1062
1238
1563
1725
1687
1531
1261
925
488
202
151
205
130
53
-39
-168
-315
-560
-617
-525
-373
-111
131
411
540
496
453
403
531
699
948
1206
1482
1836
2203
2717
3205
3436
3048
2567
2255
2135
2234
2243
2313
2192
1574
613
-327
-780
-861
-1058
-1484
-1923
-2212
-2527
-3128
-3876
-4436
-4775
-5058
-5046
-4548
-3792
-3293
-3220
-3343
-3349
-2991
-2391
-1663
-777
48
729
1312
1860
2370
2519
2452
2412
2560
2925
3259
3325
2986
2284
1364
544
51
-141
-246
-478
-776
-1080
-1368
-1779
-2287
-2598
-2698
-2589
-2248
-1687
-1153
-887
-846
-831
-580
-4
659
1269
1809
2184
2420
2563
2754
2951
3003
3011
3060
3407
4085
4630
4647
3852
2903
2245
1927
1745
1712
1951
1982
1253
-102
-1188
-1548
-1516
-1720
-2167
-2422
-2405
-2579
-3228
-3926
-4389
-4720
-5031
-4941
-4064
-2859
-2177
-2225
-2614
-2814
-2575
-2022
-1041
111
1007
1386
1433
1593
1850
1947
1794
1767
2021
2354
2521
2435
2093
1290
211
-615
-857
-612
-403
-554
-893
-1348
-1801
-2222
-2490
-2287
-1899
-1644
-1368
-886
-395
-121
-130
-102
198
661
1201
1643
2136
2353
2302
2226
2284
2679
3105
3545
4028
4399
4189
3363
2640
2295
2158
1891
1837
2070
1944
1075
-354
-1342
-1602
-1630
-1955
-2395
-2539
-2606
-3063
-3844
-4440
-4619
-4744
-4756
-4287
-3256
-2441
-2356
-2577
-2700
-2487
-1970
-1141
-28
908
1345
1359
1438
1842
2171
2139
1971
2117
2391
2399
2150
1764
1297
577
-130
-394
-234
-90
-367
-914
-1374
-1602
-1714
-1757
-1582
-1229
-973
-926
-771
-348
82
304
392
614
1034
1505
1879
2157
2357
2560
2739
2911
3352
3972
4346
3901
3151
2697
2642
2453
2041
1818
1782
1340
158
-1058
-1512
-1378
-1516
-2173
-2814
-2985
-3228
-3932
-4616
-4786
-4579
-4659
-4659
-4119
-3181
-2737
-2907
-2990
-2625
-1852
-1063
-139
809
1448
1448
1213
1503
2230
2735
2750
2633
2670
2608
2252
1785
1377
891
224
-280
-365
-248
-416
-1057
-1693
-1992
-1995
-1985
-1798
-1414
-1154
-1162
-1200
-818
-189
329
633
877
1237
1530
1826
2265
2693
2909
3020
3179
3512
4086
4447
4305
3586
2862
2495
2428
2296
2085
1943
1555
602
-868
-1819
-1884
-1576
-1706
-2368
-2925
-3229
-3792
-4645
-5089
-4916
-4568
-4558
-4402
-3656
-2831
-2701
-3062
-3145
-2583
-1671
-701
503
1527
1866
1445
1050
1408
2161
2664
2830
2929
2812
2336
1669
1248
1133
800
155
-297
-323
-341
-819
-1568
-2008
-2118
-2187
-2208
-1803
-1211
-978
-1258
-1444
-924
-54
697
1114
1540
1904
2010
2074
2412
3094
3645
3841
3800
4068
4622
4966
4610
3653
2895
2662
2672
2474
2284
2167
1539
32
-1621
-2205
-1680
-1162
-1627
-2622
-3364
-3832
-4522
-5154
-5162
-4667
-4424
-4637
-4675
-4078
-3395
-3413
-3725
-3516
-2593
-1487
-561
209
712
756
498
579
1330
2294
2871
2883
2617
2152
1716
1418
1277
1227
946
484
118
-25
-269
-838
-1517
-1799
-1674
-1522
-1475
-1395
-1208
-1193
-1309
-1140
-424
404
979
1209
1387
1761
2108
2440
2841
3387
3769
3892
3874
3960
4434
4940
5080
4367
3421
2884
2803
2553
2126
1931
1789
922
-763
-1988
-2025
-1449
-1563
-2435
-3237
-3648
-4160
-4915
-5267
-4935
-4528
-4651
-4854
-4552
-3787
-3446
-3682
-3889
-3431
-2412
-1428
-623
30
385
299
133
509
1573
2450
2513
2081
1751
1660
1596
1535
1524
1400
903
216
-238
-236
-181
-382
-772
-959
-985
-1197
-1452
-1413
-1123
-902
-746
-323
350
782
778
717
984
1432
1844
2329
2886
3371
3373
3092
3002
3300
3934
4559
4973
4549
3521
2631
2437
2503
2393
2343
2315
1745
273
-1285
-1686
-1024
-618
-1163
-2110
-2722
-3325
-4256
-4930
-4779
-4112
-3987
-4349
-4520
-4146
-3941
-4326
-4493
-3924
-2799
-1971
-1502
-1112
-892
-1063
-1145
-376
1006
1969
1939
1527
1293
1224
1201
1414
1878
2076
1658
942
528
476
490
304
129
79
-53
-420
-837
-1002
-939
-836
-706
-415
-83
144
154
150
298
543
893
1270
1651
1936
2099
2176
2342
2671
3069
3637
4165
4260
3477
2613
2395
2891
3120
2940
2881
2760
1838
99
-934
-391
716
685
-443
-1558
-2203
-3018
-3940
-4042
-3251
-2743
-3429
-4396
-4720
-4501
-4560
-4788
-4374
-3447
-2779
-2819
-2872
-2565
-2174
-1979
-1582
-610
433
817
578
408
607
1043
1419
1777
2069
2087
1744
1304
1206
1418
1602
1482
1310
1142
834
296
-67
67
433
594
411
227
91
30
-88
-35
296
661
833
724
810
972
1193
1267
1382
1883
2535
3028
2721
2151
1815
2046
2223
2256
2465
2741
2425
1186
116
154
1009
1294
714
-188
-769
-1341
-2034
-2254
-1827
-1456
-2166
-3368
-4053
-3854
-3597
-3670
-3665
-3376
-3253
-3622
-3859
-3545
-2949
-2690
-2618
-2237
-1500
-1023
-1023
-1070
-816
-274
234
674
1092
1349
1349
1205
1279
1732
2185
2343
2292
2221
2131
1925
1737
1809
2030
2077
1862
1586
1434
1291
1051
896
943
1047
1030
921
817
783
804
932
1135
1115
922
816
890
943
847
845
982
929
449
-28
52
481
679
396
27
-205
-474
-879
-1061
-828
-598
-844
-1320
-1625
-1746
-1903
-2104
-2072
-1925
-1933
-2244
-2528
-2543
-2464
-2463
-2373
-2140
-1967
-2033
-2194
-2126
-1844
-1535
-1338
-1193
-1023
-858
-631
-310
78
389
567
713
871
1111
1403
1693
1967
2116
2154
2105
2109
2203
2283
2374
2483
2488
2273
2022
1846
1805
1791
1870
1899
1877
1775
1643
1411
1133
982
966
1031
865
681
453
186
-224
-495
-372
-59
54
-324
-773
-1114
-1264
-1328
-1158
-921
-919
-1344
-1794
-1871
-1664
-1468
-1405
-1353
-1480
-1799
-2074
-1919
-1530
-1348
-1542
-1715
-1742
-1725
-1773
-1769
-1585
-1434
-1484
-1560
-1440
-1235
-1150
-1245
-1181
-907
-552
-307
-115
138
386
563
675
898
1274
1674
1862
1974
2148
2319
2373
2322
2405
2616
2728
2654
2517
2336
2188
1976
1840
1821
1898
1861
1630
1356
1161
1091
960
765
566
542
552
400
147
-30
-118
-311
-569
-562
-195
1
-230
-704
-942
-927
-911
-865
-754
-667
-1002
-1518
-1843
-1725
-1433
-1346
-1458
-1677
-1964
-2290
-2455
-2336
-2122
-2104
-2230
-2386
-2411
-2395
-2351
-2250
-2075
-1927
-1789
-1614
-1404
-1192
-1048
-858
-667
-392
-77
273
645
993
1291
1502
1672
1901
2177
2388
2494
2572
2719
2803
2816
2794
2846
2793
2539
2209
2011
1976
1927
1817
1642
1391
1053
736
519
476
480
458
324
151
-56
-153
-215
-253
-227
-76
152
172
123
79
121
70
17
138
412
517
362
80
-182
-372
-522
-540
-535
-613
-904
-1273
-1605
-1783
-1898
-1946
-2027
-2170
-2373
-2654
-2834
-2872
-2759
-2595
-2460
-2340
-2229
-2211
-2180
-2049
-1730
-1340
-997
-780
-584
-335
-109
111
371
737
1062
1246
1349
1478
1647
1771
1828
1926
2043
2090
2054
1960
1857
1787
1726
1702
1696
1631
1469
1204
961
865
875
907
894
742
536
349
262
261
296
396
490
447
308
214
281
414
446
458
567
680
644
494
417
426
369
213
149
190
144
-63
-304
-406
-485
-666
-896
-1035
-1114
-1245
-1463
-1665
-1756
-1825
-1923
-2023
-2038
-1997
-2019
-2076
-2070
-1905
-1674
-1509
-1387
-1241
-1065
-878
-692
-440
-137
103
267
377
546
777
974
1056
1089
1132
1184
1179
1121
1110
1129
1086
925
762
676
584
451
313
286
315
273
163
42
-55
-113
-105
-24
90
153
185
242
290
316
393
543
657
678
730
835
925
912
825
760
729
690
650
629
579
412
156
-45
-150
-211
-306
-436
-554
-695
-868
-1021
-1068
-1031
-969
-974
-1002
-991
-936
-884
-828
-700
-511
-315
-167
-53
36
142
256
377
540
719
859
907
879
851
873
879
846
826
821
744
553
352
270
228
93
-111
-283
-406
-587
-794
-858
-838
-894
-1079
-1263
-1300
-1291
-1257
-1171
-1040
-958
-930
-880
-789
-647
-486
-317
-184
-13
193
380
488
501
536
615
658
669
722
804
796
631
443
349
318
259
151
46
-48
-170
-315
-414
-480
-514
-562
-629
-644
-602
-541
-494
-467
-389
-225
-60
70
198
392
610
767
920
1114
1296
1411
1444
1488
1617
1734
1801
1833
1862
1831
1655
1417
1249
1197
1146
1005
822
605
313
-34
-332
-484
-565
-711
-927
-1149
-1339
-1486
-1572
-1585
-1556
-1534
-1556
-1584
-1573
-1495
-1374
-1222
-1059
-940
-857
-789
-710
-622
-503
-371
-299
-281
-270
-198
-120
-121
-205
-299
-354
-405
-471
-516
-516
-525
-616
-770
-871
-875
-845
-863
-856
-763
-635
-556
-511
-430
-304
-126
46
246
486
714
886
1055
1269
1484
1666
1773
1855
1982
2124
2232
2312
2335
2300
2201
2054
1959
1901
1817
1666
1454
1245
1054
889
719
552
352
111
-118
-294
-388
-485
-609
-740
-845
-914
-960
-963
-981
-1017
-1063
-1094
-1068
-994
-914
-855
-839
-884
-920
-884
-785
-641
-545
-548
-589
-666
-731
-732
-651
-537
-526
-612
-706
-768
-826
-862
-845
-791
-781
-857
-910
-919
-893
-914
-968
-950
-857
-709
-594
-516
-455
-414
-354
-226
-40
172
340
431
507
636
793
954
1071
1119
1150
1184
1233
1330
1435
1481
1441
1337
1273
1253
1255
1242
1178
1098
993
871
793
760
746
686
591
486
404
341
268
198
155
141
113
54
-21
-84
-129
-195
-273
-282
-257
-252
-276
-322
-337
-350
-402
-472
-484
-443
-401
-382
-387
-422
-491
-571
-665
-684
-624
-562
-561
-626
-703
-747
-801
-855
-863
-817
-748
-723
-729
-732
-703
-655
-616
-560
-462
-371
-315
-263
-193
-86
39
123
186
229
265
306
369
416
437
458
499
517
516
523
511
489
460
481
545
582
530
472
450
459
482
508
560
542
434
345
352
429
475
438
370
280
186
134
156
212
222
138
1
-86
-124
-119
-110
-118
-155
-224
-290
-337
-325
-303
-319
-365
-394
-393
-367
-335
-321
-336
-365
-378
-363
-315
-242
-200
-213
-271
-327
-300
-218
-131
-87
-87
-119
-167
-163
-96
0
66
65
40
24
37
59
105
132
134
135
118
97
86
112
129
106
96
143
206
202
141
112
128
161
190
236
284
269
193
143
193
274
301
284
254
222
175
169
222
250
228
142
68
34
42
85
113
93
19
-94
-177
-210
-212
-181
-180
-202
-237
-289
-318
-326
-336
-342
-332
-306
-268
-238
-229
-236
-258
-279
-272
-229
-155
-87
-65
-68
-79
-83
-54
-16
38
81
99
77
45
40
57
68
75
94
113
87
33
11
19
18
5
6
38
52
-1
-57
-72
-51
-27
-4
36
70
46
-11
-35
13
93
142
125
80
54
43
54
96
163
202
162
87
60
113
188
245
250
189
123
78
67
101
146
164
149
90
53
48
37
-4
-48
-34
37
93
94
64
10
-30
-71
-71
26
94
70
4
-58
-92
-90
-40
39
74
37
-22
-54
-53
-44
-19
8
-14
-60
-86
-89
-77
-66
-55
-51
-81
-93
-66
-38
-35
-47
-58
-58
-52
-44
-27
-28
-76
-140
-181
-182
-174
-170
-184
-231
-298
-343
-341
-307
-276
-272
-303
-350
-372
-352
-301
-269
-271
-284
-301
-308
-287
-225
-142
-76
-55
-44
-3
45
79
123
180
241
296
324
339
349
342
352
391
466
536
541
487
440
413
421
449
493
543
557
528
460
409
388
374
351
329
301
275
255
235
237
236
234
225
202
196
206
203
189
175
173
157
92
20
-14
-49
-111
-175
-229
-256
-291
-328
-367
-428
-503
-580
-628
-637
-614
-617
-665
-718
-754
-765
-769
-765
-764
-783
-792
-764
-702
-613
-528
-475
-474
-496
-495
-436
-343
-253
-196
-181
-169
-169
-168
-146
-90
-20
48
117
178
219
238
266
316
389
481
588
644
665
664
676
707
739
775
801
824
854
884
896
888
865
850
821
790
787
808
796
734
668
613
554
473
388
327
295
245
176
131
64
-37
-149
-225
-280
-325
-376
-439
-476
-534
-604
-654
-688
-703
-708
-708
-702
-695
-720
-768
-786
-763
-714
-670
-651
-656
-690
-736
-738
-689
-620
-592
-610
-630
-635
-623
-589
-544
-506
-489
-487
-459
-389
-330
-299
-248
-161
-69
13
111
221
298
355
420
510
620
716
804
882
928
958
993
1030
1065
1081
1084
1079
1057
1038
1009
968
908
853
810
756
686
614
545
456
352
276
222
158
76
-3
-60
-119
-187
-231
-249
-255
-271
-294
-322
-351
-371
-381
-374
-375
-399
-432
-441
-439
-453
-453
-457
-476
-526
-582
-608
-601
-602
-635
-670
-699
-741
-782
-800
-803
-787
-769
-753
-747
-743
-732
-707
-648
-569
-484
-398
-316
-248
-176
-91
1
103
208
304
387
451
533
621
687
728
766
809
848
888
920
950
961
933
878
848
863
863
829
778
728
680
623
561
520
484
427
346
276
227
178
121
64
45
43
29
-6
-46
-93
-139
-176
-191
-189
-194
-213
-259
-318
-362
-375
-383
-405
-424
-445
-479
-525
-570
-587
-595
-609
-635
-661
-677
-685
-693
-685
-658
-640
-627
-607
-561
-503
-453
-407
-358
-305
-263
-208
-133
-60
7
52
98
161
226
279
310
341
381
412
440
463
467
467
457
438
444
466
479
465
419
389
382
375
361
352
347
324
292
257
233
225
208
180
167
179
198
196
165
128
99
94
113
134
150
140
99
50
9
-10
-26
-55
-97
-137
-186
-237
-284
-329
-363
-408
-440
-446
-437
-423
-411
-409
-404
-401
-406
-382
-312
-230
-170
-127
-95
-58
-32
14
89
166
219
227
226
240
245
272
314
333
323
294
273
252
210
168
143
116
80
24
-27
-65
-94
-129
-154
-171
-192
-219
-245
-266
-270
-241
-212
-202
-202
-201
-190
-164
-135
-86
-25
12
19
13
24
62
102
116
111
107
91
47
2
-11
-18
-57
-113
-163
-198
-229
-264
-279
-277
-285
-324
-348
-336
-312
-273
-223
-167
-126
-83
-20
71
161
225
286
366
465
555
629
696
751
800
819
832
852
871
858
812
772
758
752
723
647
548
442
339
263
211
152
83
-11
-137
-243
-316
-356
-396
-445
-505
-561
-608
-660
-684
-675
-658
-666
-671
-654
-635
-621
-603
-583
-576
-564
-553
-556
-556
-558
-534
-505
-504
-509
-514
-519
-520
-512
-495
-475
-481
-499
-493
-487
-475
-439
-378
-301
-240
-192
-137
-72
-3
92
222
363
470
547
613
690
777
873
972
1068
1147
1185
1207
1219
1239
1253
1233
1200
1180
1168
1137
1080
1007
937
859
770
679
611
560
480
385
289
200
112
35
-37
-121
-204
-277
-332
-371
-406
-459
-513
-571
-613
-639
-661
-689
-715
-742
-765
-793
-809
-808
-836
-878
-935
-976
-991
-996
-1012
-1022
-1018
-1035
-1066
-1081
-1055
-1011
-975
-958
-931
-879
-805
-735
-654
-550
-454
-371
-289
-175
-27
115
223
331
448
550
645
737
845
948
1023
1073
1111
1143
1153
1163
1180
1195
1198
1191
1171
1117
1052
981
929
896
863
821
765
696
605
534
488
461
433
383
314
246
193
161
133
95
51
4
-36
-60
-82
-111
-152
-205
-253
-303
-350
-400
-450
-499
-564
-636
-689
-747
-816
-875
-939
-975
-1005
-1026
-1034
-1045
-1067
-1098
-1102
-1085
-1045
-984
-925
-873
-810
-735
-661
-568
-448
-341
-246
-157
-54
60
165
285
401
492
557
614
691
752
789
832
864
878
875
867
874
855
808
761
721
685
649
611
575
531
477
429
367
317
283
255
225
188
153
129
115
109
107
111
111
91
61
36
36
38
19
7
-13
-52
-95
-138
-171
-203
-249
-307
-359
-415
-481
-549
-600
-636
-681
-707
-724
-753
-772
-794
-798
-782
-745
-697
-655
-615
-561
-500
-429
-360
-286
-195
-114
-36
56
161
253
325
386
433
472
496
516
547
573
601
626
632
616
596
568
529
487
461
453
441
403
350
307
270
229
201
182
153
121
88
63
47
36
21
5
-2
-7
-8
-5
-13
-20
-16
-6
-9
-14
-19
-42
-75
-108
-127
-141
-161
-184
-218
-271
-334
-385
-409
-420
-440
-456
-474
-503
-540
-550
-528
-483
-441
-415
-384
-353
-310
-256
-195
-134
-69
-13
44
105
175
252
314
357
379
388
410
445
474
506
513
502
473
448
435
419
395
359
309
262
230
196
165
136
94
53
28
18
17
-3
-31
-55
-79
-90
-89
-79
-61
-65
-82
-95
-102
-105
-108
-99
-80
-87
-118
-146
-170
-208
-244
-248
-242
-261
-307
-349
-386
-423
-456
-466
-461
-460
-467
-457
-433
-423
-399
-355
-305
-253
-206
-157
-93
-38
24
94
165
232
285
346
413
474
522
562
587
602
604
603
612
617
616
593
553
516
477
435
393
346
306
258
203
150
101
57
15
-21
-40
-55
-86
-118
-145
-182
-210
-220
-208
-199
-207
-218
-228
-243
-263
-271
-261
-250
-246
-252
-262
-277
-303
-328
-345
-356
-361
-366
-378
-391
-404
-420
-437
-437
-424
-411
-399
-384
-358
-331
-311
-284
-233
-170
-116
-65
7
80
142
206
286
364
422
469
525
583
631
668
708
750
755
750
748
753
754
735
707
678
646
589
525
474
426
378
316
253
194
132
74
7
-48
-100
-160
-216
-265
-306
-354
-394
-429
-459
-486
-512
-529
-546
-561
-572
-572
-565
-568
-566
-570
-572
-564
-548
-521
-504
-502
-512
-512
-510
-505
-494
-467
-435
-420
-409
-398
-382
-368
-347
-308
-255
-190
-144
-99
-53
-2
58
121
200
299
394
457
500
547
601
661
724
793
854
884
884
891
911
930
941
944
941
912
859
816
785
755
706
643
582
528
465
392
327
252
173
95
20
-46
-113
-175
-226
-274
-327
-390
-466
-537
-593
-632
-653
-673
-689
-698
-713
-717
-726
-743
-758
-740
-704
-683
-674
-664
-655
-657
-658
-658
-643
-611
-584
-560
-531
-503
-477
-450
-415
-377
-335
-295
-252
-188
-128
-69
-5
55
100
153
220
286
350
422
504
581
636
680
733
781
822
853
891
926
937
934
921
904
876
853
823
789
765
725
674
615
543
464
397
334
268
210
139
66
7
-36
-89
-146
-195
-242
-289
-329
-363
-389
-423
-458
-481
-498
-514
-530
-540
-539
-550
-570
-591
-600
-595
-596
-592
-591
-600
-606
-610
-609
-600
-593
-584
-572
-550
-525
-497
-461
-416
-372
-336
-295
-249
-191
-129
-61
-3
45
97
149
215
288
355
408
457
501
546
581
617
656
668
678
697
711
707
682
647
613
595
584
572
538
487
428
385
356
322
279
232
180
130
88
47
17
-16
-51
-87
-108
-127
-150
-161
-176
-187
-200
-215
-213
-214
-218
-226
-227
-231
-241
-257
-271
-276
-283
-302
-318
-333
-354
-375
-393
-408
-408
-398
-397
-407
-413
-396
-367
-337
-309
-281
-250
-222
-193
-148
-103
-56
-11
32
79
115
154
194
239
285
313
339
363
383
401
422
448
462
465
460
439
410
387
376
366
344
301
252
210
166
122
77
36
-6
-52
-87
-113
-130
-156
-192
-221
-242
-265
-274
-265
-252
-246
-248
-255
-248
-239
-234
-222
-216
-203
-183
-160
-144
-125
-105
-99
-103
-102
-93
-86
-72
-59
-43
-31
-28
-33
-30
-19
-3
9
21
26
24
28
36
52
74
100
134
161
176
185
198
217
230
255
282
304
314
315
320
327
332
334
341
341
327
308
285
261
239
212
179
132
88
47
-2
-45
-90
-132
-188
-238
-276
-313
-339
-362
-381
-402
-427
-446
-461
-469
-471
-466
-449
-426
-408
-392
-376
-354
-326
-294
-263
-232
-197
-168
-147
-130
-100
-69
-48
-22
9
34
49
60
79
98
116
137
164
192
206
209
220
248
274
292
309
321
335
349
362
387
401
415
429
440
454
451
440
432
433
426
412
402
389
371
343
301
264
230
195
152
103
57
2
-49
-99
-152
-198
-246
-284
-315
-348
-392
-423
-442
-462
-485
-517
-534
-535
-523
-515
-511
-500
-497
-502
-497
-469
-437
-421
-412
-399
-383
-357
-329
-295
-261
-230
-208
-189
-160
-143
-121
-78
-29
10
46
80
119
146
160
184
223
274
317
350
392
418
443
463
476
492
519
547
555
563
574
587
594
589
586
581
565
543
519
491
467
431
388
339
283
223
162
112
65
7
-57
-121
-179
-234
-290
-334
-374
-414
-434
-455
-480
-508
-529
-529
-519
-506
-498
-501
-501
-498
-492
-467
-432
-405
-380
-357
-350
-338
-313
-297
-281
-262
-243
-214
-196
-192
-182
-173
-166
-150
-128
-99
-78
-61
-41
-21
4
44
89
131
168
193
225
264
301
345
391
426
459
480
505
538
575
610
632
645
650
644
636
623
610
593
568
529
487
446
393
335
274
216
155
101
47
-9
-61
-119
-171
-226
-268
-308
-348
-383
-422
-450
-464
-469
-467
-470
-482
-496
-502
-493
-471
-448
-434
-436
-441
-435
-424
-404
-383
-367
-346
-331
-319
-302
-288
-274
-267
-256
-225
-195
-166
-151
-147
-137
-113
-79
-38
3
37
61
85
118
166
208
252
292
320
345
361
392
424
454
485
507
516
527
537
539
537
534
532
522
502
474
443
414
385
357
324
271
214
166
126
87
45
2
-39
-78
-120
-158
-192
-221
-252
-275
-284
-292
-299
-318
-336
-347
-347
-343
-339
-333
-324
-315
-304
-293
-283
-266
-255
-242
-232
-236
-229
-224
-216
-194
-186
-180
-166
-156
-144
-129
-116
-99
-85
-69
-52
-33
-17
-2
18
34
60
88
115
143
165
176
189
207
231
259
278
294
301
312
319
317
316
315
306
293
278
255
234
203
171
152
120
92
56
20
-20
-56
-76
-98
-114
-123
-142
-158
-174
-186
-192
-196
-203
-202
-195
-190
-177
-165
-153
-146
-147
-137
-122
-108
-83
-66
-48
-33
-23
-20
-25
-28
-26
-23
-14
-10
-8
-9
-3
-1
-14
-19
-21
-10
0
10
9
10
23
38
59
83
102
110
114
123
141
158
172
180
190
203
206
212
221
231
227
211
192
172
162
141
117
92
53
17
-9
-39
-66
-89
-113
-133
-155
-184
-207
-225
-234
-243
-252
-254
-262
-265
-266
-259
-249
-242
-235
-233
-226
-209
-183
-150
-128
-112
-100
-79
-67
-54
-39
-21
-8
1
12
28
47
55
49
59
66
60
103
61
143
56
298
200
46
225
22
230
63
216
221
295
428
177
280
166
233
242
192
355
201
409
205
88
248
4
356
218
300
242
147
247
7
70
-78
-41
-7
-74
-6
-118
-69
-128
-233
-228
-255
-242
-347
-287
-383
-417
-354
-398
-336
-464
-406
-457
-430
-353
-391
-278
-345
-277
-312
-300
-300
-280
-228
-226
-92
-130
-51
-111
-81
-48
-48
45
43
117
120
148
168
156
202
195
219
246
260
275
318
335
326
358
390
327
489
439
404
471
280
377
294
348
322
328
289
242
256
171
239
186
242
162
103
130
55
12
2
-137
-74
-131
-82
-67
-136
-123
-237
-196
-305
-248
-291
-303
-274
-377
-363
-352
-362
-378
-356
-406
-374
-365
-367
-335
-341
-337
-337
-318
-308
-266
-228
-230
-176
-153
-154
-128
-103
-88
-42
-38
-36
21
25
98
159
131
153
179
190
237
260
266
332
255
334
334
388
434
360
453
328
424
445
363
460
385
382
348
310
336
350
321
272
221
147
188
98
58
139
-54
33
-31
-130
15
-126
-2
-154
-127
-219
-204
-208
-234
-274
-386
-347
-417
-353
-320
-395
-246
-390
-353
-415
-421
-303
-407
-156
-525
-259
-463
-352
-373
-349
-268
-375
-120
-300
-26
-185
-167
-60
-258
10
-113
-21
139
-19
119
-21
22
136
205
259
180
371
225
425
330
401
361
443
436
352
551
252
679
247
559
382
296
616
164
593
155
459
251
210
318
14
444
-115
239
16
-69
146
-271
160
-237
-98
-40
-338
-37
-296
-145
-243
-280
-167
-372
-2
-468
-108
-347
-360
-98
-579
-3
-520
-125
-302
-336
-102
-544
24
-475
-146
-280
-327
59
-444
44
-386
-128
-162
-258
47
-305
149
-193
65
-86
-35
102
-175
215
-92
189
195
142
244
161
255
191
341
175
335
241
236
324
186
434
19
553
111
332
254
101
403
17
413
-10
237
133
22
112
3
229
-96
95
31
-49
54
-126
-81
110
-314
32
-168
-90
-1
-257
25
-284
74
-253
-57
-266
-131
-204
-157
-50
-81
-82
-234
-143
-268
-14
-210
118
-153
-76
-55
-253
10
-195
-109
-163
13
-163
-17
-26
-153
-25
-137
-74
82
15
-8
215
-161
186
-22
-1
231
-183
379
-170
335
-105
192
205
2
337
-112
434
-251
349
-147
192
144
-2
256
-117
290
-289
309
-129
119
-19
28
180
-180
134
-225
11
-1
-64
23
56
-84
120
-298
179
-201
-76
161
-203
189
-236
123
-260
175
-92
-50
121
-155
37
-116
121
-179
165
-87
25
-28
25
17
62
91
-106
216
-54
158
26
-55
40
29
-5
98
73
30
24
28
48
49
-25
18
61
-62
35
-44
108
36
-139
78
-376
294
-302
234
-88
-175
216
-495
299
-612
189
-203
-54
16
-192
58
-167
33
-259
-55
-107
-47
30
-238
187
-316
39
-174
-87
32
-150
184
-317
290
-307
259
-98
32
130
-358
348
-372
370
-47
-45
284
-272
327
-176
375
-7
159
311
-22
411
28
251
63
65
259
62
333
212
92
221
-10
206
232
44
383
-1
256
-135
240
-31
-14
302
-272
303
-199
123
26
-225
54
-145
-71
66
-251
20
-326
-5
-218
-275
60
-349
223
-687
185
-655
-27
-159
-421
164
-663
295
-689
95
-502
-187
-27
-488
-15
-370
-145
38
-211
-130
-295
55
-134
-111
183
-179
339
-365
349
-297
65
276
-202
518
-140
442
-20
394
-9
385
95
189
413
68
405
224
308
245
282
259
326
168
367
125
457
-8
627
-108
387
160
-131
273
-82
254
-35
173
-35
280
-305
181
-256
-121
113
-280
283
-238
99
-271
-194
-90
-403
256
-479
216
-292
-128
-224
-194
-250
-356
-42
-423
-150
-258
-227
-295
-153
-486
-3
-536
76
-453
-22
-304
-210
-55
-446
276
-441
294
-504
143
-118
-120
283
-82
196
-84
190
-119
171
245
163
540
-170
594
-123
341
302
-215
682
-347
935
-223
375
217
3
446
-309
760
-242
704
29
-128
446
-452
607
-22
-4
444
-437
628
-289
289
26
-207
403
-814
725
-890
702
-230
-313
414
-1049
675
-799
351
-321
-270
127
-513
151
-358
-12
-375
-291
-62
-305
59
-74
-350
113
-861
186
-506
137
13
-399
481
-905
509
-678
245
-287
-2
153
-158
519
-349
362
-166
174
-14
255
106
370
-43
260
-38
368
80
173
320
-183
739
-397
814
-86
329
228
-28
269
-132
482
-139
536
-173
116
222
80
269
-76
69
-44
156
-6
-34
121
-52
-30
-139
-151
-71
-170
40
-314
-31
-165
-121
-14
-290
-114
-212
-137
-134
-339
251
-549
307
-383
-230
-105
-224
18
-360
202
-482
406
-326
68
-43
-196
161
-453
242
-262
221
-58
-7
48
-323
278
-271
244
-104
74
24
81
93
-11
115
-81
124
154
-29
214
-16
213
-23
50
169
-146
392
-89
317
-293
407
-190
183
107
-320
661
-500
654
-360
496
-154
134
35
26
143
-218
242
-346
456
-316
232
-140
47
-142
202
-266
359
-500
217
-206
-74
71
-304
271
-431
291
-448
429
-357
151
-73
-252
409
-356
248
-78
-212
400
-379
436
-47
126
-16
-127
143
-55
260
-296
390
-297
225
-70
58
130
-134
69
81
-191
153
-313
59
-96
-49
97
-284
304
-535
382
-730
516
-530
426
-361
51
164
-506
681
-815
787
-566
392
-158
-47
-177
-115
-219
150
-38
-72
221
-320
359
-486
374
-489
510
-357
258
50
-135
263
-364
60
-386
386
-197
449
-178
-15
-53
-70
-56
52
149
103
287
65
42
148
-155
246
-161
335
25
255
486
-105
335
-265
442
-133
384
96
13
293
-47
137
-85
154
-143
215
-87
-14
215
-105
236
-387
39
-344
-108
-56
-115
-96
-268
-4
-246
-26
-317
-50
-142
-70
-37
-213
64
-303
50
-184
-55
-180
-26
-161
-86
-286
-129
118
-350
115
-12
-288
262
-241
-142
-51
-216
-23
113
-247
55
-144
-131
120
-148
-76
184
36
1
486
-355
575
-136
121
219
-77
264
65
376
144
393
66
268
363
-112
481
143
109
633
-128
378
228
-8
370
-116
282
-147
237
106
185
61
-170
258
-368
42
28
-226
99
-218
-35
-50
-109
-75
-151
-61
-237
-16
-74
-209
14
-455
-64
-333
-22
25
-282
-9
-431
-115
-261
-23
-287
34
-350
-27
-294
-155
10
-521
191
-514
314
-273
114
-138
-86
-32
-309
256
-320
303
-135
13
38
-18
72
-33
165
229
29
369
-155
486
-81
340
134
-46
561
-171
791
-195
679
-164
375
72
135
445
-18
701
-347
554
-347
397
-159
355
-192
280
-93
36
249
-482
481
-743
537
-647
201
-30
-180
162
-394
-6
-305
88
-234
51
-391
130
-310
50
-300
40
-194
-167
-97
-431
277
-549
303
-575
151
-493
72
-217
-99
55
-387
281
-477
196
-219
17
23
-96
46
-216
173
-262
157
135
-130
378
-21
190
7
16
282
-95
419
0
275
253
-103
368
-229
428
-107
269
362
-214
715
-350
531
-123
162
330
-283
734
-582
586
-286
356
-179
201
-67
45
-41
-65
70
-366
339
-500
394
-429
155
-296
2
-163
-121
-34
-111
104
-333
311
-598
383
-630
155
-220
-51
81
-177
294
-524
253
-726
398
-508
319
-219
-53
29
-153
-147
-112
-6
-222
104
-235
462
-682
722
-759
318
-23
-298
569
-157
333
-224
467
-360
492
-92
52
222
-32
271
94
-14
381
-274
165
189
-230
741
-499
448
-286
126
68
-172
487
-275
57
197
-437
374
-189
65
55
-333
376
-721
765
-678
560
-299
-19
324
-405
628
-628
446
-461
286
-248
184
-83
-29
-39
-232
-106
-32
104
-177
407
-438
406
-227
192
-238
66
-22
158
-74
-79
88
-314
284
-213
70
-138
112
-278
338
-186
103
88
-285
226
-209
-58
102
81
-165
405
-458
302
-126
-54
245
-308
427
-212
293
-391
290
8
-184
383
-504
534
-539
579
-191
-171
237
-711
567
-547
263
129
-292
402
-567
224
-72
-145
345
-384
394
-259
218
-194
-26
67
-346
306
-367
370
-193
169
-134
133
-74
140
21
-178
381
-437
485
-501
492
-431
168
58
-372
705
-572
664
-336
326
31
-26
227
-291
253
-279
153
24
-52
450
-509
626
-507
386
-22
-1
492
-308
652
-635
395
-520
268
-358
330
-179
182
188
-426
490
-600
477
-456
342
-81
-115
108
-320
231
-344
35
-231
49
-199
40
-293
52
-231
25
-309
-93
93
-300
426
-623
494
-519
171
-243
54
46
35
66
-76
138
-409
645
-585
594
-545
346
-159
190
246
-297
500
-621
588
-627
676
-411
391
59
-18
429
-271
296
-1
93
-78
331
-241
799
-465
462
-365
266
-37
-142
484
-369
748
-511
545
-449
241
-86
-12
158
-183
311
-343
290
-190
-110
126
-281
99
-121
-329
251
-324
-32
-22
-486
193
-418
45
-175
-317
167
-359
285
-573
486
-636
318
-362
-29
369
-635
758
-846
489
-343
52
168
-207
286
-162
69
118
-68
16
-116
141
-250
142
229
-163
375
-435
506
-434
564
-293
425
172
-146
573
-322
602
-370
398
-229
544
-107
273
319
-247
541
-531
566
-65
181
102
-109
385
-454
474
-385
223
43
-274
277
-439
309
-203
-128
238
-220
284
-239
259
-488
179
-157
-214
394
-548
437
-467
-12
-237
-354
116
-335
93
-35
-286
172
-563
125
-498
184
-370
94
65
-369
386
-718
396
-581
127
-151
-267
372
-370
266
-319
97
-10
-88
199
-314
304
-188
205
-68
30
37
18
339
-120
460
-111
280
122
203
158
248
243
105
86
167
30
158
204
149
170
56
299
-80
324
-322
553
-392
475
-88
145
248
-327
320
-598
458
-420
310
-282
174
-68
-21
-61
-160
226
-413
427
-527
152
-250
-68
-74
-156
-84
-64
-110
-293
-63
-313
173
-215
-17
-289
-110
-127
67
-471
34
-452
81
-146
52
114
-342
381
-715
511
-533
562
-235
159
157
-393
673
-621
649
-341
260
153
85
246
-61
281
119
63
191
22
378
-23
84
179
-93
572
-327
587
-207
205
157
-231
384
-362
389
-210
119
72
-138
119
-107
85
98
101
159
-86
-85
-217
-314
103
-334
225
-191
24
-214
-123
-218
-195
44
-300
340
-464
457
-492
17
-248
-205
-107
-187
151
-175
301
-373
174
-156
-167
50
-175
34
8
-153
86
-165
12
38
-221
61
-150
196
-177
349
-238
386
-138
92
160
-284
564
-251
519
-120
308
-69
259
162
-92
402
-225
483
-79
120
218
-96
464
-407
435
-124
115
149
-96
272
-121
385
-127
162
-115
58
-3
-251
20
-112
17
60
-243
201
-426
-48
33
-407
352
-233
83
-51
-150
-168
-65
-208
-151
-13
-29
-153
71
-231
59
-230
-205
176
-516
495
-479
151
1
-173
274
-261
258
-413
181
-13
-211
303
-187
54
123
-239
341
-167
338
-48
198
20
71
53
-171
371
-451
497
-168
217
5
-39
185
35
174
56
117
76
243
-199
328
-122
158
5
-98
150
-161
145
-25
-75
220
-242
91
-99
-155
-117
-98
26
-140
121
-194
161
-173
-70
18
-371
245
-113
-51
181
-270
233
-216
5
109
-339
379
-186
97
-39
-177
91
-283
96
-168
-7
96
-130
182
-237
228
-229
292
-139
153
173
-98
301
-255
326
-168
106
-36
127
-59
235
7
40
184
50
107
-129
264
-277
176
-67
4
-162
119
-325
219
-211
18
28
-181
295
-266
315
-365
343
-329
256
-196
-1
84
-355
210
-404
63
-122
-104
-7
-122
-44
-85
-13
-225
169
-134
-211
259
-494
395
-165
169
55
-88
8
-75
0
73
204
-123
273
-203
366
-82
304
-124
223
-38
240
112
12
385
-394
556
-664
694
-261
188
377
-329
434
-137
289
8
48
-65
89
-73
57
120
-70
67
-93
-56
94
10
-125
272
-376
196
-172
-105
134
-361
223
-347
93
-97
11
-98
-48
-300
-94
-245
-78
-81
-315
68
-524
224
-406
65
-188
-272
164
-417
162
-217
89
-74
-95
-47
-225
308
-271
161
-72
20
402
-234
428
-264
163
-34
-102
307
-17
497
-222
425
-89
-59
165
-141
570
-147
396
1
111
197
-78
261
-26
463
-103
529
-89
86
203
-173
259
-195
205
77
176
46
79
-6
-100
319
-315
224
-204
-31
38
-287
176
-439
274
-435
-118
-2
-475
307
-478
158
-286
-5
19
-540
231
-573
207
-393
-82
-4
-312
306
-458
78
-199
-282
192
-341
201
-303
79
-49
-240
183
-243
101
56
24
-74
121
-52
85
18
110
196
36
193
46
77
175
276
126
301
111
43
221
73
120
297
58
200
221
134
222
169
129
-84
281
-101
158
83
-89
338
-231
215
-268
428
-464
431
-302
80
53
-260
194
-673
511
-736
435
-540
163
-405
-150
-279
-324
117
-376
243
-434
166
-590
247
-469
-58
-56
-152
28
-191
89
-431
270
-246
41
-9
-43
-27
84
-257
181
-175
171
-15
-212
338
-363
288
-157
166
11
147
-31
-36
192
-79
329
-15
280
167
60
314
185
184
167
189
169
155
36
243
-49
230
-13
-22
269
-14
249
-173
180
-36
16
240
-295
302
-287
-55
67
-276
254
-185
44
-168
32
-160
4
14
-131
174
-331
158
-275
-196
52
-312
37
-39
-151
-3
-105
-208
-112
-45
-356
237
-82
-128
71
-201
145
-296
86
-172
47
-19
66
-33
-136
182
-29
-75
98
69
-162
340
-278
253
54
7
354
-211
257
-69
-24
34
10
161
64
128
116
-33
200
-297
405
-190
111
150
-213
433
-476
420
-285
-21
102
-203
250
-203
358
-163
38
-90
-204
34
-136
106
-79
30
5
-249
27
-156
-116
120
-224
112
-163
-75
52
-34
-119
118
-138
173
-33
32
91
-242
149
-223
296
-191
209
-92
-42
47
-200
298
-181
339
3
-16
218
-166
211
-148
93
-30
3
88
74
18
104
-69
190
-16
222
142
58
178
-176
332
-312
493
-374
350
-157
-2
286
-323
381
-323
123
-89
-82
-42
-20
-200
160
-260
-37
-182
74
-213
29
-30
-348
477
-688
497
-554
176
-242
-101
-92
-216
140
-458
392
-476
186
-140
-115
10
-32
-16
-28
-38
59
-64
3
21
-81
136
-16
76
-86
212
-96
254
68
18
165
-16
185
-66
301
-120
280
-69
77
221
-125
497
-87
278
-77
234
67
88
80
-112
84
-131
204
-97
219
51
-99
156
-61
-203
234
-259
124
-35
-176
196
-234
140
-288
31
-282
268
-285
18
-7
-461
229
-449
85
-250
-42
-60
-187
26
-206
71
-170
13
-270
-34
-138
-123
-54
-181
-15
101
-42
185
-34
-52
213
-278
280
-226
204
24
112
135
-92
316
-135
316
-21
317
146
116
309
-59
277
-103
220
58
307
-52
321
60
151
18
185
-45
60
197
-430
433
-330
327
-170
118
-26
-227
294
-472
443
-350
122
3
-296
238
-571
248
-355
-147
33
-420
88
-233
-133
80
-381
160
-450
166
-213
-101
-24
-392
244
-450
156
-280
45
-106
-47
-61
-8
-138
179
-162
7
182
-293
369
-276
311
-127
127
9
77
91
6
223
-6
304
-56
327
-48
323
34
242
125
151
69
133
37
118
132
-90
292
-190
287
-87
154
27
46
56
-65
136
-173
235
-270
104
-44
-100
117
-197
79
-173
-50
-10
-92
-78
-94
71
-230
195
-221
47
-143
-82
19
-237
83
-262
-40
-155
-79
-195
-32
-166
-15
-268
111
-302
196
-190
119
-55
-74
194
-306
411
-443
375
-194
123
184
-150
431
-259
301
-29
166
48
163
92
53
90
24
121
-79
178
-14
127
132
153
-105
293
-139
84
113
-70
204
25
22
60
92
-135
132
-200
69
-149
46
-8
-49
47
5
-23
-120
6
-164
24
-94
94
-165
137
-368
103
-192
-209
169
-325
241
-258
26
-123
-71
1
-154
43
-382
239
-304
63
55
-357
273
-298
37
-26
-50
163
-111
92
-61
39
34
46
88
-98
309
-34
247
25
57
14
68
151
-137
400
-231
377
-216
139
1
30
283
-210
284
-222
300
-222
100
252
-444
573
-347
51
301
-427
462
-396
369
-184
-119
210
-531
422
-502
293
-132
-64
157
-461
349
-469
249
-151
-98
237
-477
255
-351
-110
56
-316
286
-209
146
-52
-101
83
-216
201
-99
225
-111
165
-9
-8
185
-198
289
-170
173
-62
49
117
-93
195
1
159
40
215
43
165
9
183
-57
132
51
-50
111
-129
292
-167
277
-167
115
-1
-167
193
-181
128
11
-45
-63
-112
31
-198
12
34
-218
247
-319
148
-230
-321
143
-527
413
-320
106
-68
-317
107
-299
46
-200
207
-198
5
-27
-310
249
-390
301
-69
-89
308
-272
245
-236
95
-40
3
217
-156
307
-302
164
-172
-133
561
-388
626
-310
145
157
-301
415
-358
509
-165
77
260
-308
509
-343
213
-25
4
247
-202
382
-154
94
33
-117
229
-165
183
2
-3
234
-286
187
-174
59
-42
-227
170
-205
166
-86
-103
43
-216
10
-84
-89
22
-99
19
-103
100
-174
51
-74
-133
110
-243
117
-50
-1
-1
-14
-22
25
-75
61
-60
16
43
-44
-6
101
-127
46
-13
-158
258
-158
315
45
120
86
-39
-3
20
116
54
293
-93
164
-118
-71
122
-19
168
145
4
144
-55
22
78
17
195
30
165
-117
81
-153
-146
-23
-182
8
-102
-17
-285
-33
-188
-97
163
-159
196
-116
-40
5
-321
82
-197
-89
9
-217
16
-247
58
-286
-10
-16
-162
198
-239
187
-95
7
107
-83
247
-129
81
-38
-226
150
-320
149
-142
-8
230
-175
300
-185
240
83
139
298
-92
349
-139
260
-11
-4
123
-79
266
-40
195
-30
173
105
110
212
6
209
22
76
74
-70
84
-35
46
-68
63
-125
-43
-55
-75
6
-140
60
-69
-8
-179
-93
-78
-144
-93
-88
-285
43
-317
-108
-112
-210
112
-144
201
-144
109
2
-46
72
-185
68
-177
-26
-86
-226
143
-131
45
62
-1
120
132
195
-27
242
59
219
153
10
141
-136
36
-3
-71
45
-90
117
-109
111
-128
157
44
68
94
76
195
27
224
-26
169
-35
58
-106
-4
-33
-58
60
24
69
-10
-14
-137
18
-128
202
-109
145
-15
-160
-59
-230
57
-287
69
-273
6
-142
-103
-203
-144
-16
-166
147
-21
39
32
-28
-119
131
-130
82
18
-70
92
-207
-7
-86
57
29
65
-36
73
129
-36
260
43
100
24
51
44
44
-10
29
-66
-8
-73
34
74
26
142
-43
209
-73
106
20
-35
148
-109
96
-82
43
14
-94
115
-123
90
-113
203
-23
29
172
-170
179
-135
51
-128
-64
30
-179
50
-135
-49
-120
-153
-41
-52
14
-54
-2
-17
84
-122
-28
-14
-129
146
-69
35
70
-23
-55
-24
-32
-11
-6
-22
-7
50
-66
58
-18
-35
163
-34
108
-22
-33
19
-45
50
34
113
-2
32
-12
-9
75
-37
97
113
48
190
-46
152
33
-7
162
-189
220
-68
-49
31
-7
51
65
-48
-34
77
-44
116
-46
57
-12
15
-51
-71
-45
125
-97
-61
47
-130
85
-57
-11
17
-179
-37
-90
-54
74
-113
51
-112
16
-70
-59
-59
-164
-7
-92
-66
16
-55
-66
2
-5
19
40
152
25
52
-24
-34
49
-44
67
-100
37
90
-101
246
16
150
101
-4
155
-19
116
-39
0
49
-110
136
-161
103
-45
-39
116
-140
164
-134
97
-34
-58
55
-137
139
42
-3
-26
-157
70
-280
3
-117
-91
68
-207
105
-113
22
-39
-121
-107
-70
-117
-70
-36
-119
-29
-53
-128
-81
-184
-40
-14
-59
113
-83
114
39
-46
50
-62
77
24
64
69
108
68
71
80
-4
134
33
145
176
50
208
155
120
235
35
157
117
67
244
14
140
-16
113
95
66
181
-2
119
93
112
117
-66
108
-13
23
28
-174
53
-160
-6
-60
-64
35
-97
11
-65
-24
-57
-90
-31
-136
-146
-144
-239
-161
-192
-163
-98
-162
-103
-50
-84
-83
-8
-78
-3
-69
-71
-19
-87
-37
-135
-66
-78
-62
-5
-31
73
-26
45
-43
91
42
45
80
-121
205
-113
78
18
-57
141
-34
89
4
100
36
-3
20
-29
37
-31
-9
51
-94
79
-12
5
105
-94
160
-111
66
26
-23
102
-70
179
-43
102
36
-38
85
-82
70
97
-44
102
-74
71
-89
-52
36
-74
72
5
100
-35
-28
2
-96
16
-37
-78
43
-104
0
-86
-141
92
-83
129
-28
30
114
16
113
-18
57
-16
-8
-6
7
28
-41
0
64
13
98
1
-11
66
17
75
35
29
-6
-2
-33
8
82
52
136
39
-32
91
11
103
125
15
92
-58
-26
81
-78
48
12
-68
0
-40
7
-48
-15
-29
-67
-99
-80
-63
-14
-69
-71
-101
-99
-49
-108
-33
-38
-41
-31
-51
17
-44
9
-1
13
-24
-16
-8
-64
-31
-9
-53
-11
-23
-116
18
-115
12
-23
-16
-49
39
23
-27
59
-52
26
-39
14
100
-4
23
134
-89
118
-4
78
76
6
106
-21
43
-17
-1
-65
-2
-48
6
-61
-56
36
-58
33
-12
-4
38
-42
37
0
9
12
-14
89
-5
84
48
2
87
-60
77
-48
4
23
-26
62
-37
26
-34
-62
54
-54
60
-13
-12
56
-91
84
32
85
-10
27
22
-25
81
-100
45
-2
-19
85
-38
71
30
17
51
15
82
-2
-8
26
-14
-30
-12
10
-22
58
-23
-31
13
-32
-13
-21
-15
4
-19
-4
-20
40
-78
-32
-49
-54
9
-72
17
-81
-38
-29
-17
-79
28
-26
36
41
8
18
-6
33
-10
101
-56
70
-71
-15
61
-73
6
-80
-17
-4
3
28
-4
41
-8
-37
10
-40
71
-37
2
60
-47
20
-113
15
-25
26
11
11
89
17
59
76
14
-13
-13
-60
13
-46
-9
1
-49
30
-47
43
29
57
73
76
33
38
16
-92
-17
-47
-17
0
-54
8
9
-58
56
-12
-112
32
-85
10
-9
-84
-3
-76
-29
-75
22
12
36
84
-1
89
-33
21
75
-30
55
-28
9
31
2
11
-20
-30
-2
3
-27
3
-4
-73
11
-56
-43
36
-46
2
-10
-41
19
12
11
-15
-31
29
-9
0
-1
12
-12
51
3
15
122
-1
55
-22
18
-2
-39
-19
-7
12
39
68
9
62
-26
-1
-6
12
37
2
-18
-20
-18
-35
-46
16
19
30
65
54
32
66
48
21
38
-46
84
14
14
84
-23
40
21
26
-31
35
-12
-23
59
-87
42
-29
-88
29
-112
-51
-32
-84
25
-58
21
49
-49
16
8
-25
-32
52
-65
11
18
-91
100
-47
3
16
3
32
-29
30
-58
7
-46
-39
10
-66
10
-49
-93
43
-85
-10
39
-56
46
-17
-62
3
-20
-6
26
-30
71
44
-42
42
1
-17
77
-29
19
50
-44
5
-18
-64
22
-25
-59
46
-39
-19
52
-45
29
-3
-52
-69
-9
-55
-20
92
-73
77
-15
-15
119
-54
70
27
-61
84
18
-9
66
-4
-11
24
-10
-35
100
-14
-10
43
-58
30
-9
5
-8
-17
-37
-54
18
-110
42
-50
-30
89
-74
6
43
-43
28
27
-2
71
42
30
93
25
44
109
-44
100
8
19
120
50
113
4
-25
-26
-12
2
-8
14
-4
13
45
-42
61
-35
21
92
-75
134
-11
-3
9
-54
5
-50
10
-44
9
-32
-39
-1
-64
52
-33
4
27
-86
47
-84
-13
-53
-97
-31
-138
-24
-42
-71
10
-83
14
5
-72
3
-89
-20
-45
-40
-9
-25
-33
-35
3
-46
20
-17
25
25
34
21
8
-1
13
-28
20
46
-15
65
-38
5
28
-28
15
13
3
3
5
-2
31
16
-9
19
-5
12
35
-1
22
53
-13
17
28
15
50
41
12
48
24
11
37
-10
16
16
35
-9
75
17
-24
14
-55
-7
-4
-37
-28
19
-35
55
-17
-6
44
-26
34
-2
-6
-9
-7
-42
-3
-13
-23
4
-5
5
-13
-24
-2
-20
17
-7
-30
13
-37
-10
0
-35
-21
-5
-4
2
-12
17
12
17
48
41
54
20
5
-37
14
-16
-15
46
-1
45
7
-11
-8
-20
-27
-15
-9
5
10
-18
5
-18
48
25
29
29
-32
38
-40
14
15
-19
18
33
8
-14
31
-11
1
3
-6
24
4
17
-30
-43
-13
-59
-10
-19
-19
15
-9
10
-26
21
-18
-41
-19
-34
-12
-25
-24
-17
-4
-25
-8
-28
12
32
-24
25
-3
-56
4
-35
-49
-9
-27
6
5
22
30
39
32
18
39
30
28
22
21
36
9
15
24
-45
-3
-12
0
14
5
15
-29
11
-19
10
9
-43
16
-18
-18
20
-18
-8
17
-10
-4
15
3
31
10
7
26
-3
-32
27
-31
-13
25
-2
17
-33
-3
-17
-9
9
5
11
-5
-14
7
-19
5
0
0
16
12
15
-41
-37
-55
-13
-30
-18
10
-35
3
-45
-36
-3
-33
31
31
-16
25
2
11
43
44
31
11
32
-23
11
14
6
57
27
28
39
9
15
30
-25
28
-9
14
49
2
16
21
11
18
29
2
50
15
12
4
-30
2
6
-28
6
0
-20
3
9
13
-16
17
-32
3
-24
-45
-20
-29
-1
-22
-27
-17
-46
-32
-12
-36
25
4
-22
-3
-20
-42
-16
-44
-29
-9
-45
20
-15
16
7
-12
9
0
24
6
16
0
19
1
-7
-6
23
8
-7
24
-1
6
5
9
6
14
13
-18
0
-16
-17
6
-15
20
-4
-13
-12
-51
-6
-6
-20
26
-6
-26
12
-13
-15
4
2
19
34
-16
28
-36
-50
-11
-54
-5
-3
16
33
24
-17
6
-4
3
16
12
8
19
22
6
20
-3
36
-9
19
20
7
9
3
19
16
-4
-1
2
-19
16
-28
19
20
28
34
30
18
23
34
21
65
9
47
47
-8
6
7
17
26
28
10
15
21
-14
4
37
21
21
30
-8
-30
5
-50
-32
-22
-51
-34
-44
-29
-34
-39
-41
-57
-42
-27
-30
-47
-23
-31
-22
-19
-13
-22
-17
-3
-35
-5
-18
-36
-12
-19
-16
-21
-29
-26
5
-14
-8
-37
-3
0
-10
-19
-5
-25
-10
5
-19
6
10
25
20
51
27
50
65
34
45
73
49
70
49
24
70
27
24
71
43
29
75
4
21
27
-12
10
-10
5
-18
-10
-7
-1
7
-11
-14
-3
-31
-38
-35
-41
-30
-12
-4
-4
9
-15
1
-22
-30
-33
-40
-10
-23
-19
-18
-12
-24
-2
-11
-10
4
-30
-27
-20
-31
-50
-16
-35
-44
-20
-40
-26
-33
6
-9
21
20
0
21
1
9
11
26
8
45
42
22
39
6
27
21
35
55
57
52
41
14
0
11
0
10
12
20
32
18
-8
7
-9
-10
1
3
4
3
3
8
-17
-10
-25
-28
-9
-39
-22
-16
-27
-10
-18
-30
-25
-23
-38
-10
-37
-12
13
-4
13
-19
-31
-31
-25
-37
-10
14
-19
29
20
-2
17
4
1
17
0
1
45
43
33
44
9
38
15
-3
47
14
33
64
42
64
56
48
42
32
29
3
20
31
36
4
20
10
-15
21
-20
-5
15
-5
-14
-16
-11
-39
-38
-37
-56
-53
-56
-56
-67
-53
-47
-64
-40
-47
-36
-62
-37
-56
-54
-39
-73
-29
-35
-25
-17
-18
-35
-21
-27
-1
1
-6
15
22
-1
15
0
8
31
-8
32
34
26
39
29
23
56
22
41
30
30
44
17
30
14
16
16
20
13
8
17
33
45
30
29
32
-9
12
3
-16
11
-4
5
11
37
3
23
24
-9
14
-3
-12
-2
4
-1
27
17
18
10
-15
-15
-13
-16
7
1
-28
7
-24
-23
-18
-30
-26
-6
-28
-30
-35
-46
-37
-31
-35
-30
-19
-2
5
-8
22
-9
-10
-10
-38
-8
-22
-3
-3
7
19
13
45
15
21
27
18
32
27
51
44
50
37
29
30
18
9
25
27
9
37
33
11
52
4
6
38
-7
15
3
14
1
-10
-16
3
11
-4
9
-23
6
-39
-40
-51
-53
-44
-56
-29
-47
-34
-46
-55
-53
-38
-57
-53
-57
-42
-46
-54
-30
-42
-31
-26
-29
-26
-14
-24
-13
-3
0
-2
-4
8
4
-3
2
12
25
23
27
17
20
17
0
10
23
30
37
37
30
33
28
33
41
45
55
33
47
56
43
55
48
46
28
43
27
22
56
34
48
23
22
4
-4
-2
-18
-13
-15
-13
-26
0
-16
-28
-13
-33
-36
-33
-46
-34
-37
-39
-44
-37
-36
-18
-16
-11
3
-3
-10
-4
-1
3
-11
-6
-20
-25
-1
-26
-2
-9
-4
-9
0
10
8
19
20
14
14
12
6
8
19
15
2
17
10
6
23
35
50
54
44
33
46
36
22
29
22
18
-2
8
15
11
-6
-3
-17
-2
-10
-30
-6
2
-24
-27
-25
-44
-30
-34
-31
-29
-30
-47
-41
-37
-42
-25
-34
-21
-30
-17
-10
-31
-25
-24
-40
-47
-16
-43
-26
-11
-31
-26
-29
-34
-29
-13
-20
-4
-6
7
12
24
19
29
14
14
13
-2
32
20
16
33
37
24
17
38
24
30
28
26
39
29
48
35
30
31
29
22
40
34
33
42
26
44
33
30
35
25
27
23
20
15
31
26
33
23
-16
-9
-17
-14
4
-17
-28
-32
-31
-26
-17
-16
-24
-35
-33
-28
-44
-27
-26
-34
-38
-31
-45
-38
-31
-41
-22
-35
-23
-29
-19
-9
-19
-9
-12
-23
-28
-11
-21
-12
-18
-18
-15
-9
6
8
36
22
31
34
23
41
27
37
36
27
30
11
29
23
28
42
41
41
41
42
19
14
6
16
11
8
14
-3
1
4
-21
-11
-6
-11
-27
-18
-18
-29
-16
-38
-39
-30
-26
-24
-27
-28
-34
-33
-23
-36
-40
-31
-36
-38
-14
-9
-6
13
20
11
8
4
-1
16
-6
1
-3
-6
7
11
21
21
28
24
21
28
13
20
22
14
30
34
38
35
45
31
23
28
35
27
46
38
23
29
16
17
14
16
8
13
4
2
-7
-16
-5
-26
-22
-23
-37
-25
-30
-40
-38
-43
-47
-49
-53
-44
-37
-42
-28
-48
-38
-36
-48
-25
-50
-31
-39
-35
-9
-22
4
-2
-9
-9
-18
-23
-29
-16
-14
-9
-1
3
11
25
30
16
22
17
23
22
35
30
26
27
37
44
41
54
47
49
48
33
33
27
29
44
43
48
48
45
59
47
46
47
48
30
13
20
8
18
18
5
15
16
8
6
11
7
5
-5
-17
-18
-31
-21
-21
-42
-30
-39
-45
-22
-32
-38
-31
-41
-45
-34
-33
-53
-47
-56
-54
-42
-41
-37
-35
-36
-26
-20
-24
-6
-23
-14
-13
-27
-20
-24
-27
-30
-21
-17
-12
-5
-4
-7
-1
-10
-3
6
-9
-14
-2
-1
17
12
15
32
34
38
34
48
38
37
19
25
30
27
22
18
31
23
37
31
31
43
21
29
19
-2
5
0
-6
3
11
10
13
16
2
-6
-20
-23
-23
-22
-11
-20
-6
-4
-11
-8
-11
-8
-12
-3
-16
-19
-21
-17
-24
-10
-19
-18
-19
-33
-11
-8
18
12
23
30
18
19
14
6
16
25
13
36
42
28
33
22
14
10
7
19
21
34
30
14
22
19
12
25
21
10
16
1
-9
-12
-14
-11
-11
-8
-8
-6
-15
-16
-5
-20
-28
-40
-53
-46
-48
-52
-55
-51
-59
-39
-28
-26
-11
-19
-17
-20
-23
-15
-18
-20
-15
-16
-17
-4
11
11
18
16
-1
6
-4
-3
12
-1
11
15
8
22
32
39
44
34
32
29
16
16
18
19
28
23
31
38
30
35
30
28
21
14
8
18
21
17
21
12
11
4
-5
-5
-8
-14
-25
-22
-22
-24
-30
-27
-26
-20
-22
-18
-7
-9
-6
-6
-18
-24
-5
-7
-5
6
-12
2
-2
-1
0
-17
-11
-29
-23
-23
-22
-6
-8
4
-19
-14
-33
-39
-24
-30
-17
-10
-7
-4
-3
-3
-1
-6
-3
6
11
10
5
3
5
4
-4
5
7
5
13
14
12
8
20
17
23
29
15
7
8
14
15
20
17
21
18
21
18
20
20
17
21
18
28
26
34
23
20
15
-1
6
7
12
15
17
17
21
19
12
0
-5
-7
-16
-22
-24
-16
-5
0
7
10
3
5
0
-9
-6
-17
-18
-15
-12
-8
-11
-10
-23
-26
-25
-25
-26
-14
-4
3
8
-9
9
7
7
14
4
2
-3
1
-7
-3
-6
-11
-1
-8
-17
-17
-19
-22
-14
-18
-17
-18
-14
-11
-15
-10
-12
-8
-8
-7
-14
-16
-13
-18
-24
-20
-24
-23
-8
-21
-22
-25
-34
-25
-12
-15
-15
-9
-14
-4
-8
-5
3
-4
10
9
3
14
8
16
31
29
39
32
28
31
30
24
9
17
22
18
27
15
19
20
13
27
20
32
29
22
22
23
30
20
23
14
21
19
17
13
11
23
22
25
16
15
29
28
29
22
9
4
-4
-1
-5
-6
-18
-20
-13
-27
-16
-21
-21
-22
-18
-23
-20
-22
-15
0
0
-6
-8
-1
-6
2
-5
-12
-17
-16
-10
-13
-12
-12
-18
-18
-13
-23
-23
-16
-29
-19
-27
-27
-27
-28
-13
-12
-14
-17
-16
-17
-13
-17
-12
-11
-8
1
2
9
2
-5
9
9
14
13
0
5
5
9
9
7
15
5
5
16
4
13
6
-1
12
13
10
18
13
23
24
15
34
14
7
16
6
6
10
-1
6
5
-3
3
4
4
10
2
-5
-10
-18
-16
-14
-14
-16
-14
-12
-16
-9
-15
-9
-8
-14
-12
-20
-18
-18
-13
-2
-5
-9
-7
-5
-3
3
0
-7
-9
-7
1
9
11
8
14
13
22
26
31
32
34
33
36
29
16
22
17
12
10
8
0
8
10
17
22
18
14
-1
-1
-3
-4
3
-2
-8
-12
-7
-4
-2
-6
-17
-28
-29
-25
-20
-10
-1
-1
-8
-19
-20
-16
-20
-16
-16
-19
-19
-22
-10
0
3
6
6
-1
1
5
2
10
9
7
14
18
19
16
11
0
5
7
14
21
18
16
16
10
10
6
9
3
8
15
5
13
2
7
4
-13
-14
-24
-24
-12
-18
-16
-8
-19
-17
-10
-13
-3
-3
-5
-8
-13
-11
-16
-12
-11
-9
-9
-19
-28
-29
-24
-21
-7
-6
-3
2
1
-3
-5
-10
-21
-27
-33
-24
-16
-3
5
16
17
11
5
2
0
-5
0
4
5
18
23
29
29
27
24
20
26
26
18
19
16
7
7
1
3
5
4
9
6
8
18
3
5
-4
-8
-2
1
11
7
10
9
8
0
11
21
19
31
25
27
22
15
16
14
12
9
11
12
8
8
11
3
-4
-5
-11
-4
-11
-22
-16
-13
-12
-17
-15
-22
-22
-31
-36
-28
-29
-15
-21
-16
-16
-17
-4
-2
2
5
6
-5
-9
-17
-22
-14
-23
-19
-17
-13
-9
-10
-8
-10
-5
1
4
-1
0
8
12
10
5
8
13
23
29
31
41
36
28
24
19
11
0
7
4
-3
-9
-9
-7
-11
-12
-11
-7
-10
-16
-10
1
0
-8
-12
-14
-15
-17
-14
-18
-20
-10
-9
-2
0
-1
5
-4
-9
-10
-14
-12
-16
-10
-8
-6
-11
-15
-12
-18
-8
-5
5
14
14
8
9
12
7
3
1
3
9
12
13
17
15
23
32
39
43
42
36
32
20
18
30
21
12
15
15
19
16
23
36
38
26
20
22
17
16
-2
-1
2
-4
1
-3
-3
0
-9
-16
-25
-32
-32
-32
-26
-18
-14
-20
-22
-18
-31
-38
-40
-50
-47
-44
-41
-39
-35
-42
-37
-24
-25
-26
-30
-38
-37
-37
-31
-32
-21
-8
1
14
17
19
13
15
11
18
14
16
23
30
48
49
45
37
37
41
30
31
38
42
36
24
14
1
7
7
16
21
6
7
4
12
18
12
9
7
3
5
12
13
16
11
2
6
5
7
9
-1
0
-5
-1
-1
-3
3
-2
3
-2
-5
-4
-7
-3
-12
-14
-21
-31
-26
-26
-20
-16
-16
-10
-12
-21
-8
-7
-9
-11
-18
-24
-21
-19
-9
-2
-9
-6
-12
-17
-14
-18
-21
-23
-25
-33
-29
-22
-28
-22
-23
-22
-8
4
7
5
9
5
8
9
3
1
3
2
5
2
9
18
32
26
23
31
28
31
23
24
21
12
10
12
11
16
18
17
23
15
15
16
14
14
14
10
4
9
2
-1
-8
-9
-9
-10
-11
-12
-8
-4
3
2
5
6
0
-4
-9
-5
3
1
-2
3
-5
-6
-1
-2
5
-1
-9
2
5
0
5
5
4
11
8
12
19
19
13
13
14
16
14
7
7
-1
-8
-10
-13
-16
-13
-15
-11
-12
-13
-7
-6
-1
-5
-12
-17
-23
-25
-21
-19
-25
-20
-9
-6
2
5
6
8
0
2
-5
5
3
6
11
8
10
5
0
-1
-5
-11
-18
-21
-18
-22
-25
-24
-22
-27
-31
-33
-32
-29
-30
-16
-11
-3
1
1
6
7
12
6
-2
-6
-7
-5
-3
2
2
11
11
9
13
15
20
27
31
31
30
27
26
34
32
26
28
33
42
44
45
48
47
37
36
28
24
14
0
6
1
-1
-9
-22
-20
-17
-13
-14
-14
-11
-7
-10
-14
-10
-14
-10
-12
-17
-17
-23
-18
-17
-18
-16
-26
-27
-25
-26
-21
-25
-21
-15
-18
-21
-24
-27
-27
-21
-18
-16
-7
-9
-9
3
-1
0
3
-6
-3
3
-3
8
18
24
31
24
29
32
32
29
20
15
7
11
22
25
23
17
14
13
16
16
10
4
7
2
5
13
8
10
4
-4
-4
-2
4
6
5
6
-4
-10
-8
-8
-7
-5
-12
-13
-15
-17
-21
-26
-24
-28
-22
-20
-10
-2
-1
0
0
2
0
7
6
5
4
1
-1
0
0
2
3
-3
-8
-17
-13
-10
-10
-11
-14
-16
-16
-8
-4
-5
-3
4
-3
-9
-3
7
9
9
12
6
12
19
16
21
26
26
24
14
6
7
1
-7
-4
-12
-22
-17
-13
-7
-8
-15
-21
-26
-17
-9
-10
-10
-6
-8
-12
-9
-8
2
8
9
19
30
35
38
33
22
14
2
3
3
2
3
-1
1
-4
-11
-15
-5
1
0
-2
-5
-9
-5
-1
2
8
4
11
8
11
15
10
11
9
3
0
1
-1
-1
-2
-4
-7
-5
-4
4
4
11
8
8
14
16
20
15
14
3
0
8
15
20
18
13
4
-6
-12
-14
-7
-8
-4
-3
6
8
10
10
8
1
-8
-17
-23
-29
-28
-31
-28
-16
-9
-7
-9
-20
-28
-28
-35
-35
-27
-22
-10
0
10
5
1
0
-5
-1
-5
-6
-9
-16
-13
-10
-3
1
7
7
-2
-8
-9
-3
-7
0
-1
2
7
7
19
15
15
12
6
13
13
18
23
32
30
21
11
7
3
-3
3
7
10
13
10
-1
4
-1
-4
-4
-1
3
3
-1
-4
-11
-12
-4
-3
9
4
0
4
0
-2
-3
-3
-6
1
3
4
7
15
14
8
2
-3
-1
-1
7
10
12
8
1
-8
-14
-17
-16
-15
-14
-11
-17
-10
-11
-3
-2
-5
-7
-11
-10
-7
3
5
11
11
12
19
12
15
17
12
17
12
14
20
19
18
13
9
4
1
2
-3
-11
-12
-10
-11
-5
1
-2
-2
-15
-23
-14
-5
3
4
7
7
-2
3
0
5
11
9
11
14
14
10
3
-9
-17
-19
-27
-30
-35
-42
-34
-32
-28
-25
-18
-12
-4
2
7
3
6
19
13
19
21
23
23
21
21
23
24
12
7
-2
-12
-21
-18
-13
-24
-33
-23
-11
-11
-11
-14
-17
-22
-28
-26
-20
-16
-11
-10
-11
-6
4
14
19
18
11
12
9
14
17
20
20
15
20
10
11
12
18
22
12
3
-4
-6
-4
-5
-1
2
-3
0
6
3
2
8
16
13
6
8
15
23
31
28
19
11
3
-1
-4
-4
-8
-10
-10
-7
-5
-10
-2
5
-9
-14
-8
-5
1
4
1
8
7
8
18
25
27
14
8
6
0
-1
-4
-2
-6
-9
-11
-11
-15
-18
-22
-27
-22
-15
-10
-10
-6
3
5
-2
-6
-8
-9
-7
-3
0
3
4
5
9
8
4
1
-5
-5
-6
-3
8
13
18
16
15
13
8
3
-1
-7
-11
-9
-14
-15
-5
-7
-18
-18
-20
-17
-8
-10
-5
-3
-9
-5
-5
-1
1
4
7
9
9
9
12
2
-1
-11
-13
-12
-1
7
11
16
9
7
7
0
-3
-11
-18
-20
-20
-20
-14
-9
-7
-8
-13
-14
-16
-10
-2
-2
2
3
4
11
17
12
8
11
8
11
19
18
21
19
9
5
0
-1
0
4
6
1
-1
-4
-5
-6
-6
2
0
3
1
0
3
7
9
11
14
10
12
12
20
26
27
26
19
21
16
15
11
7
8
5
0
-1
-4
-4
-7
-17
-14
-13
-5
6
3
6
9
10
18
19
16
11
1
-3
4
3
5
12
8
10
1
-3
0
-3
-4
-11
-14
-10
-9
-13
-6
-9
-14
-18
-33
-37
-33
-27
-24
-27
-30
-36
-36
-34
-25
-15
-12
-12
-15
-6
-4
-10
-14
-19
-15
-11
-14
-14
-15
-18
-19
-26
-27
-22
-19
-5
9
13
10
5
0
-5
-5
-6
1
6
12
21
23
31
30
26
23
20
22
26
29
34
29
31
30
25
27
23
29
26
27
25
24
28
25
26
26
16
8
5
-3
2
4
5
13
4
-2
-4
2
-2
-6
-11
-10
-8
-7
-3
-1
-1
-6
-13
-17
-20
-20
-17
-20
-26
-29
-23
-26
-31
-32
-35
-36
-36
-31
-23
-16
-12
-9
-1
6
2
8
11
4
9
8
12
19
21
22
21
15
15
13
14
18
15
15
16
13
16
21
13
21
24
22
18
14
10
7
7
5
7
1
-1
-5
-10
-17
-16
-17
-20
-17
-14
-9
-6
-4
-3
-8
-15
-18
-20
-25
-27
-21
-12
-16
-12
-13
-12
-8
-15
-16
-10
-3
2
6
9
4
1
-7
-4
0
-3
3
-5
3
3
4
7
-4
-7
-8
-12
-12
-10
-8
-1
-4
-8
-13
-14
-12
-7
-6
3
1
-3
2
3
10
8
7
15
20
28
30
24
18
16
13
17
24
22
21
21
20
19
13
9
11
12
2
-3
-8
-5
-8
-14
-7
-2
4
4
-1
-8
-6
1
0
1
0
6
15
14
14
12
6
2
3
4
11
15
16
16
3
-5
-10
-16
-10
-9
-12
-7
-5
-3
-3
-5
-8
-14
-24
-27
-20
-17
-12
-16
-15
-9
-3
2
5
6
2
-7
-14
-8
-10
-8
-9
-5
-9
-12
-6
0
9
7
6
2
2
-1
4
14
13
17
9
5
9
10
7
2
-3
-9
-16
-22
-22
-18
-16
-12
-12
-11
-7
-1
1
-5
-2
-6
0
5
1
10
10
7
3
4
0
-4
-1
-6
-2
4
4
1
4
5
-3
-5
-7
2
11
13
15
12
10
6
2
3
4
5
4
5
5
10
14
14
15
16
11
9
5
6
12
14
11
13
11
6
4
9
11
5
11
14
9
7
7
1
-6
-11
-9
-11
-10
-9
-12
-14
-20
-15
-16
-15
-9
-12
-17
-17
-15
-17
-15
-20
-17
-20
-31
-27
-22
-14
-5
-4
-3
0
-5
-8
-6
-3
3
11
17
19
24
24
20
16
15
18
19
17
14
18
9
2
4
1
4
7
6
11
12
13
9
4
8
3
0
-4
-9
-13
-13
-14
-10
-12
-14
-14
-16
-15
-14
-13
-14
-4
1
2
4
5
12
7
9
3
-4
-7
-7
-12
-14
-14
-14
-17
-15
-8
-6
-4
-4
-2
-4
-10
-9
-1
8
14
16
12
11
11
11
15
12
16
9
15
22
21
21
14
9
5
4
-3
-3
-1
-1
4
6
10
14
17
22
21
20
17
15
17
21
20
12
0
-9
-16
-21
-17
-16
-14
-14
-13
-11
-4
0
-9
-19
-26
-27
-26
-23
-18
-15
-12
-11
-4
-4
-2
-2
-5
-13
-14
-12
-13
-14
-11
-11
-9
-2
0
-2
-1
2
-2
-5
-16
-23
-24
-24
-11
-10
-12
-12
-9
0
-1
0
3
2
-3
4
7
7
10
15
21
18
15
22
27
26
14
10
18
15
10
18
29
36
36
34
26
23
25
22
21
20
15
15
16
17
19
22
13
5
-4
-7
-5
-9
-4
-2
-1
-4
-4
4
4
1
-5
-1
-3
-14
-18
-23
-28
-28
-31
-29
-22
-20
-19
-18
-21
-21
-23
-24
-26
-21
-16
-21
-24
-21
-17
-9
-1
-5
6
6
-6
-8
-10
-1
3
5
18
18
15
4
0
-5
-17
-22
-19
-7
-1
6
10
10
9
11
3
-2
-2
-2
2
1
4
9
12
9
12
14
17
20
22
24
17
14
8
4
10
17
16
11
12
9
7
9
10
5
-3
1
-2
2
3
2
5
2
0
-4
-1
-2
0
-4
-12
-15
-15
-17
-21
-16
-13
-10
-6
-7
-4
2
-7
-10
-8
-11
-16
-20
-18
-13
-5
-2
-5
2
-2
2
8
2
1
7
1
0
0
-4
1
-3
1
9
15
23
28
30
26
23
17
10
4
5
4
3
7
5
12
14
21
23
15
17
20
23
18
13
3
-1
-9
-17
-19
-20
-18
-24
-28
-29
-27
-26
-25
-21
-21
-21
-16
-16
-15
-9
-4
-3
-7
-3
-3
-1
4
6
4
0
-5
-5
-4
-2
0
6
6
-1
-9
-13
-10
-9
-12
-16
-16
-11
-11
-15
-14
-10
-7
-7
-1
1
-1
3
2
6
9
10
14
20
18
21
15
21
20
16
20
14
17
14
15
13
11
16
13
7
5
-2
0
3
2
3
7
5
5
8
11
16
10
2
5
8
8
11
8
8
1
-9
-7
-11
-5
-5
-13
-14
-20
-22
-30
-27
-22
-15
-11
-12
-7
-9
-13
-9
-6
-8
-11
-15
-17
-7
5
12
21
24
24
21
17
12
6
2
-1
5
14
10
6
13
14
10
8
6
2
-2
-5
-11
-11
-7
-3
0
7
9
10
-1
-6
1
-1
1
6
5
5
5
0
6
7
10
8
-3
-7
-8
-12
-13
-10
-13
-15
-18
-15
-11
-10
-10
-12
-15
-17
-21
-20
-21
-19
-16
-19
-21
-19
-10
-10
-11
-7
-6
-2
4
1
-1
-2
-10
-12
-7
0
3
5
6
9
10
7
7
16
16
12
12
15
12
16
25
24
22
21
21
13
18
21
13
11
3
2
3
9
19
24
23
23
11
6
4
5
12
7
7
4
-2
-7
-5
-13
-19
-22
-26
-23
-18
-14
-13
-14
-17
-19
-15
-7
0
3
2
-3
-7
-7
-7
-13
-14
-10
-4
0
5
12
12
11
13
10
1
4
7
3
6
3
1
2
1
8
10
15
19
18
15
10
10
16
19
19
25
24
24
29
32
27
16
10
8
2
-1
-9
-11
-11
-21
-26
-27
-29
-30
-35
-39
-39
-42
-40
-43
-44
-42
-42
-40
-31
-28
-27
-20
-15
-11
-13
-9
-7
-4
-2
-9
-13
-13
-5
1
11
13
8
6
5
8
14
24
26
29
25
20
18
16
15
17
14
12
10
8
18
18
12
1
-4
-10
-9
0
6
12
12
18
14
12
6
3
-3
-3
3
1
0
0
2
-2
0
4
3
0
-1
-3
1
5
8
12
17
19
28
32
31
40
36
27
20
22
22
17
9
5
4
8
10
8
8
3
1
5
5
-5
-15
-21
-25
-22
-20
-18
-18
-20
-30
-33
-35
-33
-26
-28
-29
-30
-34
-31
-29
-30
-39
-43
-40
-39
-28
-16
-4
-5
-6
-11
-16
-19
-19
-14
-1
10
19
30
46
52
50
48
37
33
32
22
25
30
31
39
34
31
28
30
28
26
18
3
-1
-7
-8
-8
-7
-5
-8
-7
-9
-12
-12
-22
-30
-34
-34
-32
-30
-29
-31
-37
-37
-38
-36
-32
-23
-19
-16
-13
-18
-17
-22
-25
-16
-10
-10
-5
1
6
10
13
18
18
22
21
22
20
25
32
29
31
32
33
35
34
34
21
14
14
12
15
16
16
23
26
24
24
20
15
15
12
1
-7
-8
-8
-6
-9
-15
-18
-15
-6
3
7
3
-3
-3
-2
-6
-11
-9
-9
0
0
7
14
11
3
-8
-14
-21
-22
-21
-22
-31
-31
-37
-46
-36
-33
-27
-20
-15
-7
-2
3
6
8
10
12
11
10
12
11
14
16
26
19
12
19
17
11
3
-3
-8
-5
-3
1
6
5
-6
-14
-13
-5
-2
-4
-5
-10
-17
-18
-15
-11
-2
-7
-9
-9
-5
2
14
24
28
31
25
20
23
21
19
22
20
18
13
10
3
-4
-8
-10
-9
-3
0
-2
-3
-6
0
-1
-8
-6
-7
-6
-9
-12
-17
-15
-10
-10
-7
-2
-8
-15
-3
-8
-15
-9
-1
0
-7
-13
-19
-20
-22
-21
-14
-15
-19
-21
-10
-10
-18
-19
-19
-16
-13
-8
-1
1
1
3
7
10
9
10
4
2
6
16
23
28
28
28
32
30
26
29
20
13
7
6
7
5
6
9
13
13
14
18
21
20
23
24
23
21
18
9
5
6
7
15
14
10
3
8
3
-13
-18
-23
-24
-29
-29
-22
-14
-19
-17
-10
-3
-4
-8
-5
-7
-7
-9
-2
7
9
9
4
1
7
16
23
26
27
25
14
6
2
3
0
-5
-13
-23
-19
-21
-17
-17
-18
-22
-23
-14
-9
-4
-5
-4
-7
-16
-18
-14
-12
-10
-10
-12
-12
-13
-10
-7
-3
-10
-16
-19
-26
-18
-5
4
3
0
-1
-3
-9
-12
-16
-28
-31
-32
-28
-20
-15
-11
-8
-4
1
9
17
23
24
17
11
14
22
21
26
21
8
3
-1
12
21
20
21
20
9
2
1
6
14
21
26
22
23
31
39
39
31
24
13
12
12
9
12
13
7
8
16
21
23
23
21
11
7
2
-2
-7
-6
-11
-23
-26
-35
-31
-24
-18
-15
-11
-12
-12
-17
-19
-24
-27
-24
-23
-10
-5
-3
4
3
3
-1
-8
-8
-6
-2
4
6
2
6
6
13
19
20
13
4
-8
-11
-17
-11
-2
-5
-3
-1
1
1
6
7
3
-1
-4
-5
-3
-2
-9
-8
-8
-9
-4
-7
-9
-8
-5
-7
-7
-6
-8
-3
-4
-5
-2
-1
9
14
11
11
10
10
1
1
-1
-3
-7
-9
-2
-4
2
7
11
7
2
-1
-8
-8
-8
-4
-5
-2
-7
-18
-23
-32
-39
-38
-34
-25
-15
-4
-1
-1
0
2
2
0
6
6
10
16
19
28
28
24
24
26
21
14
11
12
19
23
24
19
10
0
-5
-2
6
11
11
13
20
26
25
19
8
-4
-5
0
12
15
12
9
9
2
2
-3
-1
0
-5
-4
-8
-11
-5
-1
-1
-2
-6
-9
-2
7
5
8
5
-3
-6
-14
-20
-18
-20
-19
-22
-27
-32
-29
-20
-16
-12
-13
-6
-10
-6
2
1
3
4
3
6
12
6
7
4
-6
-11
-12
1
8
17
17
10
0
-11
-10
-10
-7
-3
0
8
11
14
19
15
7
4
-3
-6
-13
-14
-13
-16
-20
-15
-10
-1
0
-1
5
0
-2
-3
-6
-4
-11
-12
-10
-8
-4
-5
-5
-6
-3
-1
2
5
3
1
-5
-5
