24
25
18
7
-16
-10
6
-5
-18
-15
-13
-6
2
1
6
23
38
54
46
24
2
-13
-16
-15
-18
-26
-23
-17
-11
-6
-8
-9
-1
7
12
12
20
15
-12
-26
-28
-20
-15
-21
-21
-4
9
12
11
9
-6
-18
-16
-26
-34
-37
-39
-28
-14
7
28
29
28
29
38
48
39
22
16
19
19
9
-14
-18
1
25
29
23
24
17
13
4
-7
-18
-22
-14
2
2
-3
4
9
3
-3
-2
-5
-2
10
8
4
-5
-10
-5
-3
10
23
25
22
17
27
46
48
42
44
60
65
58
50
31
20
26
20
17
17
5
-15
-35
-46
-40
-26
-26
-27
-24
-17
-10
-17
-40
-45
-27
12
30
12
-8
-11
3
10
10
-6
-7
12
17
10
-8
-7
6
8
3
-19
-33
-25
-12
1
13
12
-2
-6
-9
-24
-33
-25
-15
-26
-42
-35
-29
-31
-41
-53
-49
-28
-13
-34
-73
-73
-45
-18
-27
-59
-54
-26
-10
-16
-30
-27
2
33
36
5
-13
0
15
17
14
9
18
17
8
9
24
40
40
30
4
-14
-2
18
22
23
20
13
21
25
16
4
6
9
18
26
33
33
25
16
15
25
35
59
61
44
40
35
20
11
12
30
44
41
28
24
34
34
17
-6
-17
-18
-20
-17
-10
-7
-6
-5
-1
4
0
-10
-22
-43
-51
-41
-37
-42
-40
-35
-31
-27
-36
-61
-58
-33
-14
-12
-24
-28
-22
-25
-41
-42
-23
5
19
19
15
4
1
20
35
25
28
41
24
3
-3
13
51
67
32
-7
-2
30
58
61
49
41
40
23
28
48
57
57
40
22
17
23
38
58
54
26
5
-10
-18
-24
-14
-8
-8
-14
-24
-26
-25
-26
-29
-29
-39
-44
-35
-19
-23
-44
-54
-63
-65
-60
-59
-54
-55
-58
-55
-52
-55
-45
-38
-37
-29
-25
-26
-45
-56
-54
-45
-40
-43
-43
-40
-19
7
11
8
8
6
-9
-15
-21
-12
20
29
17
2
2
4
13
28
33
33
40
35
31
35
41
52
42
16
11
30
52
58
52
49
43
30
24
34
44
57
58
41
33
43
59
59
52
50
55
46
22
11
23
37
30
1
-13
-5
2
3
4
-4
-14
-16
-23
-36
-43
-43
-23
-3
-1
-10
-16
-22
-22
-2
8
-19
-38
-22
-10
-8
-9
-8
-16
-30
-44
-41
-22
-4
-1
-4
-1
8
26
28
15
3
3
7
3
2
8
14
13
3
-1
5
23
38
25
-3
-14
-10
-9
-9
-23
-31
-25
-9
0
-13
-18
-16
-10
-9
-21
-26
-12
-3
-7
-11
-7
5
6
3
-2
-12
-30
-38
-34
-39
-43
-43
-42
-36
-27
-23
-16
-4
-6
-8
-12
-18
-24
-37
-45
-45
-36
-19
-5
-7
-19
-26
-26
-20
-19
-33
-45
-47
-32
-14
-6
-10
-18
-15
10
33
35
22
5
-5
5
10
0
3
9
18
19
9
8
27
66
78
64
53
50
55
56
69
74
68
73
72
71
66
69
72
65
52
50
56
60
57
44
30
23
32
39
29
15
5
11
24
22
19
21
12
11
15
15
23
26
16
-4
-32
-39
-30
-11
-8
-23
-23
-14
-2
7
1
-12
-23
-39
-42
-42
-44
-48
-57
-70
-71
-67
-60
-55
-44
-43
-55
-61
-58
-48
-55
-87
-111
-104
-72
-41
-33
-53
-82
-93
-78
-52
-22
-3
-5
0
4
-2
-13
-29
-41
-27
-10
-1
6
13
30
41
38
26
15
20
40
52
56
51
46
47
45
32
28
38
43
30
12
11
15
7
-1
-1
11
34
34
19
21
45
60
48
32
24
35
47
49
41
30
24
16
3
-3
1
26
33
33
24
14
22
32
23
0
-3
6
12
2
-3
-2
3
11
-6
-30
-32
-37
-40
-33
-35
-30
-27
-41
-44
-27
-7
-4
-18
-35
-38
-36
-31
-12
-7
-24
-45
-53
-44
-39
-46
-40
-19
5
4
-15
-21
-23
-27
-17
-6
6
20
5
-6
-6
-3
23
38
24
20
20
14
4
-5
0
14
27
29
32
29
20
23
27
15
18
48
73
53
25
21
30
41
44
39
32
24
18
20
34
58
76
68
47
21
2
1
2
-12
-16
-3
-2
-13
-21
-20
-11
-15
-31
-41
-36
-18
4
11
3
3
10
10
9
-5
-22
-10
-13
-25
-39
-47
-35
-38
-52
-60
-61
-61
-63
-70
-71
-72
-69
-60
-59
-71
-73
-56
-54
-57
-53
-61
-56
-48
-53
-55
-52
-41
-24
-15
-10
2
7
0
4
11
23
43
37
22
19
29
30
20
9
18
38
53
56
53
58
64
70
64
51
53
71
87
85
67
52
52
51
46
32
31
50
53
36
25
32
46
46
31
30
32
41
44
37
38
50
50
36
27
24
26
27
25
15
5
-6
-16
-16
-19
-22
-24
-33
-44
-52
-43
-25
-28
-35
-47
-54
-46
-32
-26
-40
-49
-53
-58
-57
-54
-54
-52
-38
-35
-38
-38
-35
-40
-41
-24
-27
-40
-40
-36
-37
-40
-48
-47
-23
5
2
-16
-18
-3
22
33
23
7
4
-2
-12
-21
-21
-16
-13
-10
0
16
24
21
18
9
2
7
28
38
32
34
42
48
50
56
60
59
42
26
21
33
52
53
43
35
39
39
43
52
50
31
15
22
36
40
31
7
-11
-11
-6
-3
-15
-32
-44
-56
-66
-69
-59
-43
-43
-51
-65
-74
-46
-12
-9
-33
-58
-52
-22
-14
-19
-13
-5
-6
-23
-44
-41
-36
-30
-30
-36
-25
-11
-10
-26
-41
-44
-49
-53
-38
-26
-22
-31
-28
-14
1
15
13
8
5
12
21
36
50
56
66
70
80
93
100
102
99
81
63
60
75
79
81
90
74
49
31
29
32
43
63
72
61
43
29
26
23
17
14
12
22
33
35
28
14
8
17
22
17
0
-14
-20
-42
-60
-63
-57
-50
-53
-63
-83
-90
-78
-72
-76
-85
-94
-88
-79
-80
-88
-88
-68
-47
-43
-35
-14
-4
-29
-57
-70
-71
-47
-34
-45
-50
-42
-23
-15
-23
-4
16
10
1
-8
-1
26
33
27
37
41
34
41
45
42
35
22
8
6
25
47
53
42
24
29
44
52
58
49
27
13
30
51
47
34
19
2
-8
-10
-3
6
4
-13
-14
-13
-12
1
9
15
13
15
17
4
-14
-16
-3
5
-6
-14
-18
-24
-22
-30
-38
-35
-38
-32
-25
-21
-17
-12
-5
-2
-6
-4
5
-4
-18
-15
6
27
23
2
-5
0
20
28
23
15
8
1
5
21
32
31
30
18
2
10
27
30
18
10
6
18
31
29
22
18
20
30
28
28
39
50
54
41
22
3
9
20
19
10
14
20
15
-1
-21
-19
5
20
5
1
15
26
18
-3
-19
-17
-14
-32
-58
-78
-79
-56
-46
-62
-71
-56
-37
-41
-65
-88
-87
-69
-55
-47
-33
-25
-11
-5
-23
-27
-14
-13
-22
-22
-15
4
8
-1
-10
-8
3
21
38
18
-9
-18
-16
-8
3
4
-7
-17
-23
-24
-20
-16
-17
-18
-13
-10
2
7
7
11
11
14
13
11
15
24
34
39
44
44
36
34
51
75
77
68
56
43
33
24
27
45
49
34
23
32
39
30
9
-8
-14
-23
-29
-28
-15
5
16
17
25
25
23
32
25
18
20
27
24
10
-13
-20
-14
1
9
-4
-23
-34
-30
-16
-9
-18
-24
-17
-17
-24
-18
1
12
0
-41
-64
-49
-32
-29
-48
-58
-53
-52
-32
-12
-4
4
7
-2
-9
9
24
19
5
4
16
35
48
37
33
42
48
56
61
50
32
22
17
15
2
4
25
59
62
36
20
6
-9
-19
-17
-20
-24
-24
-26
-34
-37
-27
-8
-3
-17
-25
-22
-17
-27
-35
-32
-30
-34
-45
-54
-52
-45
-39
-47
-53
-29
-17
-32
-50
-59
-58
-66
-66
-59
-50
-44
-39
-21
-11
-11
4
16
2
-16
-29
-38
-37
-30
-23
3
27
40
34
16
6
12
30
25
16
22
35
35
24
22
44
74
74
58
52
61
82
85
62
51
57
72
77
68
62
60
65
61
61
64
59
57
65
68
63
59
57
56
49
31
21
28
18
-7
-24
-13
-5
-26
-53
-75
-83
-76
-65
-46
-30
-34
-60
-88
-93
-87
-81
-80
-87
-86
-74
-71
-76
-73
-68
-52
-36
-35
-41
-53
-50
-30
-11
-11
-24
-17
-4
-1
8
9
1
-8
1
23
30
27
19
13
14
24
37
56
65
59
60
61
53
31
14
20
38
50
52
57
68
77
73
50
40
62
83
82
70
71
80
78
61
34
4
-11
-5
2
-5
-29
-31
-28
-39
-69
-87
-88
-80
-73
-78
-82
-76
-70
-79
-95
-112
-121
-113
-99
-101
-100
-91
-84
-67
-51
-40
-42
-45
-46
-48
-43
-34
-15
-4
-7
-18
-22
-23
-21
-8
-2
-2
0
7
18
14
-6
-14
-10
-1
18
34
46
65
67
58
53
47
59
81
92
96
94
91
91
100
117
128
124
102
84
90
100
99
99
91
92
95
77
55
46
48
49
43
30
25
26
27
17
-6
-14
-5
8
-5
-22
-25
-19
-27
-50
-48
-41
-37
-42
-42
-29
-16
-6
-14
-35
-52
-44
-15
-4
-12
-25
-36
-41
-36
-38
-35
-29
-34
-45
-58
-73
-86
-80
-79
-98
-114
-115
-93
-84
-96
-107
-84
-62
-72
-87
-80
-57
-41
-53
-85
-86
-72
-55
-40
-21
-5
6
7
5
28
50
48
34
30
37
51
54
39
17
12
23
26
22
22
16
7
15
28
41
46
43
54
47
22
11
26
52
53
37
43
66
68
55
53
68
91
102
99
94
94
99
94
75
63
51
51
63
62
50
29
20
12
7
5
5
-3
-15
-34
-46
-35
-22
-29
-45
-60
-44
-18
-11
-28
-50
-57
-61
-51
-58
-63
-62
-51
-44
-54
-66
-68
-46
-38
-44
-57
-61
-54
-34
-10
7
16
9
5
8
23
31
23
13
2
-5
0
0
1
1
-10
-19
-18
-8
-3
-5
2
11
16
22
29
36
39
28
17
20
30
52
57
63
61
49
49
45
38
31
27
24
35
48
51
46
21
-1
-19
-35
-36
-26
-29
-47
-53
-58
-64
-55
-45
-48
-49
-54
-67
-76
-71
-55
-48
-54
-63
-65
-58
-44
-44
-34
-15
-10
-23
-35
-33
-15
5
5
-9
-3
20
37
38
21
7
2
9
15
3
-10
-5
-3
-6
-2
-11
-5
4
2
-1
3
11
10
3
1
15
37
42
28
28
41
52
55
52
50
54
62
60
54
53
66
73
71
67
68
77
74
61
45
36
41
46
38
20
0
4
8
1
-6
-26
-29
-18
-13
-22
-28
-24
-18
-16
-27
-46
-34
-11
-8
-20
-22
-6
19
30
8
-8
-7
7
26
19
-10
-39
-55
-56
-45
-38
-31
-25
-32
-39
-28
-9
-5
-29
-57
-60
-33
-23
-39
-48
-37
-17
-11
-13
-28
-35
-38
-45
-43
-41
-43
-55
-58
-46
-40
-42
-40
-36
-47
-37
-6
21
26
8
-3
-3
6
22
28
18
14
16
22
14
3
5
9
3
4
16
26
33
26
20
26
26
30
32
35
39
45
55
57
53
45
45
43
33
36
57
73
69
56
39
31
43
67
70
62
57
47
31
22
5
1
11
13
2
-4
-4
-8
-13
-36
-43
-30
-29
-43
-39
-33
-36
-30
-29
-37
-59
-72
-69
-55
-38
-36
-36
-51
-59
-51
-48
-42
-34
-39
-44
-43
-27
-17
-17
-13
-19
-19
-12
-15
-16
-10
-6
5
12
14
14
14
16
18
11
7
9
22
43
45
36
32
35
30
8
7
17
22
19
15
12
21
29
17
-14
-24
8
35
44
46
50
54
57
45
37
42
45
26
5
-10
-5
26
43
42
29
12
2
0
-9
-22
-22
-21
-18
-15
-7
-4
-23
-39
-36
-23
-16
-30
-49
-51
-50
-36
-16
-22
-41
-55
-48
-38
-37
-32
-9
15
15
-5
-36
-57
-46
-35
-31
-23
-10
6
14
4
-3
6
1
-1
2
4
6
7
7
-5
-4
9
9
-7
-20
-24
-22
-24
-26
-25
-15
-2
-3
-7
-8
-2
8
16
13
10
14
13
5
-5
-1
15
26
35
36
24
16
32
46
28
1
-11
5
30
37
26
21
31
35
18
-7
-16
-9
1
1
-3
8
22
32
38
30
27
50
72
75
62
51
58
65
55
34
23
24
27
45
56
75
84
58
29
7
-16
-22
-13
7
16
-7
-36
-53
-53
-38
-34
-48
-57
-56
-49
-48
-49
-49
-57
-63
-67
-57
-29
-11
-19
-26
-25
-33
-39
-47
-34
-26
-44
-41
-24
-8
-3
-25
-59
-65
-54
-63
-71
-61
-41
-30
-40
-52
-52
-41
-38
-47
-51
-42
-25
-3
1
-7
7
24
30
22
1
-1
14
28
22
16
20
44
71
57
27
11
22
33
30
22
11
23
42
39
21
21
41
56
63
53
43
37
30
23
13
22
44
57
60
54
43
46
53
48
37
33
42
54
60
44
20
14
20
30
36
27
14
-2
-26
-29
-12
7
-6
-37
-47
-31
-12
-2
-4
-12
-8
-3
-11
-31
-39
-25
2
2
-39
-62
-42
-27
-25
-36
-42
-33
-30
-35
-36
-30
-23
-27
-33
-34
-41
-31
-22
-18
-26
-40
-42
-37
-19
-5
-5
-17
-37
-41
-24
-8
-6
-7
-10
-18
-22
-5
17
32
38
27
7
1
-6
-17
-2
24
35
31
37
50
63
69
54
32
10
-8
-12
0
2
-8
-6
8
20
26
22
-3
-8
8
17
25
36
44
47
49
54
59
52
27
8
7
18
34
40
38
17
-12
-18
-9
-4
-3
-6
-23
-30
-22
-26
-41
-54
-67
-81
-85
-80
-73
-57
-49
-50
-53
-63
-68
-60
-42
-29
-33
-30
-16
-11
-32
-62
-68
-53
-20
0
-13
-33
-42
-29
-16
-16
-8
14
24
17
-2
-4
15
35
40
23
25
31
57
76
70
60
57
78
101
103
77
64
60
65
66
69
82
84
82
61
53
61
68
68
56
46
42
52
48
25
8
8
10
15
10
11
33
44
42
27
20
22
8
-13
-27
-28
-27
-24
-23
-32
-44
-51
-55
-82
-98
-80
-62
-52
-70
-86
-71
-57
-63
-83
-86
-67
-56
-57
-61
-67
-56
-53
-70
-79
-79
-60
-48
-45
-43
-35
-24
-23
-29
-45
-57
-44
-13
2
-1
-5
-9
-4
5
8
13
19
18
-3
-20
-14
9
31
33
26
23
27
38
40
25
7
14
30
47
58
50
58
58
40
29
30
45
59
53
42
42
41
32
36
47
59
62
41
27
33
48
53
31
6
0
18
33
28
4
-13
-2
27
45
40
29
18
16
12
10
11
6
-4
-6
-11
-25
-17
1
15
-1
-23
-27
-26
-37
-58
-54
-29
-12
-23
-37
-47
-51
-46
-43
-41
-18
11
11
-24
-56
-67
-58
-35
-35
-52
-61
-56
-41
-15
-7
0
11
2
-13
-12
-9
-15
-20
-31
-12
18
26
18
11
13
22
38
48
50
35
26
29
27
14
-1
6
20
41
46
34
17
1
10
20
22
33
48
66
62
56
54
61
65
56
51
51
60
63
48
12
-10
-5
16
14
-9
-26
-29
-29
-35
-39
-49
-57
-62
-65
-71
-72
-72
-70
-83
-89
-80
-89
-89
-77
-63
-50
-55
-62
-55
-47
-57
-60
-56
-41
-19
-9
-23
-49
-52
-39
-34
-34
-38
-44
-44
-34
-43
-57
-43
-16
7
-1
-14
-16
0
26
40
39
32
48
72
91
96
101
111
117
106
77
63
81
117
141
140
129
119
125
127
106
77
71
87
84
65
53
54
62
64
56
53
56
57
61
50
21
2
8
24
20
-9
-20
-19
-27
-29
-46
-53
-44
-38
-40
-58
-91
-117
-122
-107
-83
-71
-79
-98
-105
-89
-64
-51
-44
-58
-71
-66
-70
-80
-87
-92
-80
-71
-56
-35
-21
-26
-50
-70
-64
-37
-33
-41
-50
-47
-36
-34
-42
-30
-17
-25
-29
-29
-21
7
35
46
40
29
29
42
64
83
82
80
87
103
108
89
70
59
54
51
57
62
77
76
53
39
49
74
82
54
15
0
5
8
4
-3
-5
7
11
-11
-26
-23
-6
3
-7
-4
20
24
-1
-23
-32
-29
-24
-22
-19
-28
-27
-14
-17
-42
-57
-50
-36
-35
-54
-60
-43
-24
-22
-31
-35
-25
1
0
-14
-9
9
15
-8
-42
-53
-44
-23
-19
-41
-51
-39
-15
1
0
-10
-21
-7
10
11
21
28
33
25
16
19
35
50
58
53
38
26
42
66
67
60
50
58
65
60
56
45
33
36
45
39
24
20
30
23
13
-3
-17
-24
-21
-12
-17
-6
7
-1
-11
-8
4
19
26
21
12
10
13
14
12
6
9
18
20
22
14
-7
-24
-16
-4
-11
-23
-42
-53
-44
-41
-46
-64
-74
-83
-96
-98
-82
-63
-65
-77
-87
-88
-67
-30
-17
-35
-48
-36
-5
19
12
-5
-14
-19
-8
-5
-8
-3
9
6
0
-1
11
28
13
-5
0
8
7
-2
-20
-35
-28
-24
-25
-32
-33
-20
6
15
0
1
21
41
35
23
25
32
34
41
61
66
66
65
56
51
52
69
84
79
58
35
42
55
47
42
48
50
47
35
17
17
26
14
1
-13
-27
-31
-23
-17
-11
-11
-8
-6
-10
-11
-11
-5
9
20
21
12
-7
-14
-2
-2
-4
-3
0
0
-2
-7
-14
-7
-11
-9
-4
4
2
-17
-19
-5
5
-7
-36
-51
-30
-15
-24
-40
-36
-16
-2
-6
-13
-3
0
-19
-32
-29
-11
4
-3
-21
-31
-24
-2
5
-13
-19
-5
3
-8
-22
-23
2
22
15
-4
-14
-1
20
23
2
-30
-32
-20
-8
-12
-25
-25
-12
-14
-21
-24
-19
-4
-1
-10
-15
6
21
-4
-34
-21
7
23
13
-6
-4
5
15
24
21
18
17
35
45
24
-1
4
19
17
15
18
27
15
-17
-40
-46
-44
-29
-16
-18
-8
9
15
7
10
33
43
23
8
7
19
39
30
23
28
24
21
14
-7
-15
-6
10
21
12
2
9
19
7
-3
-4
-4
-4
-23
-37
-21
10
13
12
-3
-31
-28
-19
-19
-27
-37
-30
-10
0
-11
-12
4
7
-3
0
8
28
26
9
-16
-32
-17
2
16
23
22
25
27
23
29
19
0
4
18
14
13
20
19
23
18
25
37
32
33
38
36
23
20
20
27
35
41
29
3
-16
13
28
13
5
7
16
12
-3
-11
2
8
8
-3
-22
-28
-29
-29
-23
-23
-22
-24
-18
-21
-36
-32
-31
-30
-29
-42
-46
-52
-46
-30
-35
-56
-56
-33
-47
-75
-96
-87
-64
-59
-65
-60
-52
-45
-43
-43
-44
-44
-37
-35
-28
-22
-22
-12
-22
-31
-24
13
54
51
48
42
43
38
31
39
41
39
20
14
34
45
36
27
15
11
24
19
2
0
14
21
12
-1
-2
15
39
46
33
29
56
84
79
58
37
51
75
75
49
31
51
80
83
63
39
39
60
59
43
29
40
42
27
12
15
21
11
-4
-27
-25
-4
3
-5
-11
-12
-4
-6
-16
-33
-49
-49
-34
-33
-34
-43
-40
-29
-18
-8
2
2
-14
-24
-32
-27
-19
-26
-35
-38
-55
-59
-46
-41
-30
-30
-19
-24
-46
-48
-48
-55
-52
-50
-55
-53
-32
-27
-22
-9
-5
-8
-12
-29
-26
-9
3
-6
-19
-13
3
22
23
22
29
50
62
33
-2
-17
-5
9
-3
-5
-5
6
11
12
12
8
19
15
1
-11
-6
16
26
15
-3
-6
6
29
41
32
23
40
55
44
22
25
32
27
12
8
8
0
-1
-10
-27
-18
2
6
-11
-38
-55
-33
-21
-23
-18
-12
-1
4
1
-8
3
2
-32
-47
-40
-25
-15
-15
-27
-39
-49
-52
-47
-38
-10
21
20
-8
-10
-1
19
24
23
21
17
26
33
33
26
33
53
52
45
43
40
40
23
16
33
50
48
60
85
77
57
51
43
48
52
54
63
51
36
27
35
42
29
28
19
19
21
33
45
49
54
44
20
2
-21
-38
-29
-20
-24
-44
-52
-53
-35
-39
-42
-60
-80
-82
-87
-76
-63
-56
-70
-88
-92
-91
-79
-72
-83
-76
-67
-48
-41
-49
-64
-61
-56
-61
-62
-75
-74
-48
-21
-13
-21
-23
-33
-56
-46
-33
-17
-22
-30
-28
-21
-8
0
13
10
15
27
26
24
22
38
41
35
26
38
53
52
53
70
80
67
64
67
60
56
65
66
41
16
25
63
85
77
44
14
23
39
36
21
35
58
56
27
-4
-12
-8
1
11
5
6
35
44
40
29
36
49
33
23
16
11
5
34
55
22
-8
-18
-24
-29
-18
-3
-1
-24
-35
-44
-50
-49
-26
-18
-16
3
3
-22
-41
-27
-22
-33
-31
-35
-34
-3
40
55
8
-23
-28
-34
-33
-45
-33
-21
-16
-5
-3
-20
-38
-40
-25
-28
-31
-38
-25
-8
-24
-56
-73
-55
-43
-20
-6
-2
10
22
19
-13
-18
-17
1
5
1
22
18
6
12
32
42
26
1
-9
-1
13
15
22
34
32
6
-14
-10
20
42
39
19
13
12
9
-3
1
3
-1
-11
7
35
51
41
22
17
25
13
-4
-23
-29
-10
-8
-23
-30
-4
33
37
-7
-25
-22
7
-12
-38
-48
-44
-9
15
-5
-47
-42
-19
-19
-62
-71
-28
-4
-26
-66
-71
-30
15
13
-26
-41
1
23
15
-17
-21
9
1
-14
-24
12
57
54
20
2
1
31
66
74
78
55
35
33
28
22
10
-5
6
43
45
55
42
33
36
31
31
13
20
52
68
58
40
28
63
98
109
66
22
22
41
48
49
31
29
4
-20
-15
-6
-1
-5
8
14
-22
-69
-69
-53
-44
-82
-113
-116
-86
-66
-61
-61
-50
-7
-2
-38
-50
-19
2
-29
-71
-71
-27
-9
-39
-63
-76
-59
-38
-23
-25
-39
-37
-32
-54
-76
-43
-7
-9
-13
-19
-12
1
-10
-16
-33
-46
-30
2
13
-25
-5
30
37
23
22
37
43
60
59
49
61
53
39
4
-4
43
43
47
23
32
65
39
51
49
32
-13
-22
-30
-10
2
4
-3
-6
13
23
32
10
7
1
2
-10
-9
-1
-7
16
23
31
35
69
68
30
7
22
21
0
26
21
15
-32
-14
-6
13
29
18
4
-28
-19
-10
-10
-13
-3
-31
-51
-51
-34
-25
-29
-11
-6
-8
-7
1
21
27
3
-16
-39
-34
8
38
46
25
12
4
19
31
22
18
2
-1
13
10
-2
-1
3
-15
-44
-47
-44
-21
-20
-21
-24
-16
3
-7
4
-3
18
28
20
6
-9
-11
-2
9
39
9
-11
-2
7
14
1
-11
-28
-16
-34
-33
-22
-10
-12
-22
-31
-48
-5
-10
-8
-3
16
31
-10
-33
-11
-13
-11
-26
-28
-21
-36
-18
8
14
-14
-7
-13
9
0
9
14
-16
-27
-13
-16
-1
23
19
14
11
23
33
30
-11
-14
-8
4
7
18
16
-9
12
22
27
27
16
4
-19
-12
10
-11
0
5
-9
-8
-7
20
25
20
33
35
3
15
8
26
3
-19
-30
-53
-39
-16
-28
2
17
25
59
32
25
15
5
12
28
21
43
50
62
33
-3
-8
-17
22
33
15
11
25
44
37
19
35
39
20
14
19
25
41
46
8
-4
-37
-20
-8
-6
-53
-58
-41
-36
-40
-52
-52
-60
-53
-80
-83
-55
-31
-45
-24
-31
-30
-17
-14
5
7
13
-15
-12
7
19
33
13
23
-7
37
33
42
50
30
4
-19
5
32
22
0
-24
-58
-83
-98
-65
-46
-26
-56
-68
-66
-64
-25
9
33
50
56
69
52
55
44
29
11
-13
16
23
54
20
49
38
34
41
24
24
-14
0
-14
-23
-54
-69
-64
-44
-58
-73
-70
-46
1
1
5
8
25
-17
-6
16
7
37
62
102
94
102
83
67
62
48
56
27
47
49
16
10
-36
-18
-6
-28
2
-1
7
-16
-46
-58
-47
-53
-70
-110
-77
-34
-5
6
17
36
13
35
16
11
3
55
36
43
12
-2
2
25
42
5
20
29
8
4
-35
-42
-46
-34
-31
-57
-57
-64
-70
-60
-56
-84
-70
-57
-47
-50
-47
-8
7
-9
12
38
43
39
50
65
80
86
89
58
21
18
54
18
45
31
37
20
-4
43
47
74
43
32
0
-9
-14
-43
-70
-59
-69
-50
-34
-49
-26
-46
-27
4
8
47
52
55
37
17
-13
35
36
64
51
23
15
25
42
57
39
-3
3
-20
-24
-34
-10
-31
-77
-133
-101
-62
-42
-70
-104
-119
-113
-66
-71
-57
-27
2
44
11
-16
17
42
71
50
52
70
37
27
42
32
40
25
3
-8
-8
9
19
-4
-15
-13
-11
12
18
-21
-85
-99
-122
-90
-80
-46
-66
-75
-34
-7
53
68
83
67
40
17
7
78
119
101
93
34
27
33
29
45
55
92
74
41
29
19
31
-3
-21
-20
11
31
-8
-11
-69
-27
-40
-28
-3
-3
-13
-15
34
23
43
38
39
12
41
12
26
72
67
71
20
-3
7
6
-6
-1
-3
16
21
42
-21
-52
-50
-69
-64
-76
-88
-83
-71
-86
-116
-103
-105
-77
-52
-47
-39
-43
-65
-39
2
-1
30
50
23
22
-11
-9
-22
-4
18
11
1
-15
-30
22
5
-3
6
-6
-3
-3
-20
4
4
4
2
-43
-28
-25
-2
47
73
51
59
30
31
42
80
101
98
98
114
89
54
39
7
24
23
9
2
1
-29
-42
-22
-44
-27
-10
-16
-15
-51
-4
-49
-54
5
-29
-22
-62
-56
-40
-56
-23
30
35
35
17
82
43
47
31
19
-8
-57
-48
-56
-31
-7
5
-64
-66
-70
-73
-34
-37
-25
-20
-46
-28
-38
-17
34
-20
37
1
32
13
43
74
57
64
43
64
54
71
81
46
31
81
75
70
5
21
-20
-14
-4
-21
0
-48
-26
-10
5
-12
-33
11
-14
19
-12
-18
6
14
37
-19
-5
6
17
54
-13
-7
26
28
70
21
36
-12
-85
-56
-34
-27
-5
-9
11
-5
1
-20
-20
-52
-38
-52
-75
-84
-90
-65
-42
-20
-57
-68
-68
-15
45
1
-16
-4
17
42
29
15
3
-35
-12
21
60
56
71
74
38
-20
-30
-1
-13
-24
-17
-70
-27
15
5
17
-20
-41
-51
-62
-93
-25
-2
6
-50
-53
-41
24
54
93
81
66
50
54
46
48
4
34
45
31
13
4
15
16
18
1
-7
-3
53
19
-9
2
-21
-12
-41
-25
23
25
14
52
42
59
22
-18
-17
-43
-8
22
78
92
108
81
32
-7
-24
-6
5
26
47
16
-1
-21
-12
-18
-5
18
11
1
-43
-56
-63
-24
-30
-36
-35
-33
-8
8
-5
-40
-34
-45
-37
-32
-5
-13
-10
-22
-5
-17
-11
-11
-57
-40
-65
-24
-8
1
-12
-37
-20
5
-13
21
-7
-14
-55
-50
-39
-30
-15
-33
-21
-41
-45
-19
17
20
37
62
10
26
-2
19
-16
-19
-5
35
41
58
26
39
-12
10
26
44
82
36
47
28
20
40
23
22
32
34
57
24
24
40
-1
14
-33
-24
-15
-14
29
26
33
25
23
15
-8
-24
-26
-28
18
-14
33
1
2
-7
-40
-54
-52
-66
-17
-12
-32
-24
-20
-14
-64
-48
-79
-68
-19
27
56
16
-1
-9
-31
-45
6
1
36
43
25
28
55
53
32
-29
-8
-3
-1
35
-32
-9
-52
-34
-42
-34
-40
25
21
65
15
-2
45
58
57
46
35
14
70
-10
4
-4
16
13
6
-10
30
43
9
-20
-55
-45
-33
32
41
1
-12
-1
-75
-72
-54
-29
-14
-10
42
0
9
28
24
20
-2
9
27
38
41
27
41
22
-15
-6
-47
-6
-6
38
10
16
24
-39
-74
-68
-46
3
42
62
48
48
-13
-54
-57
-67
-22
8
56
14
13
-12
-51
-152
-166
-73
-38
8
36
25
5
18
19
4
-74
-50
-77
-26
-25
-19
44
-2
20
16
-62
-15
-16
-13
4
-44
-22
24
0
33
23
15
-28
-63
-61
-42
54
79
23
24
4
22
14
-55
23
43
64
125
53
113
145
117
101
41
57
57
50
17
-26
6
-14
15
58
24
11
-13
3
66
82
111
93
22
-23
-73
-100
-32
-25
8
12
-34
-8
-43
-29
-21
-53
-23
-22
-17
36
-5
24
-68
-33
-47
-7
55
84
118
58
54
-90
-152
-252
-217
-243
-231
-154
-117
-107
-63
-30
-35
-46
-5
46
60
106
114
160
88
61
14
-9
15
47
48
85
114
145
110
119
180
121
83
12
-6
-60
-43
-65
-98
-107
-136
-79
-44
-84
-110
-86
-121
-65
-9
21
47
45
23
51
25
14
62
74
87
79
64
68
30
59
54
18
-22
-63
-112
-108
-82
-67
-31
4
10
-15
-31
-82
-76
-115
-97
-43
-46
59
145
113
153
74
4
-80
-231
-193
-160
-76
16
-23
-44
-87
2
7
41
62
40
55
82
113
110
68
36
12
-10
-4
107
126
192
222
182
195
106
128
55
-17
-35
-49
-19
-58
34
70
56
46
-27
-50
-85
-71
-56
-115
-131
-65
-3
31
2
20
-21
-8
-25
-6
-31
33
52
22
33
12
19
30
-38
-36
-38
-40
-41
-28
-39
-77
152
118
27
-48
-133
-203
-257
-276
-144
-85
-4
2
-126
-133
-98
48
17
-24
-5
57
54
34
60
55
-16
-68
5
78
126
133
157
174
113
93
55
58
92
27
-47
-55
-36
5
-18
-7
-13
-34
-73
-111
-110
-71
-60
-124
-167
-58
42
101
100
74
42
49
52
23
24
10
14
-11
-43
32
10
-38
-11
-29
-40
-61
-60
-20
-20
-48
-29
-80
-24
9
16
6
3
66
59
75
74
89
133
117
75
51
68
93
66
32
29
34
41
23
9
28
39
19
26
19
15
-44
-29
0
-8
6
6
-7
-38
-53
-49
-60
-12
17
-30
-33
-79
-37
12
-46
-40
-34
-66
-40
-25
-4
-2
-32
-55
-70
-62
-34
-10
-32
-1
14
15
-36
-58
-64
-76
-52
-48
9
63
62
43
12
-12
-2
20
2
-19
-22
-5
13
-6
2
-30
-63
-14
-8
7
39
70
111
81
77
39
38
61
75
62
44
17
-4
9
34
50
72
98
71
57
49
25
8
0
5
26
7
-29
-28
-26
-36
-80
-100
-82
-54
-21
-7
-46
-91
-114
-116
-80
-50
-34
-45
-57
-46
20
64
81
63
46
26
-11
-55
-57
-48
-70
-79
-73
-32
-17
2
6
8
-1
-6
9
9
10
-14
-57
-78
-62
-14
11
11
19
41
52
39
64
94
81
61
54
52
65
71
92
81
55
25
16
24
32
58
54
21
-12
-6
-13
-8
-28
-39
-48
-25
17
9
-2
-7
-23
-27
-11
15
48
37
8
-15
-31
-26
-48
-82
-77
-33
15
44
21
18
41
50
32
22
27
10
3
-5
-36
-13
4
5
-13
-53
-47
-42
-13
6
15
31
0
-5
28
39
19
-18
-13
-9
-22
-29
-49
-69
-49
-23
-21
-16
25
61
60
47
43
61
59
38
15
8
19
20
1
-22
-16
-6
4
13
35
37
12
-25
-63
-86
-108
-95
-85
-75
-44
-30
-60
-50
-29
-16
-21
-4
11
4
-7
-15
-13
-16
-36
-48
-50
-54
-41
-38
-2
20
26
36
27
8
4
35
14
-25
-43
-5
14
-2
-2
4
18
32
45
66
68
70
67
51
37
20
19
12
-5
-15
-7
11
19
21
35
37
47
45
10
-21
-23
-40
-36
-26
-38
-45
-36
-17
-16
-22
3
47
76
77
95
118
110
96
86
60
13
-11
-20
-30
4
28
10
-19
-25
-13
7
17
1
-22
-36
-45
-33
-12
-11
-44
-84
-108
-109
-99
-55
-3
11
5
-1
-12
1
23
1
-25
-38
-14
26
39
28
27
45
51
43
59
72
76
62
36
3
-10
-2
6
-20
-62
-58
-40
-47
-49
4
48
86
129
165
217
252
259
265
259
234
257
320
363
375
417
479
538
569
569
512
398
233
28
-224
-497
-762
-1037
-1294
-1516
-1669
-1737
-1746
-1692
-1564
-1370
-1149
-963
-773
-568
-373
-237
-159
-77
3
105
188
278
387
505
635
776
931
1069
1155
1189
1186
1160
1088
968
832
682
504
325
195
61
-77
-194
-262
-282
-280
-250
-154
-63
25
163
337
442
515
636
714
764
801
804
754
714
715
721
693
734
822
1059
1378
1639
1661
1686
1861
1794
1364
883
670
378
-328
-1274
-1958
-2348
-2706
-3207
-3670
-3806
-3584
-3336
-3287
-3134
-2652
-2126
-2017
-2089
-1899
-1428
-1148
-1205
-1237
-944
-438
-43
287
761
1434
2066
2498
2842
3233
3627
3709
3408
2943
2462
1902
1157
312
-576
-1401
-2017
-2451
-2789
-2986
-2874
-2531
-2244
-1990
-1506
-817
-318
-100
153
553
835
908
1016
1309
1590
1682
1797
2103
2446
2615
2651
2697
2735
2627
2338
1926
1475
993
450
-98
-602
-981
-1276
-1528
-1736
-1840
-1723
-1525
-1365
-1176
-855
-497
-256
-32
289
616
889
1128
1403
1813
2333
2736
2796
2840
3069
3110
2656
2039
1605
1089
155
-1058
-2079
-2825
-3468
-4249
-5010
-5432
-5379
-5170
-5135
-5005
-4453
-3732
-3338
-3128
-2655
-1923
-1368
-1153
-970
-511
162
689
1072
1550
2224
2924
3457
3998
4601
4971
4915
4707
4337
3515
2526
1710
748
-665
-2103
-3125
-3782
-4306
-4633
-4674
-4361
-3853
-3182
-2302
-1336
-404
350
903
1265
1609
1954
2162
2119
2038
2175
2474
2718
2909
3256
3589
3644
3527
3506
3448
3057
2421
1736
1004
152
-690
-1394
-2052
-2683
-3176
-3387
-3351
-3134
-2805
-2364
-1814
-1151
-439
337
1151
1824
2468
3138
3710
3900
3931
4074
3996
3423
2724
2237
1750
877
-225
-1177
-1934
-2599
-3444
-4286
-4929
-5164
-5229
-5422
-5604
-5461
-5002
-4714
-4574
-4225
-3462
-2658
-2115
-1650
-944
29
856
1459
2071
2861
3574
4025
4355
4697
5099
5229
4906
4302
3764
3084
1988
774
-325
-1503
-2761
-3851
-4683
-5271
-5527
-5471
-5351
-4982
-4168
-3023
-1997
-1151
-182
878
1630
1973
2376
2946
3273
3160
3067
3305
3608
3638
3571
3732
3901
3772
3461
3195
2920
2400
1676
844
45
-677
-1374
-2088
-2771
-3253
-3464
-3498
-3421
-3093
-2496
-1780
-1110
-267
729
1874
3006
3930
4504
4893
5330
5468
5088
4432
3830
3100
1967
519
-733
-1725
-2591
-3604
-4601
-5254
-5436
-5404
-5572
-5733
-5571
-5128
-4971
-5020
-4789
-4145
-3548
-3268
-2954
-2233
-1165
-215
546
1372
2414
3430
4158
4721
5273
5738
5861
5554
4999
4448
3915
3030
1744
440
-680
-1846
-3066
-4046
-4706
-5227
-5593
-5766
-5664
-5127
-4232
-3395
-2700
-1772
-539
580
1334
2025
2827
3458
3628
3648
3911
4208
4147
3819
3648
3676
3589
3247
2922
2736
2414
1842
1233
731
244
-326
-967
-1647
-2201
-2576
-2836
-3045
-3163
-3032
-2667
-2237
-1671
-847
272
1523
2623
3483
4240
5178
5819
5743
5262
4921
4468
3387
1727
197
-956
-2023
-3356
-4746
-5650
-5944
-5962
-6172
-6293
-5908
-5166
-4815
-4856
-4575
-3816
-3192
-3105
-3106
-2670
-1805
-1060
-554
78
1065
2160
3050
3787
4584
5410
5956
6047
5791
5361
4876
4208
3127
1666
215
-966
-2063
-3246
-4330
-5015
-5285
-5427
-5503
-5162
-4328
-3428
-2758
-1967
-817
343
1155
1785
2502
3165
3548
3721
3923
4131
4204
4122
3963
3810
3661
3426
3035
2588
2158
1686
1084
416
-156
-637
-1170
-1766
-2263
-2559
-2760
-2935
-3017
-2899
-2621
-2268
-1866
-1335
-635
182
1250
2365
3278
3859
4579
5345
5547
5128
4715
4441
3701
2182
506
-714
-1712
-2963
-4544
-5769
-6347
-6457
-6632
-6840
-6590
-5825
-5100
-4820
-4457
-3612
-2582
-2023
-1892
-1588
-789
80
575
944
1581
2444
3178
3714
4280
4939
5473
5639
5436
5100
4715
4173
3257
1970
531
-712
-1797
-2997
-4209
-5080
-5598
-5960
-6176
-5949
-5211
-4278
-3452
-2600
-1400
-55
1077
1914
2714
3511
4073
4293
4382
4569
4667
4406
3941
3629
3453
3148
2653
2144
1753
1378
847
250
-246
-663
-1148
-1722
-2255
-2584
-2760
-2964
-3179
-3193
-2918
-2557
-2139
-1606
-822
21
936
2077
3267
4159
4776
5505
6022
5855
5298
4973
4532
3402
1626
83
-1060
-2165
-3629
-5136
-6124
-6573
-6749
-7042
-7110
-6665
-5884
-5444
-5263
-4692
-3621
-2689
-2356
-2156
-1532
-533
236
681
1255
2151
3009
3586
4138
4857
5556
5937
5937
5697
5375
4997
4366
3328
1990
643
-625
-1845
-3084
-4263
-5158
-5680
-6053
-6273
-6029
-5221
-4327
-3627
-2784
-1520
-117
914
1698
2565
3434
3917
4087
4328
4609
4593
4260
3963
3800
3601
3229
2797
2403
1974
1496
995
480
-46
-524
-1027
-1584
-2108
-2459
-2705
-2981
-3248
-3275
-3105
-2853
-2537
-2038
-1321
-501
613
1860
2937
3703
4600
5538
5890
5619
5381
5246
4587
3039
1318
66
-1041
-2461
-4190
-5538
-6244
-6503
-6835
-7132
-6924
-6175
-5527
-5333
-4933
-3963
-2877
-2391
-2265
-1858
-1006
-207
208
609
1313
2167
2844
3417
4136
4945
5591
5875
5888
5772
5576
5239
4445
3160
1698
465
-713
-2118
-3583
-4721
-5431
-5981
-6470
-6526
-5912
-5011
-4309
-3639
-2476
-954
353
1209
2023
2994
3751
4042
4187
4501
4751
4606
4208
3968
3910
3721
3281
2798
2429
2037
1536
971
465
-46
-651
-1337
-2024
-2511
-2855
-3215
-3635
-3885
-3888
-3651
-3318
-2848
-2208
-1354
-179
1141
2323
3221
4285
5368
5908
5802
5774
5856
5387
3958
2262
1023
14
-1293
-3078
-4592
-5480
-5868
-6336
-6838
-6814
-6196
-5647
-5579
-5337
-4437
-3332
-2817
-2754
-2435
-1578
-668
-152
239
928
1840
2617
3240
3976
4897
5718
6122
6178
6121
6045
5831
5177
3928
2406
1091
-70
-1502
-3141
-4436
-5266
-5982
-6699
-6929
-6475
-5735
-5122
-4501
-3403
-1913
-559
398
1267
2293
3195
3664
3895
4258
4653
4688
4362
4100
4078
4001
3599
3046
2646
2332
1824
1137
547
108
-423
-1153
-1852
-2343
-2724
-3114
-3532
-3780
-3812
-3666
-3425
-3007
-2381
-1615
-500
871
2078
2934
4020
5283
6007
5987
5964
6111
5797
4536
2916
1676
623
-760
-2599
-4217
-5263
-5723
-6219
-6879
-7111
-6628
-6027
-5900
-5697
-4873
-3718
-3077
-2927
-2546
-1593
-577
-29
336
977
1922
2748
3362
4048
4891
5642
6056
6198
6218
6152
5929
5338
4230
2818
1482
288
-1086
-2746
-4236
-5248
-5995
-6715
-7128
-6929
-6342
-5754
-5119
-4073
-2607
-1151
-55
908
2015
3052
3697
4066
4419
4764
4856
4602
4282
4124
3986
3609
3037
2510
2131
1703
1108
464
-2
-448
-1086
-1759
-2209
-2537
-2926
-3362
-3635
-3706
-3655
-3493
-3146
-2526
-1800
-701
657
1911
2889
4071
5403
6215
6392
6543
6765
6464
5267
3718
2453
1310
-176
-2092
-3820
-5014
-5685
-6315
-6996
-7286
-6928
-6406
-6261
-6037
-5224
-4074
-3365
-3121
-2689
-1695
-658
-118
255
955
1921
2697
3255
3947
4821
5589
5975
6119
6179
6144
5903
5289
4218
2861
1544
301
-1130
-2823
-4372
-5483
-6348
-7199
-7746
-7618
-7037
-6468
-5853
-4785
-3226
-1659
-446
639
1903
3139
3971
4449
4910
5343
5464
5212
4891
4697
4465
3985
3334
2738
2264
1795
1180
498
-42
-508
-1141
-1854
-2360
-2677
-3024
-3480
-3814
-3936
-3848
-3660
-3338
-2775
-2009
-837
583
1850
2793
4052
5572
6519
6636
6768
7138
7012
5822
4171
2916
1863
350
-1749
-3564
-4713
-5381
-6153
-7015
-7385
-6985
-6418
-6314
-6133
-5310
-4107
-3343
-3084
-2664
-1649
-527
45
329
921
1887
2735
3271
3824
4588
5363
5810
5940
5948
5948
5827
5310
4248
2874
1624
478
-957
-2752
-4377
-5493
-6361
-7263
-7904
-7866
-7317
-6710
-6096
-5075
-3507
-1879
-647
398
1618
2875
3737
4186
4576
4995
5157
4928
4597
4436
4291
3912
3342
2821
2419
2020
1440
796
275
-160
-753
-1464
-1994
-2346
-2746
-3275
-3662
-3803
-3785
-3679
-3391
-2872
-2199
-1216
135
1504
2558
3705
5144
6251
6547
6685
7025
7044
6080
4468
3102
2001
692
-1211
-3108
-4472
-5233
-5876
-6630
-7116
-6945
-6347
-6064
-5886
-5241
-4095
-3198
-2858
-2570
-1807
-740
-67
250
703
1491
2291
2873
3454
4185
4960
5518
5792
5898
5930
5882
5525
4661
3363
2061
903
-411
-2100
-3816
-5109
-6044
-6941
-7683
-7887
-7521
-6982
-6433
-5558
-4145
-2530
-1200
-113
1076
2361
3311
3844
4239
4674
4928
4815
4523
4338
4187
3814
3257
2744
2388
2045
1544
940
451
68
-405
-1002
-1514
-1841
-2139
-2578
-3015
-3211
-3162
-3085
-2996
-2679
-2054
-1060
123
1230
2156
3343
4743
5689
5991
6276
6789
6804
5804
4320
3223
2297
913
-1084
-2939
-4160
-4936
-5744
-6594
-6986
-6748
-6328
-6203
-5980
-5191
-4022
-3228
-2940
-2565
-1685
-622
3
272
678
1430
2174
2684
3178
3868
4600
5046
5208
5315
5499
5556
5180
4301
3167
2115
1088
-204
-1847
-3447
-4672
-5651
-6628
-7371
-7559
-7297
-6931
-6455
-5548
-4138
-2619
-1394
-330
947
2317
3313
3890
4319
4749
4956
4779
4465
4282
4103
3654
3040
2545
2219
1857
1355
838
435
68
-379
-875
-1301
-1647
-2026
-2449
-2793
-3020
-3122
-3089
-2983
-2705
-2223
-1399
-213
1026
2014
3018
4396
5610
6125
6309
6711
6948
6318
4874
3550
2582
1416
-441
-2453
-3926
-4793
-5502
-6365
-6975
-6946
-6429
-6123
-5944
-5326
-4163
-3164
-2743
-2432
-1726
-698
14
301
574
1178
1890
2392
2806
3373
4100
4689
4969
5094
5259
5410
5259
4569
3474
2406
1447
279
-1292
-2960
-4307
-5342
-6320
-7225
-7655
-7517
-7138
-6727
-6000
-4704
-3118
-1738
-629
592
1987
3166
3881
4351
4793
5073
4999
4685
4393
4142
3738
3153
2590
2179
1842
1408
865
371
23
-305
-738
-1226
-1565
-1823
-2215
-2678
-2879
-2857
-2845
-2895
-2748
-2295
-1504
-409
720
1680
2676
4075
5342
5930
6180
6752
7153
6600
5179
3949
3118
1979
61
-2068
-3609
-4562
-5396
-6440
-7207
-7311
-6894
-6629
-6508
-5932
-4732
-3602
-3096
-2794
-2041
-833
82
417
631
1211
1982
2546
2926
3405
4063
4643
4939
5031
5121
5276
5216
4649
3604
2519
1629
624
-872
-2623
-4038
-5058
-6046
-7049
-7613
-7569
-7223
-6851
-6213
-5004
-3414
-1960
-806
422
1867
3146
3939
4433
4892
5224
5207
4899
4565
4289
3876
3261
2656
2200
1840
1435
934
498
206
-76
-496
-952
-1307
-1614
-2020
-2459
-2731
-2829
-2934
-3065
-3000
-2643
-2102
-1395
-283
1035
2205
3170
4430
5760
6521
6708
6948
7188
6741
5389
3883
2717
1454
-344
-2459
-4167
-5254
-6009
-6849
-7575
-7694
-7153
-6623
-6368
-5824
-4671
-3455
-2840
-2535
-1901
-849
-26
258
468
1019
1703
2202
2618
3195
3870
4455
4876
5169
5346
5461
5428
5008
4060
2880
1855
784
-738
-2538
-4071
-5162
-6108
-7054
-7666
-7608
-7108
-6619
-5991
-4767
-3061
-1530
-389
754
2134
3373
4118
4518
4863
5089
4997
4665
4292
3996
3641
3120
2523
2063
1774
1445
1004
539
113
-293
-704
-1173
-1652
-2067
-2459
-2917
-3285
-3414
-3391
-3362
-3185
-2769
-2165
-1404
-383
987
2398
3509
4420
5637
6805
7270
7129
7032
6930
6184
4595
2875
1574
325
-1468
-3522
-5001
-5797
-6400
-7123
-7589
-7420
-6760
-6232
-5917
-5271
-4138
-3091
-2552
-2221
-1611
-684
77
479
812
1377
2079
2700
3231
3794
4451
5098
5488
5571
5538
5493
5253
4536
3339
2035
839
-478
-2076
-3719
-5092
-6110
-6917
-7553
-7758
-7435
-6785
-6031
-5054
-3657
-2027
-519
714
1846
3000
3989
4605
4925
5104
5155
4985
4616
4185
3779
3366
2861
2284
1775
1409
1064
605
57
-432
-812
-1232
-1767
-2230
-2555
-2916
-3351
-3612
-3599
-3463
-3319
-3070
-2532
-1786
-972
-103
1033
2460
3770
4717
5532
6540
7312
7361
6913
6582
6206
5144
3328
1560
247
-1038
-2781
-4649
-5933
-6550
-6925
-7389
-7607
-7209
-6395
-5796
-5374
-4602
-3385
-2326
-1834
-1521
-874
43
690
996
1321
1867
2439
2912
3408
4018
4627
5092
5352
5404
5297
5133
4793
3983
2652
1204
-51
-1290
-2791
-4431
-5770
-6606
-7145
-7574
-7632
-7057
-6094
-5163
-4125
-2676
-965
517
1610
2576
3562
4386
4814
4916
4922
4843
4552
4060
3555
3182
2841
2370
1837
1442
1165
830
366
-173
-701
-1196
-1692
-2225
-2723
-3117
-3406
-3626
-3689
-3544
-3220
-2772
-2163
-1344
-469
437
1428
2663
3990
5017
5605
6144
6861
7161
6653
5912
5508
4939
3561
1618
59
-991
-2156
-3818
-5382
-6280
-6637
-6927
-7281
-7307
-6775
-5961
-5466
-5079
-4272
-3058
-2103
-1660
-1262
-464
579
1304
1686
2091
2731
3361
3839
4245
4654
5039
5236
5160
4848
4451
4036
3407
2300
825
-529
-1597
-2712
-4076
-5385
-6225
-6628
-6885
-6967
-6533
-5582
-4569
-3631
-2442
-864
721
1912
2783
3650
4472
4931
4975
4896
4792
4461
3892
3285
2812
2419
1942
1366
893
588
333
1
-423
-867
-1294
-1735
-2225
-2679
-3040
-3345
-3608
-3748
-3699
-3387
-2886
-2288
-1603
-735
304
1326
2308
3234
4273
5360
6164
6398
6459
6671
6576
5768
4698
3923
3102
1650
-223
-1676
-2574
-3507
-4841
-6023
-6588
-6650
-6614
-6595
-6361
-5741
-4971
-4409
-3879
-3080
-2055
-1280
-871
-498
185
1110
1832
2240
2601
3145
3750
4262
4630
4878
5040
5045
4795
4267
3656
3041
2195
878
-672
-1938
-2901
-3955
-5209
-6195
-6593
-6616
-6551
-6221
-5370
-4190
-3081
-2047
-770
733
2015
2821
3382
3962
4453
4587
4369
4075
3818
3462
2939
2432
2117
1891
1517
1021
635
401
110
-385
-979
-1496
-1922
-2366
-2821
-3219
-3433
-3485
-3460
-3321
-2963
-2345
-1592
-844
-79
786
1741
2631
3251
3710
4139
4673
5177
5377
5177
4975
5026
4794
3951
3011
2556
2041
842
-776
-1873
-2390
-3077
-4316
-5482
-5959
-5969
-6012
-6193
-6088
-5475
-4642
-4120
-3682
-2819
-1622
-729
-322
69
830
1772
2329
2473
2620
2999
3367
3516
3518
3530
3543
3393
3044
2592
2135
1640
992
74
-1037
-1988
-2683
-3394
-4276
-5030
-5340
-5297
-5136
-4837
-4172
-3166
-2171
-1308
-267
1051
2190
2801
3176
3672
4115
4181
3888
3551
3311
2949
2359
1809
1497
1245
847
394
95
-39
-218
-583
-1020
-1327
-1557
-1860
-2188
-2381
-2385
-2318
-2240
-2041
-1554
-906
-353
134
792
1526
2098
2516
2845
3134
3281
3249
3115
3131
3301
3376
3125
2852
2932
3010
2610
1999
1778
1642
913
-383
-1374
-1847
-2414
-3553
-4787
-5453
-5591
-5674
-5862
-5761
-5206
-4428
-3852
-3320
-2451
-1303
-424
-4
296
788
1443
1834
1829
1665
1654
1769
1819
1803
1820
1922
1995
1952
1778
1636
1592
1418
878
47
-667
-1156
-1697
-2485
-3281
-3778
-3978
-4057
-3974
-3572
-2911
-2202
-1518
-667
383
1397
2135
2618
3009
3373
3545
3447
3191
2884
2505
2030
1559
1178
904
621
298
29
-111
-228
-411
-606
-772
-937
-1130
-1280
-1347
-1338
-1350
-1361
-1237
-968
-599
-179
271
704
1227
1768
2191
2478
2764
2958
2975
2878
2839
3059
3289
3191
2795
2781
3001
2827
2125
1656
1552
1174
54
-1219
-1908
-2348
-3242
-4572
-5504
-5812
-5798
-5955
-6077
-5756
-4957
-4203
-3713
-3049
-2009
-964
-380
-56
366
994
1506
1673
1627
1627
1740
1877
1990
2007
2020
2127
2252
2204
1958
1751
1613
1275
476
-512
-1218
-1712
-2427
-3388
-4120
-4320
-4286
-4337
-4199
-3552
-2572
-1681
-890
136
1436
2539
3141
3476
3876
4198
4141
3730
3261
2874
2415
1772
1106
668
432
198
-100
-294
-253
-101
-138
-356
-475
-442
-500
-764
-1030
-1153
-1166
-1214
-1248
-1093
-711
-262
148
608
1153
1759
2307
2731
3036
3259
3371
3310
3125
2871
2731
2705
2558
2116
1741
1683
1595
1111
547
340
229
-366
-1407
-2186
-2527
-2918
-3814
-4825
-5379
-5410
-5404
-5590
-5594
-5102
-4375
-3916
-3543
-2819
-1780
-996
-660
-399
179
923
1365
1488
1580
1862
2151
2309
2381
2450
2528
2494
2309
2009
1690
1382
954
223
-715
-1489
-1983
-2490
-3192
-3822
-4067
-3951
-3723
-3453
-2930
-2045
-1043
-233
550
1598
2673
3320
3581
3847
4165
4248
3954
3514
3166
2832
2344
1769
1371
1164
941
608
303
176
135
-18
-333
-588
-697
-820
-1070
-1333
-1439
-1364
-1230
-1126
-914
-513
-31
369
760
1236
1741
2100
2285
2386
2496
2521
2342
2056
1749
1449
1119
1036
1177
1200
922
865
1229
1426
1045
641
711
685
-136
-1413
-2180
-2486
-3156
-4480
-5643
-6057
-5999
-6107
-6337
-6137
-5336
-4475
-3944
-3314
-2224
-1037
-343
-67
276
954
1612
1842
1748
1732
1924
2110
2193
2238
2333
2487
2541
2414
2173
1994
1830
1414
568
-456
-1203
-1723
-2412
-3339
-4038
-4241
-4174
-4086
-3804
-3020
-1931
-937
-18
1164
2561
3741
4422
4809
5205
5506
5415
4929
4364
3798
3119
2309
1542
960
524
73
-391
-676
-737
-728
-815
-973
-1084
-1081
-1080
-1194
-1342
-1370
-1310
-1290
-1232
-1020
-673
-296
64
440
907
1454
1915
2206
2379
2562
2625
2496
2220
1872
1459
988
499
17
-224
-172
-110
-316
-429
-111
277
167
-162
-107
52
-450
-1547
-2316
-2559
-2968
-3990
-4983
-5374
-5272
-5140
-5054
-4689
-3903
-3011
-2364
-1712
-800
194
836
1062
1149
1379
1667
1711
1471
1182
1028
993
1044
1087
1099
1193
1362
1448
1378
1300
1310
1230
749
-58
-718
-1064
-1447
-2129
-2765
-2954
-2768
-2532
-2255
-1615
-597
417
1248
2170
3331
4349
4852
4947
4994
4987
4689
3995
3152
2385
1618
705
-178
-764
-1076
-1323
-1607
-1761
-1656
-1348
-1097
-1009
-916
-709
-504
-447
-467
-406
-252
-197
-261
-179
154
513
676
755
973
1313
1537
1524
1438
1394
1280
969
562
161
-192
-596
-1059
-1581
-1897
-1994
-1929
-1669
-1286
-960
-624
9
735
1105
1117
1311
1614
1474
661
-135
-468
-790
-1701
-2816
-3385
-3394
-3374
-3552
-3550
-3106
-2445
-2096
-1942
-1566
-954
-605
-700
-893
-819
-532
-396
-458
-460
-208
229
684
1145
1656
2238
2768
3124
3298
3402
3451
3292
2795
1993
1187
545
-87
-885
-1667
-2140
-2300
-2339
-2241
-1855
-1234
-610
-27
619
1345
2002
2454
2597
2558
2467
2262
1892
1491
1111
673
251
-52
-168
-143
-46
22
136
327
560
766
872
807
615
418
175
-140
-465
-793
-1137
-1417
-1593
-1638
-1526
-1359
-1223
-1028
-708
-376
-117
125
322
395
367
285
169
45
-91
-312
-554
-681
-677
-612
-526
-230
429
1196
1645
1972
2644
3361
3433
3009
2835
2812
2141
675
-691
-1421
-2055
-3258
-4641
-5376
-5429
-5362
-5374
-5101
-4355
-3474
-2880
-2390
-1621
-707
-166
-46
51
326
675
922
1102
1294
1558
1910
2396
2940
3370
3669
3948
4114
3933
3491
3075
2601
1706
366
-932
-1820
-2545
-3451
-4338
-4737
-4669
-4486
-4176
-3474
-2403
-1356
-455
492
1566
2585
3331
3735
3877
3896
3825
3643
3344
2965
2476
1967
1532
1172
864
635
406
99
-244
-546
-715
-865
-1179
-1636
-2001
-2215
-2407
-2595
-2648
-2545
-2372
-2152
-1812
-1232
-498
131
594
1035
1514
1905
2200
2362
2329
2178
2002
1731
1386
1055
708
322
-62
-387
-632
-694
-723
-818
-675
-90
569
835
943
1402
1932
1903
1460
1316
1441
946
-304
-1322
-1594
-1846
-2672
-3600
-3912
-3661
-3444
-3415
-3133
-2411
-1755
-1578
-1483
-993
-387
-266
-569
-706
-466
-185
-84
53
379
742
1036
1448
2026
2509
2748
2830
2820
2606
2184
1707
1181
395
-680
-1677
-2304
-2701
-3151
-3523
-3513
-3188
-2782
-2283
-1511
-517
396
1020
1515
2170
2825
3107
3066
3003
2934
2672
2231
1808
1551
1335
963
475
194
164
119
-79
-307
-412
-427
-510
-678
-750
-713
-811
-1080
-1236
-1136
-955
-872
-873
-755
-441
-121
118
414
800
1062
1118
1133
1203
1205
1033
747
481
304
117
-134
-352
-407
-412
-437
-426
-264
4
293
564
865
1461
2252
2784
2899
3099
3487
3492
2827
2164
1905
1417
11
-1702
-2646
-2988
-3763
-5057
-5823
-5689
-5291
-5211
-5017
-4148
-2984
-2392
-2294
-1760
-659
112
103
-21
377
1000
1316
1440
1827
2363
2621
2652
2856
3201
3293
3017
2516
1880
1089
220
-665
-1608
-2705
-3779
-4509
-4872
-5091
-5155
-4819
-4133
-3381
-2614
-1593
-234
1070
1945
2562
3329
4174
4637
4705
4803
5003
4888
4350
3798
3522
3218
2542
1630
879
305
-367
-1157
-1798
-2211
-2581
-2961
-3195
-3116
-2844
-2597
-2396
-2085
-1628
-1181
-823
-443
24
486
837
1157
1609
2180
2669
2936
3104
3346
3520
3382
3043
2675
2250
1633
867
131
-457
-1009
-1626
-2098
-2290
-2316
-2343
-2222
-1936
-1532
-1021
-246
674
1366
1695
2054
2577
2703
2206
1757
1776
1466
293
-1054
-1619
-1685
-2178
-3201
-3785
-3472
-2993
-2992
-3059
-2548
-1807
-1684
-2166
-2346
-1842
-1497
-1931
-2444
-2198
-1535
-1178
-1019
-506
332
920
1098
1269
1683
1945
1736
1252
764
292
-203
-680
-1096
-1444
-1675
-1695
-1491
-1181
-787
-208
479
982
1275
1637
2092
2393
2442
2417
2451
2491
2420
2284
2254
2339
2317
2075
1765
1490
1185
780
311
-197
-692
-1118
-1389
-1458
-1347
-1147
-880
-540
-153
275
700
1030
1164
1153
1058
901
725
587
502
438
402
442
617
919
1123
1166
1148
1024
682
199
-279
-799
-1372
-1874
-2173
-2164
-1945
-1643
-1243
-641
17
579
1110
1569
1810
1766
1563
1474
1726
1971
1739
1301
1302
1484
1098
325
-16
-4
-637
-2187
-3566
-3995
-4220
-5125
-6220
-6476
-5949
-5423
-5141
-4526
-3278
-2058
-1604
-1500
-844
144
504
151
-47
318
750
836
916
1388
1972
2202
2193
2341
2585
2565
2178
1578
946
376
-143
-658
-1148
-1556
-1764
-1669
-1359
-964
-467
145
721
1160
1581
2043
2424
2530
2514
2703
3004
3081
3022
3132
3307
3222
2876
2580
2412
2049
1265
381
-183
-554
-1116
-1717
-1946
-1791
-1601
-1490
-1213
-656
-125
65
79
212
391
370
143
-89
-164
-104
-46
39
293
681
998
1184
1352
1523
1592
1408
987
517
94
-404
-980
-1453
-1775
-2015
-2206
-2250
-2117
-1943
-1833
-1768
-1599
-1415
-1261
-1204
-1243
-1120
-556
314
917
1106
1447
2042
2080
1289
626
692
489
-843
-2513
-3114
-2845
-2923
-3624
-3910
-3199
-2269
-1920
-1779
-1061
-166
-122
-952
-1442
-1093
-850
-1419
-2001
-1613
-644
13
466
1362
2506
3145
3118
3024
3151
3084
2508
1672
969
457
71
-171
-238
-161
-28
128
315
525
696
779
750
581
405
406
580
755
918
1278
1826
2360
2753
2992
3071
3009
2662
1920
1143
650
182
-465
-980
-1131
-1021
-802
-480
-112
255
464
471
424
356
80
-420
-945
-1367
-1620
-1690
-1677
-1566
-1235
-800
-482
-177
185
426
370
73
-223
-395
-606
-1031
-1411
-1485
-1492
-1637
-1730
-1625
-1498
-1502
-1516
-1391
-1057
-743
-567
-345
36
450
780
1044
1221
1503
2153
2873
3122
2970
3035
3151
2485
1223
515
611
175
-1322
-2575
-2564
-2194
-2592
-3345
-3411
-2884
-2615
-2741
-2614
-1994
-1594
-1990
-2594
-2407
-1576
-1145
-1322
-1189
-224
931
1652
2211
2980
3588
3518
3073
2878
2891
2578
1789
946
485
405
407
300
129
-54
-249
-416
-464
-435
-503
-733
-946
-895
-543
-34
437
800
1146
1564
2065
2505
2711
2620
2311
1876
1358
952
775
595
208
-157
-236
-145
-125
-155
-202
-371
-750
-1179
-1429
-1567
-1854
-2302
-2642
-2716
-2572
-2350
-2126
-1885
-1578
-1217
-878
-543
-166
156
315
365
528
867
1197
1316
1303
1326
1337
1287
1182
1093
943
664
337
141
119
165
187
149
93
123
208
158
-88
-385
-640
-757
-528
137
891
1290
1536
1949
2229
1963
1521
1399
1111
88
-1197
-1853
-1941
-2169
-2715
-3135
-3119
-2840
-2570
-2307
-1901
-1531
-1648
-2258
-2598
-2192
-1615
-1605
-1793
-1285
-98
1033
1917
2911
3857
4110
3733
3429
3434
3220
2422
1401
625
193
-48
-168
-256
-470
-859
-1252
-1451
-1465
-1494
-1696
-2046
-2293
-2137
-1529
-750
-92
478
1087
1742
2363
2937
3402
3461
2949
2293
1945
1677
1132
529
163
-158
-589
-891
-851
-787
-1096
-1712
-2155
-2223
-2221
-2349
-2449
-2362
-2133
-1823
-1355
-664
78
573
808
1057
1459
1850
2040
2062
2021
1957
1846
1775
1797
1746
1485
1120
816
579
297
-63
-480
-962
-1409
-1661
-1732
-1744
-1616
-1367
-1105
-796
-397
-59
122
199
178
30
-76
99
650
1314
1680
1882
2334
2733
2476
1811
1458
1190
206
-1287
-2359
-2762
-3119
-3702
-4154
-4210
-3984
-3581
-3073
-2505
-1880
-1369
-1322
-1575
-1448
-839
-508
-706
-662
95
1061
1789
2557
3516
4130
4011
3602
3393
3174
2526
1530
561
-217
-788
-1113
-1237
-1279
-1400
-1610
-1749
-1665
-1382
-1162
-1207
-1388
-1345
-983
-500
28
640
1295
1855
2328
2888
3498
3825
3688
3233
2669
2053
1400
703
-51
-762
-1362
-1829
-2018
-1911
-1772
-1766
-1759
-1639
-1466
-1268
-1032
-810
-679
-603
-418
-84
266
572
900
1220
1450
1688
2002
2250
2290
2164
1955
1683
1386
1101
781
413
27
-324
-570
-795
-1037
-1209
-1352
-1547
-1696
-1671
-1510
-1353
-1232
-1092
-869
-620
-468
-340
-139
-6
-110
-284
-306
-274
-418
-681
-812
-805
-773
-675
-427
-151
51
220
382
517
652
809
764
416
-5
-276
-470
-693
-869
-927
-935
-940
-829
-557
-254
-92
-60
-104
-169
-199
-215
-307
-477
-614
-666
-646
-460
-75
326
543
621
775
1030
1241
1315
1278
1143
960
814
770
765
702
563
371
178
71
77
90
-12
-185
-289
-323
-334
-310
-264
-226
-240
-253
-162
2
160
303
457
589
716
900
1123
1286
1329
1267
1184
1112
1021
892
707
449
186
-17
-164
-286
-360
-362
-382
-448
-449
-336
-232
-226
-251
-247
-245
-230
-149
-58
-34
-49
-27
-22
-82
-106
-53
-72
-247
-398
-399
-389
-504
-635
-675
-707
-842
-983
-988
-939
-994
-1113
-1146
-1088
-1033
-982
-869
-684
-493
-335
-146
135
426
631
736
798
834
800
729
635
531
427
315
186
104
126
242
332
356
402
493
535
455
340
236
83
-168
-442
-632
-713
-766
-791
-739
-610
-447
-281
-100
103
272
296
230
186
151
59
-86
-210
-282
-364
-422
-371
-265
-199
-160
-113
-80
-97
-85
-17
37
20
-8
59
195
326
433
561
672
717
757
843
892
845
733
585
425
287
164
25
-113
-202
-233
-218
-151
-35
134
299
420
512
600
674
701
646
543
470
458
438
400
416
495
566
545
481
461
424
248
-36
-285
-473
-710
-1016
-1261
-1375
-1447
-1540
-1577
-1491
-1346
-1233
-1139
-954
-692
-484
-345
-197
-12
181
357
541
738
886
970
1019
1041
1000
872
690
502
317
145
-41
-219
-355
-447
-508
-554
-578
-564
-532
-504
-501
-474
-391
-288
-211
-135
-22
123
244
364
533
694
774
794
823
852
834
740
631
533
380
140
-96
-279
-490
-783
-1080
-1299
-1447
-1580
-1669
-1640
-1550
-1442
-1280
-1022
-710
-405
-131
87
265
450
613
726
774
786
779
732
659
611
602
568
493
407
350
311
242
160
91
24
-66
-170
-213
-178
-112
-86
-74
-28
71
197
311
401
478
550
584
622
674
723
715
626
538
472
387
266
121
-20
-137
-248
-354
-397
-405
-434
-484
-476
-388
-309
-276
-236
-145
-45
31
127
265
396
499
561
598
639
712
761
728
651
594
565
520
436
347
255
138
34
-8
-28
-94
-232
-379
-473
-546
-670
-793
-847
-876
-923
-956
-914
-786
-663
-587
-501
-378
-270
-198
-104
-3
50
54
31
1
-37
-80
-153
-277
-379
-429
-467
-529
-587
-584
-563
-531
-451
-318
-172
-45
103
280
436
551
661
760
832
863
829
752
649
536
374
158
-59
-267
-471
-657
-790
-880
-943
-987
-996
-973
-916
-835
-747
-671
-555
-373
-203
-72
61
214
365
503
671
860
1007
1107
1215
1305
1326
1301
1256
1164
975
718
471
266
38
-238
-473
-594
-655
-711
-740
-687
-549
-425
-348
-248
-85
120
279
397
535
714
868
961
1048
1136
1179
1149
1079
1004
932
814
642
489
351
210
79
-40
-147
-246
-394
-569
-730
-882
-1037
-1180
-1279
-1340
-1359
-1338
-1245
-1064
-845
-630
-409
-170
70
265
403
520
606
642
661
685
682
628
549
464
356
216
77
-32
-116
-215
-346
-456
-503
-510
-538
-598
-615
-587
-576
-615
-646
-617
-582
-579
-564
-503
-430
-345
-222
-60
85
200
311
403
443
415
382
365
307
219
150
94
37
-43
-112
-136
-153
-183
-221
-250
-270
-309
-376
-418
-437
-438
-434
-423
-390
-336
-267
-174
-37
78
147
211
302
387
434
466
492
512
538
578
622
664
682
698
705
696
643
541
437
369
308
231
158
118
110
93
65
51
72
93
62
5
-11
12
19
0
-16
15
82
128
157
214
270
307
345
377
375
338
272
181
104
52
1
-87
-174
-233
-255
-286
-345
-373
-350
-317
-294
-263
-206
-141
-102
-75
-44
-13
26
25
-13
-34
-42
-61
-97
-119
-113
-102
-133
-201
-247
-247
-245
-275
-303
-327
-363
-384
-393
-403
-418
-423
-431
-439
-419
-383
-350
-329
-309
-255
-204
-167
-136
-104
-62
-38
-20
10
33
25
14
6
2
0
8
6
-37
-76
-52
27
58
23
-1
18
29
24
34
64
96
117
160
235
303
347
384
415
426
448
477
477
443
367
282
227
205
178
140
100
74
86
125
164
202
218
207
190
171
132
86
60
45
36
27
39
67
80
97
146
207
223
195
187
202
181
120
79
93
96
41
-26
-47
-46
-61
-94
-125
-158
-229
-312
-371
-400
-434
-487
-502
-470
-418
-373
-328
-276
-212
-150
-121
-96
-66
-44
-44
-59
-81
-71
-38
-18
7
70
176
265
308
321
347
377
368
302
221
168
112
20
-85
-161
-203
-233
-271
-316
-340
-354
-373
-403
-426
-433
-411
-356
-296
-254
-217
-162
-80
2
71
140
200
234
261
272
261
258
272
296
308
311
301
315
352
367
358
345
346
341
308
260
227
201
157
106
74
81
90
76
68
60
40
-20
-96
-164
-227
-276
-314
-355
-398
-430
-420
-396
-379
-373
-387
-393
-376
-351
-308
-247
-173
-91
0
111
214
286
321
356
385
357
284
175
50
-79
-212
-344
-460
-536
-578
-570
-499
-403
-320
-239
-145
-43
24
61
101
163
219
271
339
408
478
551
603
635
658
651
596
516
424
300
165
56
-43
-154
-275
-370
-410
-439
-468
-481
-455
-417
-396
-362
-297
-218
-121
-25
76
193
333
466
551
610
665
721
756
740
677
596
522
450
363
252
152
93
38
-40
-116
-155
-183
-194
-202
-245
-269
-269
-257
-238
-202
-150
-91
-50
-27
10
41
38
7
-17
-40
-90
-163
-230
-286
-344
-400
-437
-464
-516
-545
-523
-476
-455
-461
-452
-427
-405
-379
-349
-327
-282
-207
-127
-60
3
52
82
96
85
52
21
0
-21
-76
-131
-167
-181
-201
-217
-197
-154
-119
-90
-21
78
180
263
341
426
507
584
647
678
701
741
773
756
688
619
562
483
361
228
122
47
-27
-133
-240
-334
-401
-460
-516
-531
-526
-508
-487
-453
-387
-285
-171
-59
74
211
333
431
512
585
653
711
724
702
687
656
589
486
363
232
111
-15
-163
-293
-384
-453
-507
-527
-506
-461
-419
-373
-307
-250
-205
-153
-75
-2
58
129
214
312
393
459
518
553
536
495
437
357
252
124
-20
-158
-284
-420
-559
-667
-746
-801
-845
-872
-873
-891
-939
-962
-930
-854
-787
-729
-621
-476
-330
-198
-82
23
123
202
259
295
312
310
320
349
374
395
410
403
373
346
332
316
303
265
192
109
46
11
-9
26
84
131
172
222
294
366
408
408
392
372
344
303
275
262
256
241
219
220
242
251
229
190
158
113
46
-42
-110
-152
-201
-249
-263
-252
-240
-225
-198
-154
-119
-91
-71
-68
-56
-51
-45
-22
3
15
33
49
43
46
63
80
66
34
22
29
9
-24
-44
-53
-42
-42
-54
-52
-56
-57
-59
-70
-91
-109
-120
-130
-128
-141
-139
-114
-121
-164
-208
-227
-208
-173
-207
-249
-258
-276
-311
-352
-365
-374
-382
-390
-387
-365
-296
-220
-188
-157
-113
-76
-57
6
76
127
155
142
160
200
214
199
213
253
306
358
371
408
445
471
484
515
554
562
576
549
522
500
468
443
408
369
292
222
170
110
35
-47
-106
-153
-200
-230
-243
-265
-266
-221
-221
-231
-202
-182
-184
-200
-226
-237
-225
-221
-202
-172
-136
-98
-28
43
101
154
188
197
140
78
-6
-22
-29
-99
-213
-298
-260
-249
-182
-120
-66
-64
-73
-19
-7
24
-22
-45
-29
-15
0
-1
39
51
54
29
19
28
18
-44
-136
-183
-241
-277
-327
-347
-336
-329
-328
-310
-256
-248
-247
-249
-250
-259
-264
-242
-227
-201
-174
-124
-83
-21
27
60
114
156
187
197
226
237
245
241
255
312
363
400
424
476
526
557
572
566
569
555
534
517
523
524
502
481
459
443
400
345
300
252
149
28
-59
-92
-150
-246
-301
-313
-315
-331
-348
-352
-338
-320
-324
-321
-299
-298
-296
-278
-269
-284
-310
-312
-298
-293
-309
-319
-288
-255
-237
-219
-187
-157
-136
-142
-167
-163
-129
-107
-108
-113
-89
-36
8
23
54
115
180
230
278
329
358
343
292
261
248
235
207
172
148
137
104
34
-20
-64
-114
-173
-255
-323
-360
-370
-358
-348
-359
-361
-329
-289
-238
-184
-142
-109
-75
-23
28
59
76
93
115
126
120
125
150
175
187
199
227
253
264
268
274
285
294
291
264
253
274
280
262
245
251
273
301
303
281
281
302
294
260
242
233
209
155
89
74
64
8
-62
-102
-119
-153
-221
-296
-340
-372
-418
-465
-483
-471
-472
-470
-446
-423
-407
-393
-376
-369
-367
-366
-365
-347
-313
-265
-207
-158
-88
14
94
124
136
169
193
177
147
142
143
122
91
79
98
124
149
179
216
239
257
274
290
298
282
263
253
258
234
203
193
187
182
134
65
8
-33
-84
-142
-198
-223
-211
-193
-183
-177
-159
-112
-51
-24
-21
-14
8
14
-17
-49
-49
-44
-28
13
69
118
131
131
128
135
134
103
51
17
8
0
-2
6
16
21
14
1
-15
-34
-37
-24
-13
-19
-27
-4
35
77
109
136
166
175
142
96
51
14
-19
-85
-164
-228
-253
-253
-283
-318
-314
-275
-249
-257
-288
-315
-317
-309
-313
-315
-302
-264
-210
-164
-110
-38
35
91
132
185
270
354
385
378
372
393
404
384
328
267
211
149
74
-17
-94
-162
-203
-243
-274
-269
-251
-228
-192
-147
-99
-31
48
123
174
206
242
284
322
361
396
412
404
362
304
266
238
204
136
34
-49
-105
-165
-221
-262
-282
-272
-257
-261
-272
-273
-256
-227
-187
-156
-134
-87
-20
49
99
123
176
245
288
296
291
299
308
289
253
237
225
191
121
53
-1
-59
-125
-199
-261
-278
-289
-320
-335
-335
-334
-313
-275
-231
-186
-155
-125
-100
-92
-81
-45
5
23
36
63
88
96
91
96
109
109
86
43
7
-19
-45
-75
-115
-158
-195
-230
-250
-243
-242
-257
-239
-205
-164
-130
-89
-36
15
57
86
123
164
199
205
193
194
190
171
139
106
85
68
38
23
30
41
41
51
60
71
98
127
164
169
154
157
172
152
89
36
17
17
-11
-51
-41
-10
-3
5
6
5
13
3
-18
-36
-53
-67
-63
-38
-12
4
16
39
77
110
130
151
169
192
211
215
224
231
225
208
197
191
179
147
99
63
37
7
-34
-65
-87
-119
-159
-177
-162
-142
-137
-138
-129
-127
-134
-124
-91
-74
-99
-125
-120
-109
-118
-136
-140
-140
-149
-173
-207
-232
-237
-255
-290
-327
-339
-311
-294
-290
-292
-284
-260
-227
-192
-152
-110
-79
-49
4
64
110
146
175
206
240
266
272
259
229
201
185
151
114
80
53
46
32
3
-28
-24
4
15
20
34
63
82
82
92
119
139
154
169
192
215
222
215
208
185
143
103
67
33
-13
-64
-99
-105
-99
-98
-110
-104
-84
-82
-95
-88
-47
-2
26
49
86
146
191
222
234
242
278
314
328
320
312
298
258
193
136
97
69
31
-21
-84
-138
-172
-210
-250
-277
-278
-263
-245
-242
-232
-198
-158
-139
-141
-126
-95
-74
-69
-73
-76
-80
-77
-89
-111
-137
-163
-169
-165
-156
-163
-182
-184
-154
-137
-148
-158
-155
-135
-117
-103
-78
-50
-30
-11
24
76
133
148
154
158
161
174
184
183
170
163
154
151
140
112
83
56
33
14
6
-1
-19
-41
-49
-38
-25
-13
9
40
63
69
65
69
84
89
70
32
-19
-63
-106
-143
-152
-146
-151
-167
-169
-168
-166
-165
-154
-120
-83
-62
-52
-30
7
53
82
116
174
229
265
284
308
335
350
344
331
327
328
325
295
242
193
147
118
91
44
-27
-99
-134
-155
-177
-199
-209
-208
-196
-171
-132
-100
-82
-74
-64
-40
-27
-19
-16
-17
-21
-22
-20
-33
-62
-100
-112
-128
-159
-206
-242
-256
-268
-272
-264
-245
-207
-185
-176
-161
-137
-88
-39
3
28
58
93
119
144
180
227
257
275
280
281
268
253
232
225
217
189
151
106
62
21
-5
-22
-37
-56
-73
-97
-103
-109
-128
-120
-99
-89
-98
-109
-81
-42
-23
-37
-53
-43
-31
-27
-41
-67
-86
-80
-46
-9
6
14
29
39
35
27
27
36
45
55
59
56
56
66
72
67
65
64
64
70
56
33
12
13
18
2
-26
-55
-67
-74
-79
-78
-71
-67
-69
-74
-71
-70
-74
-68
-68
-64
-60
-56
-48
-33
-11
-2
1
7
20
35
39
33
17
-9
-15
-9
-32
-80
-112
-118
-113
-96
-80
-73
-58
-40
-25
-1
20
49
85
97
102
106
119
141
165
180
185
185
185
185
184
188
198
190
149
105
90
89
68
41
19
14
21
20
20
22
28
43
55
59
48
33
47
62
72
73
68
59
20
-23
-37
-33
-55
-94
-122
-144
-155
-165
-189
-227
-234
-212
-199
-221
-244
-223
-181
-152
-139
-120
-82
-43
-5
25
54
75
90
103
104
92
96
104
89
56
21
-4
-30
-62
-89
-114
-141
-169
-177
-166
-163
-181
-207
-209
-193
-166
-148
-143
-131
-117
-92
-67
-48
-32
-8
24
46
56
64
72
89
103
93
75
75
74
71
51
26
14
3
14
24
21
10
17
48
93
114
125
142
182
225
246
257
267
293
314
329
334
342
336
320
303
282
253
234
220
188
155
110
73
57
48
19
-6
-30
-48
-57
-84
-110
-129
-138
-164
-192
-213
-218
-219
-231
-230
-232
-219
-204
-189
-189
-198
-192
-191
-201
-214
-208
-192
-181
-171
-149
-118
-91
-66
-52
-29
-1
17
35
45
55
74
75
53
33
26
30
32
22
10
0
-21
-35
-41
-55
-74
-80
-82
-77
-66
-57
-45
-29
-28
-30
-14
2
0
-11
-16
-14
3
13
20
34
51
71
80
76
73
75
68
51
24
18
11
2
-2
-8
-16
-10
5
6
-6
-7
8
22
40
67
104
138
156
166
171
180
207
229
233
236
231
218
205
188
163
158
159
142
108
74
55
45
25
-6
-28
-54
-80
-99
-137
-188
-229
-237
-226
-221
-227
-231
-225
-210
-197
-193
-192
-196
-188
-180
-179
-157
-116
-79
-61
-66
-66
-47
-26
-18
-5
4
16
20
21
26
36
38
22
5
-3
12
28
32
22
23
31
27
38
66
91
107
97
89
94
108
125
142
143
120
103
106
105
84
58
36
40
40
15
0
-1
0
-14
-31
-34
-18
-8
-13
-22
-28
-18
13
39
48
55
74
101
107
95
69
54
45
47
50
43
40
43
44
38
39
40
34
22
3
-6
-1
3
-8
-22
-37
-41
-54
-89
-115
-127
-127
-136
-145
-147
-148
-151
-166
-170
-160
-160
-151
-134
-121
-114
-110
-98
-76
-63
-56
-61
-74
-78
-81
-74
-72
-91
-113
-115
-100
-71
-52
-54
-61
-49
-20
1
13
13
17
44
48
44
67
86
110
143
151
154
155
159
173
174
171
176
184
179
158
149
144
125
102
85
74
79
84
79
57
30
18
24
34
31
19
10
10
22
29
10
-10
-6
0
-10
-29
-37
-31
-27
-25
-25
-13
7
27
43
40
37
45
59
66
71
51
25
23
27
27
26
34
46
50
48
34
23
32
38
34
24
5
-6
-8
-2
1
-13
-36
-49
-53
-68
-89
-109
-136
-156
-167
-187
-216
-230
-223
-195
-188
-199
-197
-184
-161
-142
-128
-123
-122
-106
-81
-65
-62
-53
-34
-22
-18
-12
-8
0
14
20
9
-2
-14
-32
-42
-39
-21
2
8
12
14
15
29
45
73
93
118
148
167
168
171
188
195
192
174
158
153
143
117
87
52
27
14
-25
-66
-94
-109
-116
-116
-118
-118
-104
-81
-50
-25
-7
1
13
29
53
69
80
83
80
91
115
127
136
127
111
102
93
82
55
37
27
24
11
1
-2
13
32
31
31
45
78
97
92
81
94
110
99
79
68
60
53
48
37
16
-21
-46
-46
-45
-79
-123
-139
-150
-163
-184
-189
-173
-149
-149
-164
-171
-157
-135
-117
-111
-102
-68
-30
-7
-5
-1
21
51
75
78
68
58
58
56
40
16
-6
-21
-34
-53
-69
-74
-81
-92
-110
-123
-108
-83
-79
-92
-88
-52
-14
5
10
19
42
65
62
47
47
64
66
49
30
12
5
10
16
-1
-18
-28
-32
-42
-66
-84
-79
-74
-81
-87
-78
-62
-50
-28
-10
22
66
108
124
124
120
119
124
133
160
167
146
117
96
93
104
108
87
60
47
42
39
34
22
15
25
34
29
23
12
9
16
27
44
55
59
51
46
45
54
59
61
43
0
-13
-2
-9
-39
-60
-67
-60
-55
-63
-67
-75
-90
-104
-120
-130
-120
-98
-94
-109
-112
-109
-103
-78
-55
-28
-8
-1
6
7
-4
1
15
14
5
1
8
5
-11
-24
-12
7
24
36
28
21
32
47
36
23
29
39
36
30
31
40
56
68
76
72
61
50
28
1
-20
-35
-57
-74
-85
-106
-119
-120
-107
-107
-124
-121
-101
-86
-82
-72
-40
-29
-27
-15
20
64
99
114
101
108
119
116
100
89
91
84
70
54
33
19
6
-3
-16
-28
-36
-31
-23
-42
-56
-48
-12
17
14
5
7
39
54
29
-9
2
58
77
52
27
33
56
52
26
12
1
-10
-28
-39
-53
-75
-88
-92
-105
-116
-110
-94
-74
-67
-72
-66
-37
-1
29
42
32
26
46
74
85
90
89
88
86
73
62
56
48
37
18
-8
-18
-22
-18
-12
-16
-36
-57
-67
-76
-78
-70
-59
-57
-52
-38
-21
-26
-35
-26
-1
25
21
6
-4
4
27
37
29
13
10
17
27
35
30
21
11
1
9
23
32
48
62
52
31
41
64
76
75
72
70
80
99
93
78
73
71
80
87
87
76
65
57
52
45
33
21
11
2
-10
-29
-48
-55
-61
-69
-80
-81
-84
-93
-101
-100
-101
-120
-122
-99
-92
-103
-111
-107
-97
-93
-95
-97
-98
-112
-119
-111
-108
-106
-97
-84
-71
-82
-91
-84
-77
-65
-63
-52
-32
-18
-10
-3
13
31
37
41
39
32
37
52
54
62
86
107
102
74
74
97
112
105
94
81
80
100
109
86
76
76
65
53
48
54
27
2
27
43
45
80
80
42
-11
-69
-111
-106
-59
-3
47
75
70
30
-8
-31
-36
-3
38
74
127
161
154
107
51
22
26
37
52
71
90
111
129
107
43
-26
-70
-79
-73
-47
-1
31
40
31
3
-12
-21
-44
-60
-59
-38
-7
28
30
-5
-44
-75
-102
-126
-130
-125
-103
-83
-88
-94
-105
-119
-132
-149
-154
-131
-106
-90
-95
-111
-117
-103
-83
-79
-77
-58
-24
-2
4
2
6
17
27
14
-3
-3
-4
7
29
48
46
33
22
9
4
6
14
16
16
31
54
49
23
-1
-5
17
38
62
82
82
61
56
57
50
55
62
61
53
56
70
79
80
67
44
38
45
33
28
31
32
23
21
27
24
20
7
-4
-9
-5
11
28
33
32
33
28
34
41
34
13
-3
-10
-20
-35
-42
-38
-47
-74
-97
-94
-76
-46
-29
-31
-33
-33
-17
7
21
18
12
13
11
14
21
17
0
-7
0
20
28
11
-13
-38
-34
-22
-22
-40
-40
-25
-35
-46
-66
-61
-31
-6
-9
-13
-4
10
11
-1
-4
10
50
90
102
89
70
70
82
78
50
31
32
27
4
-21
-25
-15
-19
-45
-55
-44
-28
-27
-46
-48
-26
6
4
-18
-11
-2
6
24
45
56
50
42
34
24
21
24
28
20
-14
-41
-54
-76
-96
-121
-133
-126
-119
-111
-109
-110
-108
-114
-121
-117
-93
-57
-41
-43
-56
-49
-9
37
55
47
35
40
61
74
77
69
64
47
13
1
15
26
20
8
5
12
30
40
30
7
1
19
51
66
58
70
86
111
128
116
94
86
79
71
62
61
77
81
51
20
10
14
20
26
5
-18
-6
3
-5
-11
-23
-41
-41
-35
-15
1
2
2
10
21
30
36
30
16
14
31
44
45
33
27
25
10
-14
-33
-34
-33
-50
-67
-82
-98
-101
-93
-75
-66
-67
-71
-68
-74
-92
-94
-77
-75
-83
-72
-45
-19
-11
-19
-36
-42
-39
-28
-21
-21
-12
-10
-10
-15
-16
4
29
36
19
-4
-12
6
24
29
50
78
77
53
37
46
59
63
55
41
32
28
36
39
28
18
14
9
9
7
4
13
12
2
-4
-3
-4
-2
-7
-24
-20
-14
-4
13
16
11
0
-5
-4
5
15
10
-21
-60
-83
-74
-47
-39
-53
-64
-58
-33
-8
-3
-4
4
9
14
24
26
22
17
19
40
66
79
62
47
38
34
50
67
70
56
46
47
48
34
21
27
29
13
-5
-17
-20
-16
-23
-47
-69
-78
-66
-44
-37
-35
-30
-31
-46
-61
-57
-48
-43
-45
-52
-47
-30
-10
-2
-20
-38
-28
1
16
8
2
18
30
34
25
21
37
49
48
52
66
88
95
75
59
53
50
41
41
47
53
57
49
30
12
16
18
11
-7
-26
-33
-31
-31
-33
-31
-21
-19
-31
-48
-48
-34
-21
-11
-17
-27
-33
-34
-41
-52
-60
-50
-34
-21
-15
-21
-27
-25
-34
-45
-54
-51
-37
-43
-53
-46
-25
1
14
6
-4
4
14
13
-2
-13
3
38
45
35
21
20
41
54
43
22
3
5
18
6
-22
-35
-22
-1
-3
-8
-5
15
26
14
0
7
16
9
-16
-29
-15
0
-2
-11
0
19
22
9
-3
-6
10
19
3
-10
-13
-15
-27
-23
-12
-1
20
37
46
44
47
49
47
50
51
66
72
69
56
35
36
55
58
55
49
45
37
18
5
7
23
16
-7
-22
-31
-41
-48
-62
-86
-76
-37
-16
-32
-53
-57
-50
-46
-51
-70
-90
-88
-79
-81
-91
-98
-82
-48
-34
-33
-32
-34
-44
-38
-28
-21
-1
15
16
10
4
7
19
36
62
84
86
70
65
77
96
94
90
91
93
96
91
84
91
101
86
76
82
93
82
56
43
30
20
1
-17
-15
-16
-28
-33
-24
-33
-51
-61
-69
-66
-60
-64
-86
-103
-100
-77
-58
-52
-49
-50
-62
-82
-83
-71
-51
-46
-52
-62
-63
-42
-30
-35
-34
-35
-38
-23
-10
12
34
36
37
31
20
24
43
56
56
46
33
26
34
29
14
-2
-6
-1
-1
-10
-33
-48
-60
-65
-66
-69
-64
-40
-27
-41
-58
-61
-50
-29
-15
-18
-24
-18
-13
9
29
28
16
14
28
48
59
48
47
59
76
79
76
68
66
71
85
95
90
80
74
72
67
69
87
109
115
101
69
50
58
75
75
67
71
92
103
82
56
41
36
20
-6
-22
-25
-13
-4
-18
-33
-47
-53
-52
-54
-61
-61
-57
-60
-69
-76
-70
-48
-35
-37
-55
-66
-58
-41
-24
-28
-47
-67
-64
-54
-50
-47
-62
-79
-86
-92
-94
-89
-95
-103
-103
-106
-104
-108
-102
-79
-61
-52
-49
-23
-2
0
0
0
5
19
33
37
24
8
8
21
14
-6
-11
-9
-13
-22
-25
-17
3
4
-16
-44
-54
-34
-6
2
-12
-5
26
39
35
25
16
15
29
52
59
58
68
82
88
80
70
76
82
91
91
88
88
94
99
95
79
79
101
113
116
115
112
111
117
114
113
112
107
97
82
81
82
82
65
46
25
17
4
-23
-41
-46
-40
-49
-81
-122
-127
-102
-77
-87
-102
-97
-95
-103
-114
-105
-85
-74
-72
-67
-56
-45
-46
-63
-71
-70
-66
-58
-59
-59
-53
-42
-39
-40
-48
-52
-46
-49
-45
-31
-17
7
6
-13
-15
-12
0
4
10
17
17
23
29
24
-1
-24
-21
-15
-26
-32
-34
-34
-38
-59
-77
-70
-56
-57
-60
-53
-52
-46
-33
-35
-52
-59
-51
-31
-6
11
29
53
63
66
73
90
98
98
94
103
126
136
132
122
120
109
96
84
75
72
74
81
95
99
107
112
108
96
79
81
83
73
51
35
36
38
38
19
1
5
22
21
-1
-34
-70
-82
-82
-97
-114
-110
-108
-100
-97
-105
-116
-121
-119
-112
-113
-117
-91
-72
-69
-71
-65
-58
-65
-49
-24
-6
5
6
7
9
4
-7
-13
-16
-29
-31
-14
-7
-9
-10
-9
-27
-46
-40
-11
22
30
33
29
26
15
8
16
28
49
59
57
56
55
60
61
48
44
54
59
62
56
43
42
31
20
9
-2
-5
-10
-1
0
-9
-9
-10
-14
-15
-2
18
36
49
61
63
55
50
43
43
42
23
19
23
24
30
28
31
30
11
-11
-30
-37
-44
-51
-44
-33
-32
-50
-67
-57
-33
-18
-33
-56
-65
-65
-55
-45
-53
-60
-52
-48
-48
-56
-58
-44
-19
-7
-16
-29
-35
-29
-31
-36
-33
-15
-3
0
-10
-15
-3
13
21
21
19
29
29
5
-8
-9
10
25
27
27
19
10
5
7
4
-1
-3
8
13
12
23
41
48
35
26
26
26
33
31
12
8
20
28
37
35
27
15
4
18
31
27
22
16
-8
-25
-5
17
19
7
-5
-6
4
11
12
11
3
-4
-8
-9
1
17
36
48
39
25
28
35
28
10
3
5
16
22
12
2
2
8
3
-6
-12
-8
4
11
-2
-15
-11
-5
1
-9
-19
-15
-11
-12
-25
-24
-18
-22
-18
1
11
5
-8
-21
-25
-10
1
-3
-28
-51
-58
-41
-22
-29
-36
-45
-42
-44
-57
-59
-45
-18
-15
-31
-41
-26
7
20
16
-5
-20
-14
-10
-18
-28
-14
12
22
21
17
28
44
37
2
-12
-7
1
7
-8
-27
-30
-25
-24
-24
-16
-7
-23
-36
-35
-25
-5
1
-14
-24
-24
-11
3
-5
-17
-18
-21
-25
-25
-12
10
18
10
-1
-1
14
26
18
18
26
43
50
48
58
65
50
47
47
59
65
63
61
68
80
94
118
119
108
86
68
74
85
88
78
62
49
47
54
50
38
20
17
8
-7
-11
-24
-39
-44
-44
-37
-12
-12
-41
-80
-110
-101
-72
-50
-61
-71
-59
-44
-37
-48
-58
-46
-29
-39
-64
-70
-63
-49
-45
-49
-45
-46
-51
-57
-59
-69
-71
-50
-33
-21
-21
-24
-20
-15
-5
7
28
42
40
24
13
10
19
36
48
54
34
14
12
27
27
7
-7
-10
-11
-18
-22
-30
-41
-41
-34
-34
-38
-39
-34
-29
-31
-32
-29
-15
-3
4
7
16
34
42
33
27
42
63
70
48
18
9
32
60
60
44
27
20
26
31
18
11
23
35
45
39
24
18
27
29
16
9
10
18
5
-6
0
5
9
7
10
18
21
16
-5
-20
-15
-11
-8
-8
-12
-19
-36
-52
-43
-19
-20
-23
-15
-7
-7
-15
-14
-12
3
12
18
32
36
32
16
16
21
20
13
5
7
-1
-13
-23
-17
-8
-13
-12
0
14
24
25
11
-8
-9
5
4
-8
-7
1
12
17
9
-8
-26
-20
0
9
-3
-18
-18
-14
-15
-23
-18
-13
-15
-14
-21
-31
-29
-18
-13
-21
-25
-19
-12
-16
-30
-32
-22
-2
6
11
25
28
24
20
21
16
-2
-9
-4
2
13
20
31
23
4
1
9
20
23
27
27
19
-8
-32
-40
-28
-8
-1
5
-12
-31
-22
-13
-19
-32
-35
-34
-28
-23
-23
-27
-28
-36
-34
-22
-10
-3
-16
-47
-59
-29
-11
-15
-28
-43
-52
-53
-48
-37
-26
-19
-7
4
3
5
16
35
40
22
8
13
31
48
54
51
47
60
69
73
72
76
82
86
85
79
85
85
76
79
72
54
50
52
51
43
31
19
11
15
14
9
13
16
22
30
26
15
-7
-32
-31
-28
-32
-30
-19
-8
-7
-16
-25
-24
-24
-26
-33
-36
-24
-16
-21
-44
-75
-79
-50
-25
-21
-25
-39
-42
-16
4
5
8
17
9
-8
-18
-16
4
12
7
9
15
22
7
-23
-42
-44
-37
-40
-58
-58
-42
-31
-37
-64
-83
-82
-65
-62
-65
-58
-57
-49
-47
-59
-73
-73
-61
-40
-29
-39
-34
-20
-3
5
6
14
14
15
11
23
44
47
48
43
47
57
69
72
54
41
44
59
55
47
51
57
67
70
62
64
78
72
51
33
28
31
36
23
-6
-10
22
48
44
31
15
17
17
12
11
23
29
15
-6
-30
-43
-25
2
11
-1
-16
-28
-31
-24
-20
-12
-2
-3
0
-5
-7
5
15
15
12
13
11
27
31
8
-6
-13
-20
-16
-3
4
10
9
5
6
9
0
-16
-21
-19
-10
-8
-35
-68
-72
-65
-54
-53
-59
-53
-34
-30
-49
-58
-41
-25
-20
-11
-28
-56
-66
-61
-29
-10
-7
-9
-19
-35
-27
3
22
34
26
21
29
40
29
13
14
26
32
39
34
34
45
55
58
46
33
35
53
53
29
22
44
69
91
77
57
46
41
41
31
20
21
30
22
-5
-25
-16
-1
3
-13
-37
-40
-33
-34
-50
-57
-55
-45
-42
-48
-44
-30
-33
-51
-55
-55
-57
-68
-85
-87
-77
-71
-54
-38
-38
-40
-40
-28
-10
-1
-12
-21
-27
-33
-25
-20
-14
-8
1
5
10
18
33
47
35
26
28
36
43
24
1
-3
2
8
10
18
32
47
42
35
37
43
40
23
9
13
27
32
39
40
28
20
17
19
15
8
12
13
18
24
16
13
31
34
41
42
33
35
33
42
53
54
46
29
31
40
38
23
1
3
34
55
37
22
32
58
67
49
33
32
34
20
-2
-13
-9
-15
-26
-24
-18
-15
-19
-22
-37
-49
-49
-39
-25
-22
-18
-28
-42
-49
-61
-58
-41
-52
-78
-86
-85
-75
-72
-60
-60
-68
-64
-67
-75
-83
-78
-72
-62
-56
-58
-61
-53
-49
-55
-62
-65
-56
-48
-46
-47
-36
-18
8
19
11
3
11
26
31
29
31
34
31
30
22
18
8
-10
-18
-4
17
18
10
-4
-9
6
25
28
7
-4
11
29
33
23
30
56
68
67
54
53
60
48
39
35
54
89
106
99
100
115
119
105
75
61
57
51
32
18
27
53
63
60
45
26
30
44
59
65
57
56
60
48
27
14
14
19
8
-10
-21
-21
-30
-45
-52
-44
-49
-62
-81
-95
-92
-77
-59
-60
-70
-77
-67
-64
-73
-75
-60
-39
-28
-33
-50
-52
-46
-18
-12
-27
-25
-24
-29
-32
-26
-22
-14
-14
-7
0
5
2
-20
-44
-45
-34
-18
4
6
5
8
0
-17
-37
-31
-5
10
6
-15
-26
-24
-13
-17
-28
-27
-8
8
-8
-32
-38
-27
-16
-19
-33
-37
-16
12
19
2
3
21
31
40
44
47
52
67
71
63
56
51
53
40
23
24
33
48
55
51
44
33
22
19
16
-3
-15
-9
2
10
17
12
8
12
12
9
7
13
19
13
-6
-26
-43
-39
-16
1
9
-3
-19
-21
-11
-3
-20
-24
-19
-23
-31
-36
-27
-2
11
6
-4
-9
5
4
-6
2
14
17
13
16
25
43
56
50
29
1
2
18
25
-1
-29
-32
-28
-13
-2
5
-5
-5
4
3
-3
2
20
23
11
-6
-10
10
26
16
-3
-12
-12
-4
0
-5
-7
-1
11
7
-15
-31
-19
2
2
-8
-4
13
19
21
18
14
2
3
3
2
5
15
34
39
15
-12
-8
8
19
13
4
0
1
-14
-29
-28
-17
-14
-33
-55
-54
-37
-26
-24
-35
-46
-48
-29
-12
-13
-17
-14
-16
-22
-20
-17
-22
-28
-30
-10
2
-16
-37
-30
-26
-22
-15
-33
-50
-53
-30
0
14
1
-23
-27
-8
10
-3
-15
-21
-27
-13
-1
6
4
17
28
29
28
29
32
31
37
36
34
32
18
1
1
-1
-9
-7
1
5
3
-2
8
25
21
13
16
36
47
66
76
60
49
55
67
75
65
42
34
35
31
31
30
22
19
20
7
-12
-21
-16
-11
-13
-12
-10
2
14
12
5
11
30
34
19
5
6
10
18
25
28
31
36
32
21
16
13
24
25
9
-4
-10
-10
-14
-26
-38
-43
-31
-20
-14
-17
-22
-3
6
-17
-43
-48
-46
-39
-32
-34
-37
-38
-31
-27
-44
-68
-68
-55
-49
-59
-63
-60
-50
-44
-47
-43
-34
-32
-42
-45
-46
-46
-40
-33
-23
-7
-10
-12
-16
-24
-22
-1
7
2
2
3
15
4
-21
-33
-28
-22
-21
-22
-27
-19
1
8
2
-6
0
33
49
42
31
38
54
53
42
41
59
63
48
32
31
38
34
29
28
32
42
45
37
24
29
36
32
20
21
49
83
85
64
55
59
53
30
7
14
38
38
25
26
40
45
54
48
14
-3
-3
-9
-26
-43
-46
-37
-28
-24
-32
-37
-33
-23
-15
-23
-27
-20
-25
-24
-25
-32
-41
-43
-29
-19
-21
-23
-32
-42
-49
-37
-18
-14
-23
-32
-20
-4
0
-8
-23
-23
-11
-10
-10
-6
-5
-8
-3
4
5
8
11
5
4
3
22
41
43
38
37
47
57
45
24
22
20
12
3
-2
-1
-6
-16
-19
-10
-1
10
22
14
-6
-26
-38
-34
-24
-29
-42
-38
-22
-11
-21
-38
-37
-21
-18
-29
-24
-12
-16
-22
-25
-14
-3
-5
-21
-23
-17
-28
-23
-18
-18
-19
-17
-2
9
8
-8
-18
-8
0
-1
-6
-4
0
-6
-8
2
18
15
11
13
27
33
20
2
-10
-7
-1
3
13
14
13
8
-4
-2
13
31
35
32
26
24
32
27
8
4
6
15
21
23
22
26
39
42
41
30
6
-1
16
36
41
54
50
36
37
55
65
40
7
-14
-12
1
4
10
11
10
5
-9
-10
-2
2
-13
-40
-56
-56
-36
-6
-12
-33
-42
-30
-11
9
18
11
10
17
39
53
42
11
-6
-10
-18
-29
-23
-3
16
2
-22
-16
-4
-4
-10
-18
-20
-26
-28
-16
-3
-1
-5
-9
-14
-23
-24
-14
-7
-7
-17
-26
-26
-23
-14
-7
-3
-15
-30
-28
-19
-16
-21
-21
-20
-23
-41
-51
-45
-35
-30
-43
-54
-47
-17
-6
-20
-23
-11
-4
5
9
8
8
12
10
-4
-8
1
7
2
2
0
-6
-15
-11
0
-3
-6
-9
0
4
-7
-17
-15
-2
11
8
-8
-9
10
36
43
44
39
41
56
72
67
52
45
56
63
57
53
56
62
46
26
17
19
23
26
27
21
28
39
40
29
9
5
19
28
17
-2
-2
8
19
24
22
23
21
7
-12
-35
-39
-17
-1
6
-1
-18
-24
-33
-45
-39
-17
-7
-16
-27
-31
-19
4
12
-1
-12
-9
-2
0
-15
-24
-9
11
13
6
6
12
17
14
1
-8
-5
-7
-12
-27
-46
-44
-40
-46
-48
-38
-20
-13
-27
-32
-30
-19
-35
-65
-66
-41
-2
-4
-42
-59
-37
-18
-21
-39
-49
-35
-17
-7
0
21
32
29
32
23
5
-8
-1
17
31
8
-12
-6
21
38
35
27
14
15
24
25
13
8
2
-8
-5
19
32
27
16
15
23
6
-20
-26
-14
-3
4
18
40
46
27
5
-21
-20
-5
12
26
20
8
0
-7
-11
-14
-12
-6
-17
-19
-10
3
13
4
1
-2
-16
-11
-2
8
13
15
17
18
29
35
34
23
19
28
20
2
-3
4
10
15
25
25
17
-1
-15
-11
0
1
-23
-25
5
23
15
-3
-14
-16
-13
-16
-17
-13
-8
-1
14
23
13
12
26
22
-4
-26
-12
20
21
-11
-18
-9
0
9
3
0
21
34
30
18
16
33
56
54
30
15
22
29
7
-21
-16
15
23
10
-7
-18
-11
1
12
5
-15
-31
-38
-52
-45
-17
6
12
-4
-25
-40
-44
-51
-56
-59
-64
-56
-46
-46
-55
-56
-42
-33
-26
-27
-32
-32
-43
-60
-54
-37
-28
-18
-18
-36
-53
-56
-42
-36
-37
-26
-6
6
6
-10
-9
7
11
3
-6
-4
5
14
22
33
35
31
28
31
30
33
39
38
34
30
28
23
28
44
53
59
68
76
84
80
80
72
63
50
31
21
10
7
16
30
29
25
27
25
16
3
-1
-5
-12
-3
8
3
0
2
8
16
16
7
-4
4
13
8
7
9
24
34
24
13
11
16
38
41
25
15
7
3
2
-2
-3
1
2
-7
-22
-28
-31
-33
-38
-42
-42
-24
-6
-16
-33
-44
-52
-54
-48
-37
-32
-31
-28
-27
-34
-36
-41
-47
-48
-51
-57
-49
-36
-28
-19
-22
-24
-19
-26
-40
-33
-19
-10
-15
-20
-21
-17
-14
-13
-3
17
25
22
25
32
37
32
23
20
11
12
23
27
12
-5
-9
-4
3
0
-7
-9
-11
-22
-36
-37
-30
-26
-25
-28
-20
-1
6
-6
-14
-1
10
6
4
7
2
-4
4
15
6
5
27
47
38
22
25
43
49
32
14
24
41
38
31
44
61
79
76
65
59
53
45
29
24
23
39
50
42
33
21
7
-2
4
4
4
-2
-4
0
-7
-16
-22
-13
-6
-19
-30
-31
-21
-17
-29
-48
-49
-34
-24
-31
-39
-35
-29
-23
-27
-28
-13
