5
7
6
9
14
15
13
7
13
13
13
16
17
19
12
7
3
-3
-10
-13
-16
-15
-11
-10
-9
-4
-4
2
0
3
15
17
16
17
22
26
26
29
29
30
33
27
22
21
19
15
13
13
9
4
5
8
12
12
8
10
10
8
10
11
14
18
15
13
15
10
10
10
4
2
0
-10
-11
-9
-9
-11
-14
-13
-14
-14
-15
-17
-14
-15
-18
-21
-23
-21
-24
-26
-26
-27
-28
-29
-26
-18
-19
-17
-14
-17
-14
-13
-13
-11
-18
-19
-24
-24
-22
-22
-17
-20
-17
-9
-7
-6
-7
-6
-2
0
-2
0
2
3
10
15
15
18
20
23
21
25
31
34
38
35
33
28
29
26
21
19
15
10
7
8
5
3
8
9
4
8
8
1
4
1
0
5
2
0
-1
-3
-3
0
-1
-1
-3
-2
0
0
6
2
-2
-5
-12
-13
-15
-13
-12
-16
-19
-16
-22
-21
-14
-8
4
5
3
4
4
1
-2
1
-3
-8
-11
-13
-12
-11
-8
-7
-4
-8
-3
-3
0
2
5
13
13
13
14
11
7
2
3
5
5
4
0
2
1
-3
0
2
-1
-5
-4
-6
-6
-3
-5
-4
-1
3
1
8
11
7
8
8
12
13
17
16
14
15
11
8
12
11
10
7
6
4
2
8
4
5
7
2
-4
-8
-10
-18
-18
-16
-15
-13
-20
-21
-20
-20
-21
-18
-12
-8
-7
-1
1
3
8
0
-3
-1
5
3
3
3
-2
-8
-6
-2
-2
-2
-1
4
4
6
10
13
14
13
12
9
6
6
3
9
7
5
6
4
8
7
4
5
5
7
11
11
5
-2
-2
-4
-6
1
0
-2
-5
-10
-13
-11
-10
-15
-14
-14
-18
-16
-17
-14
-14
-12
-10
-11
-11
-12
-7
-5
-10
-11
-6
-6
2
3
4
7
8
7
4
1
-5
-7
-3
0
3
8
10
10
12
12
11
4
-1
-1
1
-1
0
-1
-4
-3
-3
-1
-1
3
6
12
12
11
15
15
13
16
18
16
17
16
21
19
12
15
14
14
13
9
6
2
-1
1
0
1
0
-4
-7
-10
-3
-3
0
6
9
8
6
4
-1
-3
-8
-9
-7
-6
-5
-6
-8
-13
-11
-11
-9
-4
-3
-2
-5
-2
-2
-1
-6
-8
-8
-8
-8
-8
-6
-5
-6
-13
-13
-6
-6
-4
2
3
5
4
8
7
3
3
0
-1
-7
-12
-13
-15
-12
-11
-15
-15
-14
-22
-22
-19
-16
-10
-7
-9
-7
-3
-7
-8
-6
-7
-5
2
7
13
5
0
11
8
6
-2
0
6
-2
-4
2
6
4
6
8
9
2
-2
-2
-3
-7
-13
-17
-16
-11
-8
-6
1
1
-2
0
-5
1
4
9
13
15
26
32
39
40
36
34
33
33
33
33
30
29
31
32
30
29
29
31
30
25
27
27
24
18
17
11
9
8
10
8
5
-1
5
4
-15
-17
-18
-12
-23
-29
-28
-32
-38
-48
-46
-47
-50
-52
-53
-45
-43
-42
-34
-27
-21
-17
-22
-23
-22
-21
-22
-28
-26
-19
-14
-15
-13
-7
-5
-2
-2
3
0
0
-3
-4
-1
-2
1
3
9
4
6
10
7
8
9
11
13
15
19
22
17
19
23
19
18
14
12
13
14
9
8
8
7
8
10
16
9
10
10
8
9
4
6
6
8
7
11
12
16
15
16
16
15
22
23
21
18
12
6
5
4
1
2
-3
-8
-6
-7
-9
-7
-4
-4
-1
-4
-4
-4
-8
-11
-7
-4
-10
-10
-13
-11
-8
-10
-9
-7
-7
-10
-10
-9
-9
-5
-5
-3
0
0
-3
-6
-7
-10
-16
-16
-21
-22
-21
-25
-31
-29
-25
-30
-24
-21
-13
-9
-5
1
4
2
5
8
7
12
18
18
17
22
20
18
19
20
18
14
9
9
6
-2
-1
4
12
13
8
14
16
14
13
13
13
10
5
4
7
13
20
23
24
19
17
12
10
10
9
7
7
9
4
0
-8
-13
-23
-28
-22
-23
-19
-18
-20
-21
-15
-10
-12
-7
-6
-9
-14
-15
-11
-2
2
-3
-2
4
4
4
5
9
9
9
9
9
10
9
-1
-2
-3
-6
-1
-3
-6
-6
-10
-11
-8
-4
-3
-2
-3
-7
-9
-9
-9
-12
-13
-17
-18
-19
-16
-9
-10
-11
-7
-6
-6
-7
-1
5
4
5
2
3
0
-4
-4
-2
0
-5
-3
-1
-1
0
-1
1
0
-1
-5
-2
0
-2
6
8
2
1
4
4
11
16
19
26
28
28
25
21
20
23
25
26
23
22
20
17
17
16
16
17
18
14
17
13
7
8
6
2
0
-3
-2
6
7
12
7
6
4
0
-1
-3
-5
-4
-4
-6
-5
-8
-12
-11
-15
-19
-16
-16
-13
-12
-14
-14
-15
-19
-22
-18
-20
-18
-17
-15
-19
-24
-24
-20
-22
-25
-24
-22
-21
-23
-18
-17
-19
-18
-18
-17
-15
-17
-13
-10
-10
-8
-10
-4
-2
0
7
8
5
8
2
0
6
2
1
1
4
3
2
6
8
10
8
5
4
11
13
17
22
25
27
36
40
36
36
32
32
31
33
33
35
32
31
33
26
25
22
19
16
14
9
15
13
7
0
2
3
0
0
-2
-1
-7
-4
-13
-16
-14
-13
-8
-14
-20
-20
-20
-23
-22
-23
-21
-29
-33
-27
-26
-22
-23
-26
-25
-26
-30
-30
-31
-31
-25
-28
-27
-21
-18
-18
-13
-6
-5
-4
-2
4
8
8
7
6
7
6
12
20
24
24
19
20
21
14
11
12
14
17
18
21
24
23
20
21
21
20
19
22
14
13
11
7
5
1
1
-5
-12
-15
-13
-17
-19
-21
-19
-16
-15
-11
-10
-11
-5
-2
0
1
2
0
-2
4
1
0
-4
-2
-4
-4
-2
1
4
3
5
2
1
1
0
1
-4
-5
-7
-6
-4
-4
2
0
2
3
0
-1
0
6
9
14
16
14
12
17
22
20
23
21
19
15
15
8
4
3
-5
-4
-9
-15
-13
-13
-16
-19
-21
-21
-19
-23
-24
-19
-15
-17
-12
-11
-13
-8
-12
-11
-9
-12
-12
-4
-3
-4
1
-3
-5
-1
1
2
3
2
2
4
1
8
10
11
13
13
14
13
7
1
-3
-10
-8
-8
-5
3
2
3
7
10
13
12
9
5
5
7
3
0
4
2
-2
-3
-5
-4
-3
-1
1
3
4
2
4
8
10
9
9
13
11
3
2
2
5
12
11
15
15
19
19
12
11
6
5
5
8
6
2
-1
-5
-3
-4
-9
-6
-7
-9
-13
-14
-12
-18
-13
-12
-14
-10
-8
-7
-6
-3
-6
-10
-9
-10
-9
-6
-3
-6
-3
-4
-8
-7
-8
-9
-6
-6
-11
-7
0
-2
-1
2
1
-3
-6
-2
1
3
6
3
4
5
4
5
3
7
10
9
8
7
4
0
4
7
7
8
6
6
6
-1
0
-9
-8
-7
-12
-6
-4
0
-3
-2
1
-2
-3
-3
-3
-3
-4
-2
0
3
1
3
3
6
15
14
13
14
14
14
11
11
15
12
6
-1
-2
0
-8
-8
-5
-5
-8
-5
-1
-14
-13
-3
-7
-8
-15
-12
-5
-9
-8
-8
2
-3
-7
-3
-5
-6
-7
-6
-7
-6
-2
-1
-3
-5
-5
-2
-2
1
4
5
1
2
9
11
11
16
19
19
22
21
20
20
16
14
7
9
8
12
15
12
7
2
0
-5
-11
-8
-6
-9
-4
-1
-1
-1
-2
-5
-4
-8
-12
-10
-6
-5
-12
-11
-9
-6
-5
-10
-7
-5
-8
-8
0
2
-3
-3
-10
-12
-8
-8
-7
-6
-2
-5
-13
-16
-13
-6
-6
-6
-1
4
6
1
11
16
14
9
13
14
12
15
18
23
19
15
17
9
7
9
12
9
12
15
10
11
14
18
13
9
5
6
5
1
2
7
7
4
-1
-2
-1
-7
-9
-10
-12
-13
-18
-20
-23
-25
-32
-33
-35
-38
-39
-44
-42
-39
-36
-37
-33
-29
-29
-27
-31
-28
-22
-19
-23
-19
-17
-14
-6
-6
-2
4
8
8
10
12
17
21
18
21
25
22
21
24
23
27
26
29
23
18
23
24
31
37
36
33
37
42
46
45
42
41
36
28
25
27
28
23
19
17
12
17
14
17
13
12
12
10
14
11
10
5
4
-1
-4
-3
-7
-10
-16
-17
-19
-21
-18
-17
-21
-23
-20
-19
-21
-18
-14
-16
-17
-17
-20
-16
-19
-24
-20
-19
-20
-21
-27
-28
-29
-36
-40
-41
-38
-35
-32
-34
-32
-35
-40
-37
-34
-28
-27
-28
-25
-19
-16
-14
-10
-4
-3
-5
0
6
13
16
16
23
28
27
30
35
32
29
27
23
26
23
16
12
12
9
7
0
7
14
8
9
11
15
19
18
19
19
16
15
19
20
16
14
10
6
11
9
4
5
4
0
1
3
-1
2
2
1
2
2
1
-7
-11
-11
-11
-11
-10
-6
-7
-7
-1
6
11
9
7
12
10
17
19
11
19
22
21
21
17
17
11
7
12
10
8
8
6
6
3
6
5
1
0
1
-1
-2
-3
-1
-6
-10
-9
-14
-14
-17
-22
-24
-24
-25
-25
-24
-22
-22
-22
-19
-20
-21
-23
-25
-24
-18
-26
-29
-28
-25
-18
-17
-13
-12
-12
-8
-10
-4
-5
-8
-3
-4
1
7
11
11
7
8
7
4
8
10
9
6
11
13
17
20
21
18
16
16
12
16
13
13
12
12
10
6
4
3
6
2
1
1
2
2
0
-2
2
7
8
3
1
1
-8
-6
-4
-6
-5
-7
-10
-10
-12
-13
-14
-13
-11
-8
-2
-3
-2
-1
1
6
9
10
8
2
-1
0
3
3
3
2
2
0
-3
-2
2
8
5
5
11
11
10
9
12
12
8
12
18
22
24
18
21
20
20
17
7
9
11
7
10
11
14
13
8
3
0
-3
-5
-5
-7
-3
-6
-10
-13
-16
-14
-22
-26
-24
-24
-20
-19
-11
-17
-18
-18
-18
-11
-10
-9
-9
-10
-12
-12
-12
-5
-6
-8
-9
-12
-7
-1
0
5
9
9
8
7
8
6
9
6
4
3
5
6
4
8
7
6
4
3
5
7
5
4
12
10
8
2
-2
-4
-2
-1
-2
-7
-10
-11
-8
-10
-11
-11
-15
-12
-14
-10
-6
-6
-3
-9
-11
-12
-8
-6
-12
-13
-11
-6
-10
-11
-10
-7
-8
-13
-5
1
4
6
4
8
8
9
9
8
7
8
7
3
3
7
9
10
13
9
9
15
16
17
24
19
15
19
25
22
19
16
11
6
6
8
13
13
12
9
7
9
-2
-5
-8
-7
-6
-2
-1
1
1
1
5
6
7
10
15
18
18
17
12
7
12
17
13
11
9
5
4
4
6
9
6
-1
-5
-7
-9
-10
-10
-11
-10
-18
-19
-21
-24
-26
-30
-34
-31
-36
-39
-35
-32
-25
-25
-25
-22
-20
-16
-14
-11
-2
-3
-6
-6
-4
-3
-9
-8
-7
-14
-16
-15
-14
-10
-11
-8
-4
-7
-6
-3
-2
-1
6
8
9
11
14
14
8
10
16
14
17
19
15
12
8
4
4
9
9
7
7
11
14
9
11
15
14
18
13
8
10
13
11
12
14
12
13
14
13
7
7
2
3
5
8
12
5
-1
-2
-1
-1
-1
0
-4
-6
-8
-9
-6
-8
-9
-6
-3
2
4
2
4
2
3
-2
-2
1
-3
1
1
-1
0
2
3
1
6
7
3
8
3
0
-5
-3
-2
-5
-8
-3
2
5
6
5
4
1
-3
-7
-9
-13
-18
-17
-12
-9
-8
-9
-12
-12
-12
-13
-10
-7
-8
-11
-12
-9
-9
-7
-9
-8
-3
-1
-4
-2
3
2
3
10
11
5
5
16
12
7
2
5
10
1
0
7
14
14
20
24
24
20
14
7
4
0
0
2
2
4
-1
-6
-10
-10
-8
-13
-11
-10
-9
-7
-12
-11
-11
-12
-15
-13
-12
-10
-7
-6
-7
-9
-9
-10
-6
-6
-5
-5
-4
-7
-5
-6
-13
-11
-12
-10
-8
-7
-10
-8
1
4
-5
-7
4
2
-10
-6
1
7
12
4
12
19
10
9
10
18
19
10
13
17
12
7
9
11
16
14
6
7
7
8
13
12
15
19
16
16
16
22
25
21
21
19
18
18
15
13
15
12
14
15
9
5
5
4
3
0
-3
-6
-6
-8
-6
-8
-14
-17
-22
-24
-30
-31
-30
-32
-34
-30
-25
-24
-19
-16
-11
-8
-6
-12
-13
-13
-16
-14
-16
-13
-15
-20
-17
-11
-12
-10
-6
-6
-2
0
1
-2
0
1
2
6
6
8
10
10
11
7
9
13
16
16
15
17
14
18
20
18
19
25
27
24
25
24
21
14
8
5
9
7
-3
-3
-3
-2
-1
-1
-2
-9
-12
-20
-19
-21
-20
-15
-15
-17
-23
-20
-28
-34
-32
-30
-31
-30
-27
-32
-31
-31
-31
-29
-27
-23
-13
-7
-4
0
0
2
8
8
11
14
11
12
10
9
18
21
16
16
17
22
23
27
29
28
29
28
31
33
33
30
24
23
16
17
11
11
13
8
5
6
9
7
8
8
10
13
15
16
20
20
22
25
22
20
19
15
15
9
10
5
0
3
-2
-3
-3
-5
0
3
-5
-5
-4
-11
-16
-20
-16
-14
-16
-23
-26
-23
-26
-27
-32
-27
-25
-23
-23
-25
-19
-22
-23
-23
-25
-19
-14
-16
-13
-10
-15
-17
-21
-22
-17
-18
-18
-16
-14
-13
-13
-13
-14
-10
-11
-9
-9
-8
-11
-5
2
7
7
5
9
11
11
10
10
10
9
10
6
11
11
4
6
6
2
3
5
1
1
-2
-3
0
-3
-3
-4
-5
-7
0
6
9
7
6
5
2
3
7
7
10
12
10
13
14
15
11
11
13
16
19
19
22
19
23
24
26
26
24
21
20
24
21
18
18
23
21
21
29
31
37
38
34
35
29
22
21
21
19
6
-1
-9
-12
-13
-16
-18
-18
-18
-19
-25
-27
-26
-32
-37
-38
-34
-30
-28
-21
-12
-15
-17
-20
-20
-19
-21
-20
-20
-20
-22
-28
-16
-17
-18
-17
-18
-14
-20
-19
-25
-28
-31
-27
-18
-20
-20
-16
-11
-6
-2
-1
1
-7
-6
-3
3
2
5
-6
-9
-2
-1
8
8
9
7
7
9
17
15
20
29
29
35
34
26
16
8
6
12
21
27
21
13
9
2
5
11
19
17
18
23
29
32
27
16
9
9
2
2
1
-9
-14
-19
-20
-16
-20
-15
-13
-11
-8
-7
-9
-4
-10
-8
-8
-11
-14
-20
-23
-23
-14
-14
-15
-24
-26
-21
-10
-1
3
15
16
15
6
5
9
13
17
20
13
10
11
0
1
6
13
19
31
32
39
38
25
29
21
18
11
6
-3
6
17
13
2
-11
-16
-9
-8
-7
1
-8
-6
-14
-22
-21
-25
-23
-11
-10
2
1
-9
-15
-17
-14
-10
-15
-21
-26
-17
-4
-19
-17
-23
-14
-3
0
17
17
13
10
-8
-5
-5
-22
-14
-9
15
19
11
16
13
25
30
27
39
26
14
21
1
4
-23
-19
-19
-37
-11
-26
2
-9
-11
-9
-29
-3
-17
-3
0
-19
9
-20
-16
-21
-14
21
-12
10
-15
4
17
-17
17
-18
16
-15
-6
0
-26
25
-25
17
-21
6
22
3
27
-7
44
-6
0
-19
13
27
13
17
-13
20
-12
10
15
27
30
26
-3
1
-1
-3
-4
-37
-19
-34
-3
-41
-3
-1
4
11
0
34
13
26
-22
6
-23
-5
-7
-19
9
-16
11
14
34
33
39
35
29
13
19
16
13
12
1
4
10
-7
-18
2
1
-2
3
-10
17
-2
-21
3
-22
26
-35
20
1
-5
1
-44
26
-28
-12
-18
-5
21
-9
16
-12
20
3
0
27
-5
24
-34
-10
-25
-27
-18
-28
-2
-20
8
27
14
27
7
10
-2
-27
0
-30
7
-76
-12
-35
-28
18
-43
54
-38
32
10
19
24
-25
-11
-52
-2
-55
4
-37
-3
-3
-4
33
2
42
14
20
-7
-6
-14
-24
-28
-4
-15
6
5
-13
28
6
44
-5
16
-20
9
13
-27
28
-65
3
-26
29
42
7
47
-23
19
17
49
39
19
7
-1
-6
-4
9
22
-6
-1
-12
27
27
12
42
-5
29
-14
16
9
-9
13
-13
15
-1
1
11
3
14
3
38
7
0
-21
-52
-18
12
5
-13
-25
-14
-8
-29
-36
-21
-18
-44
-54
-59
-25
-43
-39
-18
-30
19
-6
18
18
4
15
3
-12
0
-8
-12
15
-65
27
-11
-10
51
-37
63
-7
25
31
6
28
-7
3
32
21
37
31
-4
20
0
27
47
11
27
78
20
75
28
41
39
-31
31
-2
26
24
-73
68
-49
38
-15
-45
54
-46
82
-30
40
-22
-30
-18
-47
-3
-15
-30
0
-65
-10
-27
-38
-32
-86
25
-87
29
-89
12
-33
-21
38
-66
45
-77
-12
-68
-49
-2
-36
-21
-58
-35
-2
-2
47
-15
41
-1
-8
10
-25
45
-61
1
-27
-31
38
-47
21
-22
-20
38
-24
73
-22
81
1
8
35
5
45
-17
40
14
45
6
22
-3
-9
0
17
23
88
17
104
-3
41
48
33
111
18
83
21
36
-5
22
31
-1
1
19
-32
4
-19
-27
-39
-51
-72
-19
-34
-6
-4
-39
-55
3
-102
2
-20
-19
29
-29
31
5
5
-18
48
1
103
19
81
-49
12
-52
-22
43
-52
86
-70
48
-95
1
-68
-55
-39
-67
-42
-50
-52
-66
-26
-102
31
-92
72
-47
80
28
26
66
-61
140
-38
188
23
145
99
-30
136
-94
194
-41
107
56
-56
56
-129
36
-76
14
-57
-11
-78
-99
-26
-73
-21
-19
-66
-29
-50
-74
51
-106
94
-69
76
63
-30
115
-101
128
-40
115
39
62
47
-47
58
-92
82
-78
-10
-24
-84
14
-119
3
-69
-53
-39
-54
-47
-21
-32
-49
-41
-47
-21
-64
-2
-7
29
0
78
55
30
81
-15
203
-37
161
28
20
109
-132
140
-142
135
-74
29
-17
-60
46
-110
92
-80
82
-30
15
-10
-40
20
-7
-22
0
7
-21
-17
-27
17
25
-19
73
-29
64
30
-26
121
-39
139
-27
16
22
-13
16
34
5
58
-48
18
-31
-87
76
-136
118
-54
-24
54
-65
28
20
-52
62
-35
5
1
-72
45
-131
49
-68
32
29
1
37
11
37
-11
21
22
19
56
-10
44
-3
-66
45
-167
74
-109
58
-26
-6
-69
-60
-44
-19
69
-21
108
-93
65
-133
48
-117
73
-83
9
-22
8
11
-11
38
-30
65
-16
134
-43
99
-106
107
-105
31
-68
-23
-77
-35
-46
-55
80
-91
94
-54
2
-18
-8
-39
55
-54
44
-31
-35
-7
-116
64
-112
46
-20
-1
57
-12
37
62
28
13
85
-29
132
-14
20
49
-47
58
-111
103
-71
32
-27
-43
70
-124
136
-48
138
51
20
102
-40
46
-46
48
-75
56
-84
14
-61
-19
31
-65
166
-75
234
-64
207
-77
116
-35
-81
58
-174
178
-233
106
-178
-17
-33
-76
115
-25
89
-2
-37
26
-15
-38
36
-87
18
-45
-9
9
-24
49
-79
71
-14
6
66
-58
108
-61
144
-93
132
-31
5
48
-104
167
-133
74
-51
-14
-40
33
-54
37
-67
33
-111
8
-33
-61
72
-78
46
-60
63
-109
89
-67
13
23
-99
41
-109
-1
-30
-81
98
-134
115
-72
119
69
35
96
-59
53
-108
5
-40
7
-78
-10
-169
-38
-113
-23
78
-13
90
4
-18
60
-29
56
82
-50
57
-110
31
-68
3
8
-56
60
-26
88
33
83
22
54
68
-52
195
-164
176
-112
-25
75
-220
216
-261
152
-64
86
95
27
57
-82
62
-142
166
-156
212
-141
85
-56
-61
117
-132
171
-125
163
-153
219
-158
140
-91
-44
91
-137
193
-199
218
-150
151
-172
148
-126
57
-112
-8
19
-108
107
-158
151
-153
148
-109
173
-82
140
-26
25
-46
-48
-22
-126
123
-189
137
-112
92
27
-11
123
-108
125
-47
9
63
-145
85
-240
151
-218
166
-109
21
58
-149
230
-200
218
-179
129
-102
92
-95
106
-119
116
-73
0
107
-133
206
-219
249
-182
197
-195
138
-94
33
133
-57
241
-148
139
-242
198
-210
156
-83
-9
-19
-112
76
-217
194
-218
189
-202
173
-96
21
-3
-138
146
-266
241
-271
104
-105
57
-34
49
-20
-66
89
-217
273
-196
206
-167
42
-6
-84
127
-120
148
-101
88
-67
94
-96
24
-7
-88
159
-184
183
-216
119
-109
70
50
-19
163
-165
213
-210
260
-198
188
-108
70
72
-122
233
-217
200
-213
301
-198
285
-146
138
-3
-52
172
-173
317
-325
371
-300
224
-85
33
5
-80
112
-142
200
-197
196
-201
185
-217
143
-159
80
-22
-42
78
-131
198
-256
286
-182
205
-87
64
-5
-31
27
-51
80
-137
156
-162
106
-92
100
-94
79
-46
-24
89
-159
187
-240
204
-295
133
-143
-68
35
-132
117
-187
143
-227
174
-283
164
-181
52
-54
-56
40
-72
41
-78
76
-158
201
-168
189
-124
114
-83
45
-56
-20
24
1
36
-14
120
-107
136
-151
191
-89
160
-109
154
-186
167
-120
85
66
-192
275
-384
365
-401
372
-353
301
-310
172
-123
-11
121
-188
293
-376
346
-345
387
-301
372
-226
233
-102
14
179
-154
311
-268
377
-236
259
-191
180
-137
110
-95
53
90
-158
282
-229
293
-266
259
-249
202
-212
104
36
-111
128
-263
190
-271
191
-174
237
-94
152
-130
49
-25
28
81
-46
169
-238
175
-312
311
-314
370
-261
142
-52
-94
194
-212
311
-350
303
-352
290
-297
256
-240
105
-16
-197
236
-332
335
-359
309
-316
280
-267
182
-206
49
-9
-105
100
-155
143
-171
117
-190
221
-224
175
-78
-16
20
-45
-87
9
-67
-46
17
-74
110
-61
44
-52
-8
67
-69
124
-22
-31
116
-149
99
26
-1
100
27
-93
88
-94
42
118
-16
66
-41
-26
-22
32
-36
115
6
38
-63
-18
21
3
92
-44
31
-20
-35
121
-103
205
-153
184
-74
32
92
3
128
-91
69
26
-93
79
-60
37
-28
-36
23
-46
107
-127
190
-171
180
-223
163
-139
99
-33
-15
-5
-1
-55
50
2
-30
44
-89
45
5
34
2
-10
-88
56
-136
133
-156
176
-287
131
-149
108
-141
162
-105
-21
-21
-51
126
-109
96
-134
56
-148
149
-131
252
-115
132
-142
32
-3
-32
122
-129
93
-98
-45
5
41
44
68
-1
-25
7
-79
-6
-53
-68
66
-69
-5
-30
-65
-22
-82
57
8
144
14
-54
-128
13
-54
97
135
22
53
-135
71
-101
99
36
89
-168
89
-211
-14
91
7
104
-59
104
-81
177
-1
196
-35
115
-119
70
-17
74
2
-52
41
-110
68
-86
170
-85
268
-128
94
-137
-51
10
70
60
47
-62
-123
-97
-154
175
-130
184
-55
77
-25
32
-55
15
8
-11
-13
43
-37
-75
-60
-147
39
-93
12
-6
132
65
40
-40
-102
-3
2
-22
118
-35
15
-216
-159
-75
-38
140
-53
152
-111
125
-103
58
-9
-46
47
-30
12
-7
-55
69
-40
-67
34
-126
111
-100
60
-17
7
21
8
43
19
96
45
162
-26
107
34
-132
172
-170
238
-8
169
119
8
83
-49
143
-33
86
-81
63
-172
75
-72
23
-63
-21
-28
33
-8
25
67
-167
37
-193
99
-185
6
-119
-9
-87
8
39
-75
56
-94
21
-125
-23
-93
-39
-115
47
-72
-5
-81
40
83
-54
58
-56
19
-47
7
-22
57
-110
4
-88
49
11
35
20
-11
8
-3
-15
54
172
29
192
-4
182
29
110
131
79
38
-99
-101
-99
-59
25
90
-42
-2
-132
1
-68
59
99
7
35
11
80
54
38
-87
38
-102
32
62
41
42
-64
102
2
78
76
23
26
-48
-32
-7
-36
-47
21
-67
-23
-22
-16
-43
-77
-58
-80
-33
-61
-37
-42
8
0
83
66
45
94
37
111
-20
46
-17
-13
-117
-130
-100
-163
-31
-34
63
6
70
-17
-14
-21
-54
-44
-19
-53
-27
2
-48
-29
-34
-69
37
127
117
97
84
38
16
-37
-20
-51
-11
28
42
129
-10
42
-51
-31
-65
-49
-18
-99
-122
-104
-58
-21
-59
-24
19
58
50
79
61
49
25
-15
4
16
6
103
122
163
224
176
230
137
165
62
54
7
0
-69
-76
-116
-122
-85
-115
-77
-77
-82
-102
-133
-99
-91
-100
-42
-75
-11
-25
-37
13
-19
25
45
54
35
26
12
36
21
55
62
-13
27
-57
34
17
-15
4
-53
-85
-123
-49
-30
-25
-45
-41
-25
-21
-2
67
27
41
-35
17
-15
-2
108
54
81
8
28
54
46
5
44
-27
-20
-38
8
3
-45
-59
-50
-15
0
37
4
38
-24
7
-102
-36
-54
-34
-10
41
78
114
105
35
86
-16
3
-54
22
-1
-27
-22
-21
-33
-96
-105
-70
-25
-50
48
31
41
53
37
97
123
206
226
289
322
412
443
448
452
490
472
471
503
518
522
455
418
294
221
40
-84
-227
-411
-503
-630
-735
-914
-1047
-1148
-1250
-1285
-1328
-1320
-1290
-1231
-1187
-1102
-1061
-949
-799
-668
-480
-262
-122
92
226
367
539
653
806
859
953
989
998
971
995
917
907
858
771
685
556
482
357
320
218
143
38
14
27
89
156
230
280
235
280
359
513
638
717
721
674
618
572
517
493
769
1321
1843
1933
1635
1197
757
466
400
513
489
12
-569
-981
-1184
-1456
-1823
-2365
-2673
-2636
-2423
-2213
-2396
-2667
-3047
-3135
-3036
-2611
-2216
-1914
-1653
-1184
-591
-200
77
216
453
694
1211
1758
2261
2230
2057
1855
1789
1641
1378
1130
810
661
467
311
-107
-602
-1120
-1303
-1400
-1309
-1153
-1005
-877
-776
-565
-341
-117
48
409
822
1347
1660
1934
2006
2025
2079
2150
2225
2196
2147
2038
1954
1630
1286
773
415
-44
-383
-576
-693
-867
-1084
-1205
-1306
-1295
-1347
-1163
-969
-635
-422
38
1153
2566
3479
3301
2623
2095
1973
2092
2434
2590
2072
829
-359
-957
-1235
-1785
-2806
-3810
-4183
-3775
-3465
-3752
-4822
-5791
-6143
-5826
-5202
-4432
-3716
-3189
-2533
-1552
-384
394
712
911
1660
2835
4108
5002
5154
4596
3769
3148
2789
2554
1883
997
300
-32
-530
-1457
-2537
-3444
-3927
-3921
-3446
-2824
-2358
-2127
-1845
-1440
-936
-353
329
1033
1888
2885
3755
4232
4196
4081
4002
4051
4043
3957
3885
3617
3068
2254
1355
406
-460
-1179
-1531
-1800
-2045
-2337
-2527
-2603
-2675
-2543
-2290
-1851
-1301
-520
230
775
1015
1182
1422
1667
2071
2678
3917
5414
6192
5635
4179
2689
1594
909
672
544
-182
-1602
-3276
-4227
-4682
-5202
-6176
-6872
-6698
-5581
-4423
-3968
-4377
-4875
-4863
-4256
-3060
-1708
-414
631
1518
2462
3311
3664
3363
2871
2982
3661
4495
4732
4215
3000
1269
-336
-1167
-1607
-2342
-3169
-3328
-3186
-3335
-3877
-4440
-4780
-4704
-3904
-2519
-1047
-72
565
1052
1421
1739
2250
2844
3318
3875
4541
5035
4930
4225
3443
2882
2494
2172
2019
1800
1234
448
-278
-1114
-1838
-2264
-2431
-2373
-2020
-1446
-1124
-1076
-860
-479
4
568
1101
1671
2192
2603
2760
2697
2453
2095
1632
1378
1423
2120
3450
4506
4273
2655
793
-513
-1080
-1123
-800
-787
-1729
-3302
-4256
-4398
-4548
-5061
-5643
-5372
-4163
-2610
-1858
-1958
-2656
-3181
-3070
-2250
-1189
-112
758
1228
1719
2196
2353
1781
936
527
1106
2005
2574
2447
1671
248
-1331
-2227
-2434
-2511
-2839
-2850
-2472
-2129
-2333
-2758
-3119
-3163
-2576
-1296
314
1527
2163
2340
2400
2344
2462
2657
2984
3295
3707
4061
4000
3382
2407
1637
1116
917
770
824
715
253
-443
-983
-1491
-1939
-2049
-1722
-1069
-422
101
314
431
677
1062
1498
1925
2296
2631
2791
2644
2307
1919
1381
831
391
173
391
1501
3118
3917
2971
965
-734
-1566
-1753
-1397
-878
-1196
-2733
-4349
-4796
-4611
-4751
-5346
-5408
-4376
-2641
-1308
-971
-1482
-2331
-2699
-2269
-1312
-133
832
1311
1513
1794
1970
1510
427
-505
-509
200
949
1244
1018
145
-1231
-2382
-2737
-2478
-2366
-2392
-1865
-994
-613
-859
-1221
-1422
-1347
-598
779
2229
3161
3453
3405
3139
2805
2571
2513
2521
2586
2941
3184
2878
2060
1169
456
-17
-169
17
355
381
150
-80
-273
-606
-879
-833
-378
288
855
1122
1192
1203
1222
1248
1149
1122
1125
1158
996
697
245
-343
-925
-1448
-1788
-1853
-1358
-254
1764
3567
3733
2039
290
-468
-458
-59
436
379
-865
-2677
-3767
-3766
-3855
-4594
-5116
-4393
-2865
-1397
-785
-1240
-2311
-3024
-2896
-2002
-851
116
797
1240
1604
1800
1551
639
-359
-484
260
1145
1690
1821
1313
200
-869
-1259
-1154
-1167
-1263
-942
-220
238
-4
-741
-1560
-1964
-1690
-740
537
1560
2036
2108
2067
1964
1783
1540
1395
1571
2121
2692
2798
2352
1563
770
294
213
393
576
671
723
687
488
147
-413
-871
-911
-617
-240
47
324
463
411
175
-39
-61
-28
16
148
280
160
-134
-548
-959
-1163
-1055
-810
-243
903
2779
4851
5841
4846
2894
1536
833
445
343
397
-492
-2489
-4459
-5218
-5187
-5443
-6015
-5748
-4300
-2499
-1439
-1389
-2026
-2631
-2563
-1767
-590
621
1530
2097
2370
2409
2172
1677
869
259
363
938
1418
1570
1205
214
-916
-1568
-1597
-1443
-1398
-1290
-880
-472
-530
-1131
-1743
-2049
-1833
-1094
1
1098
1841
2209
2379
2458
2310
2027
1845
1955
2275
2612
2724
2386
1636
790
207
-90
-298
-404
-291
-100
-75
-232
-423
-646
-980
-1065
-773
-246
253
685
954
990
828
551
384
289
228
255
435
478
263
6
-311
-789
-1042
-893
-346
481
2064
4364
5975
5321
3098
1305
370
-348
-695
-322
-612
-2391
-4560
-5424
-5234
-5280
-5883
-5742
-4178
-2112
-661
-191
-673
-1436
-1587
-1067
-171
892
1808
2284
2452
2409
2227
1706
643
-385
-492
188
772
874
450
-466
-1540
-2164
-1860
-1258
-1110
-1243
-1160
-1045
-1076
-981
-1069
-1536
-1764
-1170
-123
841
1550
2042
2384
2668
2937
3110
3036
2692
2424
2465
2540
2320
1695
890
163
-293
-613
-852
-1079
-1268
-1363
-1285
-1126
-1122
-1168
-1160
-846
-383
-52
203
620
980
916
746
733
766
746
725
711
623
553
511
468
323
211
135
-34
24
662
2402
4675
6032
5031
2711
763
-309
-920
-948
-582
-1228
-3151
-4966
-5146
-4686
-4780
-5412
-4988
-3222
-953
509
865
346
-330
-572
-236
522
1232
1670
1715
1771
1785
1561
712
-612
-1644
-1709
-1210
-803
-636
-885
-1611
-2490
-2731
-2084
-1067
-583
-747
-734
-206
286
247
-2
-12
105
230
611
1184
1552
1687
1959
2367
2538
2480
2255
1832
1346
1068
918
679
78
-569
-974
-1172
-1471
-1849
-2030
-1854
-1442
-938
-349
158
542
778
1162
1448
1512
1603
1910
2234
2279
2149
1976
1669
1040
389
45
-43
-164
-395
-552
-764
-989
-1119
-1167
-1064
-231
2120
4921
5933
4482
2425
999
113
-413
-51
323
-749
-2839
-3973
-3601
-3298
-3937
-4636
-3960
-2107
-142
822
636
-303
-1108
-1405
-1210
-730
-174
158
260
398
550
411
-396
-1529
-2097
-1767
-1156
-594
-202
-222
-747
-1313
-1131
-364
216
169
2
172
599
829
535
-65
-518
-728
-898
-815
-443
-34
223
582
1056
1350
1329
1094
792
624
697
821
782
574
347
123
17
-99
-263
-365
-232
182
708
1109
1339
1480
1634
1699
1570
1451
1534
1748
1736
1546
1261
1003
651
145
-377
-672
-800
-831
-684
-394
-147
-111
-282
-489
-174
798
2786
5277
6835
5916
3621
1843
938
300
-21
-132
-1050
-2812
-4326
-4589
-4440
-4897
-5694
-5331
-3659
-1801
-757
-665
-1211
-1771
-1938
-1687
-1089
-394
54
254
485
725
704
136
-922
-1692
-1635
-1076
-556
-195
-241
-745
-1335
-1371
-748
-149
-106
-310
-58
465
692
371
-217
-680
-903
-940
-819
-467
-12
374
746
1260
1706
1867
1767
1481
1345
1509
1732
1637
1299
996
809
600
258
-162
-335
-165
240
632
934
1200
1479
1648
1563
1429
1478
1674
1724
1696
1630
1484
1184
685
62
-325
-400
-375
-347
-265
-257
-405
-579
-661
-517
-75
874
2882
5599
6974
5633
3199
1527
580
-172
-356
-396
-1360
-3295
-4842
-5110
-4882
-5301
-6048
-5709
-4130
-2185
-1039
-953
-1603
-2099
-2240
-2000
-1377
-639
-169
31
293
589
758
250
-806
-1542
-1406
-824
-236
187
146
-347
-829
-703
-68
433
243
-171
-88
363
576
275
-260
-789
-1179
-1355
-1192
-788
-360
39
620
1397
2075
2399
2268
1924
1768
1954
2138
2113
1964
1791
1565
1236
760
234
-130
-218
-51
319
759
1166
1385
1341
1124
975
888
931
1240
1488
1319
983
858
590
56
-308
-325
-282
-203
23
154
80
-48
-50
261
1090
2789
5071
6576
5849
3722
1950
763
-339
-937
-961
-1696
-3497
-5270
-5664
-5322
-5500
-6380
-6378
-4900
-2898
-1571
-1206
-1531
-1937
-2048
-1844
-1268
-485
86
266
331
501
715
570
-269
-1299
-1660
-1225
-589
-160
-142
-562
-1092
-1198
-599
20
39
-374
-504
-252
128
263
16
-438
-751
-696
-400
28
359
659
1051
1906
2839
3401
3275
2744
2304
2207
2257
2157
1968
1730
1552
1303
937
398
-109
-460
-428
-30
520
986
1139
1075
1038
1072
952
840
1130
1596
1588
1287
1188
1034
651
267
-100
-484
-631
-589
-633
-640
-429
-358
-256
274
1738
3951
5617
5283
3553
2060
1015
22
-763
-981
-1605
-3152
-4960
-5506
-4952
-4765
-5653
-6142
-5186
-3403
-2068
-1716
-1998
-2305
-2302
-2102
-1450
-585
-83
-84
-10
322
720
744
63
-830
-1270
-1043
-520
2
129
-162
-594
-748
-360
211
351
61
-77
41
311
512
340
-134
-423
-402
-286
-12
304
464
660
1332
2201
2794
2896
2624
2281
2127
2107
2065
1973
1850
1751
1666
1468
1037
461
-48
-253
13
597
1049
1218
1250
1258
1154
921
744
828
999
1060
1031
1003
799
361
-191
-642
-900
-1029
-1067
-902
-608
-454
-452
-240
355
1581
3551
5314
5286
3764
2368
1485
509
-485
-942
-1516
-2983
-4941
-5728
-5178
-4756
-5626
-6492
-5892
-4252
-3050
-2742
-2725
-2621
-2469
-2286
-1526
-292
498
454
389
907
1654
1942
1401
503
-48
-18
252
503
421
-62
-648
-985
-838
-366
-159
-592
-1020
-830
-282
25
56
-57
-328
-452
-105
520
853
871
914
1376
2200
2983
3254
3091
2838
2614
2474
2472
2479
2239
1886
1642
1556
1350
859
149
-411
-503
-172
189
220
97
69
75
32
70
221
381
476
480
599
881
969
564
10
-320
-394
-435
-523
-660
-590
-451
-246
196
1103
2547
4104
4780
4005
2776
1800
909
-164
-752
-1205
-2235
-3955
-5277
-5424
-4871
-4967
-5782
-5982
-5160
-4142
-3589
-3269
-3023
-2776
-2521
-1910
-692
542
964
789
949
1645
2423
2588
2084
1381
1052
1004
949
732
239
-412
-1046
-1246
-921
-417
-593
-1324
-1817
-1583
-878
-248
-22
-83
34
358
814
1294
1693
1710
1684
2046
2765
3356
3454
3137
2626
2217
1945
1852
1712
1437
1083
874
785
550
36
-666
-1156
-1225
-972
-754
-596
-440
-314
-205
10
428
867
1072
1047
1258
1750
2140
1949
1273
531
38
-289
-541
-659
-777
-984
-1129
-762
56
1227
2469
3310
3203
2588
2064
1615
934
234
-296
-974
-1991
-3042
-3449
-3252
-3242
-3923
-4547
-4537
-4208
-4205
-4380
-4321
-4020
-3766
-3520
-2794
-1674
-822
-565
-374
231
1245
2105
2412
2380
2361
2456
2476
2426
2234
1808
1123
431
60
34
-107
-802
-1812
-2436
-2374
-2096
-1993
-1904
-1667
-1434
-1155
-709
-102
403
718
975
1494
2384
3181
3546
3573
3453
3253
3111
3098
3131
3038
2718
2314
2011
1676
1029
169
-530
-952
-1198
-1326
-1299
-1194
-1198
-1330
-1222
-707
-148
107
238
634
1290
1819
1859
1518
1155
962
786
564
387
208
-90
-377
-376
-51
463
1040
1454
1441
1191
903
658
350
46
-266
-684
-1222
-1679
-1822
-1713
-1729
-2174
-2717
-3063
-3226
-3450
-3665
-3771
-3810
-3882
-3885
-3571
-2998
-2484
-2187
-1875
-1340
-612
7
417
691
971
1328
1715
2157
2540
2722
2574
2270
2094
2085
1879
1254
404
-272
-672
-1000
-1216
-1278
-1319
-1515
-1709
-1623
-1251
-843
-634
-527
-154
574
1326
1866
2127
2202
2202
2269
2481
2827
3168
3303
3147
2820
2516
2183
1700
1015
358
-63
-204
-238
-349
-610
-888
-1018
-984
-858
-698
-435
-138
117
316
503
628
674
637
563
557
627
632
470
283
69
-172
-288
-140
220
714
1067
1040
813
588
373
96
-98
-235
-427
-728
-1066
-1306
-1325
-1285
-1464
-1762
-1939
-1951
-1997
-2185
-2464
-2691
-2917
-3161
-3179
-2872
-2484
-2253
-2118
-1917
-1593
-1308
-1097
-869
-578
-248
104
517
935
1256
1388
1346
1251
1288
1403
1430
1230
943
794
705
538
359
262
90
-185
-413
-472
-348
-150
55
321
721
1049
1190
1207
1233
1317
1496
1756
2013
2157
2046
1792
1530
1299
1019
747
560
509
489
413
239
87
-14
-147
-282
-297
-121
82
279
413
503
528
528
534
567
634
651
579
465
386
300
153
2
-63
-59
-87
-198
-287
-272
-221
-64
167
333
344
263
155
-5
-137
-276
-452
-687
-942
-1111
-1073
-873
-708
-733
-962
-1245
-1504
-1710
-1926
-2126
-2289
-2394
-2418
-2397
-2362
-2288
-2141
-1967
-1736
-1482
-1253
-1052
-886
-780
-648
-380
-57
207
340
374
483
733
979
1119
1121
1045
891
680
458
340
344
355
410
529
663
704
659
556
525
745
1150
1490
1691
1765
1775
1694
1519
1248
1045
996
1008
1032
1051
1080
1039
922
705
546
507
491
435
386
452
569
632
571
542
578
668
708
709
738
770
671
438
232
144
119
67
35
-12
-57
-243
-569
-894
-1081
-1182
-1262
-1241
-1126
-926
-685
-519
-492
-535
-594
-655
-648
-556
-453
-443
-513
-593
-555
-424
-336
-394
-569
-786
-1023
-1305
-1604
-1767
-1797
-1815
-1905
-1980
-1937
-1799
-1670
-1586
-1490
-1299
-1051
-901
-845
-743
-478
-130
197
505
809
991
975
883
883
995
1036
933
869
903
905
803
571
330
247
351
535
776
1019
1165
1178
1115
1094
1095
1185
1284
1324
1308
1286
1278
1225
1130
987
882
861
860
846
845
814
687
488
299
155
129
184
251
276
351
380
330
190
24
-34
51
188
256
343
386
287
52
-165
-304
-374
-460
-574
-707
-853
-1067
-1320
-1503
-1614
-1680
-1662
-1494
-1213
-892
-668
-577
-516
-406
-258
-114
24
119
165
147
122
147
223
216
54
-187
-431
-646
-856
-1035
-1215
-1350
-1440
-1440
-1379
-1280
-1127
-963
-784
-628
-512
-475
-491
-519
-492
-342
-118
89
282
496
621
601
478
345
289
361
485
564
615
630
649
648
607
516
537
689
865
934
926
909
922
940
900
847
857
876
868
902
986
1043
952
825
731
708
699
672
655
684
698
612
454
265
166
139
181
196
261
351
336
236
152
138
114
85
30
-54
-153
-291
-503
-745
-946
-1097
-1194
-1263
-1335
-1423
-1462
-1467
-1437
-1321
-1067
-700
-256
140
318
381
386
369
291
251
272
324
312
196
78
57
22
-182
-445
-655
-810
-957
-1039
-1011
-886
-818
-859
-861
-728
-578
-536
-551
-546
-544
-537
-513
-439
-396
-455
-575
-585
-362
-17
231
313
369
484
693
797
798
726
698
671
622
621
638
644
580
536
490
550
583
574
563
653
798
826
775
719
684
603
518
464
516
601
612
502
379
265
155
120
45
59
85
117
126
141
104
53
86
150
163
141
129
33
-80
-246
-415
-565
-671
-789
-891
-929
-942
-935
-908
-837
-740
-601
-475
-368
-222
0
253
608
1053
1376
1431
1329
1243
1142
956
760
610
444
216
-71
-262
-285
-324
-553
-821
-929
-919
-993
-1213
-1414
-1505
-1569
-1647
-1601
-1359
-1080
-962
-936
-870
-752
-634
-534
-404
-211
27
267
553
856
1048
1097
1065
1056
1125
1204
1117
831
512
281
13
-264
-458
-534
-631
-734
-686
-515
-300
-179
-77
1
204
408
557
684
774
734
598
519
487
499
429
317
240
276
328
336
228
61
-70
-55
19
50
65
-8
-79
-204
-212
-239
-258
-312
-410
-458
-372
-210
-168
-150
-148
-72
13
139
216
267
325
419
604
849
1152
1566
2186
2708
2731
2328
1920
1672
1393
1056
759
457
-15
-604
-973
-977
-913
-1158
-1659
-2059
-2211
-2334
-2544
-2714
-2713
-2718
-2770
-2644
-2197
-1716
-1492
-1380
-1123
-610
-33
446
803
1131
1414
1623
1842
2033
2037
1767
1410
1183
1129
1081
897
499
-90
-664
-1082
-1461
-1838
-1987
-1914
-1907
-1933
-1739
-1406
-1144
-888
-515
-13
494
907
1149
1286
1428
1491
1409
1302
1333
1401
1376
1240
1094
952
816
712
557
330
91
-96
-254
-381
-572
-828
-995
-1045
-1026
-904
-711
-608
-479
-267
-36
120
297
442
549
689
896
1059
1100
1284
1722
2543
3608
4567
4556
3624
2590
2078
1739
1208
762
254
-580
-1675
-2240
-2236
-2111
-2587
-3479
-3999
-3786
-3412
-3410
-3506
-3482
-3394
-3427
-3089
-2252
-1384
-1033
-886
-400
549
1642
2329
2601
2680
2846
2979
3106
3059
2700
1958
1127
627
513
481
-133
-1298
-2410
-2932
-3123
-3216
-3206
-3190
-3209
-3111
-2648
-1957
-1244
-688
-209
382
1279
2206
2749
2888
2892
2938
2947
2937
2883
2742
2446
2074
1675
1219
736
243
-331
-912
-1265
-1407
-1523
-1752
-2074
-2406
-2548
-2391
-2002
-1597
-1237
-757
-188
337
819
1265
1514
1650
1838
2141
2392
2484
2411
2349
2406
2867
3968
5127
5024
3365
1641
793
395
-135
-448
-824
-1754
-3162
-4019
-3762
-3153
-3411
-4314
-4513
-3694
-2737
-2424
-2435
-2366
-2288
-2390
-2052
-912
254
603
469
746
1571
2465
2758
2503
2123
1968
1998
2150
2214
1804
828
-356
-1093
-1237
-1080
-1350
-2208
-3042
-3125
-2701
-2510
-2529
-2406
-2211
-2082
-1589
-685
182
669
987
1473
2263
3066
3365
3122
2802
2703
2631
2520
2370
2086
1556
970
542
188
-288
-836
-1247
-1504
-1611
-1640
-1648
-1787
-1964
-2050
-1961
-1605
-1066
-591
-265
116
633
1185
1615
1863
1943
1966
2012
2020
1977
1768
1435
998
783
970
1428
2285
3523
4216
3220
1530
506
237
-114
-395
-502
-1041
-2282
-3506
-3665
-3122
-2917
-3541
-3957
-3406
-2351
-1881
-1958
-2075
-2111
-2297
-2310
-1514
-294
352
224
284
834
1639
2084
1938
1578
1475
1647
1813
1961
1726
924
-269
-1089
-1204
-901
-896
-1485
-2100
-2165
-1724
-1523
-1606
-1684
-1480
-1116
-590
102
813
1300
1400
1531
1965
2524
2698
2479
2174
2162
2310
2236
1780
1256
770
235
-40
-228
-435
-716
-986
-1144
-1207
-1092
-1115
-1221
-1298
-1293
-1115
-821
-462
-359
-239
96
526
730
781
902
1000
1105
1212
1265
1067
709
417
217
76
-13
-118
-99
323
1604
3477
4720
3940
1969
795
713
804
643
613
118
-1295
-2996
-3489
-2908
-2800
-3748
-4457
-3780
-2366
-1515
-1658
-2123
-2403
-2570
-2535
-1822
-611
56
-30
61
730
1506
1775
1430
912
776
1059
1428
1591
1290
586
-216
-705
-720
-459
-379
-687
-1019
-933
-470
-201
-355
-600
-624
-455
-126
398
941
1234
1266
1346
1647
1965
1975
1663
1437
1563
1728
1541
1159
808
439
86
-82
-50
-71
-256
-482
-579
-528
-500
-687
-1017
-1115
-888
-669
-650
-662
-645
-606
-472
-292
-134
64
337
479
509
589
544
241
-63
-69
66
122
66
234
563
816
919
1288
2634
4525
5227
3781
2086
1528
1437
795
329
148
-795
-2749
-4231
-4056
-3355
-3568
-4484
-4437
-3169
-2003
-1944
-2286
-2228
-1990
-2003
-1712
-486
826
1116
793
1012
1633
1920
1530
896
604
757
937
929
827
284
-737
-1717
-1907
-1379
-822
-734
-857
-667
-233
66
-46
-252
-290
-34
487
1208
1869
2068
1724
1202
1081
1275
1437
1419
1355
1363
1393
1275
835
236
-339
-795
-942
-709
-403
-326
-401
-430
-407
-439
-586
-704
-598
-295
-30
109
291
397
234
-3
8
226
463
610
599
566
539
266
-141
-333
-225
-49
48
-68
-229
-185
-161
-195
4
676
1271
2006
3501
5181
5120
3221
1612
1306
1357
956
645
173
-1217
-3152
-4049
-3706
-3441
-4005
-4478
-3847
-2538
-1799
-1918
-2157
-2091
-1990
-1894
-1121
195
966
756
536
888
1238
983
299
-79
43
279
287
295
280
-126
-906
-1496
-1380
-908
-715
-847
-668
-84
425
522
294
59
118
450
796
1072
1208
1095
745
484
500
645
659
522
489
666
873
850
585
193
-59
20
284
501
575
536
447
345
149
-62
-119
-19
71
210
458
721
733
412
52
-55
58
138
232
310
296
168
-50
-248
-307
-350
-439
-299
1
157
262
382
379
359
503
633
844
1431
2152
3171
4595
5352
4141
2128
1057
737
220
-414
-759
-1572
-3242
-4819
-4955
-4336
-4380
-4843
-4410
-2912
-1469
-1071
-1457
-1586
-1203
-1035
-994
-326
704
1085
838
794
1042
1028
427
-204
-279
24
144
-13
-163
-419
-927
-1563
-1819
-1530
-1122
-964
-923
-723
-503
-342
-293
-278
-181
148
655
1160
1548
1725
1667
1418
1173
1081
1132
1232
1344
1458
1507
1424
1180
763
298
32
67
274
423
395
197
-37
-169
-208
-230
-246
-114
184
507
657
621
533
473
439
471
647
818
853
872
883
711
419
182
20
43
301
568
616
418
115
-134
-272
-347
-268
-100
-13
16
120
331
487
1075
2447
3613
2949
1046
89
316
259
-436
-730
-900
-1932
-3367
-3638
-2757
-2269
-2740
-2914
-1989
-764
-500
-1184
-1831
-1818
-1645
-1754
-1631
-1028
-608
-812
-1024
-936
-894
-1214
-1527
-1301
-694
-305
-353
-333
-191
-266
-582
-715
-316
342
826
997
1103
1143
962
645
460
481
686
1059
1365
1439
1379
1137
553
5
7
287
321
256
424
698
765
617
450
405
562
967
1508
1850
1826
1636
1464
1267
1077
962
894
874
939
1028
1030
869
508
132
-81
-78
-37
-84
-164
-225
-314
-516
-753
-880
-842
-762
-603
-318
-49
63
23
-67
-120
-42
120
265
340
441
526
486
401
497
730
942
1535
2630
3213
2281
760
158
182
-221
-868
-1134
-1472
-2349
-3177
-3212
-2840
-2929
-3334
-3184
-2365
-1720
-1775
-2160
-2315
-2163
-2124
-2227
-2023
-1438
-934
-586
-129
251
205
-138
-222
172
597
644
573
722
859
692
378
177
108
66
36
31
-3
-149
-300
-322
-283
-217
-13
404
892
1298
1553
1647
1600
1453
1341
1413
1564
1521
1356
1397
1572
1571
1400
1223
1119
1165
1261
1219
1010
690
412
273
141
-108
-330
-420
-455
-399
-305
-383
-584
-679
-647
-497
-236
6
183
363
512
500
364
194
114
160
321
483
540
462
262
-35
-334
-471
-535
-553
-457
-284
-234
-260
-183
-65
-45
-4
245
712
1513
2472
2787
1931
820
514
598
228
-361
-641
-919
-1486
-1956
-1997
-2004
-2370
-2716
-2543
-2089
-1911
-2062
-2249
-2273
-2122
-1977
-2008
-2051
-1810
-1255
-687
-335
-227
-245
-235
-128
47
152
167
299
617
824
755
618
572
521
420
357
253
29
-138
-24
180
172
-28
-113
66
320
526
728
954
1150
1280
1321
1297
1196
1004
904
1054
1289
1308
1093
893
843
818
642
359
200
262
423
525
584
599
516
411
390
413
368
294
347
571
721
606
330
154
152
179
106
14
-6
-8
-50
-148
-273
-428
-551
-593
-483
-237
-6
98
131
170
174
117
69
171
362
443
403
387
320
100
-97
-35
149
185
141
234
296
-14
-492
-707
-656
-641
-730
-822
-801
-640
-466
-395
-385
-387
-414
-509
-627
-649
-573
-570
-715
-843
-898
-1061
-1409
-1685
-1754
-1689
-1660
-1742
-1846
-1885
-1894
-1943
-2015
-2036
-1886
-1569
-1282
-1043
-753
-497
-438
-517
-515
-374
-197
-26
233
614
957
1098
1082
1075
1194
1404
1566
1669
1863
2107
2174
2063
1983
1955
1902
1877
1957
2111
2202
2103
1882
1736
1656
1428
1093
906
909
913
780
582
437
313
138
-78
-200
-165
-55
23
108
208
265
256
216
215
244
261
256
248
239
254
247
170
117
169
213
127
-66
-249
-332
-348
-427
-611
-792
-842
-791
-795
-930
-1078
-1144
-1154
-1123
-990
-741
-498
-323
-187
71
461
656
455
195
259
465
434
183
4
-98
-325
-651
-904
-1071
-1226
-1345
-1395
-1486
-1705
-1933
-2057
-2157
-2262
-2334
-2439
-2622
-2758
-2722
-2593
-2540
-2602
-2573
-2339
-2024
-1771
-1602
-1380
-977
-470
-69
241
652
1151
1525
1725
1915
2108
2156
2129
2212
2398
2449
2274
2096
2015
1908
1708
1548
1512
1551
1632
1761
1870
1875
1782
1701
1702
1756
1788
1784
1822
1933
2021
2001
1874
1694
1508
1382
1286
1188
1078
900
654
444
283
-27
-464
-772
-835
-817
-902
-1040
-1045
-911
-897
-1060
-1174
-1102
-954
-862
-774
-632
-501
-454
-440
-359
-238
-194
-192
-104
11
2
-93
-166
-234
-329
-436
-529
-662
-862
-1078
-1200
-1254
-1385
-1552
-1634
-1626
-1629
-1612
-1495
-1295
-1027
-652
-303
-241
-399
-433
-248
-90
-72
-79
-71
-89
-182
-337
-505
-566
-513
-553
-766
-968
-1006
-1011
-1101
-1131
-1009
-982
-1184
-1304
-1083
-721
-598
-740
-817
-648
-408
-287
-192
3
275
525
680
818
1011
1200
1318
1443
1593
1682
1681
1663
1718
1760
1720
1638
1578
1559
1559
1566
1592
1615
1573
1481
1368
1261
1199
1253
1411
1451
1307
1166
1157
1191
1221
1262
1228
1119
1025
909
686
452
317
251
169
34
-124
-261
-388
-543
-665
-702
-729
-813
-858
-788
-709
-765
-913
-1004
-1011
-1058
-1187
-1279
-1240
-1164
-1159
-1153
-1098
-1075
-1154
-1238
-1245
-1221
-1207
-1159
-1010
-849
-776
-767
-752
-699
-618
-544
-450
-317
-208
-171
-186
-181
-157
-151
-147
-127
-115
-98
-41
19
88
222
331
248
19
-71
54
154
121
128
233
263
146
-1
-69
-55
7
46
-14
-144
-204
-175
-155
-174
-209
-254
-333
-429
-464
-417
-413
-491
-534
-487
-439
-413
-347
-209
-49
83
201
361
570
762
907
1018
1095
1177
1262
1280
1249
1268
1350
1441
1463
1378
1285
1259
1248
1178
1069
1017
1038
1067
1052
987
897
765
615
497
412
338
251
143
9
-114
-264
-514
-765
-873
-875
-879
-911
-958
-1004
-1043
-1064
-1062
-1041
-966
-842
-687
-524
-370
-226
-166
-183
-160
-65
15
50
83
124
118
29
-100
-166
-175
-227
-277
-236
-139
-146
-289
-391
-367
-320
-383
-476
-449
-349
-315
-361
-418
-427
-378
-352
-385
-394
-346
-306
-273
-221
-144
-90
-69
-62
-26
58
140
275
488
624
543
363
279
290
318
381
495
552
463
298
174
122
148
213
198
60
-79
-111
-97
-121
-206
-349
-502
-590
-552
-436
-350
-331
-333
-309
-263
-235
-223
-158
-13
135
173
133
126
159
142
37
-53
-60
-48
-114
-228
-301
-307
-302
-353
-412
-385
-281
-186
-103
8
150
283
364
439
573
742
853
928
1011
1066
1061
1003
958
930
865
746
640
620
610
554
494
426
334
273
280
325
322
259
194
209
260
236
166
117
109
76
24
-12
-11
-12
-79
-164
-248
-311
-398
-523
-645
-722
-780
-901
-1019
-1066
-1057
-1059
-1048
-943
-764
-612
-540
-439
-267
-99
-7
35
114
209
289
377
472
493
400
289
244
242
223
208
217
216
173
107
69
87
207
384
490
401
187
77
110
139
107
108
144
121
9
-134
-245
-305
-333
-424
-605
-798
-920
-997
-1091
-1160
-1213
-1349
-1589
-1767
-1813
-1794
-1785
-1736
-1584
-1410
-1270
-1102
-866
-658
-522
-351
-69
219
399
533
705
863
954
987
1023
1052
1041
1010
1031
1069
1020
920
880
937
1011
1029
1021
1049
1118
1168
1162
1174
1252
1349
1421
1447
1431
1419
1444
1488
1476
1380
1275
1172
1059
979
941
878
745
563
373
189
42
-51
-143
-240
-337
-436
-525
-605
-704
-801
-851
-849
-825
-820
-855
-912
-935
-913
-899
-915
-894
-780
-624
-508
-457
-432
-397
-378
-386
-401
-402
-370
-294
-231
-246
-324
-395
-433
-502
-635
-740
-734
-664
-633
-664
-723
-779
-824
-850
-814
-710
-600
-514
-407
-299
-244
-234
-235
-205
-57
225
459
427
201
83
155
185
94
79
199
257
122
-106
-256
-243
-154
-137
-238
-390
-477
-499
-517
-513
-458
-423
-470
-474
-330
-148
-71
-44
45
141
176
204
327
518
640
647
626
634
621
585
568
602
683
751
758
724
727
800
887
936
918
881
921
1013
1072
1078
1093
1126
1116
1067
1019
1007
993
964
928
882
802
650
508
490
538
445
225
87
61
26
-48
-124
-199
-237
-243
-305
-427
-497
-490
-492
-536
-621
-700
-743
-772
-804
-831
-862
-895
-908
-893
-847
-793
-753
-726
-694
-651
-597
-526
-446
-380
-350
-373
-437
-456
-420
-403
-459
-532
-557
-561
-588
-628
-632
-611
-607
-648
-680
-638
-553
-485
-452
-419
-348
-237
-118
-10
81
155
232
287
313
368
463
515
515
524
562
616
685
776
814
689
496
409
402
334
265
305
367
304
136
-19
-89
-89
-60
-79
-158
-242
-261
-223
-201
-202
-186
-164
-205
-269
-312
-339
-364
-372
-376
-419
-470
-470
-383
-246
-162
-163
-162
-76
53
152
236
348
491
627
703
719
751
815
882
924
913
867
840
854
855
787
687
615
567
522
484
490
518
499
422
354
380
463
501
470
419
385
309
191
101
97
167
194
111
-22
-99
-107
-111
-147
-200
-219
-230
-274
-341
-409
-468
-552
-633
-671
-678
-690
-702
-692
-652
-643
-711
-773
-759
-706
-690
-685
-637
-583
-537
-507
-476
-427
-365
-303
-238
-189
-176
-177
-163
-147
-145
-172
-234
-265
-219
-135
-86
-56
-31
-35
-71
-80
-34
12
51
90
144
182
205
242
264
248
241
263
264
267
345
492
537
372
137
40
27
-45
-111
-67
-9
-65
-196
-310
-357
-350
-308
-290
-323
-373
-407
-439
-470
-454
-414
-409
-447
-436
-371
-312
-259
-203
-151
-110
-51
29
141
287
411
473
508
548
601
690
777
841
888
939
998
1012
956
886
884
906
852
743
677
645
571
464
404
432
471
449
389
382
445
475
421
362
334
318
306
292
289
318
339
257
89
-66
-159
-212
-268
-344
-438
-510
-542
-575
-656
-767
-824
-813
-793
-787
-799
-784
-716
-651
-623
-588
-516
-417
-328
-269
-209
-155
-118
-103
-96
-68
-36
-14
7
15
-30
-99
-146
-161
-174
-199
-248
-296
-318
-318
-317
-338
-333
-319
-333
-356
-365
-325
-268
-222
-214
-214
-184
-145
-92
-35
-9
-15
-30
-35
-19
-4
-16
-39
-34
-20
-54
-121
-144
-48
105
171
109
24
44
96
105
140
245
341
342
308
276
261
243
211
194
170
124
79
60
67
93
93
57
13
-6
9
57
128
189
192
135
73
71
100
114
128
174
237
266
250
207
207
274
339
325
257
238
270
305
366
461
519
530
526
503
468
512
640
722
737
723
668
569
483
433
391
361
300
175
49
-6
-33
-65
-87
-133
-208
-268
-305
-313
-310
-346
-427
-495
-517
-513
-523
-546
-554
-554
-570
-589
-589
-559
-499
-439
-382
-330
-287
-278
-299
-283
-215
-183
-212
-249
-273
-316
-382
-424
-418
-399
-441
-528
-566
-529
-478
-443
-403
-355
-290
-214
-167
-114
-17
81
128
171
255
349
390
373
376
410
418
371
332
339
337
300
223
141
63
-2
-46
-67
-68
-88
-123
-162
-189
-199
-215
-267
-312
-305
-271
-209
-134
-75
-50
-33
-19
-13
42
132
219
272
292
323
340
306
277
306
347
342
317
311
311
274
220
190
190
188
172
184
211
228
218
197
195
197
206
210
219
243
271
267
235
195
177
181
183
167
136
112
96
60
-21
-87
-114
-127
-142
-148
-139
-138
-166
-197
-214
-215
-196
-185
-197
-197
-162
-116
-103
-124
-136
-111
-57
12
85
131
134
126
127
158
199
226
261
294
294
273
258
239
211
196
183
183
179
167
155
128
91
36
-14
-60
-89
-99
-136
-203
-252
-273
-310
-368
-409
-422
-409
-400
-393
-373
-362
-376
-387
-373
-344
-309
-297
-292
-278
-271
-278
-289
-313
-351
-371
-382
-383
-355
-301
-279
-276
-274
-259
-223
-210
-211
-207
-168
-114
-78
-46
-6
27
37
56
81
98
100
96
85
84
96
101
90
81
81
90
110
121
130
157
202
237
244
234
241
266
286
286
272
263
262
249
208
162
136
118
97
72
52
44
58
82
78
61
62
108
169
203
254
304
314
310
307
297
296
309
306
315
343
350
325
303
295
274
257
254
270
297
299
264
241
241
239
207
176
174
201
239
249
243
259
282
272
246
261
329
379
366
318
289
263
211
151
89
41
-5
-61
-124
-192
-272
-364
-436
-489
-541
-597
-643
-659
-676
-728
-792
-830
-854
-876
-888
-888
-865
-831
-808
-797
-801
-808
-824
-821
-801
-763
-708
-651
-596
-545
-494
-445
-399
-374
-322
-224
-129
-68
-23
26
76
123
155
195
241
277
292
310
333
351
369
380
383
388
406
421
417
411
398
376
345
329
338
345
340
315
294
279
256
232
220
201
176
158
147
138
132
132
146
163
176
178
182
178
172
170
174
186
192
199
207
217
225
223
212
197
186
194
222
251
270
265
252
246
250
241
206
188
199
217
231
230
220
223
215
190
171
168
185
202
219
242
271
284
260
220
179
164
165
157
143
123
84
29
-27
-80
-105
-127
-152
-192
-230
-269
-313
-345
-381
-414
-447
-479
-493
-483
-472
-479
-489
-497
-502
-476
-432
-402
-381
-367
-362
-360
-354
-332
-320
-328
-342
-351
-338
-344
-384
-434
-477
-494
-503
-517
-525
-520
-507
-497
-495
-487
-477
-478
-473
-441
-381
-327
-282
-221
-151
-95
-73
-49
-3
48
116
191
254
304
355
403
431
443
479
529
553
568
596
632
665
682
689
698
705
693
667
662
668
655
642
604
560
534
512
483
443
422
393
347
291
240
214
184
139
87
36
-17
-63
-94
-120
-156
-202
-243
-268
-280
-281
-266
-246
-251
-274
-295
-292
-270
-263
-268
-273
-284
-306
-335
-350
-328
-288
-264
-245
-222
-192
-151
-105
-42
29
97
158
218
298
367
399
407
420
451
469
473
470
447
419
394
373
333
278
220
181
157
130
95
53
26
-7
-55
-101
-130
-155
-182
-201
-216
-245
-295
-350
-393
-413
-430
-447
-458
-478
-497
-506
-520
-538
-546
-563
-563
-531
-483
-438
-416
-408
-408
-399
-396
-400
-391
-353
-298
-260
-266
-262
-236
-222
-205
-181
-145
-90
-19
46
103
165
215
255
294
342
406
473
511
521
542
574
585
567
544
533
514
497
482
455
422
368
294
230
171
122
81
38
-8
-39
-58
-96
-139
-165
-184
-222
-237
-227
-210
-192
-186
-185
-179
-175
-178
-172
-143
-105
-80
-64
-53
-46
-37
-31
-36
-33
-7
24
50
72
103
141
173
204
248
306
358
399
427
445
472
495
512
519
517
519
513
494
459
423
413
408
369
316
284
263
216
151
98
63
38
-17
-74
-111
-124
-158
-223
-283
-337
-376
-386
-396
-429
-462
-487
-510
-536
-562
-575
-566
-567
-571
-565
-541
-521
-511
-494
-471
-443
-417
-384
-341
-297
-269
-249
-225
-200
-178
-173
-161
-125
-84
-62
-46
-23
-6
11
25
45
69
105
139
158
173
187
194
192
190
194
190
179
174
168
150
117
81
49
35
27
18
3
-5
7
28
41
31
11
-1
9
36
70
98
101
100
108
113
116
119
121
125
126
134
152
166
160
152
155
170
170
168
184
220
246
253
256
258
271
286
305
327
348
363
365
345
324
321
329
327
303
277
251
231
203
168
135
105
72
27
-18
-47
-76
-113
-155
-205
-241
-266
-301
-351
-376
-373
-371
-372
-376
-377
-368
-361
-366
-372
-357
-345
-354
-355
-339
-322
-312
-307
-302
-309
-313
-317
-301
-266
-236
-203
-176
-147
-126
-99
-81
-74
-71
-50
-20
11
32
40
43
47
45
37
45
66
67
59
72
87
87
75
66
83
125
147
152
157
165
148
123
110
101
97
98
127
167
192
179
138
137
177
192
185
195
229
264
260
238
226
226
213
191
187
187
175
151
124
101
73
52
47
49
42
25
12
14
5
-11
-31
-46
-47
-47
-57
-70
-70
-54
-57
-87
-121
-134
-126
-124
-127
-134
-143
-142
-139
-134
-122
-105
-90
-76
-61
-53
-38
-15
6
30
60
84
99
103
102
107
107
92
79
84
87
71
52
38
16
-7
-37
-66
-94
-118
-135
-143
-156
-181
-221
-249
-246
-240
-248
-253
-254
-254
-261
-286
-310
-296
-285
-291
-292
-290
-275
-262
-255
-240
-223
-204
-189
-166
-124
-107
-113
-115
-92
-57
-32
-9
24
81
125
156
183
208
242
271
308
352
387
429
470
497
509
520
527
536
539
537
554
566
556
531
493
440
401
383
375
355
323
290
248
200
147
100
66
47
28
-5
-30
-45
-61
-94
-140
-180
-208
-231
-258
-268
-278
-299
-318
-338
-355
-370
-389
-394
-384
-366
-344
-336
-327
-309
-290
-269
-239
-210
-205
-199
-181
-166
-146
-127
-115
-97
-79
-73
-65
-50
-26
-3
8
25
40
32
20
9
-4
-17
-27
-23
-21
-27
-52
-74
-84
-93
-98
-97
-81
-75
-78
-88
-87
-85
-83
-86
-87
-80
-79
-77
-78
-63
-31
-14
-20
-21
0
26
49
78
104
113
120
127
128
149
161
163
169
179
194
191
187
184
185
200
206
201
204
213
225
230
227
237
252
250
243
245
252
249
228
205
186
170
156
134
121
120
117
88
37
-7
-39
-70
-100
-138
-169
-179
-179
-185
-211
-228
-229
-220
-204
-188
-173
-147
-120
-92
-74
-57
-40
-33
-12
11
15
4
2
12
14
2
-29
-43
-36
-44
-64
-89
-108
-120
-129
-143
-150
-145
-135
-125
-122
-119
-112
-107
-103
-92
-69
-36
7
36
50
67
84
92
91
91
100
121
130
121
107
102
87
61
35
15
12
10
3
-7
-20
-29
-43
-57
-59
-58
-56
-49
-49
-43
-36
-28
-20
-8
3
10
16
12
13
24
43
55
51
35
10
-9
-8
-10
-14
-25
-33
-44
-58
-82
-95
-87
-81
-76
-76
-66
-52
-49
-55
-57
-50
-33
-21
-10
15
43
50
41
30
29
38
40
54
74
82
71
47
26
17
8
-1
-13
-17
-20
-29
-35
-45
-58
-64
-66
-62
-60
-52
-40
-39
-33
-31
-25
-13
5
20
43
64
74
79
89
107
125
142
154
171
186
193
200
209
208
207
195
187
193
182
163
152
157
164
155
138
126
113
113
114
110
113
94
74
49
22
7
-3
-23
-47
-71
-82
-88
-105
-123
-141
-144
-151
-151
-153
-148
-138
-138
-155
-171
-174
-178
-179
-187
-180
-167
-160
-174
-185
-178
-167
-167
-169
-162
-158
-162
-176
-176
-166
-154
-149
-147
-136
-125
-119
-108
-91
-64
-38
-31
-26
-17
-7
2
14
28
36
39
37
28
30
36
38
31
21
9
2
2
5
18
25
25
33
46
58
67
75
99
117
134
151
166
174
176
188
205
205
189
180
185
192
181
167
159
147
137
119
110
112
105
95
93
84
66
53
38
26
24
25
20
21
17
12
16
11
-1
-8
-8
-6
-11
-23
-37
-50
-61
-83
-86
-88
-98
-109
-110
-108
-104
-107
-108
-90
-84
-80
-77
-75
-63
-53
-49
-38
-24
-16
-7
-1
8
25
40
47
53
64
75
81
94
111
122
117
111
106
97
83
63
48
41
24
-6
-35
-62
-85
-108
-139
-155
-164
-180
-204
-224
-228
-230
-231
-226
-212
-199
-189
-186
-171
-166
-169
-172
-158
-133
-114
-97
-90
-79
-80
-83
-79
-67
-48
-44
-32
-18
0
14
18
35
66
95
117
140
175
214
231
244
255
262
279
299
322
336
332
315
304
298
292
280
271
263
255
232
197
159
123
86
45
11
-14
-33
-56
-78
-113
-147
-167
-183
-196
-208
-204
-205
-197
-195
-189
-175
-172
-176
-172
-146
-117
-92
-78
-65
-53
-39
-35
-23
1
27
46
56
63
62
52
42
37
33
34
30
27
34
32
14
-14
-36
-37
-23
-10
-5
6
18
22
18
10
6
1
3
1
4
12
13
-2
-25
-54
-83
-107
-129
-141
-135
-132
-147
-171
-199
-212
-206
-190
-167
-137
-110
-97
-86
-75
-58
-46
-39
-25
-1
17
24
22
23
26
19
15
29
50
72
86
88
98
107
111
116
127
130
137
156
177
185
186
187
195
207
216
221
230
234
232
227
218
208
197
179
177
177
173
160
141
121
101
86
69
49
28
10
-11
-29
-44
-65
-79
-94
-108
-116
-126
-131
-138
-145
-154
-161
-164
-172
-181
-192
-198
-205
-209
-211
-212
-204
-192
-191
-188
-171
-156
-160
-156
-131
-118
-115
-112
-103
-90
-83
-81
-69
-45
-35
-37
-29
-16
-7
0
9
19
24
29
22
18
22
30
40
46
57
67
63
57
56
62
63
56
52
62
67
62
58
62
70
64
53
47
51
56
56
47
43
41
42
47
61
69
66
62
53
46
33
22
21
25
23
14
14
12
7
9
6
-2
3
12
19
17
14
23
31
37
33
31
38
43
41
42
39
36
30
30
30
27
26
20
17
16
7
0
-1
-9
-8
-3
1
12
17
16
12
10
15
25
34
38
38
40
33
22
12
0
-10
-12
-14
-21
-27
-30
-45
-60
-70
-84
-92
-99
-98
-91
-89
-84
-88
-98
-109
-115
-120
-107
-99
-90
-73
-66
-61
-62
-57
-48
-43
-32
-15
-2
3
-4
-3
4
-2
2
12
21
32
33
35
36
32
33
34
43
58
69
67
76
84
86
90
95
97
107
115
120
121
114
114
116
111
107
101
98
90
80
75
63
43
24
3
-12
-26
-41
-55
-67
-86
-102
-113
-128
-139
-144
-150
-154
-153
-158
-154
-157
-156
-153
-148
-138
-123
-110
-107
-110
-107
-100
-97
-94
-84
-75
-68
-60
-64
-63
-63
-65
-68
-63
-49
-33
-11
1
9
28
49
71
92
120
153
169
181
191
204
213
210
211
209
209
200
190
176
156
128
98
85
80
70
59
51
43
36
23
9
8
12
11
8
6
6
0
-13
-24
-23
-25
-33
-38
-34
-25
-24
-28
-35
-29
-20
-17
-13
-3
7
19
18
15
12
7
2
13
25
28
34
45
52
57
59
60
61
68
78
85
98
106
100
89
78
64
45
27
13
-2
-14
-31
-56
-74
-93
-112
-129
-141
-149
-164
-175
-182
-182
-187
-197
-195
-193
-192
-191
-187
-175
-167
-164
-164
-163
-160
-153
-153
-150
-143
-142
-140
-138
-126
-117
-110
-106
-98
-87
-78
-68
-62
-51
-43
-36
-36
-37
-36
-28
-15
-2
18
37
49
55
61
70
85
103
114
128
147
156
161
174
183
181
174
171
174
174
174
175
176
172
165
161
159
162
158
153
158
168
176
180
181
187
191
194
201
200
197
193
192
189
176
164
157
150
140
131
123
109
91
83
74
63
55
38
21
5
-13
-35
-51
-70
-89
-112
-135
-148
-159
-172
-189
-200
-212
-226
-237
-247
-251
-253
-247
-247
-248
-244
-243
-238
-232
-227
-217
-203
-197
-190
-181
-176
-169
-165
-153
-145
-139
-136
-130
-112
-106
-101
-98
-88
-74
-68
-50
-38
-22
-8
6
16
29
37
45
53
58
65
71
81
87
93
95
96
92
90
90
83
90
94
90
86
74
65
67
73
71
67
69
66
65
62
64
66
67
74
78
79
78
92
100
108
109
107
111
104
109
112
113
104
97
99
103
104
101
103
102
107
98
86
81
74
73
68
60
52
43
26
7
-9
-18
-31
-43
-49
-55
-61
-70
-78
-85
-88
-89
-90
-88
-79
-75
-76
-79
-81
-83
-88
-92
-90
-87
-81
-80
-81
-82
-88
-96
-103
-101
-99
-98
-98
-95
-91
-90
-89
-88
-80
-75
-68
-56
-40
-35
-35
-25
-14
-8
5
10
19
29
33
38
38
37
39
43
48
50
49
55
58
51
49
46
43
37
31
32
35
40
43
43
47
56
53
46
48
58
65
68
64
64
66
67
66
66
67
68
71
74
73
65
54
45
38
42
39
34
33
33
25
10
9
2
-5
-12
-20
-20
-20
-23
-35
-41
-48
-59
-67
-77
-74
-69
-72
-81
-90
-93
-97
-106
-110
-107
-110
-108
-108
-115
-114
-111
-116
-118
-107
-102
-98
-88
-85
-79
-71
-68
-67
-51
-37
-32
-23
-7
5
11
21
28
36
50
56
61
72
78
76
83
86
92
94
92
93
93
95
95
99
101
103
94
91
94
97
97
97
103
106
114
112
112
114
108
96
87
79
74
66
55
47
40
31
18
0
-14
-30
-42
-52
-59
-58
-71
-81
-93
-102
-106
-116
-123
-122
-120
-118
-112
-110
-100
-95
-90
-79
-69
-53
-42
-35
-29
-20
-14
-1
8
15
25
31
35
41
43
53
56
58
61
59
65
69
70
72
73
70
69
68
66
65
63
58
53
49
40
32
23
16
13
8
-2
-8
-19
-22
-31
-47
-53
-62
-74
-86
-96
-98
-101
-111
-116
-123
-130
-131
-135
-142
-145
-139
-135
-134
-127
-121
-109
-109
-106
-96
-88
-80
-73
-61
-49
-34
-23
-15
-2
14
20
22
33
53
65
69
75
86
95
104
112
115
125
141
144
147
153
154
141
133
128
127
129
125
115
107
115
104
90
85
80
82
78
66
62
60
50
42
33
24
9
-8
-14
-20
-25
-36
-50
-57
-70
-77
-85
-88
-75
-82
-87
-86
-77
-73
-78
-79
-76
-64
-56
-43
-34
-16
1
7
15
22
31
32
36
42
45
52
56
58
55
50
39
29
23
20
15
12
8
3
-7
-17
-24
-32
-36
-29
-27
-46
-51
-55
-59
-56
-64
-60
-51
-47
-54
-50
-46
-52
-58
-61
-55
-54
-52
-53
-53
-53
-57
-63
-65
-62
-60
-53
-51
-50
-48
-43
-43
-42
-34
-25
-14
-10
-8
1
3
4
10
16
21
28
35
42
48
56
65
71
73
68
63
68
75
78
87
92
90
86
77
70
67
61
60
61
59
56
52
46
47
49
47
47
43
41
35
35
32
30
29
18
13
5
-3
-7
-13
-18
-17
-25
-30
-35
-39
-48
-50
-47
-51
-57
-55
-57
-63
-67
-70
-72
-72
-68
-61
-49
-47
-45
-41
-35
-35
-37
-30
-27
-21
-13
-6
2
6
5
11
15
20
23
28
40
43
50
55
52
49
47
43
43
52
55
54
56
52
50
43
33
26
22
16
12
9
9
8
2
0
-3
-8
-14
-22
-24
-26
-33
-42
-50
-49
-51
-63
-68
-67
-70
-70
-71
-71
-62
-61
-66
-62
-52
-40
-34
-32
-27
-20
-14
-7
1
6
14
19
25
36
45
48
53
54
58
61
54
57
57
57
52
50
49
40
35
31
28
24
18
7
5
5
3
2
0
-1
-7
-13
-20
-22
-24
-22
-22
-20
-21
-29
-34
-38
-37
-40
-43
-46
-46
-44
-49
-56
-59
-52
-50
-46
-36
-27
-22
-14
-4
2
9
6
6
11
17
20
25
33
41
44
38
42
54
66
73
72
75
78
74
70
68
69
70
65
65
65
65
64
57
48
42
34
24
21
22
26
23
12
8
12
8
0
-4
-6
-11
-19
-23
-25
-32
-43
-51
-56
-60
-61
-69
-80
-85
-88
-90
-94
-96
-90
-82
-79
-73
-68
-62
-60
-57
-55
-46
-37
-34
-29
-21
-19
-20
-21
-14
-6
-1
0
3
15
17
19
22
21
22
22
22
16
14
14
11
7
9
8
3
6
5
7
9
15
21
24
29
36
39
43
40
36
31
33
40
37
37
32
30
29
28
22
15
16
13
11
13
14
10
8
1
0
-4
-7
1
9
6
-5
-10
-7
0
2
1
4
8
9
10
9
18
18
14
11
10
13
13
17
20
17
18
17
18
20
20
18
20
24
25
24
22
21
18
13
4
0
-7
-7
-4
-2
4
0
-4
-3
1
-11
-19
-19
-18
-17
-20
-20
-26
-28
-32
-38
-40
-32
-33
-34
-33
-31
-33
-42
-45
-48
-41
-36
-35
-31
-33
-31
-31
-27
-20
-19
-18
-19
-25
-32
-37
-35
-37
-43
-48
-52
-53
-57
-57
-61
-60
-61
-63
-54
-53
-52
-50
-41
-39
-35
-32
-29
-23
-17
-5
3
19
28
31
37
41
54
63
71
80
87
93
100
98
103
112
114
117
120
128
129
125
125
121
118
112
108
111
106
101
93
93
94
86
80
73
66
63
56
49
42
30
19
12
0
-8
-20
-30
-36
-53
-66
-76
-82
-84
-90
-102
-106
-112
-120
-125
-125
-126
-132
-134
-135
-134
-131
-128
-122
-116
-114
-113
-109
-92
-91
-83
-73
-64
-53
-49
-39
-36
-27
-16
-3
4
11
19
25
31
32
35
42
42
48
54
57
61
63
65
64
64
66
67
72
70
67
57
53
53
48
40
31
33
34
28
22
18
11
7
2
1
5
7
6
2
2
-3
-5
-9
-12
-8
-2
1
2
5
4
5
-2
-4
-1
1
0
1
9
2
-3
1
3
4
2
3
10
10
7
9
6
4
2
-3
-2
-1
-3
-1
0
0
-3
-15
-24
-25
-22
-23
-17
-13
-13
-13
-11
-13
-16
-22
-27
-26
-23
-17
-14
-10
-6
-7
-7
-6
-3
2
0
1
4
3
7
7
4
5
9
4
8
10
18
15
10
11
7
12
11
7
5
6
1
3
5
7
6
-1
-1
1
7
2
5
7
9
9
5
1
1
6
-4
-5
-3
-5
-4
-5
-3
-5
-7
-6
-5
1
0
4
5
7
12
8
9
13
23
29
32
39
41
41
39
34
33
36
32
31
36
43
39
33
27
20
19
13
10
10
7
0
-14
-23
-26
-31
-40
-47
-53
-54
-56
-68
-65
-70
-72
-69
-70
-71
-73
-71
-76
-74
-74
-75
-72
-68
-62
-65
-68
-70
-61
-55
-54
-51
-47
-39
-33
-28
-21
-19
-18
-6
2
0
6
27
36
40
42
49
54
56
59
64
78
80
82
90
98
100
99
101
100
99
103
102
96
94
91
86
80
77
76
71
60
54
47
39
27
18
14
6
2
-5
-12
-14
-22
-28
-30
-37
-37
-43
-47
-52
-55
-54
-59
-60
-61
-62
-61
-61
-67
-73
-71
-67
-63
-66
-68
-63
-60
-55
-41
-28
-34
-26
-18
-7
3
8
21
30
38
35
46
58
57
57
55
56
57
56
59
56
66
69
59
57
52
46
45
40
37
36
26
23
17
15
13
-1
-11
-19
-19
-25
-34
-34
-42
-46
-58
-66
-68
-70
-71
-74
-79
-81
-81
-83
-80
-76
-81
-80
-76
-71
-63
-62
-56
-49
-47
-40
-35
-35
-30
-35
-37
-27
-21
-16
-13
-10
-5
-11
-9
-9
-10
-3
2
10
15
22
29
31
38
37
42
46
50
55
55
54
53
50
49
49
48
49
46
49
54
53
53
54
50
52
57
55
56
59
59
55
55
49
47
49
51
55
51
57
54
50
53
47
46
38
37
33
30
29
21
20
21
11
5
0
-11
-9
-7
-12
-12
-16
-20
-29
-29
-31
-40
-45
-50
-56
-53
-52
-55
-52
-51
-47
-47
-41
-45
-40
-38
-44
-41
-40
-37
-36
-41
-42
-32
-36
-38
-38
-38
-28
-31
-30
-20
-20
-17
-20
-20
-17
-16
-20
-16
-10
-9
-9
-5
0
-1
1
4
0
0
0
-6
-9
-14
-18
-15
-19
-22
-29
-34
-31
-33
-36
-41
-40
-41
-38
-32
-34
-28
-23
-23
-21
-16
-12
-6
-2
-1
4
7
12
10
16
28
28
30
35
37
37
39
44
56
63
67
72
72
82
85
81
83
83
87
90
90
85
81
79
75
71
66
66
63
59
56
51
46
35
27
20
16
7
-2
-1
-4
-11
-15
-26
-32
-38
-47
-47
-49
-53
-58
-66
-71
-72
-79
-85
-84
-81
-81
-83
-80
-79
-74
-73
-69
-63
-58
-49
-42
-34
-34
-27
-23
-17
-7
1
8
11
13
16
23
33
37
37
42
46
47
49
51
52
53
56
59
53
48
41
40
35
31
29
29
30
23
16
13
7
5
-2
-8
-10
-14
-24
-29
-27
-31
-33
-37
-40
-38
-38
-41
-36
-36
-35
-36
-38
-36
-35
-33
-30
-21
-16
-15
-11
-7
-5
-1
4
8
9
13
14
19
23
20
21
23
24
23
17
14
15
12
11
8
4
5
3
3
2
2
-3
-8
-9
-13
-17
-21
-18
-14
-13
-11
-14
-7
-2
-2
-1
0
2
5
9
10
13
11
11
9
6
8
0
-7
-9
-11
-8
-6
-5
-11
-12
-9
-12
-9
0
4
7
7
8
7
8
9
6
7
12
12
13
13
15
19
18
17
18
15
11
4
0
-4
-6
-6
-5
-4
-5
-6
-4
1
1
-2
-1
-2
-5
-4
-2
2
6
7
7
8
15
16
19
25
29
34
35
37
42
42
38
30
30
31
35
30
25
24
29
29
30
34
34
32
27
27
25
23
16
18
16
14
13
6
2
-6
-10
-11
-18
-24
-28
-28
-34
-38
-45
-48
-46
-52
-59
-65
-68
-74
-72
-71
-78
-79
-75
-74
-75
-78
-73
-68
-67
-60
-59
-53
-43
-42
-44
-38
-34
-27
-27
-26
-21
-20
-20
-20
-15
-17
-16
-9
-9
-8
-3
-5
-6
2
7
11
9
9
15
14
17
25
33
41
40
46
46
51
53
53
59
61
63
66
70
70
73
67
67
69
69
64
67
61
59
61
56
61
58
54
51
46
43
41
37
31
32
24
17
17
14
12
17
11
6
2
-8
-9
-16
-23
-18
-19
-20
-20
-21
-25
-28
-24
-22
-20
-20
-18
-21
-19
-21
-24
-20
-27
-28
-27
-34
-30
-29
-30
-33
-31
-27
-32
-35
-34
-33
-33
-33
-34
-33
-33
-41
-42
-35
-36
-32
-34
-28
-22
-24
-20
-17
-10
-8
-2
-5
-5
-3
-1
1
1
2
4
4
4
9
11
10
13
13
16
17
14
17
20
21
20
21
18
17
14
10
10
11
7
6
5
5
-2
-10
-10
0
4
-2
-6
-6
-5
-8
-16
-22
-19
-21
-22
-19
-18
-17
-20
-22
-22
-18
-18
-18
-16
-11
-9
-4
-1
7
9
6
10
17
26
29
30
35
42
42
41
38
42
37
30
31
30
33
34
31
29
28
27
24
20
18
13
5
-6
-7
-5
-11
-16
-14
-13
-12
-12
-11
-14
-15
-16
-13
-13
-17
-19
-22
-23
-28
-34
-30
-26
-25
-19
-21
-18
-15
-13
-8
-10
-3
-1
1
4
3
7
13
17
16
24
33
32
40
48
50
44
54
60
55
55
48
51
47
39
37
38
34
25
22
22
19
10
4
-3
-5
-8
-12
-15
-17
-21
-23
-23
-23
-27
-33
-32
-37
-36
-38
-41
-44
-51
-48
-44
-46
-47
-45
-47
-50
-50
-49
-49
-47
-47
-46
-38
-35
-34
-35
-38
-37
-33
-28
-26
-18
-9
-7
-3
-1
2
7
7
6
12
16
9
4
12
10
11
11
11
18
19
10
10
19
20
7
2
4
2
-2
-6
-1
-1
-2
-3
-8
-3
1
1
2
6
10
12
11
16
19
18
19
17
20
14
13
16
11
15
17
19
19
21
23
23
24
27
30
32
36
36
38
41
48
45
44
50
46
47
46
45
46
45
39
37
35
28
30
37
37
38
37
31
29
21
13
5
-2
0
-2
-8
-8
-11
-19
-25
-30
-29
-31
-31
-31
-36
-40
-40
-44
-45
-50
-56
-54
-52
-45
-44
-45
-47
-47
-46
-46
-44
-40
-32
-36
-29
-32
-30
-28
-28
-26
-26
-21
-22
-21
-18
-15
-16
-15
-13
-9
-10
-8
-6
-8
-7
-7
-12
-16
-20
-22
-22
-20
-21
-17
-11
-11
-16
-17
-18
-15
-12
-16
-14
-16
-16
-18
-17
-17
-17
-13
-11
-4
3
8
16
21
27
27
30
29
31
35
42
51
51
53
57
60
58
59
63
66
67
64
67
68
71
64
58
58
