17
16
11
9
0
-7
-12
-14
-9
-10
-9
-7
-6
-2
-7
-6
-8
-16
-16
-20
-18
-16
-20
-23
-19
-17
-15
-14
-17
-21
-21
-23
-26
-23
-21
-28
-34
-43
-48
-48
-45
-41
-40
-46
-47
-47
-37
-28
-25
-23
-26
-38
-45
-41
-43
-41
-42
-38
-40
-41
-38
-41
-43
-38
-35
-31
-29
-27
-28
-29
-24
-19
-16
-12
-5
0
10
5
4
-1
-1
4
1
-2
-2
5
12
9
9
13
11
13
19
20
22
22
23
24
22
17
13
27
27
20
36
36
18
8
12
19
17
13
12
15
17
18
23
29
23
22
30
34
41
41
38
31
21
22
31
35
37
45
51
51
50
50
53
56
56
55
50
43
40
34
29
28
28
33
27
16
3
-4
1
4
6
12
13
16
16
11
4
-4
-3
-2
1
7
11
4
-5
-9
-23
-32
-24
-34
-43
-39
-41
-37
-40
-39
-30
-33
-41
-40
-38
-40
-43
-38
-30
-27
-29
-33
-29
-34
-34
-32
-27
-21
-10
-1
-2
-2
-6
-17
-30
-32
-32
-28
-21
-25
-29
-33
-36
-41
-40
-39
-36
-30
-30
-32
-34
-37
-34
-36
-35
-29
-28
-18
-14
-12
-12
-14
-14
-6
-6
-4
-1
1
11
8
11
15
17
16
15
13
9
19
16
18
21
23
28
36
43
42
43
35
27
20
22
25
26
27
20
21
19
11
4
5
6
6
11
12
12
18
21
14
10
7
6
9
17
19
20
23
17
14
10
8
6
6
2
4
1
5
12
16
22
21
9
11
14
19
29
34
39
32
25
27
30
33
33
28
22
19
16
18
17
8
7
7
6
5
9
10
4
4
5
0
-7
-11
-18
-22
-23
-34
-31
-25
-14
-14
-9
0
-2
-3
-6
-4
4
8
10
14
9
3
-7
-11
-2
2
-4
-10
-7
-6
-9
-22
-32
-30
-22
-13
-12
-15
-16
-20
-24
-28
-33
-31
-33
-35
-38
-43
-49
-55
-58
-52
-47
-52
-49
-45
-38
-35
-37
-35
-38
-38
-36
-38
-37
-37
-40
-41
-41
-44
-44
-34
-27
-22
-22
-18
-4
2
7
17
27
34
38
37
35
34
26
19
16
13
13
15
20
22
25
22
19
19
26
30
28
18
11
15
18
23
23
24
21
17
18
21
23
22
29
30
32
37
45
47
51
52
45
45
42
42
35
31
36
34
34
32
37
37
36
27
20
21
27
36
40
49
46
40
30
17
13
8
8
9
11
11
14
17
19
15
9
6
8
6
4
6
5
3
-4
-13
-18
-19
-13
-13
-17
-21
-24
-21
-26
-24
-30
-34
-35
-39
-33
-28
-24
-22
-27
-33
-36
-40
-43
-42
-43
-43
-39
-36
-39
-41
-46
-48
-53
-49
-47
-45
-42
-35
-27
-31
-32
-42
-47
-47
-47
-43
-34
-23
-21
-20
-14
-18
-25
-32
-35
-36
-35
-34
-29
-30
-33
-36
-40
-29
-25
-21
-17
-19
-14
-12
-10
-5
-1
4
5
8
11
17
17
18
24
29
30
27
27
27
31
34
36
39
37
38
42
49
54
57
56
57
58
55
54
49
40
36
36
42
47
51
52
54
65
71
78
84
86
84
74
52
41
38
30
25
18
12
3
9
14
22
27
25
21
15
9
8
9
-3
-13
-20
-25
-24
-24
-19
-19
-16
-17
-16
-15
-14
-12
-15
-15
-15
-12
-7
7
15
13
12
2
-8
-13
-21
-29
-36
-43
-45
-37
-29
-18
-24
-27
-32
-39
-35
-33
-32
-38
-41
-44
-48
-51
-50
-56
-53
-57
-55
-41
-33
-27
-30
-32
-35
-38
-37
-34
-23
-20
-14
-11
-6
3
6
13
7
7
1
-8
-11
-17
-14
-13
-14
-12
-12
-6
0
2
2
1
-1
-8
-14
-19
-24
-28
-29
-21
-17
-18
-16
-15
-14
-19
-24
-20
-21
-23
-21
-10
-4
4
12
23
36
39
44
50
56
53
59
60
51
52
48
50
47
48
52
51
56
51
44
42
40
43
43
44
41
30
25
33
44
44
43
41
38
29
27
29
21
18
10
9
14
20
24
26
25
23
18
20
21
18
18
11
3
-6
-12
-16
-20
-24
-30
-34
-37
-35
-32
-31
-25
-25
-23
-16
-14
-7
-8
-3
-1
-5
-7
-14
-16
-23
-27
-29
-31
-22
-22
-20
-15
-20
-23
-17
-11
-6
-6
-9
-17
-25
-28
-33
-26
-20
-23
-29
-33
-38
-39
-41
-38
-31
-32
-33
-29
-24
-16
-11
-6
-6
-8
1
11
15
13
12
12
8
4
5
0
-3
-6
-10
-11
-15
-21
-18
-10
-5
-10
-21
-22
-26
-28
-27
-34
-29
-31
-39
-28
-19
-17
-16
-16
-16
-14
-13
-3
13
20
23
19
17
16
16
17
13
17
21
24
24
18
16
13
11
13
10
19
25
29
36
34
28
19
16
11
11
18
24
28
24
22
21
32
38
40
48
47
52
51
45
47
51
51
51
51
53
60
64
68
67
66
61
52
47
36
26
14
4
2
1
2
10
7
0
-7
-16
-20
-22
-21
-29
-37
-40
-41
-43
-48
-48
-43
-46
-47
-43
-37
-32
-38
-38
-33
-46
-45
-34
-34
-35
-37
-37
-38
-40
-34
-22
-23
-26
-23
-16
-17
-27
-34
-39
-44
-42
-36
-29
-27
-14
-2
5
10
9
13
17
19
22
16
11
11
10
9
1
-6
-12
-14
-10
-1
3
1
-5
-13
-16
-11
-4
0
4
8
9
7
2
1
-2
-10
-17
-29
-30
-31
-32
-34
-36
-40
-45
-34
-30
-28
-21
-11
4
10
7
15
23
12
10
18
21
14
6
10
6
3
4
6
8
4
11
20
20
25
28
29
31
32
32
23
16
10
16
19
29
42
43
43
42
44
45
49
51
54
57
56
54
58
56
52
46
43
36
25
24
24
29
30
25
21
12
16
19
26
26
17
18
15
10
6
4
1
-2
-10
-12
-7
-12
-2
2
-4
-7
-11
-15
-17
-21
-25
-22
-22
-15
-14
-5
-6
-8
-17
-27
-30
-37
-44
-53
-58
-69
-79
-84
-79
-77
-70
-62
-56
-56
-54
-46
-40
-39
-41
-42
-46
-50
-44
-38
-39
-43
-48
-40
-29
-26
-27
-30
-29
-24
-22
-23
-25
-23
-14
-7
-1
-3
4
12
22
25
21
19
15
20
22
19
19
18
19
23
30
33
35
33
28
23
20
25
31
33
33
31
37
32
30
27
25
24
18
17
18
17
14
15
15
17
16
16
22
24
24
26
26
35
36
37
39
32
32
28
18
21
19
21
24
22
21
24
23
22
21
19
13
4
4
4
10
12
7
9
4
-3
-5
-2
-2
-2
-4
-5
-5
-3
4
5
8
7
3
5
8
9
10
9
5
-1
-7
-9
-16
-16
-16
-14
-9
-7
-3
-5
-10
-17
-24
-27
-24
-19
-23
-24
-31
-40
-46
-47
-49
-47
-48
-51
-45
-44
-35
-23
-22
-19
-26
-29
-29
-30
-27
-18
-11
-6
3
7
7
1
-10
-16
-20
-24
-26
-21
-14
-13
-11
-9
-6
-8
-11
-6
4
10
13
17
13
10
-1
-4
-4
-9
-11
-11
-5
-1
4
2
0
-2
-6
-5
-2
-2
3
10
14
17
15
14
13
18
21
28
29
26
31
30
22
13
10
5
3
7
10
11
16
17
14
18
23
27
28
31
31
27
28
32
29
29
28
21
24
28
29
28
23
14
11
12
11
10
17
18
24
23
23
23
18
8
0
-12
-17
-20
-22
-18
-20
-21
-18
-20
-13
-7
-7
-3
-1
-3
-11
-10
-3
-2
-5
-3
-4
-1
2
0
3
0
-6
-11
-16
-18
-24
-26
-23
-21
-20
-19
-18
-16
-19
-23
-22
-15
-9
0
1
3
8
8
5
-4
-14
-18
-21
-18
-13
-10
-9
-10
-3
2
4
3
-9
-13
-7
-7
-10
-19
-17
-11
-6
5
12
10
0
-10
-10
-12
-11
-8
-9
-4
-1
2
4
9
13
18
14
8
3
-4
-8
-18
-24
-25
-27
-26
-25
-20
-16
-12
-7
-7
-7
-10
-12
-13
-12
-11
-9
-13
-12
-8
-15
-24
-32
-31
-26
-27
-16
-8
-5
-4
-8
-5
0
7
16
26
36
36
40
45
48
47
43
46
46
45
46
43
43
43
42
36
40
48
52
53
52
50
44
41
39
34
32
30
20
14
14
19
20
14
8
4
5
-2
-3
-2
-2
-5
-8
-10
-14
-9
-12
-10
-9
-12
-11
-11
-5
-3
-3
-12
-16
-22
-20
-16
-17
-18
-13
-13
-7
-6
-15
-24
-24
-21
-24
-21
-21
-18
-24
-26
-31
-36
-34
-36
-40
-36
-28
-29
-30
-34
-35
-31
-32
-33
-39
-41
-39
-44
-40
-27
-19
-15
-8
-8
-7
-8
-1
7
11
13
12
12
18
21
11
13
7
-1
3
4
7
5
4
3
7
12
24
28
27
23
18
15
17
20
21
21
14
0
-6
-10
-12
-9
-5
0
-1
-5
-5
1
6
9
11
14
18
18
22
20
16
13
3
-1
-5
-5
-3
-1
0
3
0
2
3
0
3
-2
-2
-2
6
7
16
21
13
11
8
12
11
10
12
8
10
15
22
28
27
22
14
12
13
14
15
13
10
9
12
9
11
13
11
11
18
22
18
7
-3
-5
-1
-1
-4
-1
6
13
15
8
1
-5
-9
-13
-16
-18
-18
-18
-18
-13
-10
1
-3
-3
-7
-10
-2
-5
2
1
-1
-3
-4
2
1
-3
-14
-16
-20
-24
-21
-18
-16
-23
-27
-24
-23
-19
-14
-10
-7
-13
-16
-17
-6
-7
-12
-16
-20
-21
-18
-14
-18
-19
-16
-19
-20
-12
-10
-9
-10
-12
-13
-13
-8
1
11
11
8
1
-8
-10
-12
-18
-20
-21
-20
-22
-20
-16
-13
-13
-20
-23
-21
-18
-8
6
0
-4
7
5
-3
-7
-12
-7
-15
-16
-10
-6
4
4
15
23
20
23
27
25
29
37
47
49
48
53
56
45
34
29
22
17
15
25
24
25
25
20
22
21
29
28
23
17
13
14
16
23
25
22
26
31
34
39
39
34
31
35
42
39
45
41
30
25
19
18
13
18
13
20
22
5
0
2
4
-3
-13
-17
-19
-23
-22
-18
-16
-26
-37
-43
-47
-51
-51
-46
-38
-31
-23
-22
-17
-9
-9
-14
-16
-16
-18
-23
-27
-22
-23
-25
-33
-35
-37
-40
-42
-44
-39
-39
-36
-28
-23
-25
-31
-30
-38
-44
-50
-52
-52
-59
-65
-68
-60
-54
-48
-41
-38
-37
-32
-26
-22
-16
-16
-13
-8
-8
-5
0
11
12
11
16
12
12
11
12
16
12
14
16
17
22
28
30
35
41
44
50
58
64
60
56
44
31
26
28
34
38
40
40
41
40
35
36
39
46
51
51
52
54
53
45
32
19
14
18
19
19
30
37
40
42
41
40
34
31
24
14
12
18
22
25
31
31
27
26
26
19
18
17
15
10
7
8
-3
-13
-17
-29
-34
-40
-36
-29
-28
-26
-29
-28
-27
-26
-27
-30
-36
-36
-28
-26
-22
-28
-28
-28
-39
-43
-45
-39
-35
-35
-34
-38
-41
-44
-43
-40
-36
-37
-39
-44
-49
-50
-52
-55
-59
-62
-63
-59
-52
-43
-31
-21
-23
-24
-19
-14
-3
3
13
15
16
20
17
6
-3
-8
-14
-12
-9
0
7
7
3
3
2
4
10
7
4
2
2
1
7
12
18
18
13
17
20
28
38
39
36
27
20
21
23
32
42
49
48
50
51
43
38
30
23
21
13
18
21
22
24
24
28
24
22
28
31
30
30
25
26
27
21
16
11
6
2
0
5
13
15
14
9
8
8
12
16
20
20
18
12
3
-4
-11
-11
-12
-10
-9
-11
-3
-3
-2
0
-3
-5
-8
-11
-10
-11
-12
-13
-10
-8
-11
-5
-8
-10
-11
-12
-11
-4
-2
-1
-4
-14
-22
-24
-23
-19
-25
-31
-29
-26
-24
-22
-15
-23
-26
-27
-29
-26
-21
-15
-11
-7
-9
-12
-12
-10
-15
-9
-4
0
5
3
5
5
3
-3
-7
-10
-9
-5
0
4
4
4
-4
-10
-9
-8
-4
-6
-4
-7
-15
-16
-17
-12
-16
-15
-19
-21
-13
-5
0
-7
-19
-26
-25
-22
-11
-4
-4
-3
-3
-3
-6
-8
-11
-20
-28
-26
-18
-13
-1
10
9
8
8
8
12
8
3
-5
-8
-7
-3
1
4
8
2
3
5
8
16
24
25
22
23
28
30
30
28
31
40
43
46
48
57
62
58
58
49
48
54
62
67
62
61
60
62
53
43
36
35
26
16
14
13
17
21
17
14
11
15
14
13
11
5
7
5
-1
-5
-19
-30
-29
-34
-40
-38
-37
-33
-31
-23
-21
-25
-28
-27
-21
-21
-21
-23
-23
-26
-29
-29
-25
-26
-27
-28
-28
-27
-28
-33
-37
-38
-45
-49
-44
-42
-44
-40
-39
-34
-31
-27
-26
-28
-28
-28
-21
-12
-9
-11
-4
4
0
3
-1
-6
-7
-6
-11
-14
-11
-12
-6
-7
-10
-11
-6
-2
-4
-3
-5
-10
-13
-17
-21
-24
-26
-25
-23
-20
-16
-18
-13
-3
-2
-4
-11
-20
-22
-17
-9
-5
-1
7
8
7
8
14
18
11
18
18
28
37
39
44
44
43
44
49
48
41
34
33
34
33
37
44
51
52
44
36
33
30
35
38
43
46
52
55
54
55
48
44
43
48
48
47
52
49
44
35
31
36
36
33
32
29
30
32
24
12
4
4
2
-2
-6
-11
-10
-15
-27
-28
-38
-48
-54
-58
-54
-52
-49
-42
-44
-41
-43
-47
-44
-48
-46
-52
-52
-46
-48
-47
-45
-45
-42
-36
-39
-46
-55
-56
-49
-46
-40
-30
-21
-12
-12
-14
-12
-13
-11
-5
-7
-12
-19
-23
-25
-25
-18
-13
-8
-16
-15
-2
9
14
9
6
6
2
-1
-5
-3
1
3
10
18
19
22
23
25
23
20
17
16
15
9
6
1
0
-1
1
3
-4
-5
-7
-6
-5
-8
-7
-8
-9
-17
-27
-32
-38
-37
-35
-35
-35
-37
-29
-14
-10
-6
6
12
10
13
13
17
23
19
21
28
36
34
37
37
35
32
29
32
41
44
46
50
54
61
61
65
69
65
53
49
43
42
41
41
43
46
50
51
47
44
49
47
47
51
51
48
54
53
48
41
34
32
30
27
17
8
1
-6
-20
-37
-38
-37
-34
-32
-26
-18
-31
-42
-36
-43
-50
-64
-75
-62
-62
-59
-51
-45
-47
-54
-49
-44
-48
-52
-48
-52
-55
-56
-54
-43
-39
-36
-34
-39
-41
-42
-41
-44
-44
-42
-46
-41
-37
-32
-36
-41
-38
-42
-39
-36
-29
-16
-12
-11
-17
-21
-22
-19
-25
-22
-8
0
10
17
18
18
15
13
10
5
10
19
29
27
18
18
27
17
6
2
0
6
6
16
29
28
23
19
22
19
7
3
9
7
7
14
28
39
38
35
26
25
30
33
33
36
43
44
36
43
49
51
53
48
49
56
62
61
64
56
49
40
27
26
24
17
15
10
8
5
8
12
13
15
12
9
4
5
7
0
0
-1
-5
-3
1
2
3
0
-4
-4
-8
-10
-15
-15
-14
-17
-18
-9
-3
-3
-9
-10
-10
-13
-13
-15
-20
-20
-16
-14
-18
-17
-20
-17
-19
-24
-28
-29
-24
-24
-19
-14
-19
-24
-25
-26
-26
-26
-21
-21
-25
-33
-36
-39
-40
-38
-31
-28
-28
-28
-33
-28
-25
-23
-21
-21
-20
-19
-17
-11
-8
-9
-15
-20
-24
-24
-19
-17
-11
-15
-17
-14
-9
-8
-10
-9
-2
-2
-1
5
1
-6
-15
-20
-23
-19
-14
-7
5
11
14
9
8
11
13
20
15
18
16
10
15
16
7
6
4
8
10
17
24
21
21
19
21
21
22
20
20
17
21
22
24
27
31
27
23
19
23
29
29
35
38
46
54
62
65
68
59
47
42
35
32
30
29
30
29
32
34
37
39
35
30
23
13
9
8
14
15
7
-7
-11
-11
-11
-9
-3
-1
-8
-15
-14
-11
-16
-13
-12
-14
-15
-14
-8
-5
-5
-7
-8
-16
-19
-21
-26
-25
-27
-29
-22
-23
-24
-19
-11
2
3
2
3
-1
-8
-9
-17
-29
-37
-42
-39
-37
-46
-49
-51
-55
-50
-45
-34
-34
-42
-48
-51
-53
-54
-54
-57
-54
-55
-56
-54
-49
-47
-53
-53
-46
-36
-29
-17
-9
-1
2
0
-3
-3
4
8
12
15
17
18
18
16
12
16
13
7
8
13
15
16
13
4
0
-3
1
1
8
11
8
10
14
13
15
17
23
31
31
31
39
38
41
42
41
42
38
42
44
47
50
51
55
61
71
67
64
58
55
56
52
47
42
39
44
45
35
34
33
29
30
29
27
25
24
25
29
25
17
9
6
9
11
14
11
5
4
2
-6
-8
-13
-15
-11
-12
-16
-14
-8
-5
-10
-19
-28
-38
-39
-36
-39
-44
-44
-46
-52
-50
-45
-38
-38
-37
-37
-36
-35
-35
-35
-36
-36
-36
-33
-32
-22
-16
-17
-25
-27
-31
-37
-31
-27
-17
-21
-27
-26
-26
-20
-24
-22
-19
-30
-31
-27
-27
-27
-30
-29
-28
-26
-26
-25
-20
-17
-31
-36
-29
-21
-15
-10
-6
-5
-2
-1
4
7
9
12
19
22
14
13
2
-5
-2
-3
-5
-1
4
12
27
28
22
21
30
33
29
27
27
27
28
32
35
37
36
42
39
37
42
42
42
38
38
37
39
35
35
40
42
42
38
29
19
19
11
9
10
11
17
20
27
21
12
11
6
10
19
26
26
20
15
14
11
6
3
5
6
4
0
2
5
13
16
4
4
3
-2
0
4
2
1
3
1
-3
-1
-1
-2
1
-2
-5
-9
-18
-27
-29
-31
-33
-38
-41
-36
-31
-24
-23
-21
-24
-19
-15
-15
-18
-18
-18
-19
-18
-20
-21
-25
-30
-32
-33
-36
-37
-35
-29
-33
-32
-32
-32
-26
-29
-29
-32
-40
-46
-42
-33
-30
-34
-39
-31
-23
-17
-10
-4
3
6
8
10
16
23
32
34
30
34
31
23
21
14
16
20
18
11
13
21
19
13
4
1
4
5
2
2
1
-1
-4
-4
-1
3
8
11
12
7
0
0
6
8
1
-3
-7
-10
-5
3
10
12
7
-2
-6
-2
6
8
7
9
8
11
14
11
3
0
-3
-3
2
9
19
22
18
12
8
13
16
15
13
13
18
25
33
30
34
39
38
31
26
25
27
23
13
14
14
14
12
13
23
25
29
28
31
37
40
33
26
17
17
23
18
11
8
13
15
17
20
23
31
28
20
17
13
7
2
-8
-9
-13
-13
-20
-28
-30
-28
-26
-35
-46
-50
-46
-55
-62
-65
-64
-67
-74
-78
-71
-56
-53
-45
-40
-38
-36
-42
-43
-45
-49
-45
-47
-47
-34
-24
-16
-14
-14
-6
-9
-13
-9
-9
-10
-6
-13
-16
-10
-8
-11
-17
-17
-15
-10
-4
3
7
5
6
11
6
-4
2
10
-7
-17
-7
-5
-2
-3
-4
-5
-14
-19
-17
-16
-16
-11
1
15
15
16
27
25
19
17
18
21
21
34
45
40
35
31
23
23
30
41
46
49
48
43
43
46
42
39
32
27
17
18
27
33
37
45
48
42
42
38
40
41
35
34
31
32
36
33
30
31
38
44
50
58
50
62
59
33
32
26
21
15
6
5
9
5
6
13
10
0
-16
-19
-18
-18
-9
-6
-11
-16
-15
-20
-26
-32
-37
-37
-40
-38
-40
-39
-41
-42
-38
-35
-31
-33
-35
-32
-30
-38
-35
-34
-37
-41
-52
-60
-57
-55
-51
-50
-52
-57
-65
-71
-75
-72
-63
-57
-55
-57
-59
-58
-56
-51
-48
-44
-39
-39
-42
-44
-45
-49
-48
-46
-48
-44
-37
-31
-25
-18
-21
-18
-19
-24
-21
-19
-21
-24
-21
-18
-18
-20
-16
-15
-22
-23
-20
-9
0
0
-3
-7
-5
8
15
26
34
39
44
47
51
56
66
72
80
90
104
121
140
153
164
169
177
190
202
212
220
219
211
203
186
174
162
152
144
134
127
126
128
129
128
117
101
83
69
69
70
77
84
97
128
157
175
179
173
175
175
158
132
109
74
20
-51
-129
-186
-234
-292
-350
-389
-414
-456
-504
-546
-563
-575
-607
-636
-650
-644
-633
-632
-622
-605
-581
-537
-489
-433
-368
-295
-207
-117
-24
66
147
220
278
321
361
390
412
413
411
410
398
373
336
303
278
262
238
209
182
171
165
150
143
135
123
111
99
93
99
108
116
130
151
182
214
244
270
291
320
338
351
353
350
354
351
326
288
258
226
194
156
120
87
48
6
-33
-57
-77
-105
-131
-139
-129
-103
-73
-45
-16
4
19
21
10
6
8
-5
-60
-127
-186
-226
-276
-355
-416
-460
-504
-566
-629
-660
-668
-689
-738
-786
-797
-793
-813
-832
-838
-828
-806
-785
-746
-681
-612
-537
-452
-344
-229
-112
10
139
262
367
466
566
665
731
773
818
851
864
844
835
835
826
809
797
796
787
764
742
728
708
676
631
583
524
452
377
306
239
167
99
47
6
-34
-76
-113
-142
-168
-200
-224
-235
-248
-263
-283
-295
-308
-319
-326
-320
-298
-275
-245
-210
-167
-118
-73
-32
8
48
77
95
111
116
102
74
52
27
4
-26
-56
-77
-101
-118
-134
-145
-163
-177
-188
-205
-224
-245
-271
-294
-306
-311
-306
-300
-273
-223
-150
-65
6
71
145
228
282
302
313
333
334
280
206
145
74
-26
-147
-245
-305
-360
-448
-531
-564
-573
-603
-665
-713
-716
-713
-732
-768
-782
-772
-768
-755
-726
-682
-619
-549
-458
-340
-216
-84
58
203
336
458
582
697
793
859
907
951
978
976
951
929
917
900
868
838
824
814
810
798
777
741
702
665
615
547
471
401
324
239
145
63
-2
-63
-126
-182
-203
-214
-244
-286
-310
-313
-319
-344
-374
-375
-360
-352
-340
-308
-255
-204
-167
-119
-51
16
76
129
186
237
263
272
265
255
234
202
170
120
69
25
-14
-51
-94
-142
-183
-227
-282
-325
-345
-363
-397
-438
-456
-461
-469
-481
-479
-445
-393
-338
-283
-225
-145
-56
22
82
117
153
185
193
162
119
79
21
-64
-174
-266
-334
-403
-494
-574
-616
-627
-647
-688
-717
-713
-696
-700
-727
-733
-709
-684
-668
-660
-627
-563
-482
-403
-314
-212
-99
28
155
280
410
541
660
754
829
893
962
1013
1030
1024
1020
1026
1013
981
945
927
914
900
870
853
842
813
777
730
679
622
551
470
385
295
201
107
21
-72
-155
-212
-265
-317
-371
-411
-428
-442
-459
-467
-455
-427
-395
-353
-297
-233
-168
-108
-43
36
116
179
230
275
320
354
362
354
339
324
296
259
222
183
142
85
18
-39
-97
-160
-231
-304
-360
-408
-461
-520
-564
-592
-606
-622
-635
-628
-599
-553
-498
-435
-362
-280
-206
-147
-85
-23
20
42
33
17
-3
-44
-96
-161
-235
-311
-383
-446
-504
-563
-604
-620
-626
-640
-660
-657
-625
-595
-579
-575
-556
-522
-484
-441
-408
-357
-288
-225
-158
-72
35
145
250
347
455
569
675
766
835
902
955
985
999
991
988
972
948
909
859
810
779
751
720
694
674
655
631
609
587
569
539
498
442
390
335
259
167
71
-20
-115
-203
-288
-367
-434
-496
-541
-577
-585
-569
-535
-486
-429
-359
-285
-211
-151
-90
-27
27
74
104
128
143
143
134
129
142
162
177
195
213
217
208
184
144
99
38
-28
-96
-173
-252
-327
-395
-451
-498
-533
-541
-535
-526
-512
-483
-421
-349
-278
-215
-148
-68
1
57
98
139
170
161
136
120
102
59
-19
-102
-166
-230
-300
-371
-424
-473
-527
-555
-560
-580
-601
-608
-596
-580
-584
-587
-575
-553
-531
-513
-489
-462
-420
-365
-302
-227
-135
-35
55
157
276
399
506
595
676
754
821
872
902
914
914
906
896
874
842
816
791
776
754
727
710
701
687
664
640
617
584
532
464
395
326
242
147
45
-55
-152
-241
-331
-408
-468
-518
-549
-553
-535
-491
-425
-360
-288
-203
-119
-56
-3
48
91
125
135
127
110
92
65
51
45
39
39
40
47
42
31
7
-31
-67
-118
-175
-239
-305
-363
-422
-472
-508
-530
-541
-542
-526
-497
-458
-413
-362
-309
-241
-164
-81
-7
54
114
168
220
254
269
262
240
211
183
142
86
17
-55
-119
-189
-267
-336
-384
-435
-477
-503
-511
-520
-543
-555
-544
-523
-516
-521
-521
-503
-483
-460
-428
-393
-347
-295
-240
-169
-79
5
94
185
283
397
498
585
666
739
797
844
872
888
893
895
885
871
856
835
818
807
781
755
732
706
688
668
637
602
562
507
442
367
287
205
105
-7
-119
-223
-317
-410
-490
-549
-585
-597
-580
-540
-473
-394
-320
-247
-179
-111
-48
0
29
47
47
33
3
-23
-35
-51
-63
-62
-57
-46
-38
-43
-61
-85
-117
-159
-209
-263
-317
-372
-421
-461
-492
-509
-519
-521
-520
-511
-492
-461
-423
-375
-313
-245
-167
-95
-30
32
85
140
186
221
249
270
268
246
222
196
159
94
16
-48
-94
-144
-213
-271
-320
-369
-411
-436
-446
-453
-464
-465
-454
-433
-417
-417
-411
-395
-380
-371
-352
-314
-265
-206
-152
-80
4
88
173
266
373
476
574
657
739
814
870
919
942
953
950
938
931
914
882
846
806
772
749
721
692
667
639
605
574
538
487
423
349
258
173
82
-16
-122
-230
-331
-433
-526
-602
-657
-690
-698
-676
-620
-545
-456
-359
-271
-192
-120
-55
-5
24
30
24
6
-20
-48
-66
-72
-77
-70
-52
-35
-26
-34
-39
-45
-60
-97
-142
-192
-245
-294
-339
-379
-419
-443
-451
-448
-436
-418
-399
-371
-337
-294
-247
-187
-122
-58
4
50
88
121
155
183
198
203
201
184
164
130
90
33
-47
-129
-201
-268
-330
-391
-442
-483
-520
-542
-550
-556
-564
-568
-565
-544
-529
-513
-497
-477
-449
-432
-405
-375
-340
-294
-233
-156
-67
29
131
245
370
497
611
711
805
889
960
1020
1056
1077
1076
1070
1056
1030
1004
971
943
914
888
867
846
822
804
776
742
710
665
608
544
463
366
264
144
5
-126
-251
-367
-468
-566
-640
-692
-716
-703
-660
-585
-497
-405
-311
-223
-131
-50
4
32
35
21
-4
-35
-67
-92
-116
-130
-132
-120
-94
-67
-62
-66
-79
-103
-135
-183
-236
-297
-366
-437
-497
-541
-565
-587
-600
-599
-583
-552
-522
-466
-405
-356
-308
-263
-207
-142
-81
-35
3
32
66
100
125
139
137
112
78
48
11
-52
-126
-203
-268
-314
-373
-443
-507
-538
-546
-558
-573
-577
-560
-519
-491
-469
-432
-398
-360
-333
-305
-270
-228
-184
-144
-95
-22
74
168
263
369
488
622
747
857
950
1031
1096
1147
1179
1188
1173
1151
1119
1067
1014
961
913
860
813
777
744
724
705
679
665
645
607
562
503
430
343
242
134
14
-109
-236
-363
-481
-588
-676
-753
-815
-850
-840
-798
-733
-641
-535
-411
-279
-163
-71
12
71
107
119
115
102
80
47
16
-16
-40
-47
-39
-20
-3
1
-11
-31
-77
-137
-196
-267
-352
-444
-528
-595
-636
-658
-682
-690
-682
-659
-620
-570
-499
-425
-363
-302
-225
-145
-68
-3
48
102
160
219
259
281
302
304
287
246
202
164
96
-11
-127
-218
-289
-378
-490
-576
-612
-622
-643
-682
-696
-664
-617
-587
-567
-537
-499
-461
-441
-417
-372
-323
-279
-230
-165
-68
44
163
285
406
545
699
843
964
1068
1169
1263
1327
1349
1345
1325
1299
1245
1164
1082
1003
931
858
787
738
696
652
602
556
534
508
466
404
333
252
160
56
-59
-187
-321
-450
-571
-677
-765
-842
-893
-917
-916
-880
-813
-710
-592
-458
-316
-175
-43
66
157
242
308
344
352
334
317
292
252
213
183
151
118
78
46
19
-24
-82
-160
-242
-317
-404
-505
-600
-685
-743
-788
-817
-829
-821
-796
-748
-689
-616
-529
-447
-365
-277
-180
-85
16
109
197
281
356
428
469
479
483
494
478
409
317
237
143
-1
-179
-314
-412
-527
-677
-803
-837
-842
-872
-926
-934
-869
-795
-749
-711
-642
-560
-497
-451
-399
-321
-248
-179
-105
-6
119
251
387
530
679
834
995
1149
1283
1385
1466
1535
1570
1549
1495
1430
1365
1269
1139
1002
881
773
648
535
445
382
326
254
206
181
150
98
29
-43
-106
-186
-284
-378
-490
-599
-681
-766
-829
-848
-843
-815
-772
-701
-589
-458
-336
-210
-75
65
176
268
353
422
480
511
514
502
481
458
422
369
310
258
194
109
24
-47
-123
-216
-330
-442
-533
-619
-708
-798
-867
-921
-964
-990
-997
-971
-927
-863
-795
-715
-620
-503
-383
-276
-173
-51
85
217
324
427
558
688
773
823
868
905
879
784
666
536
377
140
-141
-360
-526
-725
-964
-1161
-1246
-1271
-1324
-1399
-1398
-1305
-1194
-1121
-1044
-911
-756
-632
-531
-414
-280
-136
1
136
296
481
675
866
1052
1241
1437
1632
1802
1920
1997
2042
2077
2060
1959
1796
1612
1421
1187
915
646
417
202
-16
-219
-367
-458
-526
-595
-641
-631
-601
-577
-561
-545
-523
-501
-494
-496
-501
-477
-449
-433
-408
-345
-247
-138
-41
62
193
330
441
509
575
640
670
641
582
516
446
353
240
123
5
-100
-203
-300
-374
-437
-490
-544
-590
-602
-602
-612
-621
-624
-612
-588
-566
-544
-514
-466
-419
-378
-333
-286
-238
-196
-168
-153
-122
-79
-49
-29
4
60
127
176
212
288
387
446
470
487
505
462
335
176
29
-146
-427
-743
-971
-1119
-1291
-1503
-1658
-1665
-1591
-1551
-1509
-1367
-1146
-926
-739
-553
-320
-86
80
205
344
500
639
755
871
1019
1193
1358
1512
1661
1803
1934
2043
2106
2113
2055
1939
1799
1608
1341
1014
676
347
0
-356
-665
-883
-1037
-1164
-1237
-1222
-1102
-939
-760
-540
-275
-11
215
397
558
692
770
798
786
754
703
633
548
483
432
377
315
254
219
179
126
52
-43
-150
-279
-420
-565
-708
-848
-967
-1067
-1133
-1158
-1151
-1096
-1009
-884
-722
-541
-343
-163
0
163
302
397
429
444
463
445
384
305
239
165
62
-56
-154
-225
-298
-401
-516
-602
-661
-715
-779
-822
-784
-680
-570
-479
-348
-123
107
247
347
511
694
729
594
467
399
235
-107
-488
-718
-865
-1099
-1368
-1485
-1422
-1330
-1296
-1211
-992
-720
-510
-355
-172
44
220
310
381
478
579
657
735
854
1003
1159
1318
1494
1656
1762
1832
1891
1914
1834
1648
1412
1152
816
389
-46
-417
-741
-1061
-1336
-1470
-1459
-1363
-1199
-938
-588
-204
180
549
906
1225
1459
1607
1675
1665
1586
1438
1227
985
722
463
227
25
-147
-284
-392
-488
-565
-616
-668
-747
-834
-913
-976
-1041
-1088
-1094
-1065
-1011
-925
-782
-594
-379
-147
99
330
533
694
818
901
912
870
792
650
433
186
-36
-249
-464
-666
-826
-943
-1065
-1187
-1211
-1152
-1106
-1082
-1049
-960
-840
-759
-710
-623
-481
-274
-26
211
453
743
1044
1248
1368
1476
1550
1441
1080
629
277
-109
-732
-1443
-1962
-2250
-2512
-2802
-2934
-2768
-2431
-2109
-1729
-1184
-561
-24
397
769
1125
1403
1520
1525
1507
1489
1463
1423
1399
1405
1451
1520
1611
1708
1722
1677
1609
1489
1259
877
418
-29
-491
-999
-1463
-1767
-1937
-2016
-1960
-1701
-1239
-673
-74
568
1258
1899
2423
2802
3021
3065
2919
2610
2162
1610
1005
408
-155
-668
-1067
-1312
-1438
-1476
-1434
-1293
-1066
-847
-678
-543
-427
-381
-435
-533
-609
-638
-658
-652
-562
-373
-119
145
436
745
1007
1176
1223
1178
1072
859
527
146
-243
-633
-1011
-1336
-1556
-1665
-1710
-1686
-1592
-1411
-1176
-933
-699
-461
-189
15
110
149
183
185
91
-32
11
243
493
637
763
977
1194
1296
1283
1207
1023
600
-42
-697
-1265
-1835
-2520
-3217
-3625
-3609
-3336
-3036
-2685
-2111
-1268
-341
431
982
1429
1786
1988
1989
1815
1545
1234
903
591
389
334
413
561
737
990
1353
1711
1871
1795
1607
1404
1140
673
15
-655
-1198
-1592
-1870
-2010
-1924
-1576
-1045
-402
355
1192
1977
2584
2982
3212
3267
3062
2589
1976
1330
675
37
-550
-1020
-1329
-1465
-1419
-1225
-942
-630
-338
-99
70
148
124
-24
-283
-560
-792
-962
-1084
-1126
-1036
-810
-490
-139
244
648
1002
1275
1449
1466
1282
948
568
171
-261
-686
-1051
-1293
-1458
-1564
-1507
-1280
-1012
-780
-565
-308
-24
133
121
79
114
94
-65
-278
-399
-401
-470
-608
-602
-316
99
483
836
1140
1339
1443
1516
1520
1332
878
257
-465
-1306
-2116
-2702
-3144
-3657
-4086
-3998
-3315
-2489
-1952
-1482
-650
419
1203
1476
1510
1583
1639
1446
1020
597
326
155
43
72
340
779
1166
1416
1650
1939
2132
2057
1646
1044
465
-10
-497
-1101
-1694
-2010
-1918
-1615
-1294
-865
-192
616
1307
1821
2280
2702
2905
2728
2334
1974
1597
1037
345
-191
-407
-518
-706
-776
-546
-181
60
171
339
565
597
344
14
-207
-438
-809
-1203
-1411
-1374
-1206
-1018
-775
-354
194
679
1029
1285
1512
1650
1538
1211
843
471
11
-513
-966
-1253
-1411
-1551
-1631
-1518
-1253
-991
-740
-480
-233
-4
125
133
88
26
-32
-63
-99
-145
-128
-89
-95
-117
-105
-18
254
718
1119
1237
1137
1075
1165
1109
634
12
-488
-1150
-2149
-3052
-3392
-3452
-3881
-4476
-4273
-3067
-1874
-1403
-1092
-177
1132
1972
1989
1727
1690
1710
1435
864
282
-56
-159
-174
-98
207
702
1170
1476
1663
1851
2017
1881
1284
492
-92
-328
-543
-1018
-1510
-1509
-979
-407
-77
236
802
1457
1831
1864
1832
1810
1647
1316
971
723
520
303
138
146
326
535
632
613
585
595
517
213
-231
-602
-868
-1118
-1352
-1450
-1328
-1095
-868
-556
-96
382
714
880
1018
1166
1169
977
722
510
299
37
-222
-401
-509
-598
-643
-581
-495
-494
-556
-580
-512
-437
-432
-486
-494
-422
-340
-312
-321
-308
-229
-161
-207
-242
-187
-128
-208
-388
-368
89
830
1303
1294
1153
1328
1627
1395
622
-36
-452
-1340
-2847
-3981
-4045
-3875
-4458
-5067
-4274
-2296
-802
-446
-122
1037
2348
2692
2057
1309
899
562
0
-675
-1132
-1137
-739
-164
475
1196
1951
2537
2743
2623
2418
2180
1647
643
-466
-1068
-1049
-963
-1203
-1366
-858
119
796
928
988
1301
1530
1320
861
511
328
154
19
147
535
909
1103
1255
1563
1890
1837
1290
647
246
-70
-613
-1282
-1679
-1691
-1565
-1451
-1203
-727
-202
148
373
644
908
977
787
546
481
521
410
116
-42
87
266
216
-12
-143
-164
-272
-466
-570
-532
-452
-476
-517
-380
-131
11
-49
-178
-198
-206
-486
-877
-1094
-1162
-1257
-1344
-1269
-1036
-723
-377
40
570
1292
2169
2803
2707
2087
1704
1631
1064
-184
-1224
-1667
-2335
-3636
-4519
-4125
-3395
-3602
-4035
-3124
-1065
344
337
111
768
1725
1741
760
-211
-519
-518
-749
-1096
-1090
-585
92
658
1208
1838
2351
2519
2312
1926
1604
1405
1051
335
-431
-638
-217
125
-94
-396
-106
500
663
314
54
181
332
219
76
247
628
932
1204
1607
2081
2312
2125
1773
1556
1353
802
-65
-758
-972
-976
-1127
-1288
-1135
-728
-387
-219
-35
248
418
342
194
179
283
324
192
73
238
555
650
469
293
345
415
187
-178
-294
-251
-332
-469
-409
-155
31
-14
-92
-14
-40
-349
-750
-1050
-1246
-1445
-1698
-1816
-1623
-1303
-1009
-704
-375
-91
138
261
387
823
1610
2282
2262
1675
1322
1495
1296
201
-839
-1203
-1818
-3340
-4630
-4372
-3385
-3470
-4299
-3669
-1232
767
887
316
776
1927
2093
869
-524
-1032
-971
-1141
-1547
-1559
-872
81
820
1417
2114
2742
2907
2534
1917
1455
1247
975
303
-520
-711
-66
576
414
-137
-126
391
439
-273
-894
-828
-491
-399
-322
219
1075
1733
2128
2581
3084
3195
2663
1810
1151
712
95
-839
-1603
-1723
-1376
-1057
-889
-578
-67
336
435
403
443
436
248
20
0
224
428
449
394
478
683
727
483
135
-71
-130
-190
-344
-412
-221
36
230
456
724
826
659
316
-31
-331
-824
-1493
-1945
-2051
-2016
-1888
-1663
-1364
-916
-471
-231
-79
37
45
30
147
721
1856
2635
2261
1564
1610
1931
1302
-245
-1346
-1602
-2484
-4456
-5517
-4596
-3453
-3664
-4034
-2555
347
2030
1466
592
1019
1756
1168
-677
-2231
-2399
-1856
-1731
-1810
-1278
-168
931
1619
2004
2385
2602
2322
1688
1115
887
1033
1116
712
307
649
1487
1755
984
-4
-281
-229
-796
-1753
-2106
-1565
-755
-164
467
1482
2539
3040
3033
2978
2932
2462
1365
183
-378
-458
-708
-1192
-1317
-842
-259
-55
-98
-17
113
-16
-326
-442
-267
-60
10
152
563
1032
1201
985
671
503
325
-78
-568
-855
-819
-575
-234
190
646
986
1184
1311
1338
1172
763
238
-260
-634
-879
-1065
-1223
-1292
-1210
-1061
-978
-1042
-1167
-1201
-1181
-1236
-1248
-1046
-735
-473
-30
1080
2646
3461
2869
1834
1549
1523
450
-1340
-2256
-2242
-2916
-4442
-4783
-3149
-1611
-1883
-2552
-1303
1288
2399
1131
-361
-242
552
165
-1430
-2564
-2270
-1410
-1142
-1234
-879
-116
479
646
715
1010
1354
1357
1080
948
1300
2044
2418
1916
1179
1155
1618
1447
269
-938
-1184
-882
-1020
-1479
-1392
-555
368
882
1242
1825
2375
2388
1994
1748
1745
1477
690
-88
-216
89
55
-423
-729
-542
-270
-344
-579
-568
-339
-230
-256
-103
304
628
610
485
565
724
597
137
-284
-366
-242
-225
-331
-281
-17
305
599
778
843
845
754
658
704
777
696
510
237
-1
-69
-221
-557
-742
-792
-985
-1187
-1304
-1448
-1479
-1363
-1234
-954
-618
-525
-472
-251
197
1230
2428
2580
1734
1054
905
579
-488
-1707
-2087
-2221
-3366
-4536
-3881
-2097
-1347
-1949
-2034
-205
2084
2277
612
-437
-1
441
-415
-1995
-2618
-1862
-1101
-1088
-1040
-394
380
637
458
488
998
1418
1247
867
978
1788
2688
2739
1891
1203
1287
1443
756
-577
-1454
-1448
-1230
-1331
-1316
-664
303
928
1174
1538
2020
2101
1649
1166
1092
1170
847
198
-116
127
400
228
-198
-358
-220
-216
-453
-552
-355
-163
-154
-99
250
741
955
772
536
509
513
271
-198
-535
-459
-156
-37
-81
24
317
595
693
710
779
819
688
493
465
614
635
338
-53
-231
-186
-319
-710
-1006
-1108
-1211
-1334
-1380
-1220
-951
-850
-837
-705
-633
-713
-600
21
1190
2327
2447
1494
577
269
-195
-1282
-2211
-2342
-2411
-3311
-4147
-3301
-1404
-745
-1606
-1846
-238
1668
1653
-3
-995
-421
186
-473
-1631
-1830
-1008
-409
-595
-730
-194
414
372
-12
84
816
1454
1430
1142
1368
2210
2976
2848
1892
1067
939
984
458
-509
-1096
-994
-785
-853
-742
-79
691
964
863
1035
1532
1722
1308
830
845
1096
986
439
53
175
356
113
-329
-513
-464
-486
-595
-468
-41
276
266
231
489
909
1085
838
447
277
302
263
13
-210
-148
86
221
191
133
169
266
335
396
490
643
708
683
672
662
619
372
-70
-383
-425
-449
-610
-861
-1117
-1268
-1327
-1416
-1423
-1274
-1199
-1130
-911
-693
-548
-179
756
1980
2496
1658
237
-435
-559
-1264
-2283
-2452
-2000
-2266
-3331
-3516
-1971
-472
-893
-2146
-1780
271
1536
626
-888
-957
97
373
-650
-1479
-1079
-346
-396
-867
-766
-69
321
32
-195
317
1208
1634
1420
1194
1574
2380
2739
2159
1167
682
797
752
131
-546
-679
-427
-341
-429
-154
575
1152
1129
870
1010
1474
1606
1174
725
790
1098
1005
504
200
313
389
52
-439
-629
-542
-485
-480
-257
201
547
546
397
492
810
910
578
167
90
280
385
258
138
202
319
249
83
37
184
409
497
478
494
617
671
504
387
499
601
360
-146
-429
-299
-222
-520
-850
-940
-1023
-1264
-1423
-1309
-1067
-1005
-1114
-1036
-718
-238
615
1668
1943
937
-482
-1201
-1298
-1601
-2140
-2125
-1640
-1918
-3040
-3287
-1957
-766
-1295
-2521
-2100
91
1449
554
-826
-683
313
263
-989
-1738
-1058
-176
-343
-854
-480
446
706
152
-220
251
1035
1286
994
868
1371
2188
2568
2095
1200
707
733
660
162
-327
-308
16
167
146
350
861
1202
953
358
88
387
815
852
652
745
1150
1312
916
375
159
158
16
-263
-333
-55
282
387
356
415
497
338
32
12
420
884
984
786
649
701
686
483
164
-41
6
166
253
257
418
666
691
395
90
25
85
47
-110
-111
103
300
250
69
-49
-177
-437
-779
-1049
-1096
-979
-912
-930
-888
-805
-709
-222
849
1780
1545
155
-1194
-1547
-1517
-1946
-2236
-1705
-1314
-2221
-3517
-3313
-1750
-1003
-2016
-2838
-1495
769
1325
-45
-1158
-721
45
-440
-1590
-1606
-405
389
74
-309
112
714
459
-424
-761
-108
784
1132
1026
1061
1532
2092
2135
1471
637
288
468
711
728
711
920
1190
1167
878
687
731
718
324
-217
-292
265
856
875
474
195
201
208
10
-187
-71
305
667
866
920
806
473
8
-341
-394
-234
-65
34
214
554
896
952
674
346
258
408
489
501
623
791
805
604
377
270
160
-39
-202
-215
-74
110
247
261
162
3
-200
-380
-414
-283
-23
237
353
224
-79
-386
-595
-677
-710
-515
289
1447
1889
997
-597
-1706
-2035
-2211
-2380
-2017
-1316
-1467
-2758
-3675
-2943
-1549
-1427
-2581
-2939
-1371
505
632
-602
-1207
-615
-210
-873
-1537
-972
229
635
152
-85
383
842
626
56
-126
290
939
1368
1374
1159
1061
1139
1050
563
-5
-134
213
571
649
695
1009
1425
1530
1286
1069
1089
1119
829
317
5
119
360
314
-40
-416
-578
-484
-194
172
515
762
890
908
799
586
420
353
315
250
233
355
483
440
199
-45
-102
19
232
491
759
984
1102
998
649
270
154
381
635
603
404
286
209
-42
-436
-691
-639
-485
-410
-357
-115
299
556
444
147
-30
-25
-14
-55
-15
265
886
1611
1816
999
-488
-1758
-2341
-2608
-2701
-2109
-999
-715
-2049
-3718
-3963
-2907
-2230
-2526
-2596
-1553
-355
-328
-1224
-1722
-1398
-1172
-1597
-1914
-1216
49
706
514
239
272
233
-39
-6
611
1314
1652
1775
1942
1983
1617
996
534
358
348
440
650
858
931
833
632
447
390
537
865
1220
1405
1349
1149
924
683
371
28
-166
-132
21
155
253
389
538
527
241
-109
-242
-98
168
357
486
644
763
666
354
79
40
121
146
194
440
775
905
740
462
266
155
104
199
447
781
1048
1019
698
213
-162
-289
-206
-40
97
208
262
202
-9
-185
-197
-118
-77
6
190
436
668
1014
1453
1518
904
-135
-1006
-1468
-1764
-1936
-1645
-1069
-1068
-2133
-3517
-4124
-3794
-3224
-2752
-2076
-1156
-716
-1280
-2264
-2739
-2508
-2110
-1768
-1224
-411
137
-25
-490
-599
-369
-245
-216
159
984
1719
1884
1672
1522
1468
1255
913
754
932
1300
1576
1585
1358
1008
617
303
131
167
452
837
1132
1169
928
496
28
-177
14
410
713
856
928
909
701
356
86
25
93
153
197
254
323
334
231
14
-205
-260
-142
112
414
613
655
587
447
301
283
333
397
543
773
978
990
763
431
220
130
72
109
263
459
584
505
257
112
115
114
81
142
293
405
410
265
79
-27
12
235
596
811
634
155
-378
-736
-947
-1125
-1180
-1000
-876
-1210
-1802
-2197
-2265
-2290
-2362
-2277
-1945
-1703
-1867
-2244
-2475
-2536
-2563
-2383
-1833
-1121
-724
-856
-1209
-1375
-1296
-1091
-730
-126
581
1076
1169
992
830
794
828
978
1286
1568
1659
1593
1518
1469
1382
1243
1186
1298
1458
1526
1412
1149
818
498
239
63
28
150
325
436
416
314
235
176
115
121
251
454
593
580
465
337
195
2
-164
-220
-183
-121
-87
-46
10
6
-94
-193
-152
63
346
602
772
824
761
618
518
497
491
463
431
387
351
330
286
221
173
178
274
437
591
708
759
720
610
501
449
440
517
653
679
458
78
-268
-409
-425
-536
-711
-696
-510
-491
-780
-1088
-1131
-1095
-1277
-1574
-1654
-1542
-1548
-1771
-2012
-2165
-2328
-2527
-2602
-2432
-2200
-2168
-2292
-2300
-2119
-1910
-1766
-1619
-1347
-999
-724
-550
-362
-64
249
438
553
720
947
1132
1289
1476
1677
1823
1875
1908
2011
2171
2262
2213
2065
1912
1816
1738
1614
1458
1323
1227
1107
906
682
503
384
272
158
83
81
148
258
360
386
308
151
10
-38
-29
-8
37
76
44
-84
-266
-367
-351
-234
-63
104
227
311
355
335
279
252
311
407
502
578
598
558
412
189
10
-39
3
22
-32
-102
-61
45
156
341
618
815
743
471
204
112
129
52
-169
-334
-307
-330
-618
-1035
-1257
-1215
-1183
-1346
-1575
-1663
-1683
-1732
-1842
-1985
-2143
-2294
-2362
-2296
-2165
-2167
-2335
-2491
-2469
-2316
-2146
-1958
-1702
-1387
-1109
-915
-716
-424
-126
98
323
637
965
1172
1271
1407
1610
1756
1799
1850
1983
2155
2261
2260
2213
2176
2127
2022
1888
1773
1701
1678
1648
1520
1321
1170
1081
986
844
677
548
474
428
357
225
33
-147
-249
-272
-223
-110
-24
-33
-83
-101
-103
-145
-240
-259
-154
-50
-53
-127
-171
-154
-137
-198
-268
-230
-132
-64
-45
-49
-55
-20
24
25
67
198
362
438
407
297
162
48
-13
133
427
571
428
196
89
150
206
93
-71
-51
112
50
-314
-666
-744
-659
-762
-1092
-1360
-1422
-1469
-1660
-1920
-2132
-2294
-2402
-2394
-2258
-2142
-2219
-2423
-2523
-2424
-2245
-2111
-2001
-1801
-1472
-1151
-946
-808
-612
-339
-62
201
447
678
904
1160
1451
1698
1802
1807
1880
2050
2225
2314
2288
2208
2155
2145
2105
2023
1943
1906
1887
1770
1505
1209
1051
1010
948
838
742
674
623
576
506
380
193
8
-85
-106
-129
-134
-116
-114
-142
-214
-341
-436
-380
-229
-106
-63
-90
-136
-146
-191
-288
-362
-372
-314
-198
-106
-110
-164
-194
-191
-158
-122
-114
-54
78
167
178
194
220
210
175
207
434
739
776
455
95
-35
15
4
-187
-375
-306
-91
-169
-594
-931
-884
-687
-722
-999
-1183
-1140
-1094
-1226
-1445
-1658
-1857
-1982
-1969
-1871
-1841
-1997
-2241
-2314
-2250
-2214
-2194
-2109
-1813
-1405
-1099
-917
-798
-570
-282
-41
222
468
689
905
1133
1399
1573
1582
1576
1726
1978
2167
2239
2208
2173
2192
2125
1964
1836
1804
1842
1864
1766
1542
1315
1210
1161
998
805
680
591
543
500
411
272
103
13
61
104
47
-15
-9
53
77
-34
-226
-332
-242
-95
-53
-83
-122
-159
-197
-266
-357
-385
-384
-403
-409
-430
-499
-544
-509
-451
-410
-380
-343
-267
-154
-93
-103
-130
-113
-40
65
182
375
671
823
656
364
176
132
153
88
-82
-150
-65
-137
-516
-874
-924
-783
-762
-964
-1161
-1199
-1199
-1307
-1450
-1562
-1692
-1816
-1835
-1740
-1655
-1745
-1986
-2125
-2059
-1970
-1941
-1863
-1679
-1422
-1192
-1086
-1017
-856
-599
-326
-71
187
449
704
962
1233
1451
1545
1594
1752
2040
2277
2364
2380
2372
2353
2297
2181
2076
2078
2156
2184
2081
1863
1652
1537
1449
1311
1161
1061
997
906
789
642
418
168
-33
-142
-180
-231
-292
-309
-295
-289
-320
-396
-459
-426
-303
-180
-157
-216
-291
-342
-379
-420
-458
-468
-424
-374
-384
-451
-521
-568
-577
-574
-573
-502
-390
-316
-299
-332
-352
-310
-213
-137
-111
-90
37
327
606
562
214
-77
-104
28
59
-60
-151
-59
28
-195
-652
-934
-862
-703
-757
-1003
-1178
-1226
-1300
-1437
-1550
-1636
-1731
-1767
-1683
-1542
-1504
-1661
-1861
-1877
-1722
-1578
-1499
-1353
-1098
-834
-681
-664
-635
-476
-232
16
247
441
614
810
1032
1232
1374
1479
1637
1905
2165
2287
2291
2270
2252
2222
2164
2093
2071
2124
2193
2182
2011
1733
1502
1367
1299
1231
1146
1087
1020
910
736
499
238
30
-80
-111
-131
-197
-302
-406
-508
-637
-769
-825
-745
-546
-374
-321
-359
-445
-502
-502
-488
-486
-458
-390
-315
-252
-256
-343
-424
-421
-389
-362
-332
-311
-272
-220
-211
-242
-271
-283
-269
-218
-156
-95
58
328
491
340
-36
-302
-246
-25
47
-57
-68
67
40
-356
-854
-1003
-750
-554
-694
-950
-1064
-1107
-1254
-1497
-1689
-1810
-1912
-1954
-1871
-1735
-1758
-1960
-2096
-2008
-1819
-1688
-1567
-1306
-940
-674
-604
-604
-521
-317
-58
187
433
672
868
1046
1258
1463
1561
1600
1741
1993
2225
2370
2433
2458
2471
2416
2290
2207
2256
2374
2431
2327
2046
1716
1500
1388
1270
1131
1054
1055
1025
881
670
453
250
85
-40
-142
-218
-284
-340
-395
-483
-626
-813
-933
-886
-747
-676
-700
-767
-823
-839
-813
-775
-729
-623
-481
-383
-368
-408
-465
-474
-416
-352
-303
-258
-207
-125
-60
-95
-167
-172
-129
-76
-18
35
48
38
20
73
220
280
111
-120
-196
-120
-34
-61
-200
-268
-188
-231
-559
-921
-966
-706
-526
-687
-1016
-1209
-1276
-1388
-1517
-1599
-1671
-1746
-1761
-1709
-1683
-1765
-1928
-1985
-1833
-1620
-1485
-1359
-1138
-846
-603
-524
-526
-396
-90
261
552
769
954
1133
1304
1447
1567
1682
1800
1989
2217
2366
2411
2399
2366
2341
2339
2276
2167
2133
2187
2246
2156
1875
1509
1263
1191
1133
1008
873
784
700
553
336
118
-62
-186
-219
-178
-163
-243
-372
-513
-648
-759
-866
-943
-890
-728
-630
-661
-757
-845
-856
-806
-765
-724
-612
-424
-293
-272
-313
-361
-340
-259
-184
-129
-88
-34
44
61
-21
-93
-99
-68
10
87
73
-5
-69
-98
-100
14
260
417
281
-44
-285
-317
-246
-270
-385
-385
-248
-231
-561
-998
-1080
-837
-725
-947
-1259
-1379
-1347
-1381
-1510
-1634
-1709
-1744
-1734
-1656
-1561
-1588
-1754
-1835
-1703
-1499
-1361
-1252
-1006
-639
-345
-224
-202
-110
157
519
805
996
1140
1274
1457
1663
1810
1865
1903
2053
2282
2453
2499
2460
2410
2352
2265
2114
1950
1892
1957
2007
1916
1660
1348
1103
971
868
721
579
473
391
316
212
59
-121
-259
-319
-333
-368
-445
-524
-579
-633
-751
-898
-947
-842
-683
-593
-623
-705
-742
-746
-776
-791
-738
-625
-475
-355
-326
-351
-358
-322
-241
-134
-75
-64
-8
53
44
-19
-124
-196
-162
-87
-70
-89
-109
-127
-120
-140
-197
-168
35
285
352
138
-193
-369
-322
-226
-255
-340
-313
-230
-320
-676
-1020
-1034
-826
-747
-891
-1059
-1123
-1153
-1249
-1350
-1399
-1455
-1492
-1433
-1312
-1271
-1379
-1509
-1485
-1325
-1165
-1064
-908
-578
-205
27
101
138
273
552
863
1105
1276
1406
1513
1629
1766
1871
1914
1948
2047
2179
2236
2208
2137
2042
1938
1830
1729
1639
1590
1594
1570
1417
1129
820
604
503
439
353
271
224
179
74
-94
-289
-436
-490
-486
-500
-535
-562
-555
-547
-612
-748
-871
-895
-803
-664
-562
-522
-536
-579
-629
-664
-646
-544
-394
-253
-155
-117
-121
-131
-112
-93
-80
-56
-4
89
170
178
90
-9
-74
-100
-96
-72
-21
27
21
-62
-181
-260
-238
-134
33
208
233
20
-286
-482
-515
-493
-528
-568
-525
-442
-523
-824
-1103
-1120
-960
-905
-1020
-1133
-1107
-1040
-1078
-1194
-1294
-1372
-1399
-1305
-1163
-1056
-1035
-1068
-1028
-877
-709
-590
-424
-130
198
409
498
557
675
866
1056
1195
1305
1411
1525
1633
1691
1696
1661
1620
1649
1730
1782
1787
1779
1740
1627
1468
1322
1227
1210
1234
1242
1153
960
736
549
443
351
225
120
88
89
43
-71
-214
-343
-424
-460
-484
-495
-472
-426
-429
-526
-694
-832
-846
-760
-638
-539
-478
-458
-457
-463
-482
-473
-404
-279
-152
-49
6
27
33
61
103
112
89
84
109
149
162
90
-23
-79
-78
-78
-83
-85
-76
-76
-128
-229
-356
-456
-478
-415
-256
-53
27
-123
-410
-610
-621
-569
-583
-620
-584
-484
-488
-723
-987
-1005
-816
-698
-774
-880
-881
-837
-863
-945
-1008
-1044
-1042
-957
-820
-709
-707
-762
-737
-606
-471
-419
-343
-133
126
282
327
339
410
575
761
895
984
1056
1119
1197
1268
1292
1244
1182
1210
1308
1378
1393
1379
1364
1347
1282
1162
1058
1038
1076
1091
1005
822
621
501
458
415
358
313
309
321
304
244
156
55
-49
-109
-135
-172
-186
-171
-166
-195
-296
-442
-515
-452
-330
-270
-269
-281
-289
-288
-279
-284
-249
-127
-11
48
31
-40
-81
-76
-81
-79
-75
-70
-38
9
-5
-88
-161
-221
-270
-316
-345
-345
-311
-307
-385
-475
-531
-578
-608
-602
-571
-484
-352
-198
-74
-108
-343
-571
-602
-477
-346
-291
-266
-200
-135
-259
-565
-748
-611
-334
-233
-340
-448
-459
-486
-603
-724
-783
-796
-744
-638
-549
-566
-712
-865
-890
-804
-736
-689
-545
-286
-56
30
-8
-48
25
211
420
571
664
729
799
867
888
861
824
855
993
1139
1204
1214
1221
1205
1139
1038
930
888
960
1088
1152
1081
911
743
659
659
655
622
617
653
658
577
446
316
231
208
214
211
181
150
111
32
-95
-252
-353
-357
-267
-168
-142
-168
-190
-188
-217
-270
-293
-259
-186
-116
-88
-116
-154
-179
-169
-140
-137
-135
-128
-92
-76
-146
-258
-346
-382
-377
-368
-379
-387
-379
-374
-424
-512
-582
-608
-594
-569
-544
-516
-480
-449
-413
-296
-118
-25
-101
-222
-221
-106
-27
-40
-59
-14
39
-55
-309
-485
-409
-215
-166
-302
-460
-537
-613
-723
-815
-862
-890
-901
-896
-889
-907
-990
-1084
-1088
-987
-879
-805
-676
-457
-265
-197
-219
-227
-137
52
271
446
583
705
803
835
838
861
897
955
1046
1159
1266
1356
1397
1377
1305
1213
1139
1126
1203
1307
1346
1295
1165
981
836
810
882
967
1029
1029
935
770
611
467
331
235
206
223
219
160
65
-41
-172
-333
-461
-506
-442
-296
-190
-186
-254
-367
-474
-509
-477
-409
-326
-263
-260
-325
-418
-490
-526
-513
-457
-409
-382
-352
-296
-269
-341
-452
-508
-518
-475
-380
-298
-269
-284
-370
-511
-592
-564
-479
-370
-272
-228
-215
-209
-207
-181
-127
-32
130
278
247
56
-122
-186
-164
-147
-198
-232
-124
-30
-161
-455
-643
-610
-493
-484
-595
-684
-691
-704
-789
-879
-954
-1001
-996
-926
-828
-793
-862
-925
-876
-786
-736
-676
-522
-274
-26
111
121
118
182
314
477
627
760
901
1037
1126
1146
1112
1078
1120
1249
1388
1499
1586
1630
1595
1507
1392
1305
1276
1306
1376
1445
1425
1238
987
821
766
742
693
651
656
653
578
442
283
146
66
31
5
-33
-63
-85
-140
-234
-375
-503
-524
-445
-344
-303
-301
-321
-379
-458
-520
-556
-563
-518
-438
-391
-408
-478
-560
-608
-617
-636
-675
-680
-597
-467
-409
-466
-572
-651
-677
-648
-594
-525
-446
-387
-385
-430
-464
-470
-456
-414
-352
-326
-341
-345
-334
-334
-373
-422
-451
-412
-272
-110
-7
-42
-191
-337
-377
-337
-296
-258
-172
-46
-9
-166
-412
-515
-409
-233
-157
-182
-218
-228
-265
-362
-468
-525
-514
-458
-364
-264
-223
-257
-311
-323
-309
-296
-246
-99
142
348
433
433
437
500
620
752
892
1022
1120
1193
1236
1247
1203
1141
1125
1186
1316
1436
1456
1373
1275
1184
1076
999
988
1036
1110
1161
1073
842
657
589
581
561
524
509
520
516
435
291
132
12
-12
18
32
34
19
-24
-76
-165
-341
-496
-504
-428
-377
-380
-444
-520
-557
-580
-653
-754
-794
-763
-727
-734
-770
-824
-890
-922
-941
-959
-972
-936
-857
-803
-783
-810
-879
-913
-877
-827
-801
-789
-779
-769
-747
-714
-682
-645
-594
-526
-462
-409
-348
-308
-290
-261
-232
-223
-199
-123
-36
40
109
172
211
210
159
97
102
168
244
301
319
338
348
272
152
95
115
158
167
143
105
69
26
-48
-122
-162
-159
-127
-74
-39
-41
-79
-124
-135
-123
-92
-24
90
219
319
364
362
355
396
478
572
667
746
825
902
961
989
1003
1030
1093
1214
1319
1328
1293
1279
1257
1222
1178
1115
1098
1168
1202
1112
974
885
847
804
727
623
526
453
375
267
128
-11
-117
-199
-294
-403
-496
-569
-631
-673
-739
-845
-914
-950
-972
-971
-969
-1009
-1062
-1059
-1025
-1028
-1061
-1064
-1027
-993
-985
-1004
-1019
-990
-921
-877
-869
-852
-813
-747
-665
-598
-570
-565
-531
-463
-407
-368
-328
-268
-206
-174
-157
-141
-114
-71
-37
-15
14
54
78
91
120
147
149
140
128
132
154
162
132
93
66
41
20
6
1
7
15
28
47
70
92
104
90
44
-8
-36
-31
11
56
72
73
51
4
-50
-72
-46
-13
36
75
87
87
94
122
162
211
271
348
418
481
528
547
564
594
631
683
762
859
960
1040
1077
1079
1065
1084
1148
1187
1173
1129
1075
1009
956
912
835
756
692
596
465
334
248
207
166
79
-71
-213
-315
-386
-447
-522
-591
-634
-662
-710
-763
-808
-836
-817
-783
-782
-793
-762
-691
-613
-549
-520
-520
-517
-476
-421
-385
-368
-350
-326
-310
-310
-312
-306
-283
-247
-226
-229
-236
-244
-251
-263
-280
-307
-324
-312
-283
-250
-227
-226
-236
-247
-258
-251
-240
-229
-225
-232
-244
-250
-244
-244
-246
-254
-263
-251
-233
-237
-245
-244
-248
-235
-209
-204
-213
-199
-166
-143
-147
-174
-191
-159
-93
-35
-3
26
54
90
136
181
233
278
312
341
374
403
432
470
500
513
516
521
552
599
639
655
650
641
642
635
636
640
635
639
637
615
565
509
468
443
422
415
399
350
289
237
195
155
127
85
51
43
38
4
-30
-48
-63
-75
-103
-133
-156
-154
-144
-145
-150
-152
-133
-106
-90
-78
-73
-86
-81
-55
-36
-29
-14
2
15
31
34
31
46
68
72
58
40
39
38
19
-16
-49
-64
-77
-98
-118
-137
-156
-172
-212
-263
-307
-347
-385
-418
-442
-478
-507
-529
-532
-530
-537
-550
-573
-582
-577
-566
-574
-562
-539
-525
-508
-503
-483
-442
-381
-313
-275
-252
-226
-171
-91
-42
-14
36
84
112
148
159
156
181
219
235
219
202
201
220
243
245
226
219
221
222
220
209
198
187
182
166
132
102
97
110
110
92
68
53
46
41
37
32
38
47
81
109
124
128
124
136
152
162
169
192
226
243
229
219
214
226
250
265
267
259
269
290
311
331
344
352
370
387
395
400
399
405
411
391
377
384
389
399
407
393
379
347
292
249
223
195
149
97
56
24
-19
-71
-123
-171
-217
-254
-298
-349
-392
-424
-460
-508
-553
-588
-617
-640
-648
-653
-650
-634
-614
-596
-576
-543
-504
-467
-441
-413
-373
-327
-279
-235
-201
-161
-102
-37
13
55
101
146
189
220
230
244
256
252
245
241
229
212
190
159
122
79
43
24
16
-7
-49
-88
-127
-174
-220
-258
-269
-253
-248
-265
-294
-326
-349
-358
-366
-372
-357
-321
-284
-256
-241
-243
-238
-211
-179
-142
-98
-52
-15
-1
18
35
61
92
120
159
201
250
276
286
314
348
384
412
431
452
482
514
535
543
532
528
533
534
543
548
557
563
557
531
491
466
455
434
399
354
308
264
224
179
129
87
49
11
-29
-66
-100
-130
-164
-210
-256
-291
-309
-322
-334
-336
-336
-339
-331
-316
-304
-298
-297
-292
-287
-258
-221
-189
-162
-144
-127
-99
-62
-23
11
32
48
48
61
83
111
140
148
142
133
128
126
130
123
97
66
31
-4
-30
-43
-60
-87
-126
-175
-211
-251
-291
-334
-376
-407
-437
-451
-455
-456
-461
-478
-497
-498
-491
-471
-432
-393
-374
-375
-386
-387
-362
-312
-250
-190
-138
-96
-56
-15
15
48
86
116
152
198
248
298
332
349
359
367
377
401
433
468
487
494
482
461
451
440
426
419
414
413
400
376
352
322
295
254
204
169
151
135
107
76
37
1
-34
-70
-88
-94
-96
-95
-100
-122
-145
-164
-171
-157
-143
-140
-129
-113
-100
-97
-102
-99
-87
-61
-29
10
47
79
102
119
123
120
116
119
133
150
168
180
195
197
180
171
160
154
156
150
136
106
73
38
4
-26
-52
-76
-98
-114
-127
-144
-177
-215
-251
-275
-275
-270
-281
-305
-324
-345
-365
-386
-403
-404
-392
-373
-371
-378
-380
-378
-364
-330
-292
-255
-233
-215
-187
-157
-126
-98
-74
-45
-6
39
81
124
198
266
288
265
237
217
223
243
237
234
258
263
211
151
107
104
125
130
148
163
171
168
141
100
50
23
22
25
30
29
18
9
-4
-42
-65
-45
-5
34
49
45
27
10
8
8
8
13
41
74
94
101
89
72
67
70
81
105
145
200
246
269
261
229
205
209
224
241
259
267
263
243
217
184
171
164
155
142
116
89
63
29
-8
-51
-96
-128
-152
-173
-199
-229
-261
-302
-345
-384
-413
-429
-439
-446
-441
-448
-457
-461
-460
-444
-413
-382
-359
-335
-308
-285
-257
-234
-209
-169
-135
-101
-59
-12
33
71
98
124
156
172
189
205
214
224
228
243
248
252
262
268
280
277
253
235
214
188
161
139
111
88
69
59
49
30
4
-18
-38
-53
-56
-53
-47
-48
-65
-95
-129
-150
-155
-143
-131
-121
-116
-111
-97
-83
-68
-48
-30
-10
17
50
88
113
130
138
137
138
146
169
205
243
270
283
283
285
280
279
288
289
293
298
296
275
248
214
174
137
115
104
93
87
75
58
26
-17
-54
-83
-101
-107
-112
-129
-158
-181
-200
-219
-241
-268
-283
-291
-305
-317
-336
-353
-372
-392
-406
-397
-370
-339
-316
-301
-292
-278
-259
-234
-215
-193
-165
-138
-109
-89
-74
-51
-16
22
50
77
113
146
172
187
189
196
205
218
243
270
285
285
267
231
202
186
173
161
141
120
94
55
16
-12
-38
-54
-63
-68
-68
-86
-104
-126
-148
-166
-177
-184
-185
-182
-185
-182
-181
-177
-166
-151
-121
-95
-75
-50
-29
-12
1
22
55
89
117
148
191
222
246
264
276
300
320
341
355
358
350
332
316
307
296
285
285
284
269
253
222
184
165
144
124
102
73
50
23
-9
-49
-82
-104
-116
-112
-110
-121
-137
-157
-172
-185
-203
-221
-231
-234
-237
-238
-236
-227
-220
-218
-218
-219
-213
-207
-189
-171
-155
-143
-138
-146
-156
-145
-123
-88
-46
-13
-1
9
11
0
-9
-10
3
23
46
61
51
42
43
41
33
30
41
59
66
58
38
19
11
6
-2
-13
-21
-20
-30
-48
-60
-74
-75
-65
-65
-69
-71
-66
-74
-90
-98
-111
-129
-135
-127
-127
-119
-107
-102
-107
-105
-98
-83
-59
-42
-30
-4
22
49
65
72
93
121
145
167
192
214
230
244
251
234
235
262
277
292
301
306
306
286
257
229
213
202
189
182
181
163
141
116
83
58
48
33
13
-11
-32
-53
-79
-101
-119
-121
-119
-115
-115
-125
-124
-122
-118
-117
-126
-123
-109
-100
-87
-77
-67
-51
-48
-47
-46
-40
-30
-30
-25
-20
-16
-3
8
11
4
6
14
17
11
5
0
-6
-23
-49
-49
-48
-55
-53
-42
-41
-57
-74
-88
-100
-121
-137
-145
-151
-156
-160
-150
-144
-139
-135
-133
-137
-139
-129
-132
-131
-125
-118
-113
-103
-82
-60
-40
-15
-3
7
20
30
40
53
64
72
80
85
92
100
110
116
121
117
105
92
91
96
95
87
86
83
81
76
71
75
73
78
87
87
81
69
61
55
59
60
56
57
55
42
29
30
29
26
35
41
32
24
14
4
3
5
5
-2
-5
2
6
15
15
8
12
18
28
44
56
76
90
95
91
90
92
94
101
100
99
92
78
71
64
51
49
59
59
56
51
45
30
-2
-23
-38
-48
-55
-68
-87
-103
-126
-157
-177
-189
-181
-177
-177
-176
-186
-205
-232
-258
-261
-246
-221
-198
-183
-162
-149
-143
-147
-152
-145
-130
-96
-62
-33
-14
-5
1
5
7
13
39
63
93
114
131
139
149
158
162
171
180
188
189
188
175
154
128
115
109
98
89
85
79
65
41
13
-5
-22
-42
-53
-53
-41
-40
-50
-63
-79
-91
-103
-111
-103
-89
-72
-71
-78
-94
-108
-113
-109
-92
-63
-33
-9
11
21
28
22
32
56
81
109
136
156
163
157
138
131
142
159
168
163
165
157
149
148
134
116
103
99
94
85
71
57
40
17
-5
-27
-36
-31
-30
-38
-57
-72
-81
-87
-91
-102
-107
-103
-94
-94
-102
-111
-116
-120
-131
-142
-143
-139
-124
-111
-114
-116
-116
-110
-100
-94
-94
-82
-61
-55
-54
-52
-37
-23
-23
-23
-19
-3
21
42
50
63
70
69
76
81
92
105
112
109
92
84
80
85
83
73
64
61
65
63
58
46
38
20
12
9
4
10
7
6
-8
-34
-50
-63
-74
-87
-101
-113
-119
-113
-106
-96
-89
-89
-81
-70
-71
-65
-61
-56
-55
-55
-48
-39
-18
-7
3
25
32
44
59
73
88
92
89
85
77
71
77
87
95
93
84
77
69
73
75
72
55
49
52
53
51
54
64
60
55
45
39
36
34
22
5
-10
-14
-7
6
16
18
16
14
9
2
-4
-15
-17
-13
-10
1
8
11
6
-10
-19
-28
-30
-27
-36
-45
-56
-67
-74
-76
-70
-56
-44
-30
-14
-5
-9
-11
-13
-23
-28
-27
-21
-4
-3
-3
-5
-6
0
-9
-11
-6
4
16
20
16
17
4
-7
-3
-4
-6
-9
-17
-22
-30
-44
-58
-78
-86
-86
-88
-93
-91
-91
-97
-102
-108
-112
-107
-97
-92
-83
-74
-74
-67
-56
-41
-33
-21
-11
-3
14
18
16
15
24
35
57
80
97
104
103
106
99
88
86
95
106
111
108
106
106
104
97
88
85
94
91
83
73
69
74
69
61
50
47
50
47
36
27
18
9
7
9
7
3
1
-7
-16
-21
-22
-26
-23
-29
-34
-33
-36
-35
-32
-27
-32
-31
-30
-24
-19
-11
-6
-15
-19
-17
-22
-20
-10
-1
17
27
32
34
27
31
29
23
19
12
15
18
18
14
4
-5
-13
-13
-6
-3
2
-4
-18
-29
-33
-29
-25
-34
-44
-52
-59
-55
-55
-56
-54
-49
-40
-32
-24
-15
-14
-12
-16
-31
-44
-60
-68
-70
-70
-62
-57
-56
-57
-68
-80
-92
-97
-97
-94
-80
-73
-75
-72
-76
-77
-77
-71
-58
-42
-29
-20
-15
-21
-23
-22
-13
-3
8
22
45
68
76
85
90
95
98
103
116
123
132
135
133
127
122
126
125
121
113
110
106
96
94
86
79
69
59
50
49
60
58
39
18
6
-6
-5
3
12
28
33
32
32
31
30
21
12
7
13
22
19
16
8
4
2
-7
-21
-35
-38
-40
-49
-58
-71
-86
-91
-92
-87
-81
-64
-53
-47
-43
-48
-48
-54
-64
-69
-72
-68
-64
-65
-56
-48
-40
-30
-19
2
17
20
17
14
11
12
13
9
11
12
13
11
-1
-9
-6
-3
0
5
4
2
1
-1
-4
-5
-6
-1
3
1
1
2
2
-4
-25
-37
-36
-31
-25
-30
-31
-30
-37
-47
-50
-45
-42
-33
-32
-28
-20
-19
-24
-34
-36
-31
-27
-22
-6
10
24
32
29
25
26
34
44
50
56
60
60
57
42
29
22
23
26
31
36
47
50
39
31
24
15
19
21
28
37
44
43
41
58
56
46
56
65
61
58
58
59
49
38
36
37
43
44
49
46
30
19
16
2
-9
-16
-18
-15
-24
-28
-38
-43
-48
-61
-71
-82
-84
-80
-76
-83
-86
-81
-76
-69
-70
-69
-75
-77
-78
-76
-67
-62
-55
-51
-51
-42
-32
-20
-8
7
12
13
12
15
29
38
41
39
38
38
42
46
41
37
42
33
25
30
26
21
14
14
19
21
28
37
43
47
45
44
42
32
22
22
24
27
29
25
24
30
29
21
17
12
10
8
2
-8
-15
-24
-31
-29
-28
-30
-36
-34
-37
-42
-48
-52
-53
-59
-67
-77
-76
-70
-66
-56
-47
-41
-33
-19
-4
11
15
18
23
19
25
30
44
54
53
60
67
68
70
76
78
76
75
69
60
48
49
48
41
39
28
16
9
-1
-13
-17
-26
-36
-47
-60
-68
-70
-72
-78
-81
-81
-77
-72
-68
-64
-68
-74
-79
-85
-90
-86
-82
-80
-75
-62
-44
-31
-21
-19
-21
-20
-21
-15
-7
-1
7
25
35
43
57
69
86
96
101
105
110
120
121
120
121
119
116
111
105
94
90
84
76
69
62
57
46
37
26
22
14
0
-8
-19
-29
-41
-52
-59
-60
-65
-71
-75
-71
-72
-74
-70
-60
-52
-47
-34
-29
-29
-27
-23
-21
-13
-19
-19
-11
-5
-3
0
3
2
6
10
15
21
26
28
26
16
12
11
10
8
12
16
16
13
10
8
8
5
-1
-12
-28
-38
-40
-48
-50
-43
-44
-43
-47
-52
-53
-57
-71
-79
-81
-74
-60
-53
-48
-38
-30
-21
-19
-21
-18
-28
-24
-15
-8
4
9
13
16
23
29
36
42
44
46
45
48
52
59
68
77
81
88
91
92
98
99
103
105
106
102
92
84
78
69
68
65
58
48
39
34
32
27
13
-3
-31
-46
-59
-72
-82
-84
-90
-94
-104
-105
-104
-112
-116
-123
-119
-107
-100
-94
-94
-93
-87
-84
-79
-70
-67
-65
-59
-47
-31
-12
0
3
11
17
23
36
50
66
82
88
89
90
93
99
94
94
90
85
80
75
71
69
59
46
39
34
33
32
32
31
26
19
9
-7
-19
-27
-29
-28
-29
-30
-38
-40
-46
-47
-43
-41
-47
-60
-60
-57
-54
-60
-57
-47
-43
-35
-23
-20
-18
-12
-1
7
14
21
19
26
31
34
42
48
53
58
59
66
74
75
82
83
88
84
74
74
73
74
75
73
61
48
34
25
18
3
-6
-16
-23
-35
-45
-54
-59
-54
-50
-50
-56
-65
-74
-85
-93
-104
-108
-108
-110
-110
-109
-109
-115
-110
-108
-104
-101
-98
-87
-78
-67
-58
-52
-50
-45
-48
-45
-32
-16
-4
8
17
18
14
15
18
27
32
34
42
41
36
31
33
41
42
48
58
66
76
75
80
75
62
59
55
53
47
39
34
29
34
38
41
47
45
43
49
55
50
39
37
37
41
44
46
48
43
45
49
46
41
41
46
49
54
57
60
60
56
53
53
59
61
69
70
69
69
67
64
50
33
20
10
0
-4
-9
-19
-38
-51
-56
-56
-58
-71
-85
-95
-109
-119
-121
-131
-140
-146
-143
-141
-142
-145
-152
-141
-128
-122
-113
-103
-95
-89
-88
-81
-72
-65
-51
-38
-23
-7
1
11
8
8
11
17
28
36
38
39
42
38
39
42
48
48
44
49
52
67
76
74
71
63
52
47
44
40
37
31
28
20
15
4
-6
-10
-18
-16
-13
-8
-11
-14
-18
-25
-29
-37
-42
-46
-46
-41
-39
-41
-43
-44
-43
-37
-27
-18
-8
4
14
26
24
31
39
38
46
52
58
75
80
83
87
88
92
102
114
120
122
123
122
121
112
103
101
91
79
68
54
51
50
36
26
16
10
2
-9
-14
-21
-36
-50
-65
-77
-84
-94
-105
-115
-119
-126
-128
-125
-125
-128
-122
-117
-117
-114
-114
-108
-104
-97
-84
-65
-49
-31
-18
-10
-7
2
9
9
22
25
36
54
64
74
86
92
93
91
82
77
70
69
77
74
70
67
62
61
56
56
48
37
29
14
10
11
-1
-16
-30
-38
-44
-49
-53
-57
-66
-77
-77
-82
-84
-87
-95
-99
-103
-104
-100
-94
-87
-75
-65
-56
-45
-44
-38
-27
-22
-13
-1
12
22
35
51
64
61
57
57
63
62
59
58
56
52
50
58
59
69
66
56
59
59
58
54
48
39
23
17
5
-3
-3
-8
-12
-10
-11
-12
-13
-23
-26
-40
-54
-53
-51
-50
-47
-42
-43
-39
-34
-35
-36
-30
-27
-24
-21
-20
-16
-12
-13
-8
-3
-3
-3
11
33
37
50
70
70
71
68
70
75
73
72
83
95
107
114
117
123
115
108
97
80
70
55
48
38
32
30
34
32
22
11
-6
-31
-49
-59
-64
-67
-75
-84
-97
-105
-111
-114
-121
-130
-135
-133
-132
-127
-118
-113
-117
-113
-106
-97
-85
-76
-59
-43
-32
-21
-12
-1
6
16
19
20
25
30
42
60
75
70
76
84
90
92
90
91
81
71
67
66
66
57
42
28
18
4
-3
-6
-7
-13
-23
-33
-46
-56
-66
-74
-87
-89
-90
-87
-85
-82
-68
-57
-55
-60
-63
-60
-59
-65
-58
-54
-49
-32
-20
-4
5
10
15
19
20
29
36
52
61
67
73
75
79
82
88
90
87
85
78
78
83
92
99
97
90
84
82
72
64
57
51
47
37
33
37
31
21
11
7
2
-3
-10
-16
-21
-32
-44
-50
-52
-55
-51
-52
-52
-56
-61
-56
-51
-46
-46
-46
-46
-44
-41
-31
-22
-15
-18
-19
-11
-9
7
11
16
18
14
15
13
8
11
17
15
19
22
28
33
36
33
22
18
22
17
17
17
4
-6
-13
-10
-10
-16
-19
-29
-31
-32
-34
-29
-33
-36
-37
-50
-57
-55
-43
-32
-36
-37
-32
-23
-16
-16
-16
-21
-20
-17
-13
-8
2
15
20
19
14
11
13
17
18
23
19
20
19
16
21
30
35
26
24
22
20
21
15
4
1
-10
-13
-19
-25
-29
-40
-48
-61
-68
-69
-66
-62
-59
-60
-58
-54
-49
-40
-34
-33
-37
-36
-31
-22
-17
-18
-13
-4
5
21
34
33
39
43
45
50
55
62
66
72
72
78
78
82
82
80
89
84
77
73
71
81
85
83
80
81
78
77
75
67
64
60
54
40
25
11
0
-7
-14
-27
-37
-34
-35
-31
-39
-49
-55
-55
-53
-56
-57
-57
-59
-64
-59
-61
-59
-61
-66
-58
-52
-40
-37
-33
-28
-19
-11
-8
-1
1
12
16
18
25
20
20
19
20
21
15
9
16
21
27
39
41
46
43
36
35
33
28
21
9
-3
-12
-16
-23
-25
-32
-45
-51
-53
-54
-54
-59
-66
-67
-68
-69
-72
-73
-75
-75
-71
-72
-74
-68
-65
-69
-69
-70
-73
-70
-66
-60
-50
-51
-51
-42
-39
-34
-28
-24
-16
-4
13
26
40
51
58
59
54
53
54
53
60
64
71
73
79
85
92
103
107
103
99
98
88
84
77
70
62
54
47
39
29
21
15
9
5
-9
-15
-11
-8
-10
-16
-23
-24
-27
-25
-10
-5
1
6
10
16
20
23
19
14
14
16
27
34
37
39
40
40
41
48
58
67
71
69
58
53
48
42
47
35
29
27
20
19
18
20
21
18
16
10
4
-3
-10
-25
-42
-56
-66
-69
-74
-77
-83
-94
-107
-116
-124
-124
-119
-120
-120
-119
-117
-112
-107
-102
-89
-87
-85
-74
-68
-68
-67
-63
-68
-66
-64
-59
-49
-45
-37
-26
-18
-9
0
12
20
30
36
48
54
54
62
65
70
67
59
65
71
70
70
65
61
60
48
47
47
39
30
26
28
22
14
2
-3
-8
-21
-33
-38
-40
-45
-48
-52
-58
-55
-47
-44
-36
-31
-33
-30
-28
-16
-2
9
15
17
29
35
41
48
56
64
73
86
102
111
117
115
111
105
99
100
108
117
123
119
113
104
79
68
58
42
37
27
27
30
23
17
9
-1
-7
-14
-19
-26
-35
-35
-34
-28
-31
-44
-47
-52
-61
-70
-75
-74
-72
-69
-73
-79
-84
-87
-89
-80
-75
-71
-64
-59
-55
-55
-51
-47
-47
-51
-44
-45
-40
-31
-20
-8
-2
2
1
3
5
10
16
14
6
2
5
12
16
14
13
9
9
16
22
24
23
22
21
13
9
4
1
-5
-12
-17
-15
-14
-15
-14
-18
-24
-36
-47
-50
-40
-31
-25
-18
-12
-13
-17
-19
-18
-11
-18
-22
-21
-13
-5
1
-1
-3
-2
-6
-8
-8
2
7
14
27
32
41
42
38
35
31
23
20
19
17
25
34
40
38
26
20
13
17
17
14
17
15
27
34
34
39
39
35
30
27
28
31
32
29
29
19
13
3
6
15
15
28
33
31
31
24
18
7
-6
-11
-10
-5
5
9
14
21
23
22
22
22
23
28
27
29
28
29
30
28
26
29
35
33
28
25
22
15
7
0
-5
-4
-7
-19
-28
-32
-38
-41
-45
-58
-67
-73
-74
-73
-67
-59
-59
-61
-68
-74
-71
-64
-59
-57
-62
-63
-66
-68
-64
-56
-49
-46
-42
-41
-35
-25
-24
-29
-35
-37
-30
-15
0
8
15
16
17
21
26
26
23
23
27
29
25
26
33
24
19
34
34
30
23
21
20
5
-11
-21
-23
-26
-31
-24
-13
-8
-7
-7
-12
-10
-7
0
2
-1
1
1
-2
-5
-9
-10
-14
-10
0
3
7
11
16
16
14
18
15
16
14
17
27
37
48
59
69
75
78
80
89
91
97
101
95
94
87
81
76
74
72
65
58
65
68
63
65
54
28
7
-6
-16
-25
-30
-30
-30
-36
-46
-46
-48
-58
-76
-84
-90
-91
-83
-77
-69
-60
-56
-54
-56
-53
-51
-45
-39
-38
-28
-21
-11
-1
4
1
-5
-5
-5
-8
-4
-1
-1
-1
-8
-10
-13
-15
-16
-18
-17
-11
-3
7
12
13
11
6
-1
-8
-8
-7
-10
-11
-10
-11
-10
-12
-10
-10
-10
-10
-16
-16
-16
-16
-16
-13
-15
-19
-15
-9
-6
-1
1
5
8
14
19
20
21
15
11
8
1
-5
-12
-19
-25
-30
-25
-18
-6
-2
-5
-6
-14
-16
-11
-3
3
2
5
12
22
28
28
29
35
41
39
40
43
39
43
43
39
32
24
21
17
10
9
-1
-11
-20
-28
-23
-22
-26
-32
-37
-30
-29
-24
-23
-25
-20
-22
-19
-13
-2
9
17
9
6
11
18
31
32
34
37
40
40
38
46
48
46
46
46
43
39
36
40
43
37
32
26
25
28
22
23
30
28
27
21
17
19
21
20
24
20
13
14
9
6
-1
-6
-6
-17
-24
-31
-42
-50
-59
-59
-60
-56
-54
-62
-61
-62
-63
-59
-56
-48
-49
-45
-36
-33
-31
-28
-29
-27
-19
-15
-7
-8
-5
4
10
20
22
28
31
31
29
24
21
17
12
11
1
-6
-10
-16
-20
-16
-7
-3
-7
-19
-23
-22
-26
-32
-29
-31
-37
-42
-45
-42
-32
-31
-39
-44
-49
-48
-50
-49
-41
-37
-26
-21
-18
-11
-7
1
3
0
5
8
12
19
14
16
18
19
28
27
30
32
24
22
21
20
20
23
28
26
31
36
43
47
49
50
51
52
51
55
53
53
47
46
46
38
37
40
47
48
43
41
36
38
37
44
45
41
39
33
34
32
31
27
18
21
16
16
27
28
28
22
11
7
2
-3
-1
-2
-6
-11
-15
-16
-20
-19
-18
-20
-17
-13
-13
-14
-15
-25
-30
-34
-33
-40
-45
-46
-45
-42
-40
-34
-35
-38
-43
-48
-57
-62
-61
-60
-61
-63
-65
-66
-61
-53
-45
-33
-28
-29
-35
-37
-32
-26
-24
-24
-18
-12
-12
-10
-8
-4
3
8
11
14
17
17
15
2
-7
-13
-10
-3
1
-2
-10
-12
-15
-10
-5
-2
2
3
4
8
13
11
3
3
-3
-9
-15
-17
-16
-13
-14
-20
-20
-21
-20
-16
-9
-1
6
12
13
24
29
29
31
29
30
35
45
53
63
66
67
67
65
61
60
68
69
73
72
70
65
63
62
56
49
48
41
37
40
36
36
30
18
14
11
6
4
0
3
0
-8
-9
-8
-7
-6
-12
-15
-14
-15
-16
-19
-23
-27
-36
-44
-45
-46
-41
-35
-35
-42
-43
-42
-37
-30
-20
-22
-23
-21
-22
-19
-17
-13
-12
-13
-11
-3
5
8
7
8
3
4
6
12
16
13
7
2
2
10
17
14
6
4
0
-2
-14
-19
-23
-32
-36
-38
-36
-32
-31
-28
-26
-32
-32
-32
-26
-30
-33
-34
-35
-36
-34
-28
-25
-20
-22
-28
-31
-25
-19
-13
-18
-21
-19
-19
-14
-9
0
2
3
5
6
14
19
20
21
17
15
10
13
17
16
19
18
15
14
12
15
13
8
12
12
14
23
18
22
26
29
31
27
32
31
32
29
22
24
20
25
25
28
30
32
37
31
25
18
5
-1
-5
-7
-8
3
0
-1
3
-6
-9
-13
-12
0
6
10
16
17
18
18
15
23
25
24
23
19
20
17
18
17
12
9
3
5
-2
-4
-6
-4
-2
-7
-6
-1
0
-1
1
-4
-2
-4
-6
-4
-8
-7
-8
-8
-6
-4
-4
-10
-11
-15
-18
-19
-16
-13
-13
-8
-5
-7
-3
-4
-9
-11
-23
-18
-19
-17
-11
-12
-6
-14
-15
-16
-13
-9
-5
-2
-7
-8
-9
-7
-4
0
5
9
7
2
5
4
-1
-7
-9
-14
-21
-17
-14
-7
-6
-14
-19
-17
-17
-20
-29
-35
-40
-45
-44
-38
-32
-27
-28
-25
-29
-40
-47
-48
-49
-50
-40
-34
-19
-13
-18
-16
-15
-16
-18
-12
-3
-2
-5
-8
-8
-2
6
13
13
12
12
16
30
37
38
38
34
31
32
34
35
40
40
36
33
40
49
53
58
61
62
60
54
49
46
47
53
54
60
62
52
54
67
63
55
50
44
45
38
35
41
39
30
28
35
29
27
25
27
25
20
22
21
15
11
8
4
-5
-6
-3
-6
-7
-11
-19
-29
-40
-47
-48
-53
-57
-57
-57
-55
-54
-54
-47
-52
-61
-63
-69
-65
-57
-52
-44
-39
-30
-26
-21
-19
-22
-29
-39
-37
-26
-22
-14
-12
-19
-20
-13
-16
-30
-30
-28
-26
-26
-33
-39
-52
-63
-69
-63
-50
-51
-50
-38
-29
-30
-32
-31
-26
-16
-15
-14
-17
-23
-25
-25
-23
-19
-17
-10
-3
3
12
17
15
10
10
11
18
27
36
45
50
57
59
60
63
62
62
55
50
48
48
57
65
61
57
49
48
53
54
58
60
61
59
53
55
57
58
60
56
47
44
33
34
36
33
26
17
12
10
14
12
9
3
0
-1
-6
-4
-6
-2
-5
2
6
2
-3
-3
-2
-8
-13
-20
-21
-22
-16
-13
-11
-9
-11
-7
-8
-2
-3
-9
-12
-20
-25
-28
-32
-37
-41
-46
-57
-53
-46
-44
-46
-50
-42
-45
-43
-45
-51
-49
-52
-52
-45
-34
-23
-20
-26
-26
-26
-28
-24
-21
-17
-12
-19
-26
-22
-18
-18
-15
-19
-15
-9
-1
5
4
3
-5
-10
-17
-22
-24
-22
-18
-12
-6
-1
7
15
16
13
10
15
24
34
38
39
42
41
39
39
45
58
60
58
54
50
56
57
55
50
42
39
37
35
33
23
16
7
4
5
5
-1
-1
-5
-7
-13
-19
-22
-26
-23
-21
-21
-25
-24
-24
-24
-25
-18
-13
-9
-9
-10
-9
-12
-9
-18
-24
-18
-13
-7
2
8
14
12
5
4
0
-2
-5
-11
-14
-16
-18
-13
-6
3
7
8
11
9
8
7
6
8
4
7
11
13
22
23
20
15
15
20
19
26
23
20
10
2
-2
-10
-10
-20
-22
-19
-13
-8
-6
-6
-7
-8
-6
-3
-1
8
10
10
11
4
1
8
14
15
16
17
11
11
12
14
23
26
24
17
11
9
11
9
4
1
-3
-3
-3
-1
-2
4
8
5
5
2
-3
-8
-13
-14
-16
-17
-13
-8
-5
-5
-14
-16
-15
-15
-16
-22
-31
-41
-43
-41
-41
-44
-43
-43
-40
-36
-37
-38
-44
-48
-47
-48
-42
-39
-35
-26
-28
-27
-26
-26
-24
-16
-9
-14
-12
-12
-8
1
4
6
4
2
2
6
15
26
29
21
9
-3
0
0
-3
7
12
19
20
17
17
12
11
8
10
7
3
9
15
22
26
41
45
47
54
52
51
50
48
46
45
48
51
59
59
59
61
64
69
70
75
74
66
58
58
53
49
50
44
42
41
37
36
40
34
23
12
6
2
2
3
6
4
-4
-9
-14
-15
-15
-14
-18
-27
-31
-39
-43
-49
-54
-58
-64
-73
-80
-82
-79
-71
-72
-71
-70
-68
-61
-55
-52
-50
-52
-51
-46
-41
-40
-42
-42
-44
-43
-38
-22
-17
-17
-14
-21
-25
-24
-24
-25
-24
-25
-26
-24
-15
-10
-7
-8
-8
-8
-13
-15
-16
-21
-24
-23
-19
-23
-26
-23
-24
-25
-17
-13
-15
-15
-11
1
2
0
-3
-7
-8
-6
-5
-5
3
8
15
25
30
35
39
47
48
54
59
56
62
55
49
49
49
51
56
58
61
63
62
70
77
76
74
68
57
56
57
59
63
67
74
70
68
67
65
63
60
48
38
35
27
26
26
23
23
16
11
15
16
14
12
8
-1
-14
-20
-32
-37
-39
-45
-42
-40
-40
-41
-43
-40
-46
-48
-48
-47
-44
-45
-52
-55
-56
-66
-66
-67
-65
-61
-57
-55
-57
-56
-52
-47
-43
-43
-34
-26
-19
-13
-17
-23
-26
-26
-22
-23
-18
-19
-22
-25
-27
-28
-33
-30
-31
-36
-38
-39
-43
-45
-35
-35
-24
-19
-18
-11
-5
3
2
9
11
11
10
21
26
31
40
36
32
32
36
36
36
36
40
44
40
38
35
35
33
34
36
34
26
25
24
23
22
15
9
11
9
9
14
12
1
-4
-9
-9
-7
-12
-13
-13
-8
-3
3
12
13
7
1
4
8
8
-1
0
1
4
10
13
19
22
25
21
23
30
32
34
26
19
19
17
12
12
12
17
15
18
26
32
34
26
21
13
3
2
11
17
18
19
17
18
14
13
15
12
12
7
3
7
6
4
1
7
10
9
7
8
1
-14
-22
-29
-39
-46
-50
-54
-53
-46
-42
-39
-34
-34
-32
-39
-50
-50
-47
-39
-34
-31
-30
-30
-28
-20
-15
-11
-10
-10
-9
-7
-9
-10
-9
-8
-16
-13
-2
7
13
17
26
17
-4
-8
-11
-17
-19
-20
-17
-15
-13
-10
-5
-3
-3
0
6
0
-12
-15
-14
-17
-21
-22
-21
-18
-14
-14
-15
-15
-17
-17
-18
-19
-22
-28
-28
-26
-15
-4
3
4
5
9
7
5
7
11
12
12
8
6
10
12
22
24
23
22
19
26
29
33
31
30
28
28
28
29
33
29
34
45
40
32
37
47
47
48
52
59
59
51
50
56
57
51
58
62
64
56
45
46
42
35
29
29
28
27
25
23
20
16
11
4
-1
-7
-16
-24
-27
-22
-22
-19
-20
-23
-23
-18
-17
-16
-19
-29
-35
-38
-37
-33
-36
-33
-37
-35
-35
-28
-31
-34
-32
-44
-43
-50
-50
-48
-43
-44
-39
-44
-51
-50
-46
-40
-45
-45
-43
-43
-43
-37
-35
-27
-18
-14
-7
-5
-5
-8
-15
-17
-19
-24
-18
-12
-13
-19
-26
-31
-35
-29
-20
-19
-17
-18
-15
-9
-8
-3
-1
-5
-7
-5
-5
-8
-6
1
1
-2
-3
-4
1
3
11
15
20
26
25
32
38
41
43
41
44
41
39
41
41
38
37
39
47
51
53
50
53
51
46
45
44
45
42
42
41
33
26
22
19
16
12
8
3
6
5
5
10
5
1
8
10
17
20
13
9
9
14
20
30
39
40
37
39
41
39
42
39
29
24
20
20
22
26
23
15
12
5
5
6
1
-6
-16
-27
-44
-55
-54
-53
-57
-58
-55
-51
-54
-52
-49
-49
-47
-50
-50
-46
-40
-40
-43
-45
-46
-46
-50
-46
-41
-42
-40
-37
-27
-25
-21
-9
-9
-11
-16
-19
-14
-12
-14
-13
-13
-19
-17
-7
7
9
13
10
10
8
7
7
-1
1
-3
-4
-2
-6
-10
-14
-18
-23
-23
-19
-16
-17
-24
-30
-35
-35
-29
-19
-10
-11
-10
-10
-5
-9
-7
-9
-15
-16
-20
-17
-15
-10
-4
16
27
30
31
35
42
45
47
46
42
38
41
43
44
43
45
45
46
52
61
66
67
63
50
38
27
28
29
31
34
32
32
39
41
36
41
38
30
26
28
31
34
31
28
27
24
30
33
38
41
37
34
29
25
24
13
3
2
-4
-12
-9
-3
-4
-4
-10
-21
-31
-32
-30
-25
-29
-34
-35
-28
-18
-20
-21
-28
-36
-42
-41
-36
-38
-33
-27
-25
-34
-34
-35
-42
-49
-58
-62
-56
-48
-44
-43
-44
-54
-60
-63
-61
-54
-50
-48
-52
-51
-51
-47
-37
-34
-31
-34
-33
-27
-26
-19
-15
-17
-19
-22
-16
-12
-6
3
6
12
15
17
22
27
28
33
30
25
21
23
36
41
43
36
32
35
25
22
26
30
31
34
29
29
26
12
11
3
0
1
2
14
13
5
5
1
7
15
20
24
23
17
9
0
6
20
21
22
17
19
22
26
28
29
33
29
22
20
18
21
22
21
20
10
9
13
16
14
7
5
-2
2
3
14
21
22
18
13
17
17
16
7
7
5
1
0
3
5
6
8
9
12
21
34
36
35
26
18
9
5
-3
-6
-9
-19
-17
-15
-13
-11
-17
-24
-30
-33
-39
-38
-36
-34
-33
-32
-28
-28
-25
-26
-25
-27
-33
-36
-36
-35
-35
-30
-27
-26
-26
-30
-27
-25
-25
-22
-21
-21
-19
-14
-7
-10
-16
-23
-25
-23
-25
-20
-16
-18
-17
-18
-20
-16
-18
-23
-26
-26
-19
-19
-16
-14
-11
-11
-13
-15
-19
-16
-14
-12
-14
-9
-1
-2
-2
5
14
23
28
25
26
23
24
26
19
20
17
15
27
34
38
40
33
34
35
35
42
41
34
30
31
33
34
36
36
39
37
37
35
29
32
26
26
20
14
16
19
24
21
24
17
11
9
8
10
0
-6
-9
-6
-2
2
-5
-8
-9
-14
-11
-14
-9
-5
-3
-6
-4
-2
-2
-2
-4
-1
-4
0
5
6
7
13
13
12
9
5
7
6
8
8
12
17
19
18
15
9
4
-1
-8
-6
-6
0
-1
-9
-16
-21
-21
-27
-29
-29
-29
-32
-37
-32
-28
-26
-29
-25
-31
-33
-32
-26
-20
-23
-20
-21
-22
-24
-25
-23
-21
-23
-19
-20
-25
-29
-32
-29
-24
-25
-22
-20
-16
-10
-12
-13
-14
-16
-13
-13
-14
-12
-12
-5
-9
-9
-9
-10
-2
-11
-18
-20
-15
-8
-4
-2
-1
1
8
19
30
42
44
39
34
26
22
15
12
7
5
5
9
14
10
1
-7
-10
-12
-7
-2
-1
-1
-4
-10
-5
4
9
11
11
19
20
23
22
27
35
44
50
51
56
59
61
61
65
62
61
52
58
57
43
47
44
33
28
29
38
39
23
14
12
10
5
9
9
-2
-19
-28
-24
-23
-15
-7
-6
-10
-11
-5
-1
-5
-9
-6
-12
-18
-18
-19
-13
-10
-12
-11
-11
-17
-19
-20
-21
-18
-16
-15
-21
-22
-25
-22
-24
-24
-21
-20
-22
-18
-23
-27
-20
-19
-14
-7
1
4
0
-5
-14
-19
-21
-13
-20
-30
-30
-27
-16
-19
-25
-25
-35
-44
-50
-49
-48
-51
-53
-50
-52
-50
-46
-42
-31
-26
-30
-34
-35
-32
-29
-26
-24
-26
-19
-15
-10
-5
-6
-5
-5
2
4
10
19
18
19
11
4
7
15
22
24
26
25
24
24
24
24
23
24
26
27
26
27
36
39
42
44
41
45
54
54
54
53
54
58
56
58
62
66
70
65
63
61
59
62
56
54
47
41
36
30
34
33
30
33
25
17
12
8
8
1
-6
-5
-6
-4
-8
-12
-13
-16
-15
-8
-1
6
8
10
9
5
3
-1
-6
-7
-5
-7
-11
-13
-16
-16
-20
-19
-28
-37
-38
-46
-46
-50
-52
-50
-53
-53
-51
-55
-58
-59
-63
-65
-65
-60
-56
-56
-50
-47
-45
-42
-42
-43
-47
-40
-41
-37
-29
-24
-25
-27
-29
-28
-24
-22
-19
-19
-19
-21
-21
-23
-21
-19
-16
-21
-24
-21
-12
-5