6
5
5
12
17
11
8
10
9
12
17
12
10
12
20
18
7
3
11
13
11
13
12
16
9
5
1
-8
-8
-5
3
9
11
14
14
14
10
7
7
8
13
10
3
6
5
8
11
8
12
12
17
19
11
7
5
5
4
-2
-3
-1
-3
-4
-6
-6
-5
-8
-9
-16
-22
-24
-28
-18
-16
-14
-12
-18
-25
-36
-38
-26
-13
2
3
-3
-3
-14
-22
-24
-12
8
20
5
-13
-26
-33
-42
-49
-43
-37
-15
-10
-11
-13
-27
-36
-41
-49
-44
-28
-12
-3
-8
-21
-31
-30
-25
-13
-5
2
16
15
12
2
0
3
2
8
17
33
44
40
29
23
23
27
31
33
31
23
20
19
18
17
21
26
30
33
31
23
16
17
12
8
8
5
-10
-27
-11
17
38
67
82
65
49
31
36
59
73
77
62
47
34
17
3
-10
-7
7
9
13
25
21
15
-27
-70
-108
-116
-82
-52
-29
-8
-6
-47
-92
-121
-99
-36
33
78
91
71
36
-11
-47
-76
-63
-18
27
63
70
42
8
-41
-76
-81
-56
-12
21
26
18
-17
-51
-78
-90
-95
-85
-30
20
28
20
-5
-27
-38
-43
-27
14
50
58
53
39
17
-6
-19
-20
-19
-6
19
27
26
23
5
-11
-23
-22
-7
4
17
27
22
11
-2
-4
0
-3
1
8
19
31
30
18
9
4
0
0
-1
7
11
18
19
12
5
-9
-15
-18
-10
1
12
16
13
5
-11
-13
-14
-10
4
3
2
3
8
13
12
18
20
19
9
11
28
32
18
4
4
10
19
21
25
24
21
18
8
7
7
1
-5
-14
-10
-6
-11
-7
-3
4
0
-7
-6
-8
-16
-17
-13
-9
-6
-10
-12
-15
-14
-12
-14
-14
-12
-10
-8
-15
-14
-8
-10
-14
-20
-21
-16
-11
-9
-4
-4
-5
-3
-1
1
-3
-2
11
9
2
4
13
24
19
14
7
5
6
6
5
5
0
-6
0
2
3
1
-6
-12
-7
-4
6
12
13
11
6
9
10
12
11
12
7
2
2
4
8
9
4
-7
-15
-16
-10
-2
4
-1
-3
-2
-7
-9
-5
-8
-10
-15
-18
-8
-6
-6
-9
-14
-18
-18
-18
-11
-4
-4
-6
-12
-11
-18
-26
-26
-25
-17
-15
-14
-13
-13
-18
-21
-22
-17
-3
9
14
9
1
-5
-2
4
9
9
6
4
12
16
16
17
12
17
18
18
25
32
33
28
25
27
27
22
19
21
25
29
31
32
28
23
18
12
14
21
26
29
29
24
17
7
1
-4
-8
-7
-2
-1
1
6
15
12
0
-1
-5
-4
-1
0
6
0
-1
-7
-13
-12
-17
-9
-6
-9
-11
-13
-16
-18
-25
-19
-18
-19
-13
-12
-11
-16
-25
-28
-27
-30
-29
-25
-23
-16
-15
-15
-16
-20
-28
-36
-35
-26
-21
-16
-12
-14
-12
-1
3
-2
-4
-2
8
15
9
2
-1
-3
0
0
-2
-1
0
6
8
0
0
3
5
2
2
7
4
-4
0
6
14
14
12
19
14
11
8
4
-6
-5
2
14
28
29
26
21
20
13
6
2
-2
-3
1
1
3
-2
-2
-5
-8
-11
-17
-10
-2
-2
7
13
13
19
17
14
10
4
9
14
16
19
11
10
10
8
15
17
15
13
10
5
10
9
7
5
6
7
7
5
5
4
1
2
-4
-4
-6
-6
-1
0
-1
-3
0
3
2
10
6
-7
-13
-14
-6
-8
-9
-10
-8
-10
-13
-10
-6
-11
-16
-19
-14
-4
-1
1
0
-14
-16
-16
-19
-17
-17
-17
-9
-7
-11
-10
-9
-11
-17
-21
-20
-13
-10
-6
-2
-2
3
-3
0
-2
-8
0
7
9
13
9
2
5
3
3
5
5
3
-2
0
-2
-5
-2
2
4
-7
-11
-7
2
3
2
2
-1
-2
1
1
0
2
3
4
10
8
9
14
18
21
9
4
0
0
3
1
9
14
15
17
13
17
11
-1
-2
2
10
12
10
5
-1
-3
-8
-7
-7
-10
-11
-6
-7
-3
-5
-8
-9
-8
-3
-4
1
2
-2
-7
-10
-7
-9
-11
-11
-8
-1
2
2
7
-2
-10
-13
-9
3
8
9
11
11
4
-1
0
9
15
15
14
18
24
21
21
19
12
14
26
25
25
18
8
2
-4
0
9
12
6
5
4
5
-6
-12
-6
-5
-10
-6
0
7
5
-6
-8
-10
-14
-8
-4
-5
-12
-18
-14
-10
-10
-5
0
-1
-3
-3
-3
-7
-11
-11
-14
-18
-22
-21
-17
-18
-20
-17
-12
-13
-19
-18
-10
-4
-3
-6
-6
-2
-14
-17
-6
-2
-1
-6
2
4
-6
-10
-11
-10
-7
-5
-6
-8
-12
-13
-12
-5
-5
1
1
4
14
11
8
7
12
20
18
17
16
10
13
14
13
14
14
13
11
6
8
7
9
15
9
5
-3
-6
-1
8
7
6
7
5
8
8
14
15
6
8
16
19
20
17
18
13
8
6
7
7
5
5
3
5
5
10
13
14
4
-6
-6
-2
1
-2
-1
-6
-5
-1
-12
-6
-3
-5
-3
-2
-4
-4
-6
-3
-10
-17
-19
-20
-18
-17
-14
-15
-15
-18
-17
-12
-2
-4
-9
-10
-6
-5
-11
-7
-4
3
0
-5
2
4
7
6
6
16
17
17
14
9
4
2
6
1
2
0
-4
1
-1
-3
-2
1
4
-3
-9
-11
-12
-9
-8
-5
-6
-4
0
-4
-10
-15
-15
-18
-14
-9
-2
-2
0
6
10
10
4
0
-10
-16
-19
-19
-16
-2
8
12
13
2
-2
-2
-4
-2
-4
-7
-6
-2
7
6
1
-2
-4
2
8
10
16
23
27
22
15
9
1
2
3
9
12
11
18
16
13
-1
-6
3
-5
-4
5
9
3
-4
-9
-3
-9
-9
-3
6
15
17
25
21
7
1
0
0
2
-1
-1
-8
-9
-4
-2
-3
0
4
-1
1
6
9
11
11
4
-4
2
5
8
9
2
-1
-9
-14
-17
-17
-16
-13
-13
-10
-4
-5
-5
-8
-15
-11
-7
-8
-2
-4
-10
-17
-19
-14
-11
-6
-2
10
15
4
6
6
0
-1
-5
-1
1
-1
1
5
8
4
3
2
3
4
6
5
1
4
6
13
7
2
4
4
-1
5
10
9
9
6
9
12
7
6
3
4
4
0
1
1
-3
-3
-8
-7
-1
1
-2
-10
-19
-17
-9
-2
4
-1
-5
-10
-11
-7
-9
-9
-13
-17
-12
-8
-8
-10
-6
-8
-16
-9
-9
-10
-8
-10
-11
-15
-22
-28
-21
-11
-2
2
2
0
0
6
10
16
16
12
10
16
19
15
12
10
14
18
23
27
27
28
24
28
25
15
8
3
2
8
14
20
18
16
11
9
13
18
22
19
10
2
3
0
-4
-9
-11
-13
-18
-18
-14
-2
0
-6
-12
-22
-33
-30
-26
-22
-14
-17
-13
-11
-10
-12
-10
-13
-14
-10
0
9
6
2
1
-3
-5
-6
-3
-1
1
13
22
22
21
19
12
6
1
7
13
16
10
7
0
-5
-4
-12
-4
5
8
10
3
-5
-16
-26
-21
-16
-18
-21
-13
-4
-9
-8
-8
-10
-13
-7
-6
-3
1
-1
5
4
7
4
-2
-4
2
11
10
11
3
-1
-7
-11
-11
-7
-5
-5
-1
5
13
12
9
-2
0
-8
-8
-1
-2
1
-5
-4
-2
9
15
13
15
6
0
-3
-2
-3
-6
-5
0
-2
-1
7
9
4
2
4
8
13
8
2
-3
-3
0
6
12
10
9
8
1
-3
-2
0
1
3
4
5
8
8
0
-8
-11
-11
-11
-8
6
12
12
10
7
6
3
-2
-9
-9
-9
-12
-7
-6
-4
-12
-18
-14
-9
0
-1
-5
0
-3
-7
-8
-8
-4
-2
-2
0
2
6
8
8
10
10
12
16
18
20
21
22
16
12
15
12
15
12
2
-5
-1
5
11
10
8
4
-2
3
-2
-3
3
0
-3
-5
-11
-13
-16
-17
-14
-11
-11
-13
-11
-5
-13
-21
-17
-20
-18
-10
-11
-14
-11
-10
-1
-3
-7
-9
-9
-5
0
9
0
-8
-12
-12
-4
-4
1
1
0
-2
-5
-2
6
3
1
5
4
5
4
0
3
4
5
3
-2
-1
-3
-2
1
5
11
7
-2
-4
-5
2
5
12
20
22
24
20
15
11
3
3
4
7
2
-3
-5
-2
6
2
-5
-4
-3
-3
-4
-9
-10
-7
-11
-15
-12
-13
-16
-19
-14
1
6
8
14
10
2
-2
0
5
12
12
13
11
20
24
23
18
14
12
9
13
11
7
4
2
4
2
5
5
7
7
-1
-3
-3
-1
1
7
4
-5
-4
-6
-8
-5
5
11
7
8
13
15
16
9
8
4
-1
-6
-2
1
0
-3
-7
-12
-11
-10
-13
-8
-9
-13
-17
-16
-21
-22
-22
-23
-21
-26
-20
-19
-24
-27
-29
-26
-20
-20
-22
-19
-21
-18
-16
-8
-8
-16
-19
-20
-17
-10
2
7
5
3
1
4
8
11
11
11
18
17
16
18
24
20
12
10
11
17
24
32
26
23
15
18
19
19
20
11
10
6
12
12
7
8
7
10
15
15
15
10
5
7
5
3
-6
-13
-8
-1
1
8
7
5
-2
-5
-2
-11
-15
-24
-26
-17
-9
-13
-11
2
5
9
8
7
8
2
-6
-5
1
2
4
8
3
-5
-10
-8
-4
-1
-6
-7
3
4
1
-8
-13
-8
-10
-7
-6
-7
-8
-18
-18
-15
-12
-17
-26
-22
-12
-6
-7
-8
-7
2
7
11
15
15
7
-5
-8
-2
2
6
13
14
21
20
11
13
12
11
8
9
12
15
18
18
16
18
17
15
13
8
2
-1
4
14
20
21
16
4
-4
-9
-6
-2
-4
-5
-7
-10
-8
-9
-13
-18
-20
-18
-19
-21
-13
-11
-10
-7
-12
-8
-10
-11
-6
-8
-5
-1
-1
-5
-7
-4
-1
-5
-7
-13
-12
-8
-13
-16
-16
-18
-21
-27
-21
-16
-18
-15
-20
-17
-18
-10
-9
-11
-7
-16
-15
-10
-4
3
11
11
3
-2
-1
5
4
5
5
11
21
26
30
35
36
31
30
30
30
28
34
38
33
34
28
26
34
43
46
42
38
27
18
13
11
12
10
4
-2
1
12
14
15
14
11
1
-6
-5
-1
2
0
-11
-17
-17
-17
-15
-21
-20
-17
-22
-21
-26
-34
-42
-37
-22
-25
-28
-20
-19
-20
-19
-22
-17
-24
-29
-23
-25
-27
-24
-19
-7
-5
-7
-11
-18
-17
-15
-10
-7
-5
-4
0
3
1
5
7
2
-2
1
7
6
8
12
8
9
3
2
5
6
6
6
11
13
17
18
14
12
7
9
9
11
21
20
18
13
8
4
2
-3
-7
-15
-6
5
5
15
19
3
-4
-1
-2
1
-6
-3
3
-1
-3
2
7
4
-7
-5
-6
-9
-10
-10
-4
-5
-11
-15
-17
-14
-10
-17
-16
-8
-3
3
4
-1
6
9
14
15
8
9
7
13
22
29
31
36
26
19
10
7
6
9
9
11
12
5
10
14
13
11
12
13
18
15
9
1
-2
-1
-1
4
9
9
9
10
6
4
5
10
8
8
3
-2
-6
-13
-17
-22
-19
-19
-20
-21
-20
-22
-27
-37
-44
-42
-29
-19
-20
-17
-25
-32
-34
-31
-25
-21
-21
-23
-20
-16
-9
-10
-7
-11
-19
-23
-12
-4
-3
-3
-1
7
6
7
13
11
12
11
9
13
18
17
16
12
7
8
12
11
14
19
17
18
23
26
30
30
26
14
5
9
12
13
12
12
11
12
21
16
11
-1
-6
-4
5
13
8
5
1
-1
-1
5
3
0
-2
-1
0
-10
-9
-11
-13
-18
-24
-14
-7
-1
4
2
0
-7
-9
-10
-6
-5
-16
-18
-16
-12
3
14
8
-2
-7
-4
6
16
14
2
-9
-10
-13
-18
-19
-21
-12
-9
-5
3
3
9
5
3
-5
-10
-4
1
6
4
4
4
12
22
29
28
18
16
16
16
12
7
4
6
6
7
7
6
13
12
9
13
14
9
5
3
0
-1
-2
-1
1
0
3
2
4
0
-11
-13
-11
-2
5
4
-1
-3
-10
-15
-15
-14
-16
-19
-15
-14
-13
-21
-25
-17
-6
1
0
-3
-7
-10
-14
-13
-20
-29
-31
-31
-23
-15
-8
-8
-6
-11
-15
-13
-17
-10
-3
6
12
8
8
3
-7
-10
-17
-10
1
8
18
19
18
12
4
11
17
13
7
7
7
9
9
4
-2
-9
-13
-6
1
7
4
2
3
-1
1
4
6
-1
-3
-3
3
6
10
12
17
19
27
36
36
35
24
11
8
4
10
11
10
14
23
29
28
22
19
21
16
16
15
16
13
-6
-15
-11
-1
8
12
17
18
13
13
13
8
7
7
4
4
2
1
4
-2
-8
-12
-16
-18
-19
-19
-17
-19
-24
-27
-20
-12
-5
-5
-12
-14
-15
-14
-12
-9
-12
-20
-20
-8
-5
-12
-22
-23
-28
-34
-36
-34
-31
-31
-29
-32
-27
-21
-20
-18
-21
-23
-20
-12
-6
-7
-14
-17
-18
-9
-5
-4
-2
1
7
11
11
9
13
16
16
10
14
20
20
24
18
9
6
-1
5
14
16
19
8
6
10
14
24
23
20
12
9
16
21
15
15
12
10
14
11
12
4
-4
-5
-1
8
18
22
15
1
-1
2
7
15
17
17
26
32
29
27
17
6
0
-7
-7
-11
-10
-2
2
-1
3
5
-6
-12
-6
1
0
1
9
13
11
6
-3
6
11
9
4
4
6
-10
-21
-16
-8
-7
-11
-7
-5
-5
-3
-6
-16
-22
-22
-22
-12
-5
-6
-14
-17
-18
-20
-22
-22
-13
-5
2
4
6
7
2
-1
-2
-2
-11
-12
-14
-16
-17
-20
-12
-13
-17
-15
-13
-12
-9
-2
2
-1
3
6
-1
-7
-14
-9
3
5
2
8
10
8
4
1
-1
3
10
12
16
16
11
14
10
6
1
-8
-3
1
-2
-3
3
11
12
4
-7
-10
-8
-7
2
-4
-3
-8
-12
-1
12
17
11
5
-1
0
4
6
8
11
14
13
3
-1
4
10
8
-1
3
-2
2
8
11
13
5
1
2
-3
-7
-11
-15
-8
-1
-1
2
8
13
12
9
5
3
4
4
-5
-7
-6
-8
2
0
-3
-6
-8
-7
-1
8
5
1
-1
1
-6
-13
-5
3
10
18
19
26
22
8
4
-3
-7
-10
-7
0
-5
2
8
21
31
26
20
14
12
11
17
24
24
15
10
14
7
4
4
6
-2
-9
-15
-18
-15
-8
-10
-12
-15
-22
-17
-10
-7
-12
-18
-17
-17
-19
-18
-13
-13
-18
-23
-16
-12
-15
-11
-14
-19
-28
-33
-23
-11
-8
-9
-9
-14
-17
-22
-23
-22
-18
-17
-12
-9
-15
-4
-2
-1
-2
-5
-8
-4
-2
-6
-7
-5
3
11
18
7
-2
-6
-3
8
11
6
10
14
18
24
18
5
-4
1
16
22
16
13
21
31
29
28
21
2
-1
13
14
15
19
29
44
38
32
21
11
10
17
25
26
14
9
5
-1
-3
-9
-8
-10
-9
-7
-6
-3
-4
-2
-3
2
4
3
4
9
8
10
20
22
27
23
9
-8
-15
-7
1
0
-1
1
1
7
2
-14
-25
-28
-24
-25
-21
-20
-18
-2
-1
-11
-19
-23
-25
-20
-29
-24
-9
-13
-15
-11
-14
-13
-17
-9
0
-2
-7
-11
-4
-8
-12
-5
3
2
-3
-15
-17
-7
3
6
3
-4
-6
-1
0
-5
0
5
-2
-4
1
6
16
20
13
0
-4
-2
3
8
9
5
6
9
10
21
18
13
6
8
11
18
28
30
20
2
-6
-4
8
8
13
17
4
-4
-9
-9
-7
-12
-14
-15
-18
-19
-24
-21
-24
-26
-25
-23
-13
-9
-15
-22
-24
-17
-4
-5
-11
-10
-7
-7
-6
-2
0
3
1
1
-2
-5
0
1
0
0
6
9
9
7
3
5
7
11
16
18
17
10
2
0
0
7
15
18
20
24
22
26
32
34
34
29
33
33
37
38
28
26
22
13
15
17
15
8
4
3
3
10
15
23
23
19
13
15
21
11
0
-6
-7
-12
-11
-3
5
3
1
-4
-11
-16
-16
-11
-13
-20
-28
-25
-13
-7
-15
-28
-33
-30
-21
-13
-16
-34
-48
-49
-41
-36
-31
-26
-17
-8
-13
-20
-24
-28
-29
-28
-40
-35
-23
-22
-24
-30
-36
-36
-29
-21
-22
-26
-32
-34
-28
-21
-16
-14
-11
-13
-11
-8
1
13
17
13
8
7
13
20
24
28
22
20
20
20
28
31
24
21
23
27
30
25
22
19
15
18
19
27
35
36
33
27
24
24
19
16
19
24
33
42
50
56
63
58
52
49
53
57
58
55
53
51
52
50
45
44
43
48
46
32
16
12
4
-4
-14
-22
-18
-20
-23
-26
-32
-40
-44
-49
-59
-71
-80
-81
-80
-82
-91
-100
-103
-95
-95
-98
-99
-96
-98
-100
-98
-93
-92
-87
-85
-87
-77
-65
-51
-41
-39
-39
-38
-33
-27
-18
-3
9
17
23
18
23
20
25
34
48
55
56
64
71
86
84
83
77
76
73
87
106
116
129
132
134
133
137
133
129
128
128
126
121
124
125
128
133
132
137
140
137
129
119
111
101
91
82
74
62
60
63
58
47
30
19
-3
-22
-47
-67
-87
-113
-145
-173
-195
-220
-244
-267
-291
-319
-341
-364
-378
-395
-414
-434
-440
-440
-441
-434
-435
-430
-418
-405
-384
-372
-343
-312
-281
-242
-204
-167
-125
-82
-41
14
65
104
153
197
235
270
301
337
368
398
424
440
457
480
503
523
534
539
541
537
533
521
515
509
493
481
467
449
429
418
395
371
344
310
278
255
229
189
155
129
112
83
57
26
-11
-39
-70
-82
-97
-116
-122
-132
-150
-176
-203
-227
-247
-260
-282
-303
-328
-353
-376
-403
-432
-462
-481
-498
-511
-527
-542
-556
-570
-582
-603
-613
-623
-633
-634
-630
-613
-593
-570
-547
-528
-497
-462
-426
-377
-330
-281
-216
-152
-90
-33
28
80
131
184
223
259
301
339
363
384
405
426
452
476
491
498
509
521
531
532
533
546
561
568
573
571
568
562
568
576
571
571
561
539
531
508
475
459
446
426
395
358
317
279
241
210
176
129
85
46
7
-33
-63
-87
-119
-146
-177
-196
-182
-144
-96
-57
-68
-103
-147
-180
-202
-228
-259
-277
-268
-272
-302
-358
-395
-413
-417
-437
-495
-559
-614
-640
-656
-702
-776
-849
-898
-914
-915
-916
-913
-902
-877
-841
-808
-775
-738
-669
-577
-480
-390
-303
-203
-94
19
120
200
268
342
423
489
545
579
606
628
645
653
658
664
672
683
677
656
625
597
580
566
542
511
493
487
479
460
429
402
383
376
384
384
369
358
344
337
328
307
292
285
275
258
240
215
200
188
173
148
107
78
52
36
20
-14
-50
-80
-105
-117
-137
-165
-184
-207
-231
-252
-270
-275
-289
-317
-338
-350
-334
-298
-271
-249
-218
-179
-125
-76
-33
-6
-2
-2
-16
-34
-48
-62
-71
-67
-75
-105
-158
-195
-215
-227
-252
-312
-388
-458
-507
-557
-620
-697
-777
-835
-865
-882
-898
-915
-916
-891
-856
-824
-788
-740
-667
-575
-477
-376
-275
-170
-57
58
162
257
336
411
483
553
618
673
711
749
780
803
815
827
837
836
827
811
790
769
751
735
708
679
648
617
593
568
543
514
488
468
456
442
421
392
354
326
299
274
258
239
225
206
180
159
129
92
66
35
6
-32
-70
-103
-137
-162
-186
-208
-233
-262
-279
-284
-304
-325
-333
-349
-366
-387
-411
-432
-446
-436
-405
-367
-336
-303
-248
-189
-125
-45
-1
-1
-22
-49
-54
-46
-62
-79
-76
-57
-67
-112
-163
-206
-203
-204
-251
-327
-400
-461
-499
-541
-612
-699
-787
-834
-850
-858
-876
-908
-924
-899
-861
-827
-793
-741
-664
-569
-472
-369
-263
-148
-25
88
185
267
337
412
491
555
604
654
707
743
773
793
800
805
804
804
801
780
743
711
690
672
639
606
584
564
545
520
485
465
451
435
426
413
399
381
364
350
341
315
285
277
283
275
254
230
208
184
162
135
105
88
78
59
39
14
-15
-39
-55
-74
-93
-111
-115
-126
-146
-168
-196
-216
-223
-221
-220
-202
-181
-142
-102
-64
-10
73
150
151
104
56
41
45
30
-29
-80
-100
-108
-150
-249
-350
-409
-428
-461
-533
-630
-734
-816
-872
-938
-1036
-1149
-1241
-1283
-1286
-1293
-1326
-1356
-1345
-1309
-1267
-1227
-1180
-1103
-995
-877
-758
-637
-511
-378
-226
-82
34
129
220
320
435
542
616
683
760
832
900
954
990
1006
1034
1057
1074
1077
1063
1054
1047
1033
1013
1003
989
971
955
928
886
860
833
800
778
751
727
711
690
648
599
542
503
469
440
404
363
336
285
229
167
107
68
38
5
-24
-64
-110
-144
-174
-205
-236
-273
-298
-315
-335
-363
-401
-432
-454
-464
-456
-429
-382
-336
-301
-263
-204
-115
-22
6
-28
-83
-112
-111
-121
-154
-193
-209
-230
-287
-357
-427
-465
-480
-503
-573
-678
-781
-864
-905
-946
-1029
-1132
-1215
-1246
-1244
-1242
-1266
-1305
-1307
-1261
-1200
-1132
-1070
-1008
-909
-786
-656
-521
-381
-242
-88
71
210
316
409
497
601
707
793
867
934
1007
1086
1144
1169
1180
1183
1184
1197
1195
1181
1159
1143
1120
1082
1041
1001
974
947
910
864
810
756
697
651
607
559
515
482
439
389
338
276
224
183
141
95
57
30
-10
-52
-111
-174
-218
-229
-236
-254
-272
-294
-301
-306
-328
-369
-396
-400
-397
-382
-384
-398
-414
-419
-405
-377
-336
-286
-230
-157
-65
37
130
161
141
103
81
91
101
84
58
49
26
-37
-135
-222
-258
-251
-266
-338
-449
-570
-674
-744
-817
-923
-1052
-1146
-1185
-1196
-1214
-1267
-1333
-1365
-1360
-1326
-1261
-1187
-1107
-1007
-889
-769
-646
-517
-381
-228
-63
80
210
316
414
518
614
693
758
823
882
962
1045
1102
1124
1126
1121
1128
1151
1151
1133
1101
1064
1030
990
932
867
832
805
787
769
726
672
625
580
535
492
453
410
384
363
329
283
228
171
126
90
59
37
-18
-35
-13
-68
-151
-180
-217
-195
-140
-165
-200
-198
-181
-214
-283
-275
-241
-257
-316
-352
-351
-290
-223
-204
-186
-109
-30
45
156
257
282
230
174
135
130
151
125
101
101
57
-39
-139
-236
-275
-287
-346
-370
-521
-698
-816
-877
-941
-1106
-1285
-1374
-1407
-1408
-1449
-1514
-1569
-1617
-1620
-1604
-1544
-1468
-1379
-1257
-1141
-998
-862
-734
-603
-462
-280
-93
51
191
323
440
568
660
729
790
867
994
1106
1178
1225
1238
1242
1253
1264
1255
1232
1219
1207
1199
1185
1113
1046
1006
960
921
891
869
838
813
782
747
689
621
559
531
527
512
497
473
424
369
345
288
242
213
189
169
127
93
74
42
3
-41
-76
-94
-115
-149
-180
-195
-233
-269
-296
-332
-358
-366
-349
-305
-263
-210
-150
-102
-16
100
171
157
47
-74
-97
-55
-50
-120
-174
-184
-243
-380
-539
-642
-679
-724
-821
-915
-997
-1096
-1210
-1319
-1425
-1562
-1681
-1715
-1679
-1633
-1620
-1641
-1646
-1627
-1621
-1606
-1539
-1397
-1217
-1036
-849
-677
-532
-405
-291
-151
8
175
340
502
666
799
886
934
959
965
1023
1147
1280
1385
1441
1457
1450
1430
1400
1371
1355
1335
1327
1355
1377
1368
1315
1224
1138
1073
1035
1021
1004
979
961
929
870
786
671
578
519
548
635
630
530
387
222
51
-103
-166
-173
-222
-280
-334
-391
-427
-450
-469
-458
-458
-496
-519
-517
-485
-463
-485
-505
-526
-509
-406
-254
-60
131
234
379
660
876
783
381
69
107
183
-5
-187
-177
-231
-543
-953
-1163
-1309
-1636
-1949
-1972
-1806
-1809
-1974
-1980
-1932
-2101
-2328
-2270
-1932
-1649
-1519
-1296
-929
-661
-662
-738
-634
-418
-200
70
429
782
931
903
868
847
734
560
546
710
862
890
871
877
784
487
200
191
359
517
674
858
962
879
736
683
707
730
771
967
1301
1514
1517
1397
1235
1097
1032
1056
1141
1210
1215
1167
1086
929
623
302
125
104
163
194
192
162
35
-150
-339
-459
-492
-447
-303
-106
3
-32
-135
-262
-451
-626
-629
-488
-372
-352
-362
-430
-595
-775
-831
-663
-322
80
431
689
1045
1574
1811
1299
341
-251
-226
-281
-643
-724
-456
-634
-1526
-2314
-2370
-2216
-2419
-2523
-2047
-1344
-1085
-1222
-1247
-1272
-1584
-1832
-1489
-749
-256
-129
35
417
551
164
-324
-405
-142
97
315
711
1120
1105
609
99
-64
-129
-254
-136
260
536
462
324
336
236
-146
-444
-214
353
740
880
976
1026
897
671
576
675
803
924
1195
1553
1670
1452
1142
921
775
675
687
835
1003
998
818
617
405
139
-92
-126
30
209
357
469
489
349
127
-20
5
83
150
352
510
472
223
-142
-435
-666
-780
-684
-492
-421
-465
-637
-847
-923
-848
-581
-193
342
952
1557
2293
2840
2305
847
-229
-455
-585
-1189
-1602
-1186
-869
-1660
-2947
-3345
-2802
-2696
-3176
-2842
-1303
-18
-14
-605
-758
-683
-1082
-1502
-1185
-303
275
280
341
566
244
-724
-1356
-1108
-543
-225
120
801
1380
1132
349
-78
39
108
-93
57
597
958
819
471
214
-177
-660
-857
-491
137
593
762
846
939
839
542
383
550
838
1138
1474
1750
1710
1365
953
640
465
353
360
528
745
831
749
599
429
265
225
370
635
882
1036
1145
1093
864
589
448
473
447
380
288
229
149
-193
-568
-686
-703
-824
-896
-780
-659
-588
-530
-514
-466
-371
-261
36
647
1165
1751
2667
3166
2375
668
-602
-1122
-1542
-2206
-2493
-2049
-1753
-2337
-3185
-3194
-2660
-2576
-2864
-2231
-603
584
533
-37
-199
-312
-835
-1475
-1529
-1011
-663
-590
-342
-19
-269
-1061
-1615
-1390
-796
-356
148
986
1704
1640
1092
835
877
668
242
136
414
635
510
178
-130
-378
-730
-1058
-889
-257
230
459
798
1224
1401
1289
1182
1187
1269
1331
1353
1400
1414
1221
824
505
374
279
187
230
425
640
781
913
1041
1089
1116
1206
1309
1323
1230
1127
981
788
618
442
235
29
-155
-348
-479
-513
-588
-730
-644
-406
-394
-510
-543
-503
-527
-545
-503
-466
-308
-17
383
813
1186
1834
2662
2758
1522
-196
-1183
-1575
-2076
-2740
-2883
-2376
-2181
-2868
-3407
-2920
-2255
-2296
-2434
-1544
23
874
440
-307
-476
-501
-966
-1627
-1761
-1410
-1105
-935
-626
-322
-530
-1060
-1188
-681
-68
337
885
1666
2111
1885
1456
1310
1243
846
260
31
249
365
95
-181
-278
-451
-737
-839
-556
-3
496
835
1221
1678
1928
1848
1657
1490
1330
1214
1131
1014
804
512
242
89
41
-5
-45
106
445
791
1017
1188
1319
1302
1242
1231
1202
1088
944
821
692
492
244
8
-188
-313
-397
-346
-191
-154
-315
-478
-512
-582
-726
-734
-564
-324
-191
-234
-390
-449
-333
-101
292
755
1586
2776
3387
2548
662
-934
-1828
-2441
-3065
-3306
-2883
-2399
-2532
-2934
-2754
-2188
-2064
-2356
-1898
-403
875
924
233
-186
-315
-686
-1475
-2101
-2099
-1714
-1316
-894
-412
-241
-487
-674
-398
68
413
884
1621
2190
2183
1816
1511
1326
916
173
-415
-486
-343
-415
-574
-616
-612
-684
-764
-581
-43
527
855
1162
1628
2034
2133
1950
1658
1393
1188
917
550
241
32
-91
-80
98
242
306
400
571
828
1033
1174
1240
1358
1481
1488
1356
1056
732
410
86
-163
-142
38
161
221
268
289
176
-51
-256
-230
-21
74
88
107
102
12
-169
-353
-496
-508
-329
46
532
983
1722
2800
3273
2415
723
-737
-1687
-2477
-3166
-3426
-3117
-2830
-3052
-3343
-2997
-2303
-2123
-2324
-1867
-513
612
611
-46
-410
-469
-790
-1544
-2202
-2320
-2046
-1703
-1302
-796
-522
-580
-599
-291
116
429
866
1503
1993
2022
1746
1501
1337
956
251
-380
-600
-635
-795
-920
-785
-534
-434
-453
-266
205
662
905
1108
1464
1878
2090
1948
1612
1360
1167
827
398
94
-10
-8
61
243
492
713
845
937
1128
1315
1332
1251
1280
1364
1229
971
804
726
643
569
564
544
503
464
435
532
596
450
294
155
57
-59
-255
-443
-516
-416
-444
-395
-43
100
-188
-389
16
668
1094
1738
2747
3229
2462
851
-703
-1877
-2757
-3561
-4080
-3833
-3280
-3258
-3399
-2805
-1953
-1787
-1951
-1478
-398
385
281
-337
-632
-561
-893
-1900
-2693
-2698
-2374
-2106
-1668
-1088
-759
-642
-413
11
459
789
1129
1656
2138
2182
1877
1616
1448
1108
460
-251
-671
-837
-1020
-1111
-895
-582
-430
-330
-24
459
884
1138
1290
1517
1876
2127
2026
1657
1304
1044
726
286
-143
-375
-288
6
334
610
844
1038
1116
1199
1332
1354
1169
1031
1136
1175
1018
818
734
771
742
564
456
553
572
485
521
669
676
501
219
-75
-264
-474
-580
-519
-374
-183
72
226
104
118
395
899
1557
2507
3381
3344
2099
324
-992
-1993
-3027
-3985
-4334
-4006
-3588
-3595
-3674
-2958
-1872
-1536
-1786
-1345
-159
491
-10
-865
-1095
-853
-1145
-2304
-3211
-2955
-2264
-2079
-2037
-1583
-1070
-819
-579
-102
584
1174
1464
1679
2059
2234
1930
1519
1256
956
498
-47
-588
-892
-910
-888
-859
-630
-305
-16
397
907
1282
1524
1762
1956
2071
2126
2025
1693
1266
953
735
423
14
-267
-281
-90
192
448
682
934
1240
1513
1620
1592
1393
1040
766
742
741
617
553
652
781
816
712
474
267
210
243
258
270
271
263
231
78
-157
-319
-441
-569
-560
-451
-222
212
746
1193
1737
2711
3586
3423
1893
-18
-1139
-1710
-2501
-3462
-3861
-3675
-3522
-3752
-3947
-3377
-2267
-1669
-1605
-927
297
751
4
-979
-1382
-1324
-1551
-2486
-3277
-2991
-2149
-1823
-1877
-1715
-1455
-1263
-928
-418
172
846
1436
1828
2133
2239
2003
1658
1381
1014
496
18
-350
-563
-662
-711
-650
-459
-247
-27
377
916
1352
1618
1794
2017
2303
2396
2062
1535
1171
907
556
146
-175
-261
-126
52
174
280
434
607
799
1057
1325
1410
1309
1183
1072
868
590
481
631
858
947
903
801
658
366
7
-116
-33
24
-69
-140
-170
-198
-270
-400
-443
-363
-155
-68
-81
131
729
1403
2106
3267
4250
3847
1994
64
-1042
-1692
-2592
-3541
-3681
-3179
-3049
-3583
-3721
-2853
-1816
-1544
-1451
-441
906
1124
82
-897
-1103
-1185
-2052
-3388
-3899
-3233
-2428
-2189
-2045
-1712
-1467
-1343
-1016
-407
233
776
1285
1844
2300
2359
1972
1496
1177
745
14
-708
-1080
-1156
-1154
-1124
-971
-651
-288
20
392
887
1351
1698
1997
2327
2624
2632
2175
1542
1053
642
151
-329
-573
-491
-135
274
577
705
773
901
1086
1299
1524
1519
1297
1308
1607
1682
1294
913
755
673
484
311
186
29
-20
1
0
-12
11
-131
-331
-207
90
75
-148
-159
-104
-131
26
516
1073
1896
3360
4511
4174
2427
502
-781
-1606
-2459
-3326
-3462
-2939
-2799
-3412
-3659
-2863
-2078
-2174
-2100
-690
1005
1296
286
-542
-588
-615
-1588
-3179
-3881
-3235
-2413
-2222
-2105
-1757
-1567
-1543
-1327
-881
-322
360
1082
1677
2117
2306
2126
1712
1174
461
-356
-1031
-1473
-1701
-1698
-1467
-1112
-791
-597
-290
340
993
1395
1684
2031
2389
2664
2665
2240
1654
1173
717
208
-212
-406
-382
-187
32
303
647
895
976
1073
1375
1764
1996
1932
1711
1548
1469
1245
817
430
247
299
423
459
408
342
217
55
-60
-147
-143
-56
30
95
181
159
-142
-489
-418
268
1226
2524
4185
5117
4244
2094
226
-962
-1985
-3085
-3635
-3247
-2650
-2797
-3477
-3446
-2671
-2302
-2632
-2173
-435
953
869
202
92
210
-298
-1629
-2838
-3002
-2429
-2066
-1975
-1760
-1718
-2033
-2146
-1747
-1211
-696
14
908
1736
2234
2267
2037
1798
1295
281
-785
-1434
-1760
-1993
-2041
-1903
-1698
-1491
-1260
-858
-168
689
1436
1995
2490
2947
3128
2800
2084
1374
908
622
265
-133
-281
-53
198
172
65
82
317
665
1053
1504
2012
2353
2307
2127
1860
1406
932
737
791
808
705
543
421
325
280
60
-268
-205
156
404
574
879
943
647
194
-376
-632
-6
1086
2168
3622
4927
4579
2358
127
-983
-1600
-2437
-3081
-2941
-2575
-2770
-3674
-4239
-3723
-3030
-3128
-2890
-1144
581
700
69
-42
53
-319
-1251
-2164
-2279
-1651
-1165
-1128
-1069
-1168
-1792
-2342
-2185
-1708
-1252
-472
577
1366
1808
2046
2038
1776
1206
277
-597
-1016
-1224
-1475
-1532
-1356
-1333
-1599
-1784
-1519
-884
-186
480
1259
2081
2654
2865
2764
2383
1835
1335
1013
817
696
573
457
397
270
-50
-407
-464
-192
291
871
1446
1866
2017
1944
1789
1611
1395
1226
1088
935
861
906
780
354
-32
-287
-516
-649
-442
10
411
694
819
774
481
148
227
882
1732
2807
4175
4889
3885
1572
-305
-1060
-1606
-2629
-3158
-2527
-2060
-2833
-3957
-3988
-3261
-3094
-3429
-2685
-686
589
210
-544
-555
-395
-824
-1641
-2075
-1743
-1037
-544
-425
-565
-1096
-1798
-2016
-1712
-1401
-974
-22
970
1417
1528
1623
1551
1193
609
-48
-452
-555
-702
-1007
-1112
-1075
-1331
-1763
-1833
-1336
-571
177
888
1615
2216
2429
2224
1781
1371
1188
1150
1119
1163
1269
1213
964
563
5
-433
-536
-458
-268
228
880
1214
1203
1154
1174
1107
955
909
1001
1219
1408
1421
1316
1116
637
-49
-577
-800
-814
-720
-413
11
320
352
242
221
417
955
1541
2361
3798
4920
4240
2161
656
135
-567
-1804
-2524
-2226
-2058
-2999
-4207
-4217
-3308
-2986
-3310
-2617
-775
285
-168
-742
-602
-468
-708
-999
-1084
-895
-616
-488
-522
-712
-1279
-1888
-1871
-1430
-1080
-639
96
736
963
893
769
692
623
473
249
117
76
-110
-510
-925
-1308
-1723
-1960
-1781
-1213
-506
210
833
1217
1313
1244
1283
1435
1520
1557
1742
2006
2033
1741
1251
652
52
-359
-515
-358
-3
279
574
958
1104
778
377
253
307
456
721
1129
1545
1764
1616
1264
916
515
-14
-315
-133
228
300
96
-49
-161
-450
-905
-1108
-603
536
1509
2304
3729
5059
4286
1733
47
87
127
-742
-1319
-904
-803
-2332
-4384
-4841
-3981
-3775
-4132
-3086
-819
265
-418
-1128
-1129
-1061
-1078
-814
-264
354
774
833
637
108
-943
-1966
-2074
-1374
-620
-33
482
748
685
360
-25
-190
13
349
483
464
427
200
-290
-865
-1401
-1802
-1886
-1511
-906
-354
77
379
509
415
203
240
630
1104
1510
1905
2178
2126
1805
1388
928
422
8
-25
194
204
35
62
231
191
-10
-85
129
475
710
828
1092
1402
1398
1086
813
916
1068
971
750
694
721
567
192
-286
-564
-641
-623
-351
468
1346
1771
2266
3314
3762
2418
459
-223
358
415
-261
-600
-619
-1657
-3673
-4720
-4064
-3236
-3475
-3526
-2251
-856
-923
-1862
-2289
-2067
-1573
-867
-147
256
485
778
871
540
7
-408
-510
-255
172
512
787
777
361
-52
-58
152
261
358
308
121
-53
-328
-836
-1171
-1082
-996
-1074
-965
-589
-255
-109
-73
41
272
396
361
483
821
1043
1101
1107
1037
990
1082
1190
1103
871
644
522
399
116
-166
-175
56
186
116
61
123
174
150
120
257
608
945
1029
1087
1307
1427
1216
875
703
679
695
619
568
673
640
173
-244
143
887
1519
2462
3491
3108
1171
-284
-51
677
549
53
-256
-967
-2671
-4227
-4220
-3273
-2986
-3403
-3027
-1943
-1665
-2489
-3087
-2901
-2344
-1568
-740
-399
-458
-260
165
350
208
26
-20
116
351
684
1114
1310
946
412
220
368
695
1036
1028
548
42
-309
-736
-1158
-1170
-926
-824
-785
-553
-237
-64
-53
-42
171
567
836
942
1071
1159
1088
1004
944
818
790
969
1088
1001
877
719
464
181
-39
-189
-158
22
101
63
84
207
207
25
-43
127
346
425
451
526
732
948
933
811
772
765
580
305
346
681
953
850
807
1065
1342
1794
2771
3559
2617
578
-515
84
754
458
31
-258
-1203
-2976
-3914
-3348
-2587
-2826
-3372
-3086
-2522
-2622
-3243
-3385
-2971
-2262
-1405
-800
-956
-1472
-1353
-712
-220
51
366
511
313
189
433
840
1088
1013
836
727
816
1090
1311
1125
615
235
-21
-388
-663
-645
-663
-891
-962
-715
-377
-102
37
155
424
811
1082
1258
1404
1398
1291
1279
1321
1344
1450
1565
1442
1166
908
629
289
54
-67
-153
-144
-93
-191
-368
-390
-305
-297
-382
-283
13
312
389
344
445
642
636
360
108
62
206
402
541
637
708
627
305
260
834
1552
2288
3251
3825
2668
541
-372
424
1166
901
462
-27
-1321
-3251
-3958
-2935
-1954
-2321
-3104
-3039
-2821
-3210
-3617
-3247
-2577
-2012
-1418
-1154
-1664
-2227
-1824
-772
-4
284
345
179
-164
-255
175
841
1353
1496
1343
939
639
802
1278
1394
1006
560
179
-290
-586
-501
-423
-600
-769
-721
-624
-530
-321
57
474
802
1018
1192
1267
1162
1124
1373
1676
1786
1784
1727
1518
1245
1098
1007
934
807
518
168
-62
-168
-340
-382
-238
-140
-324
-642
-658
-363
-55
-64
-67
69
273
279
203
355
615
649
340
147
172
282
162
144
616
1292
1550
1914
2784
3154
1792
4
-45
1294
1740
900
254
-249
-1641
-3347
-3305
-1888
-1360
-2415
-3423
-3367
-3153
-3319
-3297
-2793
-2450
-2198
-1746
-1614
-2197
-2441
-1556
-345
226
269
205
-61
-413
-244
622
1421
1653
1502
1162
682
625
1171
1631
1409
947
613
143
-443
-577
-253
-159
-492
-758
-795
-876
-930
-660
-126
347
608
709
798
874
961
1220
1588
1769
1776
1790
1713
1509
1401
1484
1518
1376
1093
647
223
49
95
130
174
159
-77
-490
-797
-740
-450
-180
-101
-108
-91
-28
-2
85
355
630
557
235
65
181
329
298
421
981
1536
1710
2058
2684
2417
786
-273
594
1969
1824
767
43
-818
-2352
-3256
-2291
-1064
-1519
-3038
-3673
-3325
-3137
-3183
-2883
-2553
-2676
-2689
-2343
-2280
-2531
-2064
-884
-136
-130
-255
-336
-560
-452
400
1353
1653
1407
1164
1027
957
1365
2168
2471
1724
666
-9
-320
-254
242
514
-67
-1051
-1654
-1709
-1377
-760
-99
178
8
-194
-81
335
783
1179
1527
1701
1572
1335
1256
1381
1666
2026
2124
1716
1066
590
410
517
735
750
465
72
-269
-473
-455
-231
11
29
-336
-749
-837
-599
-276
40
383
544
408
98
4
219
528
658
693
804
942
1168
1408
1877
2591
2914
2080
583
97
966
1674
1159
395
-89
-1070
-2598
-3015
-1815
-1046
-2035
-3450
-3634
-3157
-3055
-3008
-2573
-2344
-2596
-2673
-2497
-2634
-2722
-1913
-685
-265
-563
-745
-682
-631
-242
616
1220
1239
1126
1196
1206
1341
1961
2575
2319
1399
690
371
234
394
761
567
-417
-1415
-1747
-1467
-926
-359
-145
-446
-823
-685
-29
583
857
981
1068
1027
1002
1209
1532
1750
1862
1843
1588
1169
856
785
859
921
815
523
171
-60
-172
-179
-13
241
208
-285
-816
-886
-479
-138
-16
22
34
-26
-61
120
441
716
639
417
302
536
1031
1718
1996
1823
1942
2435
2293
1110
585
1415
2171
1311
140
-167
-540
-1855
-2675
-1713
-852
-1849
-3488
-3717
-3078
-2796
-2694
-2356
-2515
-3228
-3376
-2790
-2532
-2626
-2009
-969
-872
-1569
-1665
-1020
-518
-252
321
741
647
524
888
1295
1531
2001
2470
2242
1479
1093
1133
1087
924
962
789
-1
-900
-1146
-882
-661
-562
-577
-812
-1004
-649
28
415
414
388
466
576
849
1317
1655
1624
1496
1513
1481
1284
1117
1112
1043
868
730
667
563
354
172
52
36
10
-131
-381
-518
-385
-188
-130
-193
-243
-250
-220
-90
178
405
472
424
454
620
801
856
843
1035
1324
1449
1732
2419
2673
1752
731
937
1751
1356
117
-354
-358
-1219
-2296
-1814
-612
-1016
-2767
-3484
-2811
-2414
-2701
-2716
-2529
-2886
-3196
-2795
-2302
-2361
-2335
-1828
-1659
-2022
-1971
-1221
-620
-404
5
425
319
152
606
1213
1280
1296
1714
1950
1542
1232
1440
1563
1259
986
878
483
-111
-304
-68
81
-9
-156
-380
-711
-756
-305
164
212
90
226
520
754
982
1158
1084
835
722
842
984
1011
952
860
765
699
655
556
458
391
278
65
-48
34
67
-55
-127
-24
3
-71
-92
-4
113
171
235
327
483
524
619
773
813
676
423
294
526
1143
1522
1727
2038
2215
1446
307
463
1662
1791
317
-755
-712
-771
-1379
-1135
-107
-327
-2102
-3228
-2569
-1798
-2008
-2326
-2300
-2661
-3183
-2884
-2193
-2252
-2662
-2424
-1960
-2120
-2295
-1704
-905
-641
-509
-113
20
-138
54
683
994
986
1189
1468
1334
1124
1312
1463
1215
962
993
886
547
397
516
474
210
13
-121
-312
-357
-64
205
119
-56
52
294
386
439
599
650
499
400
538
719
739
569
403
495
755
829
612
383
345
382
332
312
396
423
295
163
175
328
437
425
344
345
528
703
695
631
632
659
626
596
611
647
557
418
306
553
940
1042
1161
1430
1352
453
-28
744
1603
896
-308
-340
13
-588
-1299
-591
162
-817
-2425
-2417
-1346
-1249
-2064
-2415
-2363
-2659
-2802
-2432
-2326
-2720
-2632
-2030
-2010
-2420
-2138
-1350
-1065
-1189
-932
-561
-594
-488
148
653
464
269
596
931
1105
1380
1625
1348
924
1088
1486
1353
897
761
700
529
409
501
467
191
28
34
-11
-194
-205
-60
9
-41
41
154
38
-76
117
424
432
235
99
173
438
713
713
503
402
567
832
923
863
745
727
818
929
966
938
946
988
1026
1003
906
726
540
519
667
724
584
367
209
21
-111
-93
-21
-37
-80
-37
125
723
1404
1412
542
148
951
1663
963
-2
145
386
-358
-947
-60
665
-450
-2103
-2167
-1242
-1219
-1918
-2171
-2176
-2559
-2685
-2237
-2086
-2588
-2791
-2416
-2331
-2624
-2440
-1781
-1486
-1577
-1476
-1328
-1395
-1108
-245
332
167
136
712
1214
1263
1431
1731
1586
1160
1156
1506
1537
1188
909
824
730
626
512
220
-158
-269
-159
-246
-502
-555
-388
-370
-454
-352
-213
-295
-404
-179
146
196
71
154
464
768
908
921
988
1213
1457
1537
1586
1694
1732
1586
1515
1674
1778
1593
1266
1112
1116
1079
911
752
542
362
302
286
175
-43
-226
-428
-559
-556
-366
-305
-343
-170
209
542
874
1283
1212
551
202
992
1886
1434
373
186
394
-131
-671
-71
521
-528
-2086
-2081
-981
-811
-1693
-2210
-2246
-2622
-2954
-2640
-2305
-2668
-3094
-3047
-3093
-3380
-3204
-2458
-2049
-2162
-2082
-1684
-1361
-937
-212
223
40
39
700
1356
1509
1605
1771
1532
1129
1229
1599
1483
946
670
719
672
502
365
131
-251
-487
-453
-462
-598
-551
-334
-332
-570
-653
-440
-142
95
240
344
519
798
1112
1393
1684
1862
1824
1759
1950
2240
2338
2307
2312
2278
2031
1761
1641
1507
1233
977
896
837
631
378
166
-59
-273
-358
-301
-217
-210
-266
-350
-409
-399
-320
-363
-504
-440
-54
368
395
505
1219
1866
1346
307
479
1620
1812
653
126
651
580
-475
-774
97
158
-1215
-2164
-1668
-1166
-1667
-2412
-2720
-3054
-3392
-3183
-2943
-3328
-3737
-3386
-2930
-3103
-3228
-2739
-2182
-2084
-1954
-1537
-1261
-1035
-403
245
230
56
448
977
1009
958
1298
1501
1172
884
985
1001
664
433
509
492
270
100
-11
-219
-292
-137
-128
-395
-485
-207
61
147
319
646
824
863
1104
1498
1698
1674
1764
2068
2319
2397
2359
2263
2130
2054
2066
2048
1942
1775
1524
1230
1033
953
870
716
564
430
318
132
-62
-123
-10
66
-79
-317
-483
-467
-357
-255
-240
-303
-331
-264
-198
-125
41
199
300
331
527
1129
1603
1309
511
379
1102
1459
812
215
222
-58
-886
-1159
-397
-209
-1527
-2764
-2485
-1704
-1922
-2644
-2825
-2802
-3150
-3331
-3026
-2906
-3205
-3251
-2869
-2760
-3004
-2905
-2366
-1958
-1826
-1658
-1497
-1362
-903
-240
-31
-270
-139
421
721
649
737
918
784
606
842
1126
925
545
553
787
830
785
832
837
746
857
1100
1126
1003
1047
1225
1323
1429
1643
1720
1579
1550
1800
2012
1925
1732
1697
1774
1800
1717
1589
1520
1524
1519
1415
1290
1167
992
786
716
821
824
609
331
227
184
88
3
-40
-146
-339
-418
-296
-129
-106
-215
-306
-325
-306
-340
-352
-282
-171
-62
-51
-116
-210
-87
163
384
758
1134
932
69
-263
441
1004
335
-499
-449
-422
-1134
-1475
-646
-245
-1478
-2756
-2467
-1625
-1791
-2470
-2642
-2733
-3217
-3374
-2935
-2887
-3359
-3472
-3071
-3027
-3290
-3025
-2410
-2161
-2276
-2159
-1885
-1594
-1020
-339
-147
-373
-158
558
1071
1201
1356
1524
1455
1464
1826
2133
2032
1827
1871
1961
1978
2085
2182
1996
1698
1729
1910
1748
1398
1342
1509
1468
1215
1125
1274
1386
1394
1431
1443
1343
1252
1339
1483
1493
1391
1303
1279
1283
1264
1201
1095
990
908
847
771
650
529
434
329
184
80
13
-108
-268
-337
-303
-346
-510
-625
-590
-573
-608
-592
-486
-455
-573
-638
-613
-524
-488
-472
-509
-512
-424
-238
-124
-21
411
742
379
-436
-503
310
674
-89
-810
-806
-866
-1426
-1600
-1024
-949
-2031
-3019
-2817
-2204
-2298
-2923
-3273
-3379
-3440
-3299
-3025
-3041
-3244
-3133
-2778
-2650
-2678
-2330
-1694
-1241
-1093
-981
-751
-337
271
810
971
931
1146
1605
1992
2185
2315
2302
2152
2171
2487
2648
2369
2001
1941
2050
2044
1976
1941
1842
1622
1469
1509
1577
1483
1295
1202
1246
1321
1321
1231
1198
1298
1430
1435
1364
1316
1309
1328
1324
1264
1150
1086
1055
956
797
684
641
512
295
131
76
21
-101
-201
-261
-346
-467
-609
-711
-699
-629
-654
-805
-886
-781
-664
-681
-759
-841
-928
-982
-860
-640
-507
-551
-644
-729
-797
-785
-687
-582
-577
-621
-621
-361
45
76
-557
-1154
-964
-426
-574
-1239
-1417
-1218
-1451
-1906
-1712
-1119
-1268
-2091
-2273
-1639
-1279
-1653
-1928
-1699
-1552
-1703
-1722
-1523
-1508
-1580
-1405
-1148
-1257
-1463
-1158
-445
-71
-286
-529
-326
199
671
936
996
998
1131
1470
1832
2039
2053
1953
1866
1899
2031
2117
2053
1937
1917
1964
2007
1993
1949
1885
1829
1813
1750
1596
1490
1542
1638
1588
1381
1186
1090
1082
1118
1117
999
786
641
702
859
831
610
420
332
272
229
235
221
73
-148
-277
-284
-316
-442
-602
-774
-936
-1020
-998
-972
-981
-1008
-1065
-1132
-1130
-1016
-937
-1012
-1129
-1140
-1075
-1055
-1024
-998
-1088
-1207
-1208
-1076
-1010
-1084
-1188
-1187
-1123
-949
-731
-599
-614
-627
-266
296
455
-49
-437
-38
649
596
51
-55
164
-5
-351
-80
483
196
-775
-1043
-473
-241
-767
-1153
-1019
-1039
-1452
-1657
-1497
-1465
-1600
-1548
-1367
-1469
-1717
-1579
-1041
-647
-649
-760
-585
-59
482
769
875
1055
1336
1609
1861
2146
2333
2317
2292
2449
2627
2558
2322
2204
2251
2274
2194
2058
1908
1755
1646
1597
1464
1233
1053
1011
1006
928
804
687
560
441
414
442
383
200
62
90
132
24
-147
-239
-244
-289
-429
-578
-622
-593
-657
-811
-942
-1012
-1138
-1330
-1382
-1251
-1204
-1364
-1524
-1506
-1397
-1340
-1283
-1221
-1202
-1167
-1039
-896
-853
-830
-694
-511
-432
-409
-320
-204
-127
-74
-4
62
94
117
148
163
180
259
409
516
502
564
793
946
701
310
310
627
660
326
132
187
2
-480
-617
-239
-94
-635
-1215
-1188
-901
-1007
-1357
-1460
-1378
-1477
-1697
-1694
-1512
-1454
-1504
-1361
-1070
-948
-1043
-976
-580
-125
129
269
555
888
1041
1123
1407
1844
2074
1993
1947
2134
2324
2277
2127
2105
2140
2003
1718
1546
1544
1531
1367
1137
964
834
683
537
481
451
324
179
152
199
123
-75
-170
-95
-38
-120
-246
-329
-378
-424
-453
-453
-461
-506
-625
-763
-837
-824
-808
-874
-973
-1016
-998
-984
-982
-947
-904
-870
-794
-696
-621
-556
-449
-307
-173
-62
46
121
175
275
401
449
419
417
462
459
388
334
318
272
124
-34
-135
-192
-223
-241
-272
-327
-408
-482
-483
-459
-487
-521
-446
-301
-204
-230
-228
-158
-170
-308
-404
-323
-158
-96
-135
-128
-54
2
11
46
126
163
75
-25
4
126
153
48
-44
-102
-192
-274
-264
-160
-91
-173
-266
-264
-183
-107
-108
-85
-25
-9
-14
57
192
277
245
223
295
357
367
365
390
422
386
315
333
443
550
576
522
467
437
425
427
452
447
358
268
239
252
263
281
299
227
79
-12
27
97
88
34
27
79
141
184
187
172
168
151
91
73
172
285
273
203
182
217
200
134
115
149
187
204
220
221
182
112
81
98
80
13
-42
-51
-43
-82
-156
-223
-299
-441
-633
-701
-656
-679
-785
-807
-728
-702
-793
-839
-765
-693
-673
-600
-440
-302
-203
-67
105
155
106
99
168
249
303
330
361
385
395
386
343
289
220
158
123
127
103
-28
-208
-299
-306
-378
-555
-724
-796
-834
-885
-929
-940
-953
-996
-1006
-960
-898
-870
-833
-742
-649
-580
-500
-357
-193
-84
-14
63
151
252
328
339
329
383
488
543
542
590
713
773
734
725
778
827
852
875
902
932
948
927
879
822
810
853
870
831
811
830
852
837
795
768
755
737
705
683
664
615
535
484
456
417
355
291
271
207
100
50
78
85
7
-101
-172
-211
-248
-263
-275
-335
-456
-575
-626
-606
-594
-648
-749
-829
-819
-786
-812
-868
-862
-818
-859
-890
-809
-671
-635
-685
-676
-584
-492
-447
-373
-263
-153
-54
63
179
283
395
433
373
289
287
345
354
312
274
193
72
-19
-56
-125
-273
-400
-441
-463
-553
-664
-742
-802
-877
-916
-956
-1032
-1076
-1058
-978
-905
-877
-884
-879
-845
-757
-641
-570
-514
-427
-314
-229
-173
-85
40
133
178
220
277
336
388
456
563
681
755
798
853
934
1015
1078
1128
1194
1244
1274
1299
1332
1374
1422
1436
1400
1349
1330
1376
1434
1425
1348
1280
1248
1200
1104
1008
943
864
744
620
553
501
370
206
94
-6
-129
-233
-285
-359
-507
-653
-739
-791
-874
-941
-966
-1008
-1095
-1154
-1132
-1086
-1074
-1080
-1060
-1040
-1019
-949
-823
-696
-613
-566
-507
-428
-331
-252
-215
-204
-180
-117
-54
-27
-31
-37
-42
-40
-56
-68
-70
-67
-57
-59
-86
-109
-55
71
161
107
-17
-97
-94
-43
-39
-101
-152
-167
-208
-281
-322
-295
-312
-408
-486
-475
-475
-567
-663
-678
-674
-760
-852
-862
-852
-883
-905
-836
-728
-697
-692
-628
-538
-441
-356
-261
-152
-12
178
382
551
654
740
835
948
1074
1185
1233
1228
1241
1303
1361
1354
1282
1223
1216
1211
1156
1088
1052
1016
948
882
855
837
761
660
615
612
591
553
556
572
530
441
376
334
263
185
152
158
118
44
-21
-74
-114
-146
-185
-243
-308
-346
-385
-453
-505
-523
-560
-625
-673
-663
-640
-659
-673
-649
-607
-585
-558
-519
-461
-368
-278
-219
-197
-166
-131
-88
-45
-20
-44
-115
-143
-135
-169
-288
-414
-483
-512
-577
-674
-738
-769
-784
-803
-837
-853
-859
-880
-877
-811
-690
-545
-424
-311
-263
-284
-297
-209
-49
66
144
245
357
409
427
487
590
654
671
677
666
626
591
570
524
424
304
199
92
-3
-48
-79
-153
-260
-345
-388
-446
-481
-466
-474
-498
-449
-322
-247
-252
-201
-55
51
65
92
181
285
368
452
532
547
543
575
643
705
759
812
806
731
684
713
764
757
710
665
642
660
684
669
619
576
562
534
514
524
539
516
455
413
395
369
336
314
301
278
225
158
117
95
62
-5
-90
-175
-258
-330
-371
-391
-438
-511
-552
-562
-619
-716
-757
-731
-714
-748
-786
-817
-844
-873
-894
-893
-882
-850
-829
-857
-888
-862
-790
-726
-667
-608
-583
-576
-534
-438
-338
-270
-223
-173
-103
-18
78
154
201
236
275
314
374
505
654
724
676
589
522
481
476
483
453
392
341
304
253
165
77
0
-49
-66
-80
-148
-244
-297
-330
-398
-491
-532
-533
-581
-676
-710
-666
-608
-587
-565
-523
-488
-471
-435
-346
-235
-142
-78
-18
72
177
275
343
387
444
507
543
599
699
782
809
813
852
915
971
1015
1020
979
928
913
948
1005
1019
974
899
842
817
798
751
693
664
647
604
544
513
485
411
315
240
162
70
-11
-57
-89
-147
-232
-305
-353
-387
-439
-500
-552
-592
-630
-662
-672
-678
-705
-755
-763
-735
-722
-728
-724
-715
-721
-714
-678
-625
-607
-614
-615
-623
-629
-595
-526
-463
-443
-439
-434
-443
-440
-399
-341
-332
-365
-363
-312
-275
-259
-242
-230
-248
-269
-240
-182
-165
-179
-183
-126
-11
146
299
355
311
226
202
273
382
450
484
496
489
483
477
470
424
379
381
387
357
278
206
142
52
-52
-131
-207
-305
-384
-422
-429
-454
-491
-498
-488
-466
-414
-360
-292
-202
-77
71
181
277
385
510
630
736
829
883
895
910
979
1058
1074
1013
933
882
867
873
850
786
667
552
466
409
335
245
184
149
106
50
12
-32
-63
-59
-30
-27
-46
-48
-47
-43
-36
-30
-32
-69
-93
-62
-33
-58
-118
-166
-183
-212
-249
-283
-332
-388
-430
-469
-527
-594
-651
-696
-748
-794
-808
-807
-825
-837
-828
-800
-776
-751
-719
-669
-604
-554
-517
-485
-440
-385
-314
-235
-192
-193
-197
-136
-36
28
44
40
41
27
19
57
109
118
77
73
112
144
136
115
105
108
199
359
490
478
400
334
288
292
370
471
544
582
582
544
481
472
510
535
534
540
527
462
379
330
300
242
127
-22
-123
-167
-199
-244
-302
-361
-435
-517
-578
-593
-602
-620
-619
-565
-499
-463
-431
-391
-338
-291
-251
-209
-153
-68
39
158
238
262
246
243
308
419
517
562
594
623
639
641
641
628
588
556
570
622
647
622
579
533
484
440
401
360
325
316
300
242
149
70
37
23
-26
-91
-135
-173
-219
-248
-266
-308
-385
-457
-471
-451
-448
-493
-566
-632
-669
-669
-652
-646
-665
-688
-695
-710
-691
-603
-509
-475
-484
-484
-442
-385
-319
-229
-132
-91
-103
-82
3
106
160
174
186
211
245
278
310
350
372
366
355
376
423
454
466
462
463
451
411
383
376
401
456
514
512
398
238
124
89
84
54
13
-9
-64
-187
-320
-399
-426
-446
-455
-453
-506
-608
-697
-733
-714
-702
-732
-792
-846
-858
-805
-702
-620
-591
-578
-554
-496
-379
-246
-160
-117
-56
41
165
280
361
421
477
528
570
606
646
710
782
841
866
846
810
799
838
878
872
835
800
764
729
707
666
585
484
430
432
416
351
262
201
156
107
62
21
-4
-46
-94
-138
-178
-217
-265
-306
-320
-312
-306
-301
-312
-333
-357
-371
-357
-323
-298
-277
-238
-211
-209
-212
-178
-116
-68
-49
-42
-11
24
43
66
88
75
46
36
58
70
39
-11
-54
-77
-89
-90
-102
-126
-158
-196
-237
-275
-299
-318
-328
-336
-347
-374
-405
-439
-451
-443
-450
-459
-457
-428
-397
-371
-348
-319
-291
-274
-241
-169
-78
-33
-45
-63
-66
-66
-60
-43
-13
10
2
-11
-24
-47
-70
-72
-41
4
16
-14
-36
-48
-50
-49
-31
-5
8
22
39
66
88
105
115
139
203
286
322
319
342
410
461
472
495
554
588
590
596
592
555
495
486
497
474
428
387
368
333
283
248
220
208
204
203
199
177
156
150
158
156
158
168
183
190
190
183
161
124
87
78
97
110
87
41
5
-21
-54
-79
-91
-98
-111
-141
-169
-182
-201
-232
-270
-299
-315
-327
-320
-304
-301
-321
-337
-321
-277
-233
-212
-196
-186
-185
-180
-173
-168
-174
-190
-192
-185
-201
-238
-277
-302
-321
-351
-381
-392
-396
-416
-447
-479
-509
-528
-523
-509
-493
-468
-452
-437
-410
-367
-304
-246
-206
-151
-92
-45
12
90
188
297
382
436
460
470
490
505
513
534
554
558
545
515
473
421
361
308
272
235
186
132
75
8
-61
-97
-119
-162
-218
-250
-245
-236
-234
-239
-232
-211
-188
-155
-124
-92
-58
-22
27
78
135
186
231
261
292
323
348
377
382
381
395
417
429
424
404
372
327
310
325
317
288
257
250
238
201
183
172
149
114
87
71
51
23
-9
-38
-71
-81
-87
-109
-151
-190
-209
-236
-254
-245
-220
-208
-230
-252
-263
-272
-280
-287
-282
-260
-240
-244
-235
-208
-187
-186
-187
-165
-128
-93
-57
-15
9
15
27
56
74
86
102
121
134
129
119
116
131
155
154
122
80
70
83
72
59
60
64
40
2
2
13
-9
-66
-110
-114
-118
-148
-191
-235
-273
-313
-342
-351
-351
-351
-378
-410
-438
-443
-432
-415
-398
-409
-424
-420
-397
-382
-385
-387
-354
-311
-280
-252
-207
-162
-141
-120
-69
-10
47
93
153
214
259
308
356
413
451
478
504
536
569
601
623
637
626
614
614
614
607
586
562
531
486
436
403
370
317
242
172
111
52
1
-51
-99
-154
-213
-253
-268
-272
-287
-314
-333
-340
-340
-324
-292
-260
-240
-218
-190
-152
-105
-59
-14
35
83
139
180
208
240
278
305
323
358
408
449
467
471
488
508
511
499
498
494
481
463
439
412
372
311
253
217
172
99
24
-45
-113
-178
-254
-337
-402
-458
-510
-571
-641
-717
-781
-824
-859
-879
-901
-922
-938
-934
-913
-890
-873
-841
-784
-728
-676
-606
-521
-452
-391
-333
-268
-204
-134
-59
10
52
63
94
135
181
227
256
265
269
266
252
238
246
253
234
209
184
171
154
137
143
167
160
137
131
141
144
148
162
174
177
188
204
220
234
255
266
259
243
241
250
246
244
235
216
200
190
178
169
172
176
160
128
120
120
114
118
135
159
155
152
177
215
236
245
261
287
314
342
368
387
398
397
398
395
410
431
434
440
432
419
401
359
311
266
218
183
162
133
75
4
-70
-137
-188
-227
-264
-302
-328
-360
-405
-441
-458
-468
-488
-508
-503
-493
-501
-521
-533
-535
-551
-571
-584
-579
-562
-553
-546
-539
-535
-532
-528
-515
-486
-451
-426
-418
-417
-412
-400
-380
-349
-318
-309
-300
-268
-241
-226
-206
-178
-144
-109
-68
-45
-25
1
37
71
95
119
153
191
212
224
240
250
255
271
295
319
337
359
376
377
381
399
424
447
460
461
457
466
494
507
486
460
456
468
473
466
470
462
437
408
386
374
359
343
326
298
262
232
215
194
171
142
82
44
19
12
2
-35
-86
-140
-168
-180
-180
-185
-200
-214
-214
-216
-210
-191
-184
-193
-205
-200
-180
-160
-144
-135
-132
-137
-136
-118
-108
-110
-111
-110
-98
-78
-74
-79
-75
-68
-63
-73
-73
-65
-80
-99
-90
-73
-82
-116
-145
-144
-146
-168
-185
-190
-198
-209
-212
-206
-223
-228
-232
-230
-235
-254
-267
-264
-260
-278
-293
-295
-289
-283
-279
-282
-284
-277
-260
-235
-218
-197
-174
-164
-147
-122
-95
-77
-55
-27
5
35
58
78
107
127
146
170
188
225
271
312
351
395
423
440
454
487
533
556
570
586
616
644
652
627
618
624
624
624
622
609
585
554
528
515
482
435
386
344
303
251
201
151
88
27
-24
-75
-129
-191
-245
-286
-347
-405
-452
-477
-498
-541
-573
-600
-620
-636
-643
-648
-652
-648
-629
-610
-600
-579
-551
-526
-504
-489
-471
-442
-408
-366
-315
-266
-230
-216
-206
-168
-131
-99
-76
-53
-29
-12
4
24
48
65
76
86
86
93
109
127
136
128
118
120
122
135
148
139
135
142
154
162
171
177
187
192
186
191
194
194
194
195
200
204
212
209
193
184
183
184
181
177
173
170
162
168
193
220
234
237
237
239
253
271
298
330
355
369
379
400
417
420
419
414
399
394
380
381
391
373
323
257
213
179
132
82
40
8
-35
-104
-171
-226
-283
-332
-374
-408
-442
-493
-544
-573
-599
-629
-661
-675
-677
-691
-699
-707
-704
-706
-695
-698
-705
-684
-651
-601
-575
-566
-564
-552
-508
-455
-413
-379
-339
-284
-231
-180
-130
-86
-33
17
63
111
145
180
220
259
291
328
360
390
400
411
426
417
416
432
453
461
458
444
427
414
404
405
392
369
347
331
321
307
296
282
265
242
232
243
249
242
223
218
232
245
248
236
230
235
225
210
203
212
224
220
212
198
181
171
164
153
136
108
84
77
56
33
-2
-32
-53
-74
-92
-109
-135
-168
-194
-215
-219
-238
-270
-289
-301
-324
-356
-374
-380
-377
-382
-389
-383
-373
-381
-399
-405
-386
-378
-382
-373
-354
-332
-318
-308
-295
-281
-265
-252
-222
-189
-179
-164
-135
-107
-84
-76
-60
-28
6
31
45
58
85
111
129
153
186
210
220
231
247
262
265
270
286
293
290
291
289
291
301
303
290
269
250
239
226
217
217
204
182
161
151
139
122
106
101
89
72
64
55
39
12
-8
-32
-61
-82
-79
-83
-99
-122
-143
-157
-175
-194
-203
-207
-219
-227
-234
-233
-226
-222
-228
-231
-216
-188
-171
-168
-159
-146
-134
-119
-91
-64
-52
-46
-40
-32
-27
-26
-17
2
18
20
15
9
7
6
2
-13
-18
-12
-9
3
8
7
2
3
21
46
56
67
84
100
113
120
128
148
162
169
183
211
230
235
241
250
249
251
260
266
279
290
291
292
286
275
267
267
271
272
265
244
229
210
188
161
132
123
125
116
91
62
22
-11
-40
-64
-87
-106
-124
-150
-176
-198
-219
-246
-273
-290
-292
-306
-321
-341
-351
-358
-375
-386
-389
-384
-379
-387
-393
-391
-383
-369
-369
-361
-340
-323
-312
-309
-293
-264
-240
-220
-204
-187
-165
-141
-112
-86
-65
-43
-21
5
31
50
63
75
96
113
123
127
133
140
140
141
138
145
142
135
137
148
148
129
126
131
138
145
150
156
161
160
162
161
157
164
173
174
174
177
179
185
181
173
175
184
186
180
182
182
180
169
170
176
180
190
193
172
138
128
135
145
154
164
170
158
145
149
150
144
139
141
146
149
141
119
105
93
74
73
73
68
59
42
21
-9
-43
-71
-100
-112
-123
-146
-176
-207
-223
-241
-264
-287
-314
-321
-329
-341
-346
-342
-338
-342
-344
-343
-331
-315
-307
-296
-277
-254
-232
-218
-200
-176
-143
-114
-93
-73
-59
-43
-23
-2
17
32
38
44
40
38
39
40
39
46
52
47
33
18
12
10
-1
-21
-24
-21
-29
-39
-51
-54
-63
-79
-73
-69
-69
-67
-70
-71
-73
-73
-54
-40
-34
-27
-26
-16
-6
-4
4
19
35
55
68
87
107
125
136
141
154
177
207
230
249
260
264
271
284
301
302
305
320
339
344
334
328
331
332
329
326
321
315
299
282
268
254
239
218
196
184
166
137
100
69
44
12
-24
-59
-96
-136
-174
-198
-215
-238
-263
-281
-309
-335
-349
-351
-361
-375
-377
-370
-342
-325
-317
-307
-305
-298
-276
-258
-233
-202
-181
-166
-147
-123
-104
-92
-77
-57
-45
-37
-27
-10
1
2
3
6
6
1
-6
-15
-26
-37
-41
-46
-44
-44
-56
-72
-77
-66
-64
-61
-53
-50
-45
-33
-23
-27
-31
-25
-15
-3
15
31
53
83
108
121
133
147
159
178
190
193
198
214
226
229
232
224
214
217
223
235
237
223
220
214
214
210
194
185
178
173
161
139
123
117
110
91
67
49
35
14
2
-8
-27
-41
-64
-73
-81
-101
-113
-117
-127
-153
-168
-167
-177
-185
-186
-190
-194
-205
-204
-198
-194
-194
-190
-174
-167
-175
-174
-163
-163
-158
-151
-139
-135
-141
-131
-112
-102
-104
-110
-111
-106
-98
-93
-92
-91
-81
-74
-69
-52
-35
-21
-12
-8
7
21
36
45
51
61
62
73
86
100
117
123
128
144
161
161
172
187
194
184
185
207
225
234
233
237
233
213
200
209
218
213
202
199
202
197
193
185
177
164
154
155
148
143
134
121
114
105
92
76
60
43
28
17
8
-12
-35
-54
-74
-97
-118
-137
-153
-171
-192
-220
-247
-265
-283
-291
-298
-323
-337
-335
-339
-348
-352
-342
-338
-344
-337
-328
-309
-292
-280
-266
-249
-217
-190
-169
-142
-112
-94
-71
-40
-3
23
32
47
68
92
104
115
131
144
146
155
168
176
181
190
193
187
184
183
168
166
158
137
122
114
111
97
84
76
67
57
55
45
33
15
2
1
-7
-22
-31
-38
-40
-38
-35
-28
-23
-14
-9
-12
3
24
33
40
52
61
68
78
93
121
149
161
168
173
173
175
182
191
196
190
181
185
190
185
167
154
142
124
116
109
102
86
68
62
62
45
22
8
-8
-26
-36
-37
-34
-46
-63
-82
-112
-126
-134
-134
-139
-153
-167
-171
-174
-180
-181
-189
-198
-205
-212
-211
-207
-201
-197
-205
-208
-201
-193
-185
-183
-177
-170
-161
-151
-134
-122
-131
-138
-129
-122
-112
-106
-98
-89
-72
-62
-56
-39
-33
-27
-31
-33
-20
-9
-2
10
31
39
44
48
57
68
71
72
71
75
82
91
91
95
101
94
91
94
94
89
88
86
87
84
84
84
83
83
71
67
73
78
72
69
70
74
81
95
106
109
106
105
110
117
127
139
149
155
159
158
159
164
175
179
173
175
173
180
183
179
173
165
159
147
135
128
117
103
91
80
65
43
24
1
-24
-44
-65
-83
-97
-118
-153
-169
-186
-201
-198
-203
-209
-227
-235
-239
-240
-244
-247
-243
-244
-246
-240
-233
-229
-220
-208
-203
-199
-194
-186
-186
-182
-168
-161
-156
-163
-165
-162
-154
-147
-133
-121
-117
-107
-97
-90
-91
-83
-72
-62
-51
-45
-31
-19
-7
17
38
43
54
79
94
112
125
128
134
150
164
176
181
187
200
215
222
230
242
243
249
252
252
253
257
262
265
275
271
257
261
259
253
245
242
233
214
200
190
183
166
151
136
117
100
80
62
38
21
0
-21
-38
-64
-89
-114
-127
-142
-166
-182
-197
-213
-229
-241
-250
-259
-265
-270
-274
-272
-261
-250
-253
-256
-260
-253
-245
-245
-238
-233
-224
-212
-206
-193
-179
-167
-154
-137
-135
-133
-121
-111
-92
-74
-59
-46
-27
-9
4
20
43
63
71
82
95
99
108
128
153
167
177
186
191
201
204
201
200
205
210
208
192
185
186
177
172
167
157
143
129
111
91
84
88
89
79
68
62
60
67
61
52
44
30
22
28
31
26
22
16
12
18
24
26
36
35
27
23
23
24
20
10
2
-13
-16
-27
-43
-56
-70
-74
-76
-79
-89
-100
-113
-128
-139
-149
-165
-169
-169
-171
-172
-182
-189
-197
-198
-201
-204
-203
-197
-186
-186
-185
-181
-175
-165
-149
-132
-128
-133
-124
-103
-91
-79
-66
-53
-38
-28
-10
8
25
45
55
74
90
97
111
123
138
155
175
195
202
217
229
230
231
231
226
227
234
240
241
233
226
219
210
194
186
181
169
149
137
126
104
92
87
77
56
44
35
28
16
2
-10
-18
-26
-37
-48
-47
-55
-60
-58
-67
-79
-96
-98
-103
-104
-98
-99
-103
-114
-124
-131
-140
-137
-131
-130
-122
-121
-121
-123
-124
-117
-123
-129
-132
-125
-113
-113
-109
-107
-108
-103
-92
-85
-80
-77
-78
-73
-68
-65
-58
-50
-43
-44
-39
-37
-32
-26
-20
-21
-17
-13
-5
10
11
12
20
34
49
61
59
65
84
94
99
105
106
106
104
106
124
135
133
141
143
138
130
115
120
112
109
119
116
103
91
86
81
75
60
49
39
40
42
44
36
21
19
16
12
0
0
-3
-15
-17
-16
-12
-12
-11
-15
-21
-30
-39
-34
-32
-37
-38
-41
-49
-49
-52
-52
-51
-63
-72
-73
-73
-82
-84
-82
-86
-93
-96
-97
-90
-85
-79
-69
-60
-48
-49
-50
-45
-43
-36
-24
-9
3
8
16
18
27
35
34
39
42
40
38
39
39
40
42
41
35
30
35
38
37
32
24
23
11
1
3
11
12
1
-2
-4
-5
-12
-18
-21
-26
-29
-28
-21
-34
-39
-29
-35
-38
-48
-48
-37
-45
-50
-43
-35
-28
-28
-30
-32
-31
-14
6
8
5
6
12
16
24
36
46
54
62
70
77
74
70
75
73
67
69
80
83
84
84
81
72
59
57
52
50
45
35
26
21
19
11
12
9
4
1
1
4
1
-7
-15
-20
-24
-17
-12
-19
-33
-40
-30
-26
-31
-33
-40
-52
-57
-59
-58
-55
-65
-73
-70
-67
-77
-85
-76
-79
-81
-81
-87
-78
-65
-55
-59
-59
-53
-41
-29
-34
-26
-9
0
8
8
9
15
22
22
30
50
53
49
52
54
48
46
49
54
61
67
67
66
64
65
57
50
41
37
40
37
43
46
48
49
50
51
43
40
44
49
47
35
31
26
29
16
4
0
-11
-9
-12
-15
-17
-22
-25
-27
-27
-24
-36
-46
-48
-47
-41
-45
-48
-45
-47
-57
-66
-55
-51
-52
-56
-63
-56
-50
-45
-41
-39
-30
-30
-28
-17
-11
-10
-2
6
5
-2
-5
0
9
8
3
4
11
16
15
20
17
14
13
16
17
14
16
14
6
4
3
3
0
-10
-11
-11
-18
-20
-18
-14
-13
-11
-15
-19
-21
-26
-24
-24
-26
-33
-32
-27
-28
-25
-27
-29
-29
-29
-18
-9
-11
-5
5
24
40
42
51
59
65
77
83
93
100
106
116
127
142
148
150
144
139
141
151
156
153
147
141
136
130
126
112
98
86
68
54
43
30
8
-19
-44
-55
-65
-80
-89
-94
-100
-115
-122
-129
-144
-154
-171
-179
-195
-208
-210
-202
-205
-212
-218
-222
-213
-208
-199
-182
-171
-169
-161
-146
-130
-115
-106
-89
-71
-58
-38
-23
-10
13
28
36
49
67
88
103
110
116
116
122
135
140
139
142
145
150
152
148
153
148
146
139
124
112
106
96
77
65
53
42
40
37
36
32
23
14
12
8
-5
-14
-27
-36
-38
-33
-34
-41
-50
-45
-34
-30
-20
-21
-28
-32
-28
-18
-7
-9
-11
-12
-13
-11
-5
4
18
21
12
10
15
16
17
21
24
25
26
21
20
25
31
36
37
36
30
32
27
30
32
31
24
20
22
16
15
7
6
5
-5
-15
-23
-31
-33
-34
-33
-36
-38
-44
-52
-51
-48
-48
-47
-51
-59
-59
-63
-66
-57
-51
-51
-46
-37
-31
-28
-26
-28
-27
-25
-34
-30
-21
-19
-22
-26
-21
-9
0
-4
-3
0
-8
-17
-20
-22
-26
-27
-30
-35
-37
-29
-29
-27
-26
-27
-29
-30
-33
-35
-25
-27
-22
-16
-15
-11
-18
-15
-14
-17
-9
0
0
4
10
16
23
31
42
48
54
52
52
62
73
76
74
74
74
86
101
106
111
118
115
100
93
96
101
107
107
100
94
94
88
88
81
66
55
53
47
43
44
32
21
9
-2
-8
-27
-29
-31
-37
-35
-29
-24
-26
-34
-47
-52
-53
-43
-36
-35
-36
-37
-49
-54
-51
-49
-50
-53
-52
-61
-62
-55
-54
-62
-70
-71
-69
-70
-69
-69
-69
-74
-76
-69
-61
-59
-67
-70
-72
-72
-71
-60
-47
-46
-58
-59
-39
-32
-28
-21
-24
-32
-40
-41
-34
-24
-18
-18
-21
-23
-28
-29
-24
-23
-22
-26
-25
-17
-14
-13
-19
-26
-19
-3
19
33
35
44
48
55
66
77
79
83
91
94
108
122
136
145
146
145
149
151
151
150
144
138
140
139
139
149
150
139
123
106
94
88
85
76
64
56
46
36
27
10
-2
-7
-14
-20
-28
-37
-52
-69
-80
-88
-99
-103
-114
-128
-135
-136
-134
-133
-135
-135
-127
-130
-138
-138
-135
-130
-127
-122
-121
-113
-104
-95
-89
-85
-80
-79
-77
-66
-47
-37
-36
-35
-29
-19
-7
4
5
4
7
10
17
19
21
29
32
34
32
25
26
15
11
18
14
16
9
12
23
27
28
33
42
43
36
31
37
46
51
61
66
66
68
69
68
63
61
57
54
52
65
74
82
86
85
86
81
80
71
71
68
57
60
67
73
68
55
55
55
50
50
48
45
30
16
16
19
14
5
-4
-12
-22
-35
-45
-56
-67
-72
-82
-89
-100
-100
-98
-103
-111
-121
-124
-118
-116
-113
-114
-119
-116
-113
-108
-100
-92
-81
-78
-76
-68
-63
-57
-45
-38
-33
-25
-10
-3
0
18
30
27
27
36
47
53
53
56
55
55
60
62
61
61
58
55
55
53
52
47
43
44
42
49
47
45
35
27
29
30
26
19
14
12
9
8
7
2
1
-9
-22
-31
-32
-21
-14
-10
-10
-14
-14
-13
-15
-22
-19
-12
-8
0
4
7
9
11
11
16
22
25
41
40
34
43
42
35
40
40
47
39
35
38
38
34
24
21
23
19
10
11
1
-9
-14
-22
-25
-30
-28
-19
-22
-26
-25
-32
-41
-43
-43
-48
-48
-43
-39
-32
-34
-39
-44
-40
-44
-46
-38
-30
-26
-21
-14
-4
-4
-5
0
1
5
5
7
7
14
27
22
6
4
11
18
13
9
4
4
12
11
10
8
8
0
-9
-10
-6
-10
-18
-19
-18
-18
-20
-28
-33
-41
-42
-44
-38
-29
-31
-43
-53
-53
-54
-46
-39
-30
-33
-42
-35
-20
-16
-16
-8
-6
1
7
21
29
36
40
38
41
48
53
55
63
70
70
73
90
92
96
106
104
104
108
114
111
107
104
99
91
82
76
73
69
60
49
44
42
35
16
10
7
0
-3
-7
-9
-19
-28
-30
-45
-57
-69
-75
-74
-77
-81
-89
-90
-87
-86
-88
-90
-86
-85
-84
-83
-79
-83
-81
-80
-74
-63
-66
-71
-67
-57
-53
-50
-44
-38
-28
-23
-12
-16
-22
-20
-23
-27
-24
-15
-6
4
-1
-7
-9
-10
-9
-6
-7
-11
-11
-4
-6
-2
4
10
7
-4
4
13
20
32
27
26
27
30
35
35
38
40
49
50
52
52
49
48
47
63
71
76
87
86
79
76
75
77
75
73
65
60
64
69
68
61
54
52
54
62
63
61
61
57
46
42
44
31
21
7
-6
-9
-6
-5
-5
-7
-17
-25
-32
-41
-48
-49
-55
-59
-61
-65
-67
-72
-76
-86
-94
-98
-97
-94
-89
-82
-79
-84
-88
-86
-82
-79
-83
-84
-81
-74
-62
-54
-61
-58
-59
-56
-51
-42
-28
-22
-16
-15
-9
-6
1
9
8
9
13
21
20
30
32
29
29
28
39
38
33
44
47
42
46
39
39
40
35
25
16
20
24
21
22
23
22
33
34
43
42
33
30
22
26
36
39
50
51
50
57
56
58
57
53
59
54
59
60
58
67
67
56
49
49
51
48
40
37
22
22
17
10
4
2
-7
-18
-22
-26
-24
-31
-44
-55
-56
-65
-74
-81
-80
-87
-97
-94
-98
-90
-83
-81
-74
-75
-74
-78
-74
-64
-68
-68
-56
-50
-38
-35
-26
-24
-26
-21
-23
-14
-7
2
3
10
16
23
36
41
44
46
45
42
41
44
46
43
45
45
50
54
59
61
53
51
51
53
53
44
41
25
16
16
9
-8
-11
-9
-4
-2
-4
-1
-7
-14
-15
-15
-25
-27
-33
-42
-37
-36
-39
-35
-33
-33
-26
-20
-13
-8
-8
-8
-6
-13
-15
-12
-13
-4
1
14
23
27
31
31
36
31
23
15
8
7
19
21
16
21
21
19
17
15
14
13
17
22
23
30
24
11
1
0
4
11
13
10
4
-5
-11
-15
-14
-21
-27
-25
-27
-29
-33
-34
-33
-36
-37
-39
-42
-44
-42
-34
-36
-37
-31
-30
-27
-24
-25
-15
-12
-10
-4
4
-1
4
11
18
23
12
9
4
6
2
8
16
21
30
31
35
28
30
28
22
22
17
23
21
27
31
28
27
24
22
26
31
36
33
27
29
26
33
43
46
35
35
30
29
20
13
17
16
20
16
11
-1
-9
-8
-7
-4
-6
-15
-12
-1
-5
-21
-30
-36
-37
-36
-35
-34
-34
-42
-44
-40
-39
-44
-46
-51
-52
-42
-30
-28
-26
-28
-37
-44
-49
-47
-43
-46
-52
-50
-50
-50
-54
-55
-53
-52
-43
-37
-41
-49
-45
-38
-35
-25
-17
-8
-7
-4
3
3
5
12
18
24
23
27
40
42
48
54
54
60
70
77
82
89
90
79
71
59
62
68
71
71
69
68
65
68
62
60
55
49
43
43
49
42
39
39
42
36
31
26
19
16
18
18
8
0
-3
-8
-3
-1
2
12
14
2
-10
-25
-38
-40
-38
-33
-35
-36
-34
-35
-31
-26
-29
-38
-41
-49
-43
-46
-52
-43
-41
-49
-55
-57
-56
-52
-51
-53
-47
-48
-51
-52
-64
-69
-71
-71
-63
-54
-50
-48
-51
-52
-56
-64
-69
-64
-49
-50
-52
-39
-34
-27
-18
-15
-9
-9
-8
-7
-4
6
11
15
23
31
33
38
42
43
50
58
64
66
71
70
60
62
67
72
76
76
82
84
77
87
96
99
108
102
97
92
83
86
85
85
90
91
89
86
76
66
54
48
41
34
19
-1
-14
-31
-28
-15
-12
-20
-39
-54
-59
-67
-79
-84
-85
-79
-73
-79
-84
-91
-104
-113
-108
-106
-111
-93
-86
-86
-77
-81
-75
-70
-67
-65
-53
-50
-58
-50
-40
-36
-28
-13
-8
-3
0
2
6
7
3
3
1
8
16
29
35
25
31
46
45
38
36
25
27
25
27
34
36
31
28
38
30
16
18
29
32
31
31
25
28
23
23
23
19
11
9
9
1
0
5
11
14
21
25
30
35
35
32
34
40
45
45
37
43
39
44
54
54
66
69
70
68
54
35
25
26
30
30
32
29
18
3
-13
-21
-27
-20
-22
-45
-60
-58
-64
-65
-62
-68
-66
-80
-94
-81
-75
-75
