-12
-14
-17
-10
-4
-1
0
-1
-7
-7
-7
-10
-2
3
6
5
-1
6
17
21
19
10
5
-1
0
5
2
0
-3
-11
-15
-9
-9
-10
-15
-14
-12
-4
0
0
3
5
9
15
10
10
5
-5
0
2
6
4
3
1
1
1
2
3
7
8
2
8
4
1
1
-4
-5
-7
-14
-20
-23
-20
-13
-5
-3
-12
-22
-22
-14
-6
5
13
17
16
17
19
19
20
18
15
10
-1
-15
-18
-15
-10
-15
-23
-25
-27
-23
-23
-21
-18
-18
-10
1
4
14
19
21
25
19
22
28
30
25
20
15
9
-4
-6
-4
-6
-8
-6
0
2
5
-2
-9
-10
-19
-25
-25
-22
-17
-19
-22
-22
-22
-19
-8
1
13
23
16
11
2
-1
-1
-1
5
10
15
12
10
8
7
-1
-5
-9
-13
-15
-18
-16
-10
-9
-15
-12
-3
8
16
19
18
16
13
11
14
16
14
17
18
19
23
24
24
23
20
16
7
-2
-6
-4
-3
4
12
21
29
33
34
32
29
22
25
24
19
12
7
4
2
-3
-5
-7
-15
-16
-21
-29
-29
-24
-18
-19
-25
-22
-21
-15
-9
-10
-7
-5
-6
-6
-4
-2
6
6
-1
-2
-7
-15
-20
-20
-19
-21
-20
-14
-14
-10
-7
-9
-13
-15
-15
-14
-7
-12
-14
-14
-18
-21
-26
-29
-32
-40
-45
-42
-38
-30
-23
-20
-20
-24
-27
-22
-5
4
4
0
-2
1
7
16
15
10
5
3
-1
13
24
27
35
36
36
39
40
42
50
52
53
54
48
47
46
46
38
23
11
2
7
15
18
20
23
25
32
33
35
37
34
34
25
19
17
16
14
5
-7
-16
-27
-33
-33
-37
-43
-47
-56
-58
-51
-42
-36
-40
-38
-43
-38
-33
-28
-24
-12
-4
-1
1
2
4
3
4
8
13
13
19
20
18
16
19
22
17
17
11
11
12
4
2
6
10
9
5
6
7
8
11
19
26
25
20
17
23
23
17
10
-1
-7
-11
-13
-19
-26
-29
-33
-38
-41
-42
-36
-32
-37
-45
-53
-54
-53
-48
-45
-41
-37
-27
-24
-19
-13
-13
-10
-12
-13
-10
1
12
21
32
31
24
15
6
2
4
11
15
20
20
15
7
7
2
-6
-10
-5
-1
9
20
26
33
34
34
32
35
38
37
34
35
31
33
33
31
29
19
13
7
5
8
12
11
3
4
4
4
0
0
4
-3
-11
-8
-9
-13
-15
-20
-22
-27
-32
-32
-24
-18
-22
-19
-13
-7
-9
-9
-8
-7
-6
-2
-4
-3
5
9
15
12
7
-1
0
4
5
9
10
13
11
12
20
20
20
22
22
18
15
20
18
9
8
6
6
8
-1
-2
-6
-6
-14
-19
-10
-8
-6
-6
-7
-7
-12
-12
-11
-10
-13
-19
-25
-24
-27
-31
-33
-39
-40
-39
-36
-29
-20
-10
-8
-3
-4
-1
6
7
15
19
16
8
-3
-6
-7
-11
-11
-16
-24
-18
-12
3
11
11
5
-1
1
-1
-2
-4
4
8
8
12
16
22
24
24
16
11
8
9
16
16
16
14
12
7
4
3
2
0
-3
-7
-11
-9
0
6
7
8
6
4
6
2
1
2
4
13
17
23
29
23
19
16
11
5
-3
1
9
13
19
23
22
16
2
-7
-13
-20
-26
-28
-22
-20
-19
-21
-18
-15
-16
-16
-10
-9
-7
-15
-15
-13
-13
-5
-2
1
2
0
4
5
1
1
-5
-14
-15
-13
-6
1
-2
-1
-2
-5
1
6
11
19
22
20
22
26
30
30
31
30
22
21
22
24
26
16
12
8
4
5
4
6
0
-2
1
1
10
12
10
3
-8
-18
-23
-25
-23
-20
-10
-10
-9
-4
-7
-8
-17
-19
-19
-19
-27
-31
-25
-21
-22
-27
-35
-35
-36
-38
-32
-36
-36
-42
-37
-24
-24
-13
0
-1
-5
-8
0
-1
-10
-7
0
0
2
8
18
19
12
12
16
17
17
19
20
25
27
21
16
17
14
16
20
23
25
24
27
23
18
15
14
16
18
22
25
27
25
25
28
29
22
16
13
2
5
11
12
5
3
-3
-12
-19
-20
-17
-13
-10
-16
-23
-31
-40
-40
-26
-26
-36
-32
-28
-26
-20
-13
1
14
13
15
27
34
34
35
32
34
34
29
40
43
39
32
21
12
2
-1
-4
-3
-1
6
6
2
8
3
2
-6
-10
-3
-1
2
6
6
3
-6
-14
-18
-17
-16
-18
-21
-26
-31
-34
-33
-33
-34
-39
-45
-45
-39
-34
-33
-33
-27
-36
-42
-43
-50
-44
-39
-33
-17
-8
7
12
11
11
6
-1
0
1
7
16
23
23
19
11
3
-2
-2
3
8
7
2
5
5
16
20
19
22
20
22
30
31
36
41
40
42
41
44
44
41
40
35
30
31
34
33
24
12
7
9
4
4
1
-4
-14
-19
-14
-18
-15
-22
-29
-29
-34
-37
-32
-25
-19
-14
-9
-3
-4
-5
-8
-8
-10
-9
-14
-15
-13
-11
-11
-10
-10
-13
-6
-9
-9
-8
-12
-9
-7
-2
7
14
16
16
13
3
1
4
11
10
10
19
31
33
28
27
22
12
8
12
16
19
22
18
19
16
10
1
-4
-5
-9
-14
-10
-6
-4
-3
-2
-2
-12
-14
-10
-9
-11
-11
-10
-9
-16
-25
-29
-28
-28
-29
-28
-25
-23
-15
-4
-6
-9
-10
-17
-15
-9
-4
4
9
12
8
8
8
7
2
-3
-3
-9
-9
-14
-8
-7
-10
-11
-20
-25
-26
-17
-14
-10
-6
-5
-2
3
6
5
7
5
6
14
19
27
35
34
33
26
20
16
22
23
27
31
33
35
26
18
7
0
-9
-1
11
17
16
11
3
-5
-10
-13
-18
-23
-27
-29
-22
-10
-4
-9
-16
-19
-18
-15
-15
-10
-7
-3
8
14
22
28
25
14
-1
-10
-6
-10
-9
-6
-2
2
6
11
12
8
6
11
17
21
30
32
31
25
21
24
26
28
20
20
23
23
22
14
11
5
1
-6
-9
-5
-6
-12
-15
-14
-17
-23
-30
-32
-29
-21
-23
-31
-37
-41
-42
-41
-34
-30
-28
-21
-22
-21
-14
-13
-15
-16
-9
-10
-4
4
1
-5
-11
-12
-6
-5
-7
-14
-19
-20
-19
-17
-15
-24
-26
-25
-22
-11
-7
-2
3
7
6
7
14
20
19
22
24
21
25
31
36
33
32
30
36
39
38
47
52
49
44
35
25
27
25
24
22
11
2
6
11
13
9
-4
-8
-5
2
8
11
13
12
8
5
4
3
2
-1
-6
-12
-8
-5
2
2
-9
-11
-21
-24
-26
-34
-34
-31
-26
-26
-26
-24
-18
-19
-22
-31
-34
-33
-27
-13
-11
-14
-20
-19
-12
-4
4
2
5
2
-6
-2
4
11
14
4
-3
-4
-3
-3
-3
-4
0
-1
-3
0
3
6
10
18
21
18
11
10
10
4
-4
-2
-3
-1
12
17
16
12
8
3
-8
-17
-24
-21
-19
-15
-9
2
9
12
13
9
6
4
10
21
25
21
18
9
4
-2
1
8
16
20
20
28
26
15
5
2
-2
-5
-5
0
5
9
10
9
4
-1
-8
-15
-14
-13
-12
-9
-5
-4
-5
2
3
1
5
-2
-1
9
12
18
20
15
14
11
6
2
-10
-14
-17
-21
-20
-18
-12
-12
-15
-20
-21
-22
-23
-25
-19
-14
-16
-13
-9
-5
-11
-16
-18
-26
-28
-27
-22
-10
-5
-2
-4
-10
-9
-8
-2
-1
5
9
16
27
28
25
8
0
1
3
9
6
5
-4
-4
-7
-14
-7
-8
-6
-3
-2
1
7
12
16
21
20
16
10
15
20
29
34
31
25
16
10
6
4
2
-1
-2
-2
3
2
0
-4
-6
-4
-6
-3
4
9
4
-2
3
8
14
17
14
14
13
15
19
23
28
28
24
23
26
21
20
11
6
-7
-24
-26
-25
-13
-13
-18
-16
-18
-21
-26
-30
-28
-26
-24
-18
-9
-1
10
12
7
0
-7
-11
-8
-4
-11
-15
-18
-21
-25
-28
-33
-37
-27
-16
-12
-12
-16
-9
-5
-7
-5
-7
-13
-12
-7
-2
-3
-1
3
4
6
0
3
10
16
15
6
6
4
3
11
10
6
9
9
10
7
2
-4
-11
-9
-2
3
14
23
24
28
24
23
20
14
12
11
7
4
6
9
14
8
5
2
-3
-7
-11
-10
-6
-4
-2
-1
-1
2
7
8
5
2
5
0
-4
2
5
-12
-22
-11
-9
-10
-11
-16
-15
-13
-17
-16
0
2
4
8
13
9
4
1
-5
-3
0
6
15
23
25
31
31
18
7
2
5
11
17
17
19
15
12
19
24
22
11
3
-9
-14
-13
-14
-13
-20
-21
-16
-12
-9
-8
-6
-8
-14
-15
-12
-14
-9
-13
-15
-12
-14
-9
0
8
9
12
15
-2
-15
-9
-11
-12
-16
-17
-6
0
-8
-7
-4
-9
-18
-20
-12
-4
3
3
5
3
8
8
1
0
-1
-3
-6
-4
-6
-7
-3
-1
4
4
0
-4
1
13
12
11
5
1
0
1
3
-5
-2
-4
-2
6
1
-3
-4
-10
-13
-18
-20
-17
-9
-2
2
0
0
4
8
11
12
16
8
6
7
9
8
5
-4
-3
-3
-5
2
8
14
16
13
10
10
4
0
5
2
4
5
10
15
21
19
13
11
6
10
12
14
12
7
12
18
23
23
19
17
17
12
12
11
10
6
-1
-17
-28
-33
-30
-23
-21
-13
-13
-4
1
-3
-4
-11
-18
-21
-18
-15
-14
-14
-15
-18
-17
-16
-14
-8
-9
-10
-9
-12
-10
-3
-1
1
1
6
9
7
9
10
10
10
6
0
2
12
13
20
20
18
15
10
8
1
-1
-3
2
11
7
0
-2
-2
-3
-7
-15
-19
-18
-14
-6
6
9
1
-1
-4
-11
-16
-18
-18
-14
-6
-7
-15
-21
-14
-18
-22
-12
-8
-7
-7
-9
-13
-24
-22
-13
-5
1
3
7
7
4
6
5
8
9
8
8
6
4
5
1
-2
-1
-1
3
5
6
11
15
21
25
23
24
21
21
18
20
17
17
19
21
27
25
15
4
2
2
4
10
11
11
9
10
10
5
3
-6
-9
-14
-17
-9
-6
-2
-6
-12
-11
-4
1
9
6
0
3
0
-3
4
8
12
10
5
2
-1
-2
4
12
10
0
-13
-12
-13
-14
-8
-8
-1
-2
-3
1
7
2
-8
-15
-18
-13
-7
1
0
-4
-2
-6
-1
-5
-13
-13
-13
-12
-17
-18
-19
-19
-19
-17
-13
-12
-12
-8
-4
-11
-13
-16
-16
-16
-19
-16
-11
-10
-11
-10
-7
1
1
-3
-7
-10
-10
-5
6
15
12
9
9
13
19
21
18
11
11
15
20
20
25
25
20
16
14
27
31
29
23
17
11
3
-1
-3
-5
-7
-11
-13
-15
-19
-17
-13
-16
-22
-29
-22
-19
-16
-8
-4
2
-2
-3
1
4
2
5
8
6
5
11
12
10
6
0
-1
-2
6
13
16
22
26
28
27
20
21
22
25
32
40
37
30
30
21
12
6
4
1
-2
-2
1
-3
-8
-16
-21
-21
-21
-20
-16
-17
-13
-11
-10
-5
-5
-3
-8
-10
-10
-7
-1
7
7
6
4
-6
-12
-18
-16
-20
-23
-25
-27
-23
-24
-22
-20
-24
-26
-34
-35
-27
-25
-22
-18
-12
-9
-3
-2
-2
-5
-6
-2
-5
-1
4
10
18
18
20
25
19
18
17
10
8
8
10
15
13
9
7
12
12
9
12
20
26
26
23
14
12
12
8
7
4
5
6
4
7
9
11
13
12
7
2
-5
-12
-18
-17
-21
-23
-24
-23
-20
-30
-36
-38
-35
-30
-26
-27
-25
-19
-17
-15
-17
-13
-6
0
4
5
5
3
5
16
17
15
13
11
15
21
26
30
30
29
30
34
40
35
33
28
24
24
19
18
15
22
25
24
23
24
24
20
15
5
1
-3
-9
-2
3
7
1
-9
-12
-8
-7
-8
-16
-23
-26
-21
-16
-15
-13
-19
-20
-18
-21
-17
-13
-14
-7
-5
-2
-1
-2
1
-1
-3
-10
-11
-9
-8
-10
-14
-22
-31
-37
-36
-33
-33
-26
-17
-17
-14
-12
-17
-10
-14
-13
-9
-9
2
8
19
22
22
17
11
1
1
9
12
23
27
22
16
12
16
10
-3
-14
-17
-7
6
17
22
22
17
16
13
16
17
13
13
5
4
14
18
18
13
8
4
-1
-4
-5
-8
-11
-18
-23
-24
-31
-33
-29
-26
-19
-23
-23
-16
-15
-15
-15
-12
-10
-10
-10
-4
1
4
6
11
19
16
14
11
7
7
7
4
9
15
24
29
23
17
7
3
0
4
6
5
5
4
7
5
5
5
6
11
16
21
24
21
18
14
19
29
29
28
30
30
23
18
12
6
6
4
0
-1
-3
-4
-5
0
0
2
-3
-9
-12
-23
-16
-5
-5
-13
-18
-17
-14
-19
-26
-14
-12
-11
-23
-29
-21
-19
-12
-14
-14
-9
-9
-23
-23
-16
-22
-28
-38
-34
-21
-22
-33
-33
-17
-15
-19
-13
5
4
-2
-4
5
15
2
-1
4
3
-1
-2
14
26
26
25
18
10
6
6
7
7
9
15
11
3
0
1
4
6
6
8
4
3
6
1
0
-2
1
-2
-1
4
10
14
14
12
7
1
-5
-4
-3
-5
-11
-11
-9
-5
-5
-6
-11
-13
-9
-5
0
-1
-5
-9
-7
2
2
-5
-3
2
6
9
11
18
18
8
2
5
7
5
9
18
23
23
17
19
16
16
22
13
12
8
6
6
10
15
12
10
4
-1
1
9
13
21
28
28
28
31
34
33
28
20
16
14
15
19
18
12
12
10
4
1
0
-4
-7
-10
-17
-18
-19
-17
-13
-19
-27
-38
-46
-39
-36
-41
-44
-41
-36
-35
-34
-29
-31
-41
-42
-35
-33
-32
-31
-25
-20
-26
-34
-43
-31
-27
-10
-46
-19
27
-19
-35
-22
4
-3
-21
-16
17
5
8
-19
-18
5
-5
-9
-22
2
37
22
-10
9
31
21
7
12
32
21
6
14
50
66
49
26
29
42
33
14
6
20
17
14
14
22
24
20
20
21
24
19
2
-3
12
8
1
8
27
33
16
9
15
18
28
23
7
-7
-9
-11
-9
0
0
2
11
18
21
16
0
-5
0
1
-3
-9
-12
-13
-10
3
20
15
8
1
-3
1
-1
-3
-7
-5
-11
-7
-7
-14
-15
-14
-16
-19
-19
-17
-16
-14
-14
-14
-20
-23
-18
-15
-5
5
12
14
12
10
6
4
1
-11
-17
-11
-9
-11
-18
-18
-25
-28
-30
-41
-41
-42
-34
-28
-17
-12
-13
-5
9
15
4
17
21
-9
0
-12
-3
35
14
20
11
22
27
6
4
12
1
13
-15
-12
8
2
9
-3
-2
13
12
-1
-5
-13
-1
-4
0
17
9
-13
-13
6
13
16
-7
-27
-29
-30
-25
-40
-34
-28
-31
-25
-18
-16
-19
-16
-7
7
9
7
16
28
36
31
36
44
39
34
27
29
27
31
37
36
37
26
23
22
17
7
-10
-5
15
29
36
27
16
14
15
22
21
15
8
4
4
11
17
13
0
-14
-14
-7
-10
-14
-8
0
-4
-12
-20
-25
-27
-16
-11
-7
-7
-22
-26
-19
-12
-12
-17
-17
-13
-2
7
10
1
-9
-16
-23
-26
-26
-24
-19
-15
-8
-2
4
6
1
1
5
0
7
15
24
32
21
12
2
-4
-9
-9
-2
2
0
-7
-7
-5
-6
-14
-23
-27
-25
-17
-10
0
7
9
3
0
-1
-5
-10
-20
-20
-17
-17
-11
-11
-13
-13
-18
-24
-27
-26
-18
-11
-8
-7
-11
-22
-24
-20
-17
-13
-15
-3
1
1
11
17
18
15
15
12
10
14
19
22
26
30
25
23
22
14
8
-1
-8
-7
0
14
20
14
16
20
14
13
24
31
36
33
35
38
34
34
21
16
18
28
37
28
17
10
5
-1
-1
-4
-8
-8
-1
1
-4
-11
-6
-4
-7
-2
-3
-6
-13
-12
-3
2
-1
1
-7
-12
6
15
17
19
10
0
-8
-12
-13
-11
-14
-16
-13
-12
-16
-20
-23
-20
-12
-9
-10
-9
-13
-19
-12
-16
-17
-14
-12
-8
-11
-6
-5
-5
-9
-20
-26
-19
-12
-1
9
12
14
6
5
0
-1
-2
-6
-2
1
-3
-7
-9
-15
-10
-19
-30
-37
-33
-28
-25
-8
-6
-3
4
6
8
10
5
4
9
20
21
7
3
-2
-6
-6
-7
1
10
4
11
14
8
1
-4
-9
-8
-4
2
5
7
16
7
5
-3
0
0
-2
6
9
10
14
21
28
27
30
26
8
-5
-4
6
5
-1
-9
-13
-14
-15
-9
-12
-10
-6
-5
7
16
24
33
43
49
37
21
16
16
16
15
16
20
15
15
18
8
-4
-12
-9
-1
1
1
2
-4
-11
-14
-16
-16
-20
-9
3
10
8
-7
-12
-13
-13
-16
-25
-20
-10
-4
4
11
10
3
-3
-10
-7
-1
1
1
-1
-1
-1
0
-11
-17
-19
-28
-31
-21
0
16
21
21
26
25
15
5
9
22
23
13
19
22
20
4
-13
-7
-7
-13
-7
1
9
7
-1
-7
-13
-20
-26
-30
-34
-31
-35
-35
-25
-26
-34
-33
-42
-48
-44
-39
-30
-32
-26
-16
-12
-15
-8
-4
-8
-8
-11
-5
4
1
-7
-10
-5
-5
-12
-19
-19
-15
-7
4
19
30
17
9
15
30
36
24
25
46
66
72
55
46
42
30
16
17
28
42
42
37
35
38
41
35
32
17
-2
-15
-3
11
10
6
8
0
-11
-22
-49
-43
-42
-33
-17
-6
-3
-12
-13
5
1
-3
5
2
8
8
12
25
20
21
24
14
9
7
0
1
-3
-8
-10
-15
-20
-19
-29
-38
-25
-14
0
-8
-5
1
19
11
-3
11
18
17
-1
-3
15
31
23
7
4
14
16
0
-1
6
4
-20
-36
-29
-27
-44
-48
-37
-28
-48
-67
-45
-17
-19
-45
-46
-17
1
-4
-17
-13
10
9
-22
-18
17
24
4
-5
15
23
2
-14
8
42
31
1
1
18
16
-6
9
45
50
19
-5
10
33
31
13
14
16
2
-9
-6
8
19
7
-9
-14
-9
-5
-12
-17
-9
-7
-8
-13
-17
-13
0
4
11
7
-3
-19
-29
-15
1
8
3
-1
-16
-35
-36
-23
-3
6
-3
-19
-36
-48
-45
-30
5
34
23
-9
-38
-32
-17
-9
20
55
58
16
-29
-23
18
41
43
45
47
34
10
-3
15
45
57
48
45
48
36
21
30
54
69
70
58
34
6
-4
15
45
46
30
21
8
6
2
-4
7
20
7
-33
-63
-62
-49
-25
0
-2
-23
-40
-54
-55
-51
-43
-32
-32
-39
-48
-53
-38
-25
-12
1
-4
-29
-62
-67
-41
-20
-20
-29
-39
-56
-76
-67
-37
1
14
0
-3
-2
-3
8
36
56
47
24
20
32
31
22
22
39
49
42
40
42
29
18
21
17
7
-13
-28
-22
-22
-53
-85
-86
-83
-103
-114
-89
-43
-1
34
94
147
168
198
241
263
270
304
334
290
195
136
148
184
181
123
45
-25
-86
-140
-188
-213
-237
-279
-336
-410
-477
-506
-461
-385
-344
-342
-329
-280
-227
-186
-132
-61
-9
5
0
5
42
97
154
189
187
147
107
93
94
93
72
33
-2
-30
-52
-58
-38
-19
-4
18
33
50
78
123
167
194
218
243
271
287
278
249
231
241
220
179
152
154
103
34
54
223
445
670
987
1215
977
369
156
668
1143
861
386
361
276
-566
-1364
-916
202
323
-772
-1604
-1375
-1027
-1352
-1709
-1323
-755
-929
-1494
-1488
-989
-684
-572
-124
475
519
86
-10
507
1004
1050
940
1002
1009
739
404
351
576
700
483
25
-398
-651
-752
-806
-856
-868
-857
-907
-985
-962
-802
-619
-467
-233
120
414
460
396
507
845
1185
1319
1247
1124
1050
950
809
738
750
650
351
47
-94
-163
-311
-476
-490
-406
-439
-610
-707
-609
-446
-308
-176
-49
-7
-52
-31
149
336
393
381
405
439
427
414
464
565
703
818
987
1208
1198
705
111
120
673
837
307
-162
-190
-434
-1191
-1520
-838
-130
-480
-1442
-1785
-1406
-1224
-1502
-1552
-1071
-774
-1103
-1419
-1134
-595
-343
-174
256
626
509
207
338
850
1179
1123
1021
1024
959
708
453
448
593
579
223
-289
-621
-656
-587
-647
-819
-890
-845
-854
-896
-763
-455
-293
-339
-256
125
508
593
564
720
1019
1210
1208
1121
1067
1008
871
726
691
658
407
55
-99
-67
-157
-423
-588
-489
-371
-509
-736
-713
-465
-287
-279
-261
-149
-66
-77
-15
210
417
438
406
500
664
713
627
619
951
1591
1953
1493
533
91
492
944
779
520
576
224
-1098
-2167
-1528
-49
158
-1135
-2135
-1885
-1456
-1770
-2112
-1608
-894
-1009
-1611
-1670
-1154
-740
-492
35
644
672
216
112
669
1230
1293
1157
1211
1225
879
382
251
555
760
444
-217
-759
-977
-1002
-1010
-1052
-1076
-1100
-1173
-1179
-985
-684
-473
-361
-152
224
566
664
609
686
1002
1368
1518
1403
1230
1173
1159
1081
979
890
697
359
53
-54
-81
-223
-450
-575
-524
-493
-594
-671
-610
-438
-279
-154
-24
73
140
256
454
629
711
755
826
878
924
968
949
784
763
1336
2054
1801
464
-425
173
1048
702
12
254
406
-1106
-2894
-2304
-84
500
-1275
-2734
-2223
-1396
-1840
-2480
-1857
-826
-993
-1913
-2020
-1273
-769
-670
-158
669
773
77
-210
544
1447
1512
1078
999
1240
1093
419
60
482
995
716
-183
-846
-941
-886
-984
-1082
-1002
-947
-1133
-1309
-1147
-693
-371
-348
-266
184
725
847
613
626
1155
1746
1900
1639
1393
1356
1307
1162
1109
1187
1021
427
-120
-186
-32
-172
-575
-722
-545
-508
-804
-1048
-917
-599
-390
-273
-150
-59
-57
-6
281
683
922
896
748
694
812
1015
1079
997
952
1312
1891
1885
889
-132
13
845
901
202
11
171
-769
-2502
-2710
-867
370
-801
-2640
-2791
-1814
-1659
-2249
-2073
-1164
-996
-1819
-2199
-1509
-729
-518
-254
473
860
385
-70
484
1538
1924
1522
1254
1446
1457
932
504
793
1321
1156
246
-564
-782
-722
-804
-938
-986
-1026
-1272
-1582
-1492
-983
-537
-507
-611
-358
201
551
504
487
910
1503
1743
1567
1377
1415
1463
1313
1182
1237
1161
651
31
-153
14
-21
-470
-898
-937
-818
-944
-1225
-1327
-1115
-840
-719
-625
-424
-218
-142
-62
186
552
769
780
815
1081
1354
1450
1473
1648
2105
2499
2263
1288
512
789
1526
1383
484
-15
-100
-935
-2255
-2244
-793
-113
-1430
-3044
-3055
-2180
-2065
-2524
-2337
-1633
-1590
-2209
-2262
-1444
-660
-399
-40
634
903
494
260
962
1984
2252
1796
1509
1617
1564
1069
749
1045
1363
914
-131
-878
-990
-976
-1183
-1401
-1420
-1471
-1826
-2126
-1890
-1292
-890
-866
-827
-444
59
354
481
727
1212
1730
1968
1892
1754
1788
1871
1809
1689
1601
1398
883
324
144
219
92
-372
-809
-969
-1002
-1174
-1350
-1360
-1234
-1112
-1028
-846
-610
-383
-244
-134
94
452
770
981
1143
1396
1713
1884
2098
2589
3035
2659
1563
976
1504
2049
1550
683
344
-83
-1384
-2352
-1648
-360
-735
-2563
-3584
-3042
-2491
-2836
-3091
-2512
-2037
-2470
-2925
-2422
-1427
-956
-783
-119
720
851
425
552
1500
2328
2305
1962
1974
2153
1890
1311
1089
1375
1515
929
-71
-781
-977
-1079
-1345
-1607
-1680
-1802
-2167
-2459
-2288
-1783
-1427
-1273
-1019
-598
-266
-68
250
829
1463
1875
2027
2048
2060
2082
2110
2206
2266
2103
1629
1079
756
624
403
120
-119
-425
-924
-1369
-1419
-1251
-1307
-1548
-1483
-1123
-944
-1071
-1015
-569
-76
174
395
822
1203
1384
1497
1964
2912
3738
3513
2246
1395
1925
2768
2367
1358
1063
895
-592
-2355
-2075
-293
-95
-2234
-4035
-3684
-2779
-3150
-3872
-3439
-2557
-2768
-3566
-3310
-2054
-1283
-1298
-867
302
948
528
386
1454
2700
2813
2226
2228
2774
2779
2086
1697
2038
2231
1446
200
-473
-488
-673
-1323
-1878
-1977
-2112
-2646
-3020
-2707
-2156
-2140
-2388
-2068
-1118
-421
-396
-391
215
1128
1720
1953
2192
2495
2595
2510
2588
2852
2889
2427
1800
1483
1391
1101
475
-31
-217
-414
-943
-1519
-1699
-1584
-1599
-1793
-1832
-1671
-1540
-1471
-1170
-626
-81
210
465
880
1534
2475
3357
3511
2748
2228
2828
3709
3351
2350
2077
1986
527
-1394
-1302
364
488
-1811
-3798
-3621
-2908
-3497
-4404
-4081
-3320
-3722
-4712
-4496
-3102
-2168
-2180
-1830
-637
183
-80
-150
1120
2721
3039
2387
2382
3218
3517
2835
2378
2846
3228
2517
1283
528
218
-301
-979
-1325
-1474
-2029
-2985
-3542
-3299
-2797
-2698
-2828
-2634
-2099
-1670
-1428
-991
-215
634
1234
1602
1904
2251
2611
2906
3179
3442
3524
3194
2656
2361
2350
2100
1460
820
478
96
-533
-1069
-1326
-1503
-1828
-2041
-1979
-1943
-2165
-2200
-1821
-1241
-748
-311
107
814
1878
2751
2562
1832
2094
3494
4218
3470
2827
2987
2319
300
-538
1032
2248
440
-2557
-3443
-2536
-2505
-3656
-4074
-3625
-4019
-5351
-5720
-4412
-3125
-3125
-3337
-2412
-1199
-1052
-1270
-192
1803
2754
2161
1794
2775
3850
3686
3094
3384
4071
3753
2451
1475
1284
1041
180
-686
-1139
-1632
-2586
-3444
-3523
-3144
-3156
-3612
-3731
-3195
-2561
-2266
-1958
-1266
-385
255
670
1248
2034
2656
2899
3133
3624
4049
3944
3493
3350
3522
3328
2511
1827
1587
1320
478
-455
-803
-863
-1312
-2052
-2303
-2092
-2062
-2399
-2470
-1994
-1341
-1009
-425
789
1778
1408
502
980
2923
4082
3427
2695
2919
2552
809
121
1815
3163
1345
-1867
-2847
-1663
-1379
-2789
-3754
-3570
-3831
-5077
-5687
-4768
-3649
-3644
-3972
-3289
-2205
-1995
-2217
-1215
822
1992
1582
1206
2192
3521
3701
3309
3736
4597
4424
3097
2084
2118
2294
1618
498
-280
-867
-1829
-2827
-3069
-2720
-2779
-3538
-4109
-3827
-3151
-2772
-2571
-2125
-1420
-761
-266
253
982
1824
2465
2814
3129
3542
3756
3692
3603
3823
3890
3368
2634
2297
2154
1629
799
208
-10
-412
-1077
-1617
-1763
-1958
-2242
-2300
-1949
-1643
-1239
-396
479
367
-503
-302
1416
2736
2368
1952
2451
2300
655
20
1979
3743
2228
-903
-1856
-724
-535
-1836
-2534
-2290
-2891
-4527
-5248
-4248
-3280
-3724
-4431
-3773
-2599
-2561
-3190
-2515
-493
814
431
-5
1032
2442
2597
2258
3015
4275
4287
3082
2408
2824
3052
2208
1266
1050
767
-485
-1812
-1959
-1461
-1805
-2964
-3500
-3035
-2657
-2967
-3103
-2519
-1884
-1697
-1421
-593
237
576
802
1489
2396
2908
2916
2909
3178
3488
3572
3391
3153
2947
2677
2226
1737
1409
1082
486
-82
-397
-574
-986
-1439
-1567
-1380
-1439
-1401
-554
527
365
-984
-1231
377
1872
1548
1043
1745
2007
219
-1076
785
3420
2791
-359
-1827
-744
-91
-1135
-1875
-1434
-1719
-3449
-4645
-3879
-2634
-2796
-3835
-3811
-2706
-2312
-3003
-2911
-1185
290
-53
-870
-104
1585
1999
1317
1638
3116
3693
2713
1890
2222
2649
2075
1266
1178
1186
236
-1057
-1331
-830
-951
-1988
-2783
-2600
-2032
-1973
-2289
-2304
-1944
-1585
-1263
-684
17
447
488
594
1266
2216
2736
2614
2507
2776
3017
2903
2718
2855
2975
2519
1699
1280
1268
1078
700
431
125
-519
-1079
-1060
-603
-595
-755
-222
549
164
-1061
-938
747
1724
914
420
1167
1182
-637
-1335
869
2822
1345
-1577
-2146
-709
-325
-1425
-1855
-1348
-1910
-3655
-4345
-3098
-1859
-2317
-3463
-3334
-2238
-2011
-2581
-2090
-371
511
-278
-917
136
1705
1928
1414
1776
2707
2724
1922
1709
2285
2456
1627
762
643
693
-24
-973
-1077
-699
-1043
-2068
-2613
-2271
-1774
-1751
-1860
-1751
-1631
-1598
-1220
-411
218
390
477
844
1373
1852
2160
2355
2617
2827
2841
2671
2485
2467
2622
2521
2030
1495
1112
817
638
607
333
-198
-649
-651
-536
-531
-165
571
666
-542
-1183
31
1548
1131
126
593
1384
171
-1508
-508
1961
1994
-602
-2093
-1126
-365
-1285
-2084
-1610
-1493
-2834
-4120
-3681
-2374
-2128
-3035
-3326
-2453
-1988
-2544
-2460
-805
541
-56
-1128
-342
1612
2199
1444
1513
2639
2965
2097
1692
2396
2893
2111
977
696
917
458
-527
-893
-623
-830
-1821
-2509
-2292
-1795
-1826
-2154
-2106
-1833
-1796
-1736
-1109
-273
63
-32
78
685
1408
1738
1808
2145
2543
2509
2237
2377
2862
3047
2651
2119
1997
1982
1516
973
1016
1151
611
-232
-476
-115
-35
-52
288
631
-216
-1314
-811
857
1156
-18
-318
383
-28
-1455
-1121
1013
1775
-221
-2137
-1688
-415
-584
-1514
-1637
-1521
-2232
-3148
-3065
-2166
-1770
-2381
-2920
-2392
-1805
-2142
-2420
-1298
182
174
-905
-904
671
1796
1480
1263
2136
2763
2171
1567
2001
2731
2517
1611
1099
1108
824
16
-383
-148
-165
-966
-1807
-1961
-1650
-1499
-1655
-1676
-1527
-1634
-1810
-1401
-580
-201
-359
-382
114
729
947
997
1358
1865
1920
1594
1688
2172
2346
2063
1768
1791
1925
1642
1162
1115
1290
1027
485
471
721
693
710
985
1086
339
-533
-144
1176
1282
141
-247
37
-669
-1794
-1221
456
608
-1377
-2972
-2410
-1212
-1393
-2153
-2214
-2252
-2902
-3311
-2871
-2092
-1792
-2180
-2386
-1752
-1222
-1552
-1617
-476
701
615
-241
-207
1100
1936
1519
1354
2230
2644
1862
1303
1732
2224
1864
1112
845
922
469
-364
-499
-132
-296
-1006
-1429
-1363
-1153
-1105
-1254
-1262
-1016
-903
-893
-623
-116
159
120
79
447
1085
1259
939
914
1415
1571
1310
1252
1546
1659
1322
899
974
1251
1073
581
519
728
501
20
95
706
1032
1052
1073
1129
607
149
730
1926
1916
795
304
480
-101
-961
-364
860
434
-1669
-2935
-2281
-1402
-1925
-2822
-2968
-3153
-3931
-4259
-3519
-2669
-2643
-3222
-3256
-2308
-1498
-1535
-1366
-190
827
690
195
708
2181
2963
2460
2087
2740
3244
2745
2245
2392
2548
1957
1049
656
738
342
-545
-912
-794
-1131
-1851
-2074
-1748
-1525
-1677
-1837
-1650
-1257
-1019
-771
-237
260
402
492
788
1303
1873
2101
1862
1797
2113
2264
2041
1877
1940
1872
1395
792
778
1053
710
-35
-183
10
-258
-833
-818
-254
218
382
351
147
-476
-495
724
1966
1524
483
314
416
-169
-371
762
1600
353
-1820
-2331
-1155
-640
-1570
-2436
-2739
-3329
-4091
-4031
-3219
-2780
-3366
-4204
-3902
-2722
-2192
-2381
-1916
-604
147
-152
-337
802
2479
2927
2359
2465
3397
3809
3458
3285
3520
3459
2713
1986
1831
1746
967
52
-206
-337
-1032
-1800
-2013
-1893
-1903
-2133
-2355
-2320
-2101
-1850
-1382
-732
-362
-368
-234
308
1145
1915
2168
2009
2142
2519
2644
2717
2909
2933
2578
2013
1501
1548
1778
1432
660
239
39
-372
-804
-837
-532
-329
-292
-312
-332
-1038
-1457
-441
1176
1192
67
-415
-273
-590
-833
186
1353
614
-1668
-2694
-1562
-452
-964
-1999
-2568
-3099
-3780
-3881
-3239
-2647
-2884
-3768
-4066
-3271
-2482
-2391
-2176
-1174
-340
-486
-894
-162
1637
2677
2289
1959
2675
3416
3422
3285
3542
3756
3243
2460
2192
2358
2041
1189
599
359
-133
-840
-1175
-1142
-1181
-1455
-1870
-2165
-2056
-1705
-1315
-919
-701
-796
-800
-344
451
1305
1749
1542
1374
1814
2340
2603
2812
2908
2715
2255
1836
1784
2198
2176
1431
798
597
284
-177
-272
-62
-95
-471
-515
-101
-149
-1164
-1420
-156
928
183
-818
-640
-301
-938
-1329
-270
703
-311
-2374
-2792
-1445
-803
-1816
-2842
-3003
-3120
-3650
-3880
-3466
-2879
-3040
-3832
-3863
-2873
-2291
-2462
-2084
-809
-35
-417
-782
315
2117
2665
2032
2051
3007
3548
3432
3405
3682
3663
3018
2393
2398
2630
2189
1214
586
401
112
-389
-787
-915
-922
-1111
-1589
-1865
-1577
-1146
-961
-875
-790
-731
-559
-187
399
1158
1471
1116
1014
1541
2026
2204
2393
2423
2213
1809
1482
1603
2020
1879
1216
802
557
181
33
157
153
-28
-525
-487
214
576
-375
-1087
-388
631
541
-306
-376
94
-326
-1628
-1371
298
603
-1367
-2992
-2600
-1467
-1568
-2634
-3111
-3007
-3466
-4345
-4257
-3252
-2712
-3331
-4095
-3680
-2627
-2240
-2306
-1470
-202
-141
-810
-435
1349
2671
2427
1795
2307
3351
3598
3375
3537
3807
3341
2519
2336
2799
2804
1839
811
584
608
221
-288
-463
-526
-802
-1173
-1369
-1233
-948
-819
-815
-700
-573
-466
-274
82
611
1151
1208
844
856
1401
1847
1981
1955
1757
1491
1296
1281
1506
1640
1303
756
499
325
137
171
297
159
-130
-497
-438
360
923
417
-570
-660
45
712
530
177
107
-377
-1535
-1558
-38
700
-734
-2787
-3206
-2093
-1433
-2200
-2963
-3143
-3579
-4351
-4201
-3181
-2572
-3124
-4061
-3852
-2620
-1995
-2184
-1746
-539
-129
-640
-608
748
2217
2368
1739
1852
2745
3167
3153
3297
3418
3090
2565
2420
2647
2634
2046
1373
1078
972
706
362
67
-146
-206
-295
-589
-856
-752
-453
-367
-453
-437
-264
-193
-209
83
720
1003
580
305
753
1289
1323
1175
1231
1275
1034
797
948
1342
1327
781
430
452
506
368
301
296
237
31
-245
-239
461
1169
967
-159
-889
-375
626
680
-48
-109
-53
-1037
-2259
-1611
80
199
-1862
-3524
-2978
-1652
-1864
-2901
-3048
-2776
-3262
-4024
-3766
-2769
-2182
-2690
-3266
-2742
-1886
-1809
-1825
-859
244
149
-656
-534
1029
2374
2218
1505
1722
2435
2627
2598
2887
3211
2880
2053
1752
2320
2745
2279
1455
1057
1051
1052
905
712
639
489
99
-236
-183
66
106
-91
-212
-165
-256
-450
-365
98
459
172
-357
-347
152
419
415
450
453
277
58
210
734
1047
732
290
367
728
738
484
344
532
742
662
332
200
166
291
812
1078
496
-578
-845
-277
386
227
-251
-742
-1496
-2457
-2187
-640
27
-1297
-3156
-3479
-2348
-1372
-1625
-2124
-2417
-2846
-3297
-2836
-1721
-1064
-1479
-2373
-2487
-1643
-959
-780
-410
168
-8
-724
-687
622
1984
2006
1032
574
1261
2056
2440
2602
2615
2244
1734
1685
2218
2693
2531
1969
1580
1484
1442
1445
1429
1279
1033
814
534
183
53
197
301
91
-316
-655
-836
-878
-747
-409
-323
-807
-1292
-1138
-630
-291
-212
-351
-531
-487
-147
261
470
444
426
564
690
678
789
983
961
636
439
466
501
317
125
104
285
594
359
-369
-1035
-788
-179
84
-500
-1025
-1121
-1399
-1867
-1471
-256
24
-1134
-2404
-2121
-886
-212
-765
-1268
-1369
-1568
-1832
-1473
-737
-445
-911
-1692
-1831
-1200
-765
-805
-631
-302
-510
-1049
-986
-62
973
1072
478
253
787
1381
1810
2154
2232
1955
1677
1859
2482
2896
2556
1986
1849
1991
2008
1836
1578
1320
1086
799
512
279
45
-173
-385
-672
-955
-1106
-1231
-1363
-1392
-1254
-1291
-1603
-1676
-1240
-770
-776
-967
-794
-349
-120
-143
56
542
815
623
446
691
994
984
762
641
638
498
183
-38
10
158
24
-353
-681
-624
17
370
-20
-869
-999
-445
149
197
136
200
-140
-834
-772
566
1545
892
-719
-1102
-131
761
369
-270
-464
-689
-1307
-1601
-1022
-429
-753
-1828
-2340
-1858
-1346
-1401
-1366
-937
-888
-1493
-1754
-849
516
898
202
-262
368
1264
1696
1829
2051
2108
1747
1483
1913
2636
2712
2062
1411
1227
1332
1362
1231
1049
693
132
-342
-403
-209
-176
-567
-1102
-1319
-1247
-1245
-1324
-1218
-943
-928
-1341
-1512
-1046
-458
-354
-504
-470
-400
-411
-292
196
639
565
124
-106
96
463
669
589
327
17
-181
-114
126
314
347
30
-283
-210
205
398
564
979
1156
728
105
333
1256
1819
1305
874
1063
1057
409
341
1292
1942
1070
-517
-923
9
678
13
-760
-989
-1152
-1713
-1982
-1564
-1046
-1365
-2357
-2749
-2207
-1697
-1815
-1834
-1367
-1123
-1575
-1946
-1171
167
552
-158
-593
13
818
1076
1018
1248
1401
1055
742
1218
1916
1874
1223
760
863
1125
1062
776
688
644
343
-18
-65
128
231
-10
-460
-714
-683
-658
-688
-691
-691
-846
-1146
-1290
-1007
-581
-534
-801
-982
-905
-682
-432
-263
-79
24
-99
-174
126
603
874
883
708
700
873
1030
1077
1196
1331
1326
1177
972
1016
1172
1284
1234
1546
1844
1604
727
244
875
1910
2012
1080
526
416
242
57
718
1422
1002
-616
-1580
-815
391
277
-885
-1491
-1578
-1682
-1976
-1910
-1577
-1557
-2345
-3184
-3005
-2265
-2101
-2474
-2468
-2147
-2225
-2663
-2437
-1250
-410
-827
-1571
-1281
-224
494
595
635
832
816
740
1112
1869
2159
1768
1328
1372
1699
1792
1590
1437
1383
1133
790
592
576
546
325
-70
-343
-424
-583
-826
-857
-671
-660
-1058
-1442
-1226
-668
-524
-731
-673
-375
-256
-241
55
567
875
705
480
732
1290
1563
1504
1418
1475
1510
1439
1368
1450
1608
1554
1312
1146
1099
978
878
940
1049
1000
690
486
821
1245
1040
260
-36
480
1053
832
325
179
38
-508
-656
45
495
-232
-1595
-2016
-1313
-758
-1317
-2046
-2306
-2479
-2915
-3118
-2725
-2243
-2388
-3229
-3710
-3259
-2570
-2423
-2395
-2039
-1798
-1988
-2122
-1510
-362
290
-59
-527
-167
642
1146
1221
1347
1621
1600
1253
1244
1765
2161
1940
1390
1242
1479
1507
1152
1003
1292
1389
835
129
127
722
979
522
70
44
64
-136
-134
285
572
128
-556
-486
240
691
468
106
113
341
410
458
788
1153
1001
542
536
1090
1537
1412
1038
916
1079
1193
1120
1079
1124
1023
677
460
620
798
574
89
-42
153
191
-220
-514
-141
333
39
-806
-1134
-734
-252
-348
-679
-758
-902
-1486
-1759
-1086
-226
-442
-1599
-2239
-1728
-985
-1104
-1552
-1584
-1467
-1831
-2413
-2360
-1612
-1160
-1702
-2475
-2513
-1991
-1720
-1668
-1360
-1128
-1541
-2130
-1795
-581
241
-62
-672
-558
85
616
888
1172
1364
1293
1182
1429
1972
2329
2267
2006
1953
2129
2233
2106
2014
2113
2204
1974
1519
1294
1378
1439
1284
1031
841
601
250
161
473
659
288
-245
-310
-24
73
1
60
186
37
-229
-137
304
594
377
70
118
333
349
256
308
432
367
17
-193
-46
160
48
-200
-290
-289
-441
-648
-555
-277
-296
-773
-986
-738
-344
-327
-528
-395
-95
-230
-708
-627
-36
340
-50
-463
-305
-114
-495
-817
-329
341
51
-1085
-1600
-1038
-426
-721
-1261
-1381
-1368
-1752
-2203
-1985
-1331
-1200
-1884
-2420
-2148
-1560
-1426
-1502
-1201
-860
-1011
-1271
-863
74
620
357
111
536
1140
1330
1327
1635
1988
1947
1651
1721
2186
2491
2313
1985
1980
2168
2105
1824
1732
1856
1869
1537
1131
1033
1136
1043
727
480
439
310
-76
-355
-232
-38
-209
-663
-934
-863
-728
-711
-671
-597
-731
-1024
-1076
-685
-198
-104
-425
-671
-519
-149
93
148
127
150
107
33
179
497
637
388
107
145
343
334
154
11
15
-23
-122
-134
-124
-265
-488
-517
-457
-235
7
-3
-420
-822
-785
-299
124
138
-3
-236
-625
-880
-394
435
725
62
-750
-868
-419
-113
-128
-156
-303
-733
-1285
-1340
-793
-279
-469
-1121
-1480
-1331
-1091
-1002
-823
-593
-644
-1014
-1181
-772
-140
97
-53
-86
109
327
466
645
851
931
904
923
1005
1021
976
994
1117
1161
1004
799
713
770
896
907
703
449
320
342
425
438
357
257
109
26
149
332
326
120
-4
80
234
299
328
318
220
105
157
354
419
264
171
250
298
197
142
217
201
5
-117
33
161
19
-257
-317
-145
19
-35
-243
-365
-299
-164
-104
-126
-215
-231
-227
-191
-63
43
-72
-195
-42
231
477
493
330
118
67
234
588
801
659
305
-36
-117
71
361
425
142
-327
-605
-631
-595
-647
-776
-996
-1271
-1515
-1661
-1686
-1720
-1772
-1838
-1937
-2046
-2116
-2118
-1999
-1822
-1727
-1685
-1628
-1476
-1201
-943
-777
-568
-264
-39
100
293
584
804
888
994
1289
1608
1672
1559
1548
1728
1905
1951
1896
1833
1773
1669
1524
1529
1650
1591
1299
1027
969
1022
925
700
630
693
594
324
157
202
322
350
283
198
170
102
33
90
266
395
268
32
-77
36
204
239
206
145
-21
-262
-314
-88
145
105
-172
-421
-413
-270
-158
-107
-160
-293
-440
-427
-295
-132
-116
-267
-412
-417
-325
-236
-244
-341
-428
-487
-507
-544
-544
-525
-559
-665
-755
-804
-842
-905
-967
-940
-890
-946
-1098
-1148
-1072
-947
-880
-893
-924
-906
-832
-754
-665
-563
-492
-539
-625
-543
-281
-101
-185
-324
-270
-141
-106
-69
64
148
39
-105
-14
223
365
342
310
316
301
318
443
631
721
672
566
556
717
924
997
964
947
974
976
1010
1168
1334
1302
1116
1082
1290
1428
1292
1133
1152
1252
1236
1121
1039
994
897
767
732
745
653
427
239
206
206
64
-154
-237
-208
-294
-517
-623
-555
-540
-683
-796
-716
-610
-697
-855
-810
-619
-550
-640
-693
-611
-504
-469
-430
-297
-210
-284
-389
-324
-143
-49
-87
-129
-123
-152
-226
-210
-66
-2
-133
-312
-384
-364
-353
-381
-405
-457
-551
-646
-662
-611
-573
-575
-625
-695
-710
-652
-579
-557
-568
-598
-636
-618
-539
-477
-496
-559
-591
-560
-508
-478
-465
-469
-517
-547
-502
-392
-272
-191
-173
-178
-116
25
186
328
478
588
604
618
774
1029
1189
1195
1178
1240
1303
1306
1328
1377
1365
1249
1116
1037
1007
974
867
691
551
455
346
223
131
82
2
-127
-238
-241
-212
-247
-284
-256
-236
-245
-202
-82
47
78
50
88
236
392
499
518
485
485
566
715
816
811
733
646
608
633
674
659
565
446
346
273
195
115
20
-71
-154
-243
-367
-490
-540
-536
-589
-728
-820
-828
-863
-943
-986
-966
-975
-1063
-1117
-1071
-1030
-1094
-1172
-1143
-1082
-1104
-1183
-1186
-1096
-1030
-1062
-1104
-1046
-932
-839
-779
-708
-618
-562
-530
-445
-290
-127
-45
-48
-38
48
170
294
401
464
457
398
377
477
617
607
467
385
388
397
386
385
397
367
278
205
219
277
309
308
284
257
265
327
403
487
554
570
562
594
711
853
922
904
887
901
923
962
1058
1123
1029
870
822
896
946
890
769
659
587
528
506
479
390
290
240
201
120
31
3
6
-37
-120
-189
-250
-307
-334
-337
-357
-433
-532
-576
-585
-594
-627
-677
-717
-764
-799
-834
-834
-808
-802
-818
-827
-815
-826
-846
-821
-717
-624
-618
-668
-670
-605
-531
-449
-361
-311
-324
-340
-303
-208
-104
-49
-44
-77
-129
-148
-88
0
14
-36
-101
-169
-219
-233
-198
-163
-179
-256
-327
-336
-295
-256
-197
-122
-105
-131
-137
-50
111
260
313
333
403
518
668
796
852
870
927
1038
1127
1148
1125
1095
1072
1093
1155
1179
1071
876
770
813
850
774
628
466
327
253
264
279
212
78
-59
-142
-146
-112
-109
-201
-354
-427
-399
-395
-451
-494
-502
-545
-639
-678
-635
-625
-714
-775
-766
-771
-842
-900
-859
-809
-842
-921
-940
-882
-832
-824
-796
-736
-670
-648
-632
-536
-366
-210
-167
-162
-58
125
257
333
420
521
566
576
683
861
936
876
816
836
873
861
841
829
755
620
535
548
558
476
317
185
126
105
82
0
-83
-139
-188
-250
-309
-313
-272
-253
-279
-288
-272
-242
-203
-130
-24
54
60
70
145
251
342
406
453
461
450
472
559
645
627
535
471
479
483
456
423
376
280
156
94
88
47
-47
-146
-249
-366
-451
-463
-468
-570
-737
-824
-801
-786
-871
-1002
-1081
-1093
-1086
-1097
-1118
-1135
-1156
-1183
-1164
-1063
-965
-971
-1011
-954
-797
-669
-626
-572
-450
-319
-232
-126
25
146
211
292
439
585
647
655
730
886
1012
1063
1084
1116
1158
1180
1212
1269
1301
1244
1146
1105
1124
1133
1070
959
869
805
719
591
486
430
375
235
52
-57
-71
-108
-257
-401
-456
-476
-527
-588
-586
-573
-613
-639
-606
-553
-529
-510
-435
-352
-310
-255
-129
-13
28
53
131
249
322
338
369
440
473
451
436
454
461
410
334
284
250
175
74
-12
-69
-149
-272
-396
-482
-518
-539
-620
-735
-805
-818
-817
-839
-857
-863
-888
-933
-916
-806
-705
-718
-768
-734
-638
-547
-479
-403
-334
-309
-292
-217
-69
62
97
101
167
298
421
492
527
582
642
678
722
794
844
836
830
842
858
854
830
794
764
722
677
635
552
442
368
344
308
233
135
32
-62
-112
-124
-150
-232
-344
-400
-382
-362
-392
-413
-395
-392
-407
-411
-350
-269
-266
-299
-264
-158
-75
-76
-109
-81
-22
19
30
48
88
78
28
18
75
111
89
37
13
28
21
3
17
45
25
-48
-79
-35
32
50
3
-27
6
46
44
26
45
69
42
-16
-33
29
82
32
-57
-91
-71
-72
-119
-143
-131
-126
-152
-174
-161
-146
-156
-165
-150
-132
-121
-108
-87
-64
-56
-59
-43
15
64
49
16
37
102
153
161
152
146
133
142
175
221
242
198
144
144
207
257
229
156
113
140
160
145
139
147
118
52
7
23
71
75
36
-8
-39
-53
-50
-39
-45
-84
-158
-227
-228
-171
-140
-167
-213
-229
-231
-224
-215
-201
-206
-225
-239
-219
-186
-171
-154
-147
-136
-124
-116
-105
-80
-39
0
7
-3
-1
32
77
110
122
110
86
106
161
192
180
160
168
193
204
199
213
217
202
200
229
259
259
228
194
179
177
178
161
139
113
81
30
-18
-25
-30
-71
-137
-169
-179
-207
-233
-238
-245
-277
-324
-322
-297
-329
-379
-375
-317
-271
-273
-289
-284
-248
-180
-110
-76
-79
-81
-56
7
69
115
142
130
106
112
163
223
240
212
176
189
214
216
203
194
184
157
148
166
182
159
132
140
167
164
138
131
124
100
81
87
102
95
61
33
30
26
19
-5
-23
-53
-86
-97
-108
-108
-106
-121
-137
-138
-116
-89
-91
-89
-53
1
12
-6
7
61
117
135
147
181
216
206
174
188
237
252
191
121
121
155
131
49
-4
-8
-21
-74
-119
-131
-153
-208
-250
-244
-250
-280
-317
-325
-308
-297
-296
-281
-247
-232
-246
-250
-226
-203
-189
-179
-147
-124
-155
-203
-187
-126
-85
-112
-160
-172
-156
-155
-149
-99
-51
-63
-105
-88
8
103
114
91
115
171
216
259
294
301
299
313
360
417
416
368
326
309
304
295
263
209
158
112
62
31
19
-12
-68
-123
-149
-156
-150
-166
-190
-187
-180
-166
-146
-128
-111
-80
-46
-6
25
26
23
52
97
111
112
110
125
128
105
86
92
101
95
49
-4
5
46
47
-2
-9
16
39
24
6
42
87
91
85
102
118
114
119
153
198
217
188
150
149
176
173
133
94
79
82
68
33
13
-21
-75
-102
-101
-111
-146
-182
-197
-211
-223
-211
-192
-197
-231
-240
-211
-178
-164
-162
-165
-176
-170
-148
-123
-112
-114
-111
-107
-103
-91
-72
-45
-39
-51
-67
-73
-63
-44
-27
-22
-42
-65
-61
-21
28
42
31
19
18
24
34
50
58
39
-3
-31
-34
-26
-36
-63
-101
-144
-176
-204
-218
-245
-287
-327
-365
-372
-344
-309
-301
-299
-290
-259
-206
-152
-104
-61
-28
-6
50
130
200
246
265
290
335
376
400
429
452
461
465
495
523
522
506
514
550
578
577
555
543
538
548
550
522
491
483
474
445
418
411
389
340
275
224
184
118
47
-6
-40
-100
-179
-257
-322
-387
-453
-511
-547
-597
-661
-696
-696
-670
-673
-704
-724
-694
-644
-593
-549
-501
-457
-424
-359
-293
-244
-189
-131
-73
-10
45
88
141
187
215
238
256
260
255
243
230
232
235
194
142
124
125
95
30
-21
-49
-81
-120
-148
-179
-229
-280
-298
-298
-300
-319
-342
-367
-382
-356
-304
-270
-280
-279
-236
-181
-142
-102
-32
19
34
55
123
217
280
318
363
405
441
485
532
570
577
572
588
610
611
593
562
538
508
472
444
420
389
334
263
209
175
143
105
60
3
-72
-143
-176
-177
-174
-203
-244
-281
-293
-289
-292
-296
-302
-324
-359
-389
-376
-339
-327
-347
-364
-357
-344
-328
-305
-282
-273
-273
-258
-220
-174
-138
-103
-77
-36
16
50
79
111
164
207
228
249
289
328
338
327
325
331
321
295
276
255
211
161
109
67
28
-14
-64
-119
-159
-199
-241
-274
-282
-268
-279
-312
-324
-288
-234
-191
-175
-153
-122
-95
-51
1
66
118
154
179
205
246
285
306
313
306
293
269
241
241
259
253
189
96
47
54
64
44
0
-42
-80
-111
-118
-107
-100
-126
-172
-192
-161
-114
-93
-114
-145
-162
-171
-148
-115
-109
-128
-150
-163
-164
-152
-138
-134
-152
-164
-164
-146
-120
-95
-80
-84
-97
-80
-30
9
26
53
78
89
104
141
184
196
183
177
201
221
217
205
198
199
187
178
163
136
104
73
53
38
22
4
-29
-62
-54
-35
-35
-55
-60
-45
-36
-46
-52
-38
-28
-10
26
53
39
12
27
70
93
61
33
25
19
18
18
17
-5
-31
-55
-68
-66
-64
-76
-94
-112
-126
-127
-134
-139
-128
-113
-106
-100
-98
-93
-82
-77
-72
-73
-81
-96
-99
-82
-73
-73
-71
-56
-54
-63
-42
-2
31
34
22
32
54
72
104
148
178
185
183
219
281
331
348
342
341
345
348
360
371
358
328
283
250
241
215
168
125
95
58
10
-42
-76
-104
-145
-192
-218
-218
-236
-272
-290
-277
-252
-268
-306
-316
-297
-278
-260
-250
-239
-224
-228
-236
-223
-193
-180
-201
-217
-201
-163
-145
-169
-172
-155
-155
-169
-155
-117
-97
-116
-131
-113
-77
-45
-29
-4
36
60
77
92
116
148
153
150
162
176
171
161
159
175
183
155
112
87
86
88
72
37
14
3
-3
-21
-36
-30
-9
-6
-4
11
37
47
32
32
64
102
111
114
138
170
186
191
220
260
276
257
252
276
294
288
286
311
335
323
294
305
340
350
325
291
280
284
268
245
224
199
164
127
110
87
43
-35
-102
-142
-174
-227
-301
-356
-399
-447
-494
-524
-537
-563
-621
-661
-657
-643
-622
-610
-590
-576
-561
-531
-478
-416
-371
-339
-319
-287
-249
-206
-164
-127
-94
-69
-47
-30
1
24
50
72
80
88
98
118
139
159
157
173
196
212
230
263
296
313
326
338
366
397
413
406
384
370
368
380
379
357
331
291
251
210
181
171
122
68
14
-25
-36
-55
-73
-86
-98
-118
-134
-131
-101
-77
-71
-69
-53
-6
45
83
106
133
161
182
197
219
256
278
280
266
252
242
220
199
172
143
105
47
-4
-51
-96
-144
-202
-261
-304
-336
-376
-406
-407
-408
-426
-453
-455
-440
-438
-438
-415
-372
-344
-343
-333
-292
-250
-238
-225
-192
-160
-150
-154
-143
-113
-95
-94
-88
-64
-34
-19
-3
11
25
45
56
72
106
157
190
198
208
230
281
315
322
322
339
363
364
357
360
373
366
340
323
305
292
272
261
252
236
211
186
176
159
146
122
84
63
63
67
54
43
46
38
3
-41
-40
-4
2
-32
-64
-71
-68
-79
-96
-106
-124
-161
-203
-206
-182
-188
-216
-240
-242
-239
-250
-267
-263
-249
-254
-251
-244
-226
-210
-206
-201
-200
-191
-187
-170
-137
-111
-103
-106
-103
-86
-81
-84
-74
-53
-35
-33
-12
17
27
22
21
41
60
64
71
91
111
113
105
119
150
152
142
150
158
162
159
157
151
129
106
100
89
67
45
27
15
4
-12
-30
-54
-69
-76
-73
-72
-70
-56
-38
-14
11
38
62
79
101
139
185
215
229
242
263
281
291
293
300
314
305
282
267
257
231
194
173
154
128
89
60
38
13
-26
-71
-96
-123
-158
-184
-196
-215
-238
-254
-262
-271
-296
-314
-313
-297
-294
-312
-310
-293
-281
-290
-296
-274
-249
-226
-215
-197
-169
-136
-107
-82
-59
-46
-18
20
58
86
105
125
139
167
203
232
244
235
214
209
222
219
200
169
141
115
91
56
23
-8
-45
-87
-128
-165
-193
-210
-227
-248
-264
-268
-265
-263
-244
-227
-224
-215
-194
-153
-112
-92
-80
-54
-18
11
39
60
83
113
136
147
157
176
205
219
236
275
305
316
314
322
337
338
342
341
339
350
350
341
334
330
319
296
275
260
250
215
162
121
90
57
23
-10
-52
-110
-171
-209
-243
-274
-307
-339
-359
-373
-392
-400
-387
-353
-328
-322
-326
-307
-262
-229
-206
-169
-124
-92
-82
-72
-24
28
59
77
96
118
121
113
125
139
125
95
69
71
71
53
26
10
-9
-32
-45
-40
-36
-73
-106
-112
-99
-89
-101
-119
-128
-136
-142
-140
-133
-123
-117
-133
-148
-148
-151
-167
-174
-166
-150
-143
-149
-146
-134
-122
-107
-80
-55
-39
-26
7
50
89
125
155
178
203
238
274
309
337
364
379
384
401
428
452
451
438
427
420
414
402
383
357
325
296
265
236
206
189
178
146
104
65
41
14
-7
-32
-64
-87
-120
-147
-170
-196
-218
-244
-266
-296
-317
-326
-338
-354
-380
-406
-417
-419
-407
-395
-392
-392
-382
-368
-346
-317
-285
-266
-252
-220
-173
-129
-102
-78
-54
-32
-9
26
64
95
113
132
147
155
152
138
137
148
148
127
98
79
78
69
56
44
27
8
-15
-18
-11
-14
-26
-37
-27
-14
-11
-17
-19
-10
3
8
20
33
45
56
67
81
94
111
121
125
133
141
149
166
185
202
194
210
225
270
269
317
433
427
385
263
228
238
238
223
193
182
134
37
2
-14
35
67
64
59
50
5
-103
-129
-153
-153
-172
-184
-216
-212
-194
-219
-222
-230
-240
-198
-163
-196
-247
-296
-271
-244
-253
-282
-256
-219
-268
-296
-283
-309
-361
-370
-298
-263
-333
-324
-251
-203
-220
-194
-79
-28
-19
-24
15
84
145
155
193
241
247
257
257
238
287
320
317
317
300
247
141
139
154
151
135
78
43
22
-8
-42
-109
-131
-133
-122
-96
-101
-83
-82
-72
-55
-35
30
72
60
77
131
166
158
154
182
245
281
221
228
302
277
203
199
270
266
201
194
206
209
169
103
78
77
75
55
7
-10
0
-40
-61
-77
-77
-60
-53
-90
-120
-111
-121
-167
-193
-185
-178
-173
-216
-239
-212
-205
-240
-281
-279
-248
-255
-277
-265
-273
-271
-259
-236
-218
-246
-227
-197
-170
-148
-135
-108
-66
-73
-70
-26
22
50
48
85
119
117
99
119
169
186
183
193
174
158
156
129
112
100
128
160
148
127
111
116
74
48
74
89
69
40
46
62
51
28
23
71
88
38
21
35
71
55
24
32
51
70
52
32
38
24
22
8
11
30
16
5
-25
5
29
-2
-15
-9
7
19
-4
-19
-22
-16
-5
0
23
-2
-29
-22
-12
-22
-26
-14
-3
4
-6
-14
-4
-1
-27
-47
-43
1
44
39
16
6
-5
-31
-28
-19
-11
-19
-44
-63
-65
-67
-80
-96
-99
-73
-49
-56
-94
-110
-97
-88
-75
-62
-42
-41
-49
-50
-47
-22
-18
-24
-14
29
61
43
14
-3
-6
-9
8
-1
0
7
-16
-36
-40
-62
-91
-96
-93
-79
-73
-76
-105
-109
-97
-79
-43
-20
6
31
27
-2
7
53
73
77
85
106
137
136
125
129
138
131
121
125
139
150
130
94
93
103
104
84
74
78
59
52
51
45
39
40
40
50
50
42
34
31
37
46
56
64
73
61
51
33
28
37
39
42
39
45
41
43
29
12
1
-5
-10
-5
2
-11
-29
-42
-34
-33
-35
-45
-54
-64
-77
-79
-83
-107
-133
-135
-118
-112
-134
-165
-175
-175
-195
-207
-199
-191
-203
-233
-246
-229
-211
-226
-237
-224
-202
-179
-182
-178
-167
-149
-131
-117
-89
-62
-22
2
4
5
19
56
83
109
138
167
186
182
182
191
227
269
278
276
261
249
247
244
248
260
275
274
249
222
205
185
172
163
145
137
131
127
117
94
61
47
40
22
14
1
-21
-49
-67
-68
-76
-89
-92
-78
-64
-73
-94
-113
-116
-113
-111
-110
-94
-76
-64
-64
-65
-58
-47
-43
-36
-21
-14
-17
-28
-26
-31
-23
3
24
29
11
-13
-29
-31
-28
-28
-32
-51
-69
-92
-113
-127
-134
-139
-155
-176
-178
-174
-172
-171
-177
-176
-175
-171
-158
-136
-121
-113
-112
-105
-85
-66
-43
-16
3
10
22
34
57
73
87
106
126
139
154
166
170
177
176
179
187
198
197
185
183
180
169
154
145
155
165
165
151
141
139
133
115
106
108
109
109
84
55
34
21
18
9
0
-14
-34
-44
-41
-50
-66
-75
-72
-70
-78
-84
-86
-97
-119
-138
-142
-115
-89
-82
-84
-84
-85
-91
-86
-71
-64
-62
-57
-48
-40
-35
-38
-39
-35
-35
-36
-39
-43
-44
-46
-54
-56
-42
-32
-30
-36
-36
-30
-50
-66
-65
-61
-51
-48
-46
-48
-67
-75
-64
-59
-54
-52
-45
-31
-27
-17
-8
9
20
32
46
53
46
44
49
57
67
69
79
86
88
87
87
99
111
116
114
104
99
101
104
110
111
107
108
112
115
108
97
86
84
85
75
68
66
63
53
44
39
36
26
22
21
9
-9
-25
-30
-23
-25
-34
-41
-46
-44
-51
-69
-69
-75
-93
-88
-83
-77
-78
-92
-79
-74
-76
-76
-74
-65
-61
-60
-63
-71
-70
-58
-55
-48
-35
-25
-23
-30
-29
-20
-17
-22
-31
-22
-13
-15
-19
-24
-28
-26
-35
-32
-16
-7
-6
-10
-9
-10
-8
-19
-27
-32
-26
-22
-16
-12
-16
-16
-14
-5
8
17
9
6
8
13
4
-9
-5
4
13
16
18
19
18
13
17
30
35
35
26
19
25
36
28
18
19
26
31
36
34
37
43
45
41
33
48
74
86
81
75
77
87
93
106
112
112
104
98
106
107
108
113
116
107
93
85
88
82
63
47
32
20
11
2
-5
-22
-42
-58
-67
-68
-68
-74
-88
-109
-114
-114
-127
-144
-158
-154
-154
-158
-161
-153
-150
-147
-135
-123
-125
-133
-124
-102
-77
-60
-57
-53
-38
-17
-1
-2
2
9
4
4
7
31
45
38
31
24
27
22
18
24
25
18
12
5
1
3
-2
-3
-1
-1
-10
-30
-29
-20
-22
-31
-35
-31
-20
-19
-27
-22
-8
2
-2
2
24
30
19
26
67
108
96
67
60
82
107
115
140
151
143
116
103
127
147
172
165
153
150
149
145
135
139
153
143
126
90
78
115
131
93
53
30
8
1
3
2
-16
-50
-86
-92
-90
-110
-141
-148
-142
-145
-152
-153
-165
-168
-169
-177
-187
-193
-187
-187
-177
-162
-156
-156
-138
-125
-123
-123
-117
-104
-79
-54
-43
-41
-37
-40
-39
-22
-3
11
22
22
20
24
37
36
26
16
4
-3
-3
-3
1
2
-8
-14
-19
-7
-3
-12
-9
-8
-8
-8
0
8
11
12
5
8
18
30
45
50
61
69
73
83
97
110
124
125
126
145
166
182
188
195
205
207
204
201
198
195
192
182
178
171
169
166
154
146
136
123
96
83
67
49
28
10
5
-15
-33
-43
-45
-57
-75
-100
-124
-134
-149
-163
-180
-205
-220
-224
-225
-224
-229
-237
-245
-242
-236
-231
-224
-215
-217
-204
-187
-187
-179
-165
-156
-146
-135
-123
-112
-94
-81
-69
-59
-41
-19
3
29
43
38
43
45
48
68
77
83
96
109
110
111
115
112
108
103
96
84
70
69
71
69
62
53
51
49
52
55
61
63
60
61
61
70
71
66
57
54
57
72
87
83
86
81
81
89
93
80
81
93
96
86
65
83
89
98
87
82
95
86
73
62
74
90
70
54
45
44
40
30
27
15
7
-13
-24
-33
-48
-62
-74
-95
-125
-128
-142
-151
-166
-173
-174
-187
-199
-206
-202
-208
-215
-220
-211
-199
-192
-188
-175
-162
-145
-141
-126
-102
-74
-55
-38
-15
4
19
27
31
43
55
58
74
82
88
89
92
92
90
92
91
94
90
90
92
93
87
81
81
84
89
89
86
82
81
81
77
66
56
42
24
23
16
4
-5
-6
-3
-10
-19
-24
-31
-40
-40
-32
-33
-34
-36
-37
-31
-19
-7
3
3
4
11
22
40
47
51
52
41
39
51
54
58
68
70
74
75
76
78
67
55
54
53
48
41
26
17
20
21
16
17
7
-7
-26
-33
-34
-37
-51
-61
-69
-81
-89
-97
-94
-92
-92
-100
-103
-95
-88
-88
-91
-90
-85
-79
-76
-84
-91
-89
-84
-77
-79
-72
-54
-44
-39
-31
-27
-29
-20
-15
-4
2
5
11
13
17
16
24
41
43
40
34
35
51
54
45
32
26
26
21
24
24
23
22
21
20
24
23
19
26
20
18
20
20
15
16
25
22
13
6
4
16
25
33
42
47
47
43
37
44
59
56
49
54
74
84
84
84
78
69
64
66
66
70
71
62
51
48
49
53
46
29
25
23
16
13
12
7
3
-10
-15
-14
-14
-13
-18
-30
-34
-34
-39
-45
-48
-49
-59
-78
-87
-81
-84
-91
-92
-96
-101
-103
-103
-100
-89
-83
-87
-83
-73
-66
-74
-79
-74
-74
-75
-80
-79
-68
-64
-61
-46
-40
-41
-40
-30
-16
-11
-8
-14
-8
-3
7
17
8
5
5
14
27
32
26
24
18
12
15
20
26
26
23
22
24
29
34
37
33
31
40
52
57
58
58
64
63
53
46
52
51
56
66
72
85
89
85
78
69
71
81
95
91
80
92
108
114
108
86
69
52
44
51
45
40
30
25
29
25
12
3
-5
-12
-20
-24
-21
-29
-39
-43
-50
-54
-51
-56
-59
-60
-64
-67
-70
-83
-83
-75
-73
-77
-81
-75
-63
-52
-47
-50
-65
-76
-81
-77
-74
-68
-59
-54
-51
-45
-39
-41
-52
-61
-61
-57
-51
-51
-40
-27
-23
-34
-33
-18
-23
-24
-13
-3
2
2
2
9
15
11
12
17
21
26
28
30
34
35
32
32
39
56
63
56
52
52
53
47
41
41
53
50
45
49
57
60
51
43
38
40
39
38
33
29
32
26
25
25
25
26
23
23
16
20
22
20
19
20
15
5
2
-4
1
8
7
11
11
12
8
2
0
-7
-16
-12
-6
-7
-9
-22
-35
-38
-38
-36
-38
-44
-45
-45
-55
-56
-59
-62
-66
-69
-57
-39
-29
-27
-22
-19
-19
-21
-22
-27
-28
-28
-25
-24
-12
-5
-15
-28
-34
-29
-23
-19
-18
-7
9
19
20
20
30
35
35
37
38
44
49
46
54
62
52
51
60
72
74
67
61
57
52
52
60
57
47
31
17
18
23
17
9
-3
-12
-21
-32
-43
-55
-66
-77
-86
-89
-88
-87
-86
-85
-80
-75
-65
-57
-46
-38
-32
-22
-16
-11
-7
3
14
26
40
46
47
44
45
41
41
40
41
39
34
37
41
34
22
18
15
13
18
20
23
30
29
22
10
-3
-10
-17
-18
-14
-12
-13
-12
-9
-3
-9
-17
-19
-19
-22
-20
-14
-10
-9
-10
-9
-10
-7
-10
-18
-19
-17
-7
-3
-3
-2
-7
-15
-26
-23
-13
-2
3
4
7
0
-2
-3
-5
2
5
4
11
19
23
22
14
5
-11
-24
-27
-20
-13
2
1
-8
-16
-28
-24
-23
-27
-27
-20
-22
-20
-11
-8
-10
-18
-21
-10
2
5
10
14
23
28
28
36
41
50
50
48
51
55
59
58
62
64
63
57
54
62
73
70
62
58
49
43
35
22
26
22
14
10
17
20
9
-1
-10
-17
-20
-18
-13
-17
-28
-40
-44
-51
-55
-65
-70
-63
-64
-70
-70
-75
-80
-83
-89
-83
-75
-60
-58
-59
-59
-56
-46
-49
-49
-49
-37
-35
-38
-41
-40
-43
-47
-37
-28
-14
-4
4
5
12
18
13
17
21
21
20
21
27
34
37
31
36
38
36
40
42
43
39
32
34
39
42
50
61
65
63
63
63
66
66
62
66
69
66
62
60
63
54
45
38
36
30
20
16
23
29
25
23
26
22
18
10
-1
-7
-13
-14
-11
-20
-31
-44
-49
-52
-56
-57
-62
-65
-59
-53
-48
-47
-52
-53
-60
-62
-57
-53
-48
-39
-35
-32
-34
-42
-41
-43
-43
-37
-37
-36
-29
-26
-19
-19
-25
-33
-35
-33
-34
-26
-19
-17
-15
-17
-9
-3
2
4
10
11
14
21
28
36
32
26
13
13
18
25
31
36
38
42
43
50
55
47
47
37
34
32
27
39
49
45
47
49
47
52
50
55
59
65
72
73
71
65
59
57
57
58
57
46
38
30
23
17
3
-6
-18
-23
-18
-23
-35
-51
-69
-71
-69
-57
-51
-59
-64
-68
-61
-55
-55
-51
-56
-65
-65
-67
-59
-60
-67
-62
-64
-69
-73
-69
-56
-39
-32
-32
-38
-40
-35
-34
-26
-17
-13
-8
-1
-2
-3
-1
-4
0
0
2
8
13
17
23
17
11
7
8
9
11
16
16
21
25
33
31
22
13
0
-3
1
2
9
6
-2
-5
-12
-17
-10
-2
1
12
27
42
50
52
58
62
58
58
62
71
76
87
99
102
101
91
86
85
83
86
85
82
73
72
73
63
56
47
40
32
30
30
25
19
13
9
-5
-17
-23
-35
-46
-67
-77
-82
-89
-89
-94
-99
-105
-113
-114
-119
-110
-103
-107
-108
-102
-95
-83
-74
-73
-75
-78
-76
-71
-59
-57
-56
-51
-51
-46
-44
-37
-28
-12
-4
-1
7
18
34
40
49
53
53
49
45
45
54
66
65
61
53
44
38
30
28
29
25
16
10
14
15
13
13
6
7
-1
2
10
5
-4
-19
-30
-30
-30
-20
-9
-9
-8
-11
-11
-3
10
11
18
29
29
37
37
41
44
43
47
54
50
41
40
46
47
54
50
35
38
34
32
22
13
20
26
25
15
8
10
14
12
5
-2
-6
-12
-20
-22
-14
-10
-15
-21
-21
-24
-35
-32
-31
-23
-22
-23
-30
-35
-40
-43
-38
-39
-34
-36
-35
-28
-27
-16
-3
2
1
-3
-2
2
5
6
7
10
9
14
21
25
29
31
27
17
17
11
-3
-5
3
-7
-24
-33
-31
-22
-32
-47
-57
-61
-65
-60
-45
-38
-37
-38
-44
-48
-54
-55
-48
-45
-48
-45
-41
-35
-32
-33
-33
-38
-40
-37
-19
-8
2
13
23
38
46
46
51
54
54
52
46
52
67
68
67
63
65
68
75
78
82
91
87
89
100
103
103
101
91
93
95
91
87
87
83
54
38
26
5
1
-9
-18
-16
-22
-28
-34
-37
-45
-51
-52
-62
-61
-58
-50
-49
-51
-47
-53
-61
-73
-79
-79
-78
-76
-71
-68
-67
-70
-76
-69
-64
-60
-55
-47
-38
-28
-29
-36
-35
-34
-32
-35
-27
-21
-9
-6
-5
-3
2
3
-9
-10
-19
-24
-23
-14
-3
4
8
5
-6
-12
-8
-1
5
1
4
5
6
11
16
15
11
4
4
17
26
30
25
21
21
24
20
27
39
51
57
61
58
54
60
66
69
72
69
56
46
47
48
54
55
56
58
54
56
64
69
71
77
76
75
80
80
75
67
58
54
46
35
25
12
1
-12
-20
-27
-34
-42
-49
-49
-55
-58
-59
-68
-70
-69
-67
-63
-68
-72
-66
-67
-77
-93
-102
-100
-99
-96
-90
-89
-98
-104
-106
-96
-84
-76
-63
-55
-50
-45
-38
-38
-32
-23
-18
-16
-15
-9
3
8
9
10
7
11
10
4
11
11
2
-1
8
17
22
16
19
25
27
29
26
31
31
25
13
6
8
10
16
22
27
32
36
30
25
25
25
29
35
47
61
70
65
64
67
68
65
58
63
67
65
55
46
39
31
33
37
36
34
33
31
34
40
47
51
54
52
42
43
38
33
32
28
24
21
20
23
18
11
1
-14
-20
-27
-29
-30
-30
-33
-41
-52
-59
-59
-65
-72
-84
-96
-87
-80
-76
-77
-78
-80
-78
-70
-66
-64
-65
-65
-60
-50
-42
-34
-30
-15
-4
-1
-3
-7
-1
-3
-16
-17
-15
-11
-8
-7
-8
-5
3
-4
-5
-1
-3
-5
-6
-8
-16
-24
-28
-24
-21
-19
-22
-24
-21
-14
-13
-15
-21
-30
-19
-24
-19
-7
3
17
17
16
21
15
12
23
32
34
31
38
45
50
50
53
56
59
59
64
75
80
86
85
83
83
82
87
86
90
97
96
102
97
89
82
71
62
48
49
53
53
49
35
25
13
9
11
8
1
-3
-6
-17
-22
-23
-26
-30
-47
-58
-68
-76
-74
-81
-85
-88
-92
-95
-103
-104
-100
-95
-92
-87
-91
-86
-81
-74
-64
-59
-60
-64
-66
-64
-66
-63
-60
-60
-58
-60
-62
-58
-45
-36
-36
-35
-31
-27
-18
-14
-12
2
7
12
18
24
31
34
27
21
18
16
18
27
37
43
46
52
59
60
58
52
52
41
38
44
55
68
71
72
67
61
56
57
58
58
61
61
57
55
59
66
63
58
61
57
53
47
50
56
56
53
52
60
59
58
52
43
31
24
16
12
13
6
-2
-5
-9
-16
-26
-36
-50
-61
-67
-67
-66
-64
-61
-78
-88
-91
-101
-94
-89
-87
-81
-77
-76
-79
-75
-76
-75
-71
-69
-65
-64
-67
-62
-59
-54
-44
-41
-37
-32
-26
-17
-15
-11
-8
-3
0
-8
-8
-8
2
12
8
12
20
20
21
21
19
27
30
32
32
30
29
24
20
23
26
24
18
15
14
15
18
17
20
24
24
27
28
30
35
45
40
38
39
39
42
39
43
42
40
43
48
52
57
64
67
67
66
68
68
69
63
57
51
48
56
47
40
36
21
12
0
-5
-11
-14
-24
-31
-35
-38
-40
-42
-45
-51
-48
-51
-53
-52
-55
-49
-52
-58
-66
-76
-79
-79
-79
-72
-71
-74
-68
-56
-49
-49
-50
-47
-42
-36
-34
-36
-40
-43
-36
-33
-27
-21
-10
4
7
8
9
13
12
9
8
5
13
25
34
39
42
46
43
36
31
22
17
21
26
35
40
37
38
39
40
35
31
36
43
47
49
41
30
24
20
23
32
44
46
45
40
31
25
19
14
5
-6
-11
-5
-5
-4
-13
-18
-18
-24
-22
-21
-16
-15
-20
-23
-23
-29
-29
-23
-26
-26
-33
-37
-40
-42
-42
-43
-43
-48
-55
-49
-45
-36
-26
-20
-17
-21
-21
-17
-9
-3
5
8
14
12
8
9
6
15
18
19
18
18
22
29
27
23
14
7
13
11
17
22
23
25
20
13
15
19
16
18
17
10
5
7
4
1
0
-8
-16
-12
-10
-9
-2
-2
-1
2
5
9
16
22
20
15
10
12
28
37
40
39
40
34
24
22
23
22
13
12
9
5
1
5
15
3
-9
-6
-17
-22
-30
-34
-36
-50
-57
-46
-38
-37
-39
-40
-35
-41
-43
-36
-31
-27
-25
-27
-22
-14
1
15
21
21
17
12
13
15
19
25
22
21
17
15
16
15
19
21
18
21
28
33
24
17
11
3
-6
-8
-3
1
8
11
6
0
-1
-3
-4
-7
-12
-16
-13
-16
-17
-14
-5
-8
-28
-26
-21
-27
-36
-44
-46
-45
-56
-65
-57
-55
-54
-60
-62
-60
-54
-54
-48
-36
-26
-19
-24
-18
-6
4
16
20
26
33
35
39
40
33
31
33
45
58
68
74
68
68
69
67
73
68
63
61
60
59
51
53
46
44
35
36
37
31
29
29
29
23
19
16
13
14
18
18
20
17
13
11
7
-5
-20
-24
-24
-22
-21
-10
-6
-14
-23
-37
-42
-39
-32
-24
-16
-14
-13
-15
-21
-20
-15
-14
-15
-18
-17
-17
-13
-21
-31
-41
-54
-54
-53
-45
-36
-31
-37
-46
-49
-55
-62
-55
-42
-35
-32
-28
-19
-10
-20
-24
-26
-27
-24
-15
-4
-2
-6
-7
-10
-9
-7
-3
0
1
4
3
0
4
14
22
26
20
9
9
12
20
27
25
19
9
9
11
12
14
15
16
20
23
24
22
32
34
37
37
39
42
45
44
47
46
37
39
36
34
30
27
31
29
25
20
17
21
20
15
11
4
4
3
1
-3
-10
-14
-16
-12
-9
-9
-12
-9
-10
-13
-18
-19
-19
-15
-6
-3
4
13
15
15
12
5
6
0
-11
-7
1
2
4
6
7
-1
-10
-17
-21
-23
-29
-37
-33
-30
-32
-38
-41
-38
-31
-30
-32
-35
-38
-34
-33
-32
-28
-32
-37
-33
-29
-27
-21
-18
-11
-4
4
2
0
3
6
9
11
13
16
16
19
17
21
29
23
17
23
24
24
31
35
33
26
25
28
34
32
29
34
29
23
21
24
25
22
23
21
18
12
8
2
-5
-7
-18
-19
-14
-8
-3
-5
-8
-13
-11
-8
-6
0
0
-4
1
5
9
12
7
-5
-19
-28
-31
-31
-28
-17
-15
-14
-22
-23
-19
-29
-31
-35
-39
-33
-28
-32
-27
-30
-32
-31
-32
-29
-28
-22
-19
-16
-14
-9
-1
3
8
9
15
22
30
37
40
42
39
38
35
29
33
37
36
25
15
9
9
10
13
11
13
3
-9
-2
-1
-1
4
1
3
-3
-8
1
7
16
16
14
20
24
22
23
29
33
32
37
42
43
45
39
38
35
33
30
31
28
27
25
17
10
-1
-5
-7
-3
-5
-12
-19
-24
-30
-36
-42
-44
-41
-36
-30
-27
-22
-18
-28
-31
-30
-31
-26
-21
-22
-25
-28
-29
-29
-31
-23
-25
-25
-29
-35
-35
-28
-25
-17
-13
-19
-21
-25
-28
-31
-33
-29
-29
-26
-24
-17
-16
-19
-18
-18
-14
-6
3
8
12
9
11
13
24
25
26
30
25
24
22
18
19
9
1
4
5
3
8
8
12
13
6
6
6
8
9
12
15
19
17
24
29
33
35
34
30
18
16
13
13
18
16
11
10
10
14
18
21
23
25
19
15
22
24
29
33
36
37
31
32
24
20
14
7
4
0
6
6
5
7
6
4
2
-2
-2
-2
-1
-3
-5
-6
-13
-23
-25
-23
-30
-32
-34
-30
-28
-28
-31
-35
-40
-38
-31
-31
-24
-23
-26
-26
-22
-17
-9
-6
-5
-3
-4
-10
-11
-14
-16
-14
-21
-24
-23
-19
-21
-25
-23
-24
-22
-24
-26
-22
-24
-19
-15
-17
-17
-11
-6
-3
-8
-15
-13
-6
-3
2
4
4
2
6
12
20
29
32
32
23
25
30
34
42
44
49
48
41
39
38
31
24
21
21
23
22
24
29
26
24
24
27
30
26
21
22
22
29
25
20
28
27
17
5
3
-6
-10
-11
-16
-13
-14
-15
-17
-13
-13
-15
-17
-22
-29
-31
-38
-48
-42
-35
-35
-41
-48
-41
-31
-24
-25
-33
-40
-39
-41
-37
-35
-25
-18
-11
-6
-1
3
2
10
9
-2
-8
-3
4
9
5
2
-5
-12
-17
-13
-8
-5
-7
-3
1
5
9
10
19
16
13
13
14
25
35
34
31
22
15
14
17
13
13
10
9
11
13
15
9
4
14
25
30
36
44
49
45
38
40
41
45
42
45
43
33
27
20
29
30
27
25
23
21
19
18
16
17
12
11
5
-1
-7
-13
-17
-26
-34
-46
-54
-55
-58
-62
-66
-67
-67
-63
-60
-58
-59
-56
-51
-47
-51
-42
-29
-26
-25
-21
-18
-12
-12
-15
-15
-19
-26
-32
-36
-37
-39
-36
-30
-36
-46
-36
-24
-28
-22
-21
-20
-21
-20
2
17
20
21
21
24
24
25
30
39
41
45
54
57
61
55
48
44
46
52
62
71
70
64
59
57
53
50
45
31
18
9
2
0
-8
-7
-6
-11
-16
-16
-15
-13
-10
-6
-1
-1
4
12
12
10
11
11
9
13
13
9
12
8
1
0
3
-2
-7
4
8
8
4
0
9
8
0
-4
-3
-17
-33
-30
-33
-34
-35
-36
-35
-38
-32
-28
-35
-40
-38
-34
-23
-14
-5
8
5
5
14
13
13
9
5
3
-3
-4
-7
-7
-9
-11
-15
-13
-12
-12
-11
-9
-5
-7
-9
-13
-7
3
10
9
6
2
-2
-3
3
7
11
10
4
-3
-8
-12
-7
-1
2
8
6
9
9
9
11
13
12
8
9
5
6
3
0
-5
-14
-24
-26
-24
-20
-19
-18
-19
-23
-19
-16
-10
-4
-4
-1
3
7
9
10
16
17
17
18
13
13
14
14
17
14
8
5
15
23
18
15
9
16
26
24
29
28
17
14
10
14
18
16
13
7
3
1
-1
-3
2
2
-3
-3
-8
-14
-11
-9
-2
2
5
9
6
3
-4
-15
-21
-26
-27
-23
-16
-14
-21
-19
-17
-13
-2
-2
1
1
7
16
18
20
25
23
18
11
6
10
7
7
10
10
2
0
-6
-18
-18
-21
-16
-7
-8
-15
-12
-13
-13
-8
-5
1
-5
-9
-6
-6
-4
-7
-6
-10
-9
-12
-14
-20
-23
-17
-17
-8
-3
4
5
8
10
10
10
14
14
12
10
13
18
14
13
12
7
4
2
-2
-4
-10
-12
-7
-6
-3
4
15
23
17
15
21
23
31
33
25
22
13
5
5
-9
-16
-19
-29
-33
-33
-33
-28
-28
-26
-24
-27
-30
-32
-28
-23
-21
-14
-12
-15
-15
-9
-2
2
-3
-16
-25
-18
-16
-10
-5
-6
-7
-10
-10
4
14
19
26
27
22
18
22
22
24
24
20
15
14
16
19
15
14
9
9
14
9
11
16
20
18
17
18
27
34
32
27
22
16
11
10
12
12
5
-4
-6
-7
-12
-6
1
4
-4
-11
-8
1
11
15
13
18
17
11
13
17
26
22
23
22
19
19
20
19
6
3
-3
-4
-5
-14
-16
-18
-22
-22
-21
-20
-17
-24
-30
-35
-39
-38
-36
-34
-33
-38
-35
-35
-36
-36
-35
-32
-27
-29
-24
-17
-15
-9
-8
-4
3
0
-3
-5
-1
10
1
-9
-15
-21
-16
-13
-15
-17
-17
-15
-13
-10
-13
-6
-4
1
3
3
10
14
17
12
7
1
3
-3
-5
5
13
20
26
25
22
16
3
-2
-2
7
11
9
13
12
7
5
6
1
3
1
-3
3
1
6
14
14
17
21
18
27
37
45
47
43
43
38
40
45
46
46
48
39
32
28
24
20
10
1
-2
-6
-13
-10
-7
0
9
8
11
11
4
1
7
10
17
12
11
10
9
7
-1
2
-5
-9
-11
-9
-11
-18
-20
-27
-32
-33
-33
-29
-25
-23
-25
-26
-35
-42
-47
-52
-48
-39
-41
-45
-54
-59
-58
-64
-63
-60
-54
-39
-32
-27
-22
-21
-22
-20
-7
3
11
17
27
33
31
32
33
33
31
23
21
22
27
27
17
12
7
4
-3
0
2
2
5
-1
-3
-4
-3
2
2
-4
-7
-12
-13
-4
-6
-4
-4
-2
0
7
17
17
18
20
21
26
29
29
31
38
37
39
33
29
28
21
16
7
8
11
9
10
12
5
3
-1
4
15
18
16
8
5
6
9
13
18
18
12
8
-1
-1
-3
-3
-10
-7
0
1
7
3
7
-2
-8
-11
-15
-9
1
7
5
-2
-12
-18
-19
-19
-10
-13
-20
-22
-23
-19
-19
-19
-14
-17
-25
-26
-24
-17
-12
-12
-11
-7
-5
0
0
-2
-1
-5
-9
-10
-13
-14
-15
-13
-11
-14
-15
-8
2
8
12
8
-1
-3
0
-1
1
6
8
4
0
2
-4
-10
-12
-15
-13
-10
-9
6
14
16
17
10
13
14
13
12
10
16
18
18
19
18
11
10
9
4
3
1
-1
-2
-4
-5
3
5
4
-4
-11
-9
-19
-20
-15
-9
-4
-12
-14
-21
-27
-29
-28
-26
-21
-16
-10
-11
-6
7
18
26
27
22
24
23
25
26
30
31
22
17
20
27
27
22
4
-13
-16
-17
-11
-9
-7
-4
-9
-5
-3
0
0
-2
0
4
7
8
5
1
3
-1
4
13
23
25
18
17
17
17
15
15
9
9
7
6
16
19
15
15
13
10
0
-6
-8
-11
-13
-4
-5
-20
-24
-28
-25
-28
-34
-30
-24
-21
-23
-15
-7
-5
-4
0
5
8
14
20
20
15
9
3
-2
-4
-3
-11
-22
-22
-21
-17
-20
-17
-21
-24
-26
-33
-38
-37
-38
-34
-28
-30
-28
-18
-6
1
6
5
7
7
13
18
23
26
23
21
27
31
33
36
36
29
18
8
12
15
5
-3
-5
-11
-16
-15
-21
-16
-17
-31
-38
-41
-40
-38
-32
-20
-12
-3
9
16
24
32
35
34
33
34
32
31
33
35
33
24
22
29
33
28
22
24
21
18
12
7
5
-1
3
0
-4
-5
-3
5
3
0
-5
-6
3
17
23
20
15
13
15
20
23
18
13
6
5
9
12
18
10
7
0
-5
-14
-24
-21
-26
-39
-44
-48
-55
-56
-61
-58
-50
-48
-50
-53
-51
-55
-52
-48
-44
-41
-38
-34
-25
-20
-11
-6
4
12
18
24
25
28
24
26
26
26
22
23
27
26
32
32
31
28
22
18
18
16
15
16
9
7
2
0
5
2
3
2
-6
-8
-10
-14
-16
-11
-4
-3
5
10
6
7
7
9
-2
-8
-12
-10
-6
1
9
9
14
17
19
24
25
25
23
21
20
22
22
21
21
21
16
10
7
7
5
3
6
11
16
14
7
4
5
2
-6
-9
-10
-8
-8
-6
-7
-19
-20
-25
-24
-24
-26
-27
-34
-42
-44
-45
-41
-31
-24
-19
-18
-12
-8
-10
-5
-10
-8
-8
-8
-6
-1
0
6
11
12
14
6
3
6
4
-1
-5
-6
-2
-1
5
4
-1
-2
-2
-3
1
4
4
6
3
4
8
19
24
23
23
14
12
12
11
8
2
0
-5
-2
-5
-8
-10
-15
-9
-15
-13
-9
