-21
-16
-17
-9
-4
-6
-3
1
0
-1
0
-1
4
10
17
18
13
12
10
9
7
11
14
5
5
6
8
10
7
10
13
10
8
6
8
6
6
12
20
23
18
18
21
20
25
19
21
23
21
26
28
28
23
12
9
16
17
21
18
14
12
8
3
-4
-8
-16
-24
-33
-34
-34
-28
-19
-20
-23
-30
-36
-34
-24
-25
-30
-36
-37
-33
-38
-45
-41
-38
-37
-37
-36
-34
-35
-35
-32
-21
-18
-20
-17
-8
2
6
11
20
24
23
22
19
20
22
24
28
33
35
31
26
27
27
20
13
12
20
18
15
12
7
5
0
2
-1
2
1
1
6
13
19
21
22
21
22
24
22
24
30
24
23
26
23
22
15
11
2
-5
-7
-14
-18
-17
-18
-22
-25
-24
-19
-17
-18
-18
-19
-23
-21
-19
-11
-3
-2
0
-2
-5
-10
-6
0
2
-1
-3
-8
-10
-4
0
2
3
2
-7
-7
-2
4
5
6
4
12
11
8
17
14
16
4
-6
-3
6
16
18
14
14
7
1
2
1
-1
1
-3
-11
-15
-14
-9
0
1
-6
-6
-12
-20
-23
-24
-24
-23
-27
-25
-16
-16
-13
-15
-15
-19
-21
-12
-11
-7
-2
2
-1
1
3
-5
-8
-15
-17
-12
-6
0
9
10
8
4
-5
-2
3
8
5
7
16
19
20
13
11
2
-1
1
0
5
5
13
21
15
16
18
25
27
26
27
25
17
15
19
24
28
19
20
13
11
18
15
21
21
15
13
10
10
13
14
10
3
-1
9
10
11
6
-2
-9
-15
-19
-23
-23
-23
-23
-25
-25
-25
-25
-22
-21
-24
-25
-28
-25
-24
-23
-22
-24
-21
-19
-13
-9
-11
-12
-9
-8
-11
-12
-3
0
2
3
-1
-1
-1
5
5
4
-2
0
6
5
2
-2
1
-1
-7
-8
-9
-4
6
11
15
11
14
10
7
5
6
15
14
16
19
24
22
13
5
-1
-2
4
3
5
11
6
3
1
-5
-8
0
1
-7
-12
-9
-3
1
0
-6
-7
-11
-16
-12
-7
-2
2
-2
6
19
7
9
21
14
2
-8
-4
8
7
3
8
9
3
1
5
17
13
4
-1
-9
-16
-9
-4
-5
-6
-5
-6
-6
-4
-7
-5
-6
-8
1
2
-1
2
10
14
20
20
19
12
4
2
-3
1
4
7
11
5
-1
-2
-10
-20
-25
-28
-23
-16
-14
-17
-17
-15
-13
-9
-11
-7
-12
-17
-2
-3
-11
-14
-14
-12
-5
-2
9
17
8
6
13
14
9
4
8
6
5
5
5
7
13
25
25
13
7
6
1
1
8
12
14
9
7
6
5
0
-2
-2
-10
-15
-18
-14
-7
-1
3
-1
-4
-9
-7
-4
-1
-3
-10
-11
-6
-7
-3
3
2
10
12
14
16
20
22
18
24
27
28
20
21
20
20
17
5
15
22
24
24
17
5
-7
-11
-20
-26
-22
-20
-21
-30
-33
-29
-30
-32
-41
-42
-38
-26
-14
-8
2
-5
-11
-19
-20
-16
-13
-6
-2
2
3
7
6
7
0
-6
-2
-3
-5
-5
-9
-9
-11
-16
-12
-7
1
4
0
2
-5
-7
-7
-12
-14
-12
-9
-5
5
15
24
36
38
34
25
18
14
4
7
11
14
17
20
21
21
20
17
11
10
9
8
4
8
12
8
12
7
10
14
15
17
12
5
8
10
5
8
11
10
3
-1
7
15
21
20
18
12
4
-1
-3
-7
-10
-16
-22
-9
-8
-9
-11
-19
-20
-17
-16
-14
-12
-11
-18
-27
-22
-20
-17
-11
-18
-15
-25
-29
-25
-29
-24
-29
-36
-33
-22
-12
-6
-8
-8
-5
-8
-10
-9
-8
-11
-8
-2
3
5
11
22
28
27
19
15
16
15
7
11
14
8
8
8
12
18
20
19
19
17
13
12
10
14
14
10
12
7
7
7
1
-2
-12
-10
-3
-5
3
4
4
2
1
-4
-8
-11
-9
-9
-8
-8
-11
-6
-8
-11
-11
-18
-21
-17
-9
-2
5
6
7
6
8
13
15
14
7
4
10
18
21
23
22
25
19
10
3
-3
-5
-11
-10
-9
-7
1
7
11
8
-2
-2
4
3
8
10
12
12
3
5
7
7
6
-6
-15
-11
-8
4
8
6
0
-9
-14
-11
-8
-7
0
-8
-12
-13
-14
-12
-17
-20
-20
-20
-18
-17
-10
-8
-13
-13
-11
-7
-7
-7
-1
-6
-10
-16
-20
-16
-16
-4
0
6
7
0
-2
-3
-4
-10
-10
-7
-9
-11
-9
-5
-2
-1
2
1
4
15
22
21
18
13
11
10
16
18
19
17
14
13
16
13
5
9
10
15
19
26
26
24
25
23
20
14
14
16
19
21
11
4
5
3
8
10
10
9
1
-4
-9
-6
-6
-12
-10
-2
-4
-5
-5
1
-2
-10
-16
-15
-14
-10
-10
-10
-13
-16
-13
-12
-17
-18
-17
-24
-31
-26
-24
-21
-17
-15
-17
-17
-16
-12
-8
-10
-11
-12
-5
1
1
5
13
10
11
8
9
7
7
10
13
24
28
20
20
19
9
8
5
6
6
0
-3
-1
1
-1
-5
-9
-13
-13
-13
-10
-9
-13
-17
-27
-25
-24
-25
-30
-27
-26
-16
-11
-14
-8
-28
4
-104
-194
-112
30
190
246
238
161
3
-156
-165
-52
60
103
80
44
19
-34
-103
-89
-19
50
114
145
163
105
-25
-111
-126
-60
11
60
68
55
48
63
39
6
-10
-15
3
11
18
18
14
15
22
8
-20
-27
-9
-8
-15
-23
-15
-18
-26
-29
-31
-30
-29
-25
-16
12
-33
-64
-15
51
71
45
26
19
-15
-70
-67
-29
0
-3
-24
-31
-31
-50
-77
-52
-6
17
15
19
14
-24
-85
-103
-75
-31
5
14
3
-22
-32
-30
-33
-33
-18
5
9
3
1
4
4
9
17
8
-1
3
6
8
9
10
8
9
10
10
17
21
29
39
55
61
47
29
13
23
40
44
52
65
52
25
-8
-18
-7
0
0
10
0
3
4
5
13
0
-14
-24
-20
-13
-3
-2
16
6
14
16
19
27
22
21
8
14
19
26
19
23
30
19
24
3
8
14
17
11
-1
-12
-21
-11
-22
-3
-18
-20
-20
-30
-15
-21
-16
-7
-2
-1
3
-11
-18
-19
-18
-2
-15
-26
-21
-13
-5
-12
-16
-24
-22
-10
-4
-9
-22
-34
-49
-53
-52
-43
-32
-18
-19
-37
-46
-51
-40
-29
-15
-2
6
21
31
35
30
19
21
18
20
13
10
16
17
7
2
3
6
12
0
-18
-40
-46
-26
-11
-3
-2
-6
-12
-15
-11
0
8
15
28
32
30
24
17
23
30
32
40
44
41
36
26
14
7
2
0
11
28
17
5
10
5
-6
-9
-6
3
11
19
22
17
17
14
26
35
37
41
40
37
34
23
16
18
18
15
17
16
15
2
-11
-19
-18
-15
-17
-22
-23
-19
-18
-22
-24
-17
-13
-9
-11
-11
-19
-18
-20
-18
-16
-22
-22
-29
-29
-25
-22
-23
-28
-27
-29
-31
-33
-33
-40
-43
-35
-32
-33
-30
-26
-30
-28
-23
-21
-16
-9
2
9
5
-2
-2
11
11
12
14
18
29
31
36
42
55
51
27
7
2
3
13
17
16
15
4
-3
-13
-12
-12
-19
-18
-12
-6
-6
-8
-2
3
-4
-3
1
12
21
30
30
21
12
14
20
19
25
20
16
17
21
24
33
37
38
39
34
20
12
14
12
7
4
-3
-10
-11
-18
-19
-20
-15
-9
-14
-8
-6
-8
-7
-15
-17
-16
-17
-12
-10
-6
-3
-6
-5
-8
-11
-12
-15
-12
-11
-12
-13
-7
-9
-18
-13
-9
-8
-6
-6
0
9
4
-2
-4
1
3
5
4
4
2
-6
-10
-7
-1
-6
-14
-4
13
12
7
-4
-10
-14
-8
1
8
12
6
1
-8
-4
4
6
12
14
14
8
9
1
-4
2
-2
-4
-6
-13
-16
-18
-16
-22
-27
-22
-18
-7
0
7
-1
-12
-21
-30
-26
-20
-7
3
1
2
1
8
17
22
26
22
21
21
17
17
17
22
35
33
25
24
28
25
9
1
-6
-6
1
2
0
-3
-5
-3
2
8
14
15
18
18
18
11
2
2
7
10
6
1
6
14
15
24
30
25
23
16
17
3
-5
-7
-14
-9
-3
-6
-8
-9
-16
-27
-41
-45
-37
-20
-9
-6
-3
-10
-17
-18
-18
-24
-21
-18
-16
-23
-23
-21
-28
-30
-35
-37
-34
-30
-24
-20
-14
-17
-23
-25
-21
-22
-25
-29
-26
-16
-1
13
20
10
-5
-8
-10
-2
4
7
14
19
28
28
29
39
40
36
34
29
30
31
34
39
37
34
29
27
21
20
25
29
28
20
22
20
22
20
15
10
2
6
15
21
19
14
9
-1
-13
-14
0
1
2
-9
-22
-30
-42
-38
-30
-30
-29
-27
-29
-30
-23
-11
-11
-20
-31
-28
-21
-7
4
5
8
6
-1
4
10
13
16
21
22
24
21
19
6
-4
-7
-11
2
9
13
16
10
5
-4
-4
0
-3
-2
0
-1
0
0
0
7
6
0
3
0
4
7
6
5
0
-2
-6
-12
-15
-18
-22
-22
-24
-22
-24
-26
-22
-21
-20
-26
-29
-27
-31
-29
-21
-12
-7
-9
-10
-12
-8
-4
0
-8
-13
-4
-2
-2
-2
-10
-14
-19
-12
8
9
3
-8
-14
-15
-16
-6
6
17
22
23
28
25
22
25
21
22
17
14
25
34
39
45
46
49
46
39
38
34
37
35
34
32
28
28
23
23
17
18
18
19
24
21
18
11
-2
-9
-9
-6
-2
6
12
7
0
-4
-5
-6
-9
-7
1
-2
-7
-13
-13
-15
-27
-39
-40
-37
-30
-28
-28
-23
-23
-23
-28
-32
-33
-36
-37
-42
-44
-46
-49
-46
-39
-30
-31
-30
-26
-20
-14
-12
-18
-21
-16
-13
-14
-13
-13
-20
-27
-20
-18
-12
-6
-2
1
0
6
6
23
37
29
31
39
32
27
31
25
23
21
15
24
30
33
36
39
36
30
17
12
18
14
8
8
14
18
25
26
24
25
25
23
28
25
28
34
31
31
17
10
1
5
10
8
4
3
2
-5
-13
-20
-16
-19
-24
-24
-21
-15
-13
-13
-15
-10
-7
-13
-17
-22
-27
-26
-26
-21
-19
-20
-15
-4
-2
-8
-14
-18
-13
-9
-12
-8
-4
-1
9
4
-4
-7
-16
-14
-11
-8
-5
-3
2
9
15
14
13
17
18
15
8
2
7
9
11
3
-2
-4
-8
-16
-18
-22
-20
-14
-13
-10
-13
-9
-9
-12
-6
-1
0
10
12
9
1
-11
-15
-13
-11
-14
-11
-10
-9
-3
-1
-5
-7
-8
-12
-15
-16
-7
-7
-1
5
6
8
7
7
11
16
11
11
11
16
20
19
22
28
28
26
27
33
39
31
30
27
24
22
17
15
13
13
14
16
19
26
28
30
24
22
14
9
12
15
26
25
18
14
3
-10
-21
-29
-35
-38
-40
-37
-37
-36
-34
-30
-30
-33
-37
-42
-30
-19
-10
-19
-32
-36
-37
-27
-19
-13
-9
-7
-2
2
3
2
-6
-13
-20
-27
-21
-16
-5
-3
-3
-2
-3
-4
-4
-11
-16
-15
-13
-4
4
19
31
33
23
6
4
2
1
4
11
18
23
37
43
40
19
8
8
7
11
17
24
11
0
15
17
9
4
5
9
4
-4
-9
-8
3
13
22
23
14
10
10
7
5
3
0
0
-2
-5
-4
-3
-1
7
5
-8
-12
-8
-6
-6
-12
-13
-15
-7
2
2
8
3
-5
-9
-14
-13
-16
-19
-25
-29
-34
-31
-28
-18
-1
2
2
2
0
-1
3
1
-5
-10
-18
-13
-5
8
16
12
6
6
7
8
6
12
15
6
2
12
24
30
23
16
14
8
6
4
6
6
8
0
-7
-1
1
2
-2
-5
-6
-8
-8
-7
3
3
4
5
8
9
5
-5
-11
-9
-12
-6
-4
-5
-4
-6
-13
-16
-7
1
5
8
14
15
9
5
6
5
5
4
7
14
14
14
10
2
-11
-23
-32
-31
-20
-18
-16
-12
-10
-7
-7
-15
-15
-15
-10
-2
4
6
3
1
-1
-1
4
8
16
27
33
38
35
29
28
22
22
16
11
8
6
7
4
6
2
-10
-14
-17
-22
-28
-24
-19
-19
-18
-16
-17
-26
-32
-29
-23
-14
-11
-14
-12
-3
-1
-2
-5
-10
-12
-15
-19
-18
-16
-11
-7
-5
-7
-11
-7
-9
-9
-12
-14
-11
-3
-1
-3
2
3
11
17
21
24
22
29
33
37
39
44
47
46
49
47
47
38
35
36
35
29
23
25
27
23
14
8
3
-1
-4
-3
-2
1
4
8
12
10
3
3
7
3
1
-4
0
9
8
2
-6
-6
-10
-15
-26
-36
-41
-42
-42
-41
-40
-42
-45
-49
-50
-46
-40
-40
-32
-30
-29
-28
-27
-24
-22
-21
-17
-11
-11
-12
-13
-8
-3
0
3
-1
2
-4
-10
-12
-9
-9
-15
-10
-5
1
5
6
13
15
14
3
7
14
16
23
27
27
30
33
34
36
37
40
34
28
26
31
26
13
10
10
5
-3
0
5
6
0
2
11
9
-3
-13
-6
4
1
1
6
15
11
6
13
19
14
-3
-1
8
12
14
16
20
20
9
2
5
-1
-7
-11
-14
-5
-7
-15
-27
-27
-22
-23
-13
-7
-16
-26
-24
-16
0
5
1
-4
-5
-2
3
9
15
17
11
7
-6
-14
-16
-18
-15
-16
-15
-16
-23
-22
-13
0
5
-3
-12
-6
-5
-8
-5
3
1
-14
-13
0
11
12
11
20
23
24
18
14
17
23
24
19
18
27
30
15
6
9
10
0
-7
-4
-9
-21
-27
-31
-20
-8
-15
-12
-14
-24
-28
-30
-20
-7
-3
3
6
2
-2
-6
-1
-1
-9
-15
-28
-29
-26
-16
-8
-12
-7
-11
-21
-22
-13
-11
-11
-13
-5
0
0
7
16
27
26
23
26
32
29
30
32
29
20
12
14
11
6
11
10
13
14
9
6
1
-4
0
-1
0
-5
-9
-6
-3
-3
-1
11
18
22
18
16
16
20
24
25
30
27
25
20
17
18
25
29
25
11
-6
-14
-14
-15
-24
-20
-16
-17
-14
-15
-19
-32
-46
-43
-30
-17
-19
-32
-40
-37
-40
-40
-27
-18
-5
-3
-1
-7
-11
-13
-14
-5
-3
-2
1
-2
-5
-1
4
8
11
12
15
12
4
-3
1
11
22
24
27
26
16
11
13
24
35
39
37
36
41
34
26
24
23
21
7
-10
-12
-11
-10
-7
-4
-2
-21
-45
-46
-29
-12
-8
-6
-4
-12
-17
-23
-18
-6
-8
-15
-15
-8
-6
-10
-2
11
18
3
-14
-24
-23
-20
-15
0
5
1
-11
-17
-9
-5
-3
0
0
-4
-15
-22
-26
-27
-31
-28
-21
-15
-3
7
13
12
15
22
31
28
16
11
13
18
16
21
23
22
9
-1
0
-2
-3
-1
7
15
19
16
13
12
14
10
13
17
26
34
21
24
39
37
11
-5
9
23
17
20
34
17
-12
-22
-5
11
6
2
1
-10
-21
-16
-4
-4
-11
-15
-14
-22
-32
-30
-24
-18
-22
-15
-8
-13
-22
-16
-4
7
11
15
12
-12
-20
-9
4
3
-4
-9
-13
-19
-18
-16
-20
-26
-16
-12
-11
-9
-15
-21
-24
-9
10
8
-4
2
20
20
8
16
27
12
-11
-8
9
21
8
-10
-3
7
8
13
17
19
22
16
5
6
9
19
15
4
0
-8
-15
-18
-5
10
3
-16
-20
-6
4
1
-3
-1
3
-6
-13
-10
-10
-16
-19
-9
3
10
-2
-22
-25
-18
-9
-16
-13
-13
-18
-21
-13
-1
-1
-2
4
11
14
10
6
12
11
16
24
27
20
11
10
9
6
6
8
-1
-7
4
26
44
41
27
15
12
13
26
45
44
18
-7
-5
-2
-12
-12
13
21
5
-1
4
2
-14
-16
4
4
-5
-5
-10
-5
2
0
2
-4
-15
-32
-43
-32
-19
-21
-40
-45
-36
-29
-25
-24
-15
-10
-18
-18
-5
-1
-13
-23
-13
-3
-1
-7
-8
0
-9
-13
-9
-9
-7
10
34
46
33
31
32
30
34
38
47
49
38
20
14
17
25
22
14
17
29
37
16
-2
3
8
-1
-6
8
15
5
-18
-29
-11
-11
-26
-32
-24
-12
-20
-34
-40
-33
-39
-49
-34
2
9
-16
-36
-32
-12
-6
2
9
16
4
-23
-29
-15
-3
-3
-7
-4
-3
-15
-30
-33
-16
1
13
18
16
5
-4
3
21
46
48
35
10
-5
0
5
11
10
15
17
7
-2
-5
4
18
19
10
9
4
-2
3
15
29
14
-8
-14
3
21
14
-1
-10
-23
-31
-18
-5
-3
-11
-12
-3
1
10
9
5
4
2
7
4
-12
-20
-19
-19
-17
-22
-25
-24
-17
-9
3
5
3
5
2
-5
-8
3
25
48
51
39
20
3
-6
3
16
25
21
4
-12
-16
-5
8
15
17
24
21
9
-7
0
14
18
20
20
29
19
5
0
17
43
46
29
8
7
10
12
21
29
21
9
0
8
20
4
-29
-43
-26
-16
-28
-43
-48
-52
-67
-53
-25
-25
-48
-68
-57
-36
-27
-32
-37
-37
-43
-53
-40
-29
-34
-39
-39
-20
-15
-24
-32
-23
-2
6
2
-5
-2
13
26
36
46
53
41
27
30
44
41
21
3
10
25
31
35
37
23
-8
-17
1
24
20
-1
-2
8
0
-10
-3
9
26
21
20
27
20
6
-7
7
35
37
19
-2
-12
-15
-25
-10
22
35
19
-7
-9
0
-4
-4
2
2
-12
-22
-8
5
5
-6
-11
-3
2
9
16
9
4
9
23
27
16
16
8
-4
7
14
-1
-17
-16
-11
-16
-21
-9
-7
-20
-23
-17
-18
-30
-23
9
34
31
23
9
-2
-3
15
42
52
41
15
-3
4
20
36
27
6
-14
-17
-18
-21
-18
-2
9
-10
-22
-9
8
3
0
19
29
12
-19
-35
-44
-43
-32
-23
-15
-17
-23
-44
-49
-24
3
15
-1
-12
-17
-32
-41
-23
9
12
-13
-30
-19
-15
-40
-50
-22
-1
-17
-41
-46
-44
-59
-51
-12
24
22
2
-17
-25
-19
-9
9
36
42
22
-5
-11
-2
3
20
35
36
28
18
10
1
-9
14
37
51
55
42
14
-11
1
38
61
52
21
-6
-3
19
31
34
46
46
30
20
31
37
37
33
29
23
2
-15
-16
-6
13
31
32
20
6
-1
-3
4
18
29
30
27
19
1
-16
-15
-5
-2
-3
9
8
-31
-72
-72
-30
-2
5
3
-13
-40
-70
-71
-38
-4
11
1
-6
-3
-12
-23
-10
17
35
34
29
15
-21
-47
-19
25
38
18
-4
-27
-53
-57
-38
-8
1
-31
-71
-69
-43
-42
-46
-25
19
24
-11
-50
-69
-66
-45
-3
60
109
67
-53
-108
-58
0
41
90
114
47
-65
-112
-51
28
60
58
52
45
11
-25
-21
6
6
0
18
51
40
-3
-30
-30
6
51
55
13
-17
-8
-12
-21
16
46
8
-47
-23
12
-4
-32
-37
-46
-43
-4
44
39
6
7
4
-20
-18
18
31
23
28
47
24
-32
-62
-60
-12
47
76
65
31
-2
-12
12
45
37
18
21
22
8
16
36
42
33
31
48
62
79
73
80
113
101
26
-18
-14
-32
-74
-73
-87
-166
-249
-272
-238
-199
-187
-178
-152
-92
-18
16
52
118
174
200
257
339
372
327
269
269
303
304
247
181
135
81
13
-24
-11
-25
-128
-257
-310
-292
-298
-334
-359
-379
-418
-440
-397
-310
-241
-220
-184
-124
-68
-13
50
131
196
222
241
271
301
301
280
263
200
85
-14
-68
-136
-217
-290
-370
-460
-519
-499
-441
-381
-328
-288
-245
-161
-52
74
206
315
373
419
492
560
594
609
602
571
557
544
481
374
285
232
170
92
-2
-123
-247
-363
-463
-487
-445
-425
-505
-533
-419
-208
51
335
706
1108
1273
969
540
572
1070
1365
1165
809
462
-157
-879
-968
-375
-30
-533
-1270
-1480
-1338
-1470
-1745
-1567
-1066
-904
-1145
-1155
-752
-472
-609
-589
61
837
997
641
408
563
866
1079
1234
1303
1104
654
270
170
250
263
80
-237
-573
-826
-945
-993
-1032
-1007
-820
-572
-474
-500
-454
-223
99
429
759
1049
1151
1030
924
1045
1276
1326
1120
831
599
398
158
-104
-281
-374
-513
-730
-910
-973
-979
-985
-911
-725
-497
-338
-247
-135
77
362
597
744
866
962
963
905
900
926
878
763
592
374
104
-118
-241
-356
-513
-704
-912
-1101
-1131
-947
-601
-312
-33
355
683
606
242
258
893
1502
1483
1094
765
318
-352
-589
-49
494
129
-816
-1342
-1316
-1412
-1775
-1781
-1339
-1162
-1520
-1770
-1452
-1026
-1042
-1072
-492
396
778
525
301
508
938
1270
1523
1720
1641
1197
716
562
676
734
536
128
-343
-737
-962
-1067
-1174
-1252
-1164
-985
-926
-923
-692
-227
132
316
589
989
1180
1070
975
1143
1380
1308
1000
794
722
528
217
41
110
92
-225
-588
-727
-728
-761
-791
-706
-541
-471
-532
-485
-202
98
239
313
476
691
830
879
921
936
890
817
716
623
567
452
124
-265
-452
-412
-339
-345
-337
-289
-146
134
398
330
73
124
555
883
837
623
378
-44
-535
-530
10
317
-195
-1040
-1426
-1365
-1415
-1649
-1627
-1399
-1465
-1819
-1868
-1451
-1098
-1121
-1080
-562
111
373
276
280
574
987
1322
1548
1611
1420
1056
801
804
882
775
436
-41
-510
-821
-940
-998
-1142
-1296
-1279
-1127
-973
-787
-442
-63
138
253
518
880
1113
1195
1276
1352
1299
1138
1006
953
876
736
567
417
263
49
-200
-399
-500
-545
-603
-662
-685
-671
-661
-610
-409
-114
103
179
225
350
536
729
916
1100
1161
1048
882
776
683
532
360
222
92
-69
-263
-510
-688
-584
-101
426
538
78
-507
-567
20
655
857
724
329
-355
-945
-762
58
488
-51
-887
-1165
-1043
-1151
-1477
-1527
-1315
-1311
-1546
-1529
-1200
-1115
-1452
-1514
-830
65
397
152
-83
46
467
996
1464
1638
1418
1013
771
812
983
1047
841
382
-104
-398
-501
-642
-901
-995
-691
-253
-245
-743
-1131
-979
-540
-79
442
803
521
-208
-483
162
1087
1441
1191
851
724
701
661
711
899
904
540
184
177
247
13
-382
-523
-282
11
-30
-385
-671
-657
-389
-35
297
474
363
49
-75
231
691
866
645
287
111
112
145
272
511
621
441
399
829
1304
1041
209
-89
478
984
790
322
-28
-614
-1412
-1500
-636
-8
-663
-1836
-2144
-1655
-1455
-1752
-1710
-1226
-1146
-1641
-1733
-991
-353
-536
-850
-393
509
845
527
310
563
971
1198
1338
1410
1232
790
388
329
530
627
362
-231
-811
-1034
-890
-720
-686
-672
-690
-850
-1047
-1023
-717
-289
47
142
45
-67
-72
87
420
885
1254
1236
905
624
633
847
1016
1007
871
741
536
234
44
26
67
74
73
34
-133
-338
-423
-282
25
333
467
409
278
217
259
353
541
683
691
555
396
263
227
391
633
747
902
1289
1530
1053
96
-219
434
1074
865
252
-203
-851
-1734
-1950
-1073
-259
-781
-2044
-2543
-2112
-1898
-2214
-2168
-1595
-1342
-1715
-1867
-1221
-586
-682
-877
-251
787
1151
747
424
681
1152
1408
1540
1628
1473
975
458
318
491
610
338
-217
-646
-708
-504
-485
-883
-1327
-1347
-1101
-968
-880
-673
-628
-927
-1084
-545
340
730
573
496
850
1304
1426
1327
1363
1511
1411
1139
1106
1180
968
439
97
202
383
160
-365
-608
-507
-401
-451
-389
-116
34
-94
-192
38
441
619
556
554
686
757
648
620
884
1182
1222
1082
1281
1701
1734
1124
413
349
771
874
379
-188
-601
-1294
-2094
-2136
-1395
-984
-1678
-2672
-2825
-2348
-2181
-2364
-2158
-1642
-1517
-1788
-1705
-965
-352
-412
-501
75
923
1212
928
735
1009
1465
1662
1650
1577
1364
927
486
382
620
754
426
-201
-713
-971
-1085
-1194
-1340
-1370
-1264
-1300
-1637
-1890
-1625
-1036
-606
-367
-41
343
543
609
877
1455
1984
2056
1800
1698
1843
1931
1801
1593
1455
1270
919
458
130
7
-114
-338
-609
-736
-755
-873
-1013
-920
-638
-466
-446
-325
-175
-117
-92
158
617
969
1058
1078
1219
1619
2268
2833
2779
1951
1087
974
1528
1758
1252
445
-482
-1628
-2373
-1989
-1116
-1220
-2507
-3586
-3495
-2985
-3007
-3166
-2771
-2206
-2218
-2475
-2053
-1084
-607
-797
-573
505
1478
1514
1097
1113
1630
2062
2175
2195
2128
1753
1150
809
996
1372
1246
356
-704
-1178
-1122
-1163
-1510
-1764
-1850
-2126
-2561
-2611
-2106
-1601
-1390
-1169
-633
-7
321
438
732
1407
2062
2310
2311
2379
2434
2358
2306
2367
2412
2106
1528
1004
811
735
360
-192
-573
-641
-726
-1066
-1300
-1215
-1088
-1117
-1256
-1136
-830
-575
-552
-505
43
620
724
679
1096
2126
3020
3154
2508
1693
1529
2000
2434
2307
1739
817
-713
-2120
-2066
-904
-566
-1940
-3518
-3802
-3332
-3372
-3798
-3496
-2730
-2751
-3367
-3208
-2001
-1158
-1374
-1420
-306
1078
1409
977
962
1565
2233
2622
2847
2935
2600
1894
1384
1590
2243
2315
1295
-133
-890
-950
-1092
-1465
-1693
-1872
-2424
-3149
-3285
-2706
-2092
-1876
-1766
-1343
-702
-289
-135
244
1074
1873
2244
2338
2411
2522
2590
2725
2978
3166
2885
2183
1542
1260
1199
963
519
102
-233
-581
-1052
-1337
-1381
-1330
-1318
-1335
-1295
-1286
-1386
-1315
-933
-333
154
424
626
1047
2032
2968
2861
1865
1363
2090
2972
2853
2185
1519
519
-1065
-1768
-704
325
-658
-2878
-3937
-3422
-3112
-3612
-3767
-3181
-3120
-4022
-4296
-3096
-1804
-1784
-2298
-1711
-242
646
572
499
1052
1833
2403
2773
3003
3029
2713
2302
2286
2779
3191
2646
1224
77
-127
0
-344
-1054
-1682
-2263
-2840
-3173
-3021
-2651
-2491
-2533
-2400
-1818
-1087
-675
-476
5
859
1602
1982
2171
2367
2667
2912
3180
3474
3493
3141
2631
2360
2298
2044
1521
959
463
38
-429
-772
-1115
-1543
-1895
-2148
-2119
-2018
-2049
-2145
-2174
-1795
-1188
-617
-170
535
1762
2563
2162
1352
1549
2862
3756
3455
2908
2335
1055
-589
-639
904
1363
-559
-2896
-3406
-2873
-3274
-4082
-3847
-3213
-3817
-5132
-5062
-3507
-2509
-2915
-3200
-2083
-626
-128
-162
253
1245
2161
2677
3039
3367
3464
3211
3012
3350
4007
3998
2750
1163
530
662
528
-153
-959
-1803
-2816
-3534
-3431
-2878
-2722
-3103
-3373
-3018
-2276
-1632
-1185
-625
62
599
1070
1701
2364
2723
2819
3119
3638
3978
3745
3195
2946
2921
2846
2509
2015
1466
773
80
-263
-215
-325
-1117
-2014
-2319
-2013
-1767
-1913
-2157
-2155
-1998
-1679
-1172
-269
935
1688
1315
323
455
1949
3142
3008
2573
2405
1574
-118
-624
940
2114
596
-2033
-2740
-1895
-2078
-3370
-3672
-2815
-2991
-4585
-5243
-3930
-2714
-3168
-3865
-3035
-1531
-1059
-1430
-1167
58
1199
1677
1960
2463
2889
2882
2778
3335
4447
4786
3590
2020
1586
2034
2067
1347
490
-389
-1568
-2596
-2705
-2162
-2068
-2817
-3646
-3626
-2870
-2312
-2208
-1964
-1260
-570
-207
213
934
1614
1915
2194
2866
3666
3851
3409
3167
3483
3840
3632
3064
2717
2418
1766
1030
735
661
128
-839
-1518
-1664
-1662
-1908
-2392
-2636
-2498
-2153
-1910
-1372
-202
629
57
-1010
-471
1577
2697
2128
1713
1972
1468
36
70
2049
2835
675
-1773
-1706
-588
-1181
-2651
-2780
-2174
-2953
-4640
-4804
-3448
-2943
-3894
-4422
-3397
-2147
-1982
-2263
-1821
-681
272
680
1072
1768
2415
2532
2474
3267
4531
4663
3326
2157
2410
3147
2906
1917
982
116
-886
-1519
-1356
-1085
-1516
-2624
-3458
-3249
-2487
-2140
-2307
-2353
-1906
-1347
-956
-514
158
795
1058
1348
2050
2801
2956
2741
2913
3455
3708
3382
2993
2882
2748
2361
1940
1681
1349
745
17
-453
-646
-898
-1367
-1800
-1896
-1739
-1691
-1740
-1216
-339
-87
-910
-1250
-123
1268
1268
766
1064
1294
189
-646
724
2545
1799
-712
-1553
-402
-73
-1271
-1868
-1306
-1574
-3288
-4197
-3122
-2039
-2672
-3910
-3902
-2893
-2317
-2461
-2413
-1682
-833
-522
-531
-70
934
1694
1630
1679
2769
3826
3391
2122
1814
2652
3131
2596
1871
1225
339
-543
-640
-192
-215
-1141
-2280
-2554
-2004
-1583
-1699
-1925
-1881
-1581
-1293
-926
-406
123
320
387
952
1775
2256
2126
2054
2519
3026
3039
2780
2812
2845
2552
2139
1968
1859
1513
805
243
138
80
-296
-974
-1444
-1373
-1034
-1043
-1007
-439
92
-450
-1414
-1114
519
1399
691
174
548
321
-884
-779
1122
1988
114
-1926
-1565
-286
-634
-1729
-1605
-1081
-1956
-3430
-3371
-2019
-1601
-2633
-3347
-2764
-1851
-1655
-1876
-1691
-975
-296
-148
-179
256
1063
1476
1321
1543
2501
2942
2166
1301
1529
2259
2209
1484
932
541
-65
-638
-638
-377
-616
-1383
-1975
-1846
-1387
-1284
-1527
-1636
-1405
-1027
-753
-498
-118
168
280
570
1283
1965
2034
1710
1839
2470
2829
2632
2478
2523
2502
2158
1879
1898
1817
1438
799
371
134
-40
-374
-691
-838
-772
-827
-910
-533
-65
-191
-1065
-1164
-28
955
587
109
295
225
-762
-875
768
1809
346
-1672
-1530
-257
-408
-1486
-1581
-1169
-1910
-3253
-3145
-1858
-1575
-2675
-3423
-2868
-2000
-1748
-1773
-1510
-1035
-642
-395
0
626
1201
1414
1390
1811
2720
3062
2399
1764
1958
2479
2353
1740
1303
871
101
-526
-468
-255
-783
-1824
-2383
-2088
-1601
-1707
-2115
-2174
-1910
-1646
-1421
-1045
-504
-199
-234
-55
769
1690
1907
1611
1664
2355
2936
2906
2649
2695
2749
2549
2276
2189
2130
1772
1139
664
557
434
-29
-562
-815
-717
-645
-865
-600
-23
-146
-1231
-1677
-500
924
720
-97
-110
22
-794
-1161
472
2018
879
-1566
-1993
-432
167
-835
-1319
-1025
-1614
-2956
-3055
-1647
-992
-2127
-3334
-3158
-2202
-1702
-1696
-1580
-1268
-1002
-859
-591
120
908
1111
899
1103
2097
2872
2485
1819
1902
2442
2490
2012
1706
1591
1024
290
119
426
223
-804
-1630
-1526
-1004
-1090
-1864
-2309
-2074
-1759
-1713
-1670
-1329
-988
-1150
-1201
-494
622
1075
743
649
1336
2135
2384
2393
2615
2889
2773
2602
2672
2837
2734
2306
1839
1572
1396
978
308
-181
-234
-76
-395
-898
-641
-170
-784
-1997
-1894
-450
149
-812
-1155
-447
-586
-1867
-1587
743
1672
-343
-2068
-1066
519
61
-1073
-736
-239
-1371
-2691
-2109
-626
-789
-2428
-3283
-2592
-1666
-1562
-1906
-1869
-1468
-1204
-1194
-907
48
894
736
269
773
2181
2883
2255
1709
2098
2649
2510
2116
2129
2173
1438
521
434
893
709
-340
-1095
-945
-599
-986
-1811
-2033
-1632
-1471
-1742
-1866
-1518
-1244
-1491
-1491
-602
307
265
-207
23
1027
1699
1688
1694
2039
2249
2156
2190
2566
2804
2523
1994
1780
1924
1863
1332
762
566
542
362
90
-178
-99
91
-32
-758
-1383
-1124
-347
-301
-756
-785
-779
-1600
-2319
-1212
560
398
-1513
-2263
-1025
-135
-794
-1215
-629
-597
-1761
-2402
-1379
-314
-931
-2257
-2479
-1607
-1027
-1257
-1593
-1393
-962
-862
-1033
-695
183
625
221
30
917
2141
2174
1314
1195
2044
2565
2225
1834
1994
2034
1369
806
1125
1535
967
-130
-505
-79
71
-642
-1360
-1282
-1072
-1386
-1797
-1714
-1376
-1452
-1827
-1578
-739
-376
-739
-806
-52
745
875
748
1038
1595
1712
1616
1983
2584
2567
1951
1605
1904
2238
1894
1254
877
753
592
410
400
179
-175
-159
91
-155
-948
-1226
-485
-3
-531
-756
-423
-809
-1969
-1756
266
1213
-471
-2164
-1489
-9
-207
-1020
-583
-79
-1167
-2534
-2032
-363
-125
-1631
-2642
-2154
-1345
-1292
-1573
-1440
-1080
-1099
-1464
-1318
-297
553
300
-208
236
1413
1924
1414
1257
2007
2520
2127
1668
1899
2336
2024
1313
1209
1582
1388
473
-63
213
432
-95
-1003
-1286
-961
-1011
-1493
-1723
-1559
-1525
-1872
-1957
-1293
-693
-830
-1152
-835
-16
418
414
624
1086
1337
1313
1504
2063
2325
2022
1706
1757
1997
1976
1596
1224
940
789
520
198
46
61
-144
-397
-167
210
-263
-1512
-1579
-153
741
-154
-999
-693
-547
-1328
-1078
810
1623
-332
-2259
-1320
732
793
-480
-826
-632
-1290
-2095
-1475
-154
-303
-2002
-3139
-2596
-1402
-1013
-1563
-2083
-1837
-1373
-1421
-1443
-589
404
270
-496
-212
1220
2180
1809
1347
1864
2484
2313
2005
2288
2847
2754
1881
1299
1499
1649
1223
617
373
321
-103
-950
-1378
-956
-692
-1312
-2123
-2247
-1844
-1668
-1819
-1580
-1008
-1038
-1532
-1318
-283
583
715
462
578
1044
1392
1600
1883
2069
2011
1796
1579
1622
1759
1562
1066
709
679
505
-18
-456
-417
-193
-402
-1008
-963
-133
181
-550
-1366
-924
287
575
-52
33
525
37
-988
-322
1678
2038
-2
-1474
-494
910
434
-645
-555
-380
-1359
-2377
-1917
-738
-876
-2484
-3493
-2871
-1677
-1440
-2117
-2449
-1910
-1345
-1452
-1421
-420
592
419
-156
316
1675
2456
2063
1690
2226
2817
2649
2262
2303
2624
2406
1598
1146
1385
1355
615
-95
-131
52
-340
-1174
-1526
-1175
-1088
-1586
-1958
-1788
-1517
-1586
-1736
-1405
-845
-778
-954
-669
14
418
363
341
720
1159
1170
1091
1339
1705
1650
1241
1064
1254
1340
1107
758
671
546
117
-212
-172
-43
-135
-384
-493
-406
-165
448
788
298
-533
-375
784
1463
1093
916
919
152
-751
130
2235
2421
-31
-1746
-727
723
282
-748
-674
-701
-2079
-3128
-2090
-521
-906
-2908
-3902
-3065
-1935
-1725
-2033
-2070
-1777
-1769
-1896
-1332
-37
729
224
-362
369
1723
2164
1673
1587
2287
2550
1966
1658
2062
2374
1878
1104
938
1141
851
163
-96
162
142
-513
-1238
-1311
-824
-696
-1123
-1432
-1340
-1241
-1329
-1247
-763
-456
-792
-1098
-624
123
247
15
92
473
633
532
678
1075
1205
951
774
900
1147
1083
878
763
781
769
533
354
569
760
475
15
30
498
738
504
466
1135
1383
599
-249
280
1517
1770
756
269
698
479
-596
-470
1208
1705
-312
-2203
-1388
388
198
-1300
-1580
-1066
-1643
-2743
-2357
-908
-808
-2479
-3591
-2764
-1426
-1311
-1995
-2164
-1579
-1236
-1507
-1480
-494
418
126
-691
-425
802
1487
1091
772
1310
1751
1309
870
1329
2075
2006
1139
647
978
1201
839
495
655
810
269
-586
-702
-25
247
-444
-1190
-1179
-851
-914
-1172
-993
-613
-850
-1428
-1298
-433
80
-214
-604
-336
292
562
582
826
1139
1139
936
1066
1626
1990
1735
1302
1311
1619
1649
1346
1234
1346
1273
820
447
534
762
673
394
129
90
535
830
396
-396
-425
428
896
286
-56
367
162
-957
-1009
676
1556
-83
-1992
-1484
129
106
-1122
-1270
-732
-1389
-2697
-2498
-1000
-644
-2291
-3761
-3279
-1938
-1630
-2377
-2816
-2361
-1962
-2241
-2306
-1324
-204
-362
-1295
-1145
303
1365
1106
652
1177
1932
1781
1348
1761
2644
2659
1692
1103
1525
1941
1509
861
850
1063
563
-389
-685
-89
301
-354
-1308
-1479
-1112
-1000
-1131
-977
-666
-854
-1348
-1140
-147
537
343
-7
236
814
1183
1358
1613
1874
1847
1649
1709
2041
2236
2036
1649
1471
1538
1426
1127
953
922
704
217
-81
109
311
8
-356
-399
-238
-293
-274
372
958
409
-762
-821
474
1467
952
226
227
89
-666
-567
942
1671
-107
-2275
-1979
-296
-120
-1477
-2115
-1817
-2264
-3410
-3336
-2043
-1668
-3055
-4368
-3931
-2601
-2108
-2553
-2820
-2366
-1869
-1837
-1705
-866
116
224
-302
-153
889
1634
1425
1155
1646
2249
1971
1358
1511
2190
2306
1651
1168
1307
1368
921
609
895
1154
637
-253
-466
172
697
394
-245
-414
-213
-154
-142
215
660
513
-128
-272
442
1147
1134
778
680
813
897
944
1215
1467
1291
799
567
848
1206
1190
853
568
529
542
423
365
504
544
296
-28
-83
115
231
117
37
131
125
-88
-187
5
307
606
619
238
-397
-668
-117
603
416
-361
-831
-1075
-1481
-1495
-645
-67
-1107
-2815
-2889
-1474
-876
-1801
-2481
-2140
-1982
-2598
-2740
-1769
-1066
-1835
-3017
-2842
-1625
-959
-1323
-1801
-1626
-1142
-1075
-1140
-594
237
374
-241
-436
404
1340
1365
987
1235
1834
1838
1418
1531
2245
2620
2163
1617
1699
2057
2085
1951
2003
2017
1606
966
814
1287
1672
1346
570
55
51
217
280
267
134
-239
-714
-747
-206
279
144
-335
-536
-271
124
265
324
417
408
279
236
501
848
871
669
639
775
755
529
425
590
730
577
288
110
-45
-193
-184
-45
-93
-481
-956
-1068
-790
-517
-582
-691
-604
-598
-1005
-1417
-1040
-101
140
-549
-1017
-946
-965
-1202
-700
325
219
-1357
-2276
-1317
-103
-347
-1236
-1364
-1234
-1769
-2294
-1700
-726
-923
-2197
-2849
-2195
-1261
-1106
-1493
-1576
-1237
-1098
-1205
-860
71
683
370
-78
372
1378
1819
1609
1650
2116
2280
1944
1867
2422
2919
2659
1976
1756
2030
2108
1826
1656
1759
1663
1056
477
603
1115
1106
408
-209
-229
-12
-74
-279
-207
-72
-359
-827
-786
-192
233
36
-337
-295
-32
76
129
398
672
481
4
-116
324
784
716
289
27
29
115
162
205
219
39
-334
-569
-435
-189
-100
-307
-625
-848
-872
-729
-529
-500
-707
-954
-1041
-911
-705
-291
139
-41
-907
-1355
-595
508
545
-177
-359
-164
-509
-939
-170
1092
763
-1024
-1739
-563
441
-112
-943
-733
-470
-1227
-1900
-1229
-220
-548
-1819
-2228
-1373
-756
-1161
-1644
-1295
-680
-806
-1342
-1167
-255
306
48
-202
279
910
952
789
1170
1852
1967
1449
1244
1784
2335
2265
1887
1799
1911
1820
1607
1680
1919
1791
1172
674
773
1117
1067
533
64
-45
-106
-258
-273
-133
-227
-715
-1080
-826
-298
-168
-485
-672
-500
-304
-234
-131
101
233
101
-49
88
343
399
284
232
246
198
68
24
140
165
-60
-293
-282
-215
-313
-459
-443
-328
-379
-609
-683
-481
-296
-332
-470
-522
-385
-215
-98
36
292
541
455
91
-17
429
956
924
481
331
371
73
-316
-77
563
474
-592
-1339
-931
-359
-641
-1289
-1380
-1217
-1614
-2221
-2072
-1400
-1327
-2030
-2458
-2045
-1490
-1430
-1598
-1420
-981
-842
-961
-725
-85
349
272
175
589
1166
1237
953
1086
1667
1850
1415
1156
1499
1847
1620
1213
1303
1603
1390
863
817
1232
1316
830
445
637
904
678
276
323
597
478
39
-65
297
497
194
-112
30
311
232
-37
-5
277
334
62
-99
54
259
184
25
85
207
110
-125
-139
111
256
52
-230
-244
-10
124
1
-138
-96
-36
-127
-213
-82
74
-46
-308
-343
-121
6
-184
-405
-370
-219
-183
-251
-262
-223
-234
-344
-258
118
312
-110
-750
-793
-157
311
168
-148
-365
-690
-1042
-789
83
457
-308
-1300
-1443
-891
-587
-783
-932
-885
-1146
-1678
-1816
-1307
-875
-1130
-1633
-1613
-1158
-1004
-1236
-1230
-768
-401
-493
-645
-408
4
145
129
401
839
886
527
400
865
1440
1496
1172
1009
1127
1256
1295
1398
1571
1550
1265
1021
1112
1405
1513
1315
1083
1063
1148
1114
977
947
998
937
822
826
889
753
456
382
618
763
542
213
100
158
170
69
2
-64
-261
-504
-565
-397
-279
-420
-699
-779
-609
-498
-568
-620
-507
-360
-395
-483
-370
-149
-70
-129
-21
269
352
158
32
205
460
449
264
178
168
72
-94
-156
-94
-128
-391
-709
-852
-799
-786
-951
-1140
-1183
-1166
-1245
-1354
-1295
-1118
-1063
-1143
-1143
-987
-854
-860
-871
-746
-590
-578
-637
-578
-399
-336
-507
-733
-732
-540
-442
-569
-726
-737
-714
-764
-753
-550
-333
-334
-462
-415
-162
107
285
453
640
771
842
961
1220
1497
1621
1609
1626
1746
1857
1847
1774
1772
1778
1662
1489
1415
1399
1236
953
788
772
677
417
216
241
272
116
-92
-140
-52
4
-26
-16
83
146
146
185
342
522
584
502
458
586
769
801
691
612
630
634
531
424
406
377
215
33
-34
-43
-138
-336
-481
-519
-567
-691
-781
-782
-802
-920
-1029
-991
-894
-893
-974
-983
-910
-901
-954
-918
-809
-762
-854
-990
-1023
-969
-915
-906
-964
-1074
-1192
-1261
-1223
-1145
-1141
-1223
-1309
-1308
-1218
-1127
-1065
-995
-877
-761
-680
-573
-421
-264
-120
15
160
302
400
465
551
670
785
845
849
840
849
871
868
832
788
732
655
599
586
588
541
469
436
457
472
448
447
494
563
607
649
720
800
856
870
914
1024
1124
1132
1097
1101
1133
1127
1078
1035
1009
945
838
755
712
652
534
416
329
264
200
127
82
56
-4
-103
-156
-127
-92
-122
-181
-191
-168
-191
-240
-232
-200
-229
-288
-307
-295
-339
-432
-491
-499
-544
-643
-732
-786
-813
-826
-861
-968
-1085
-1122
-1079
-1053
-1080
-1090
-1061
-1045
-1042
-965
-846
-765
-746
-707
-609
-494
-401
-332
-261
-190
-132
-102
-86
-70
-12
41
46
12
-40
-81
-89
-74
-75
-127
-225
-280
-245
-187
-208
-277
-306
-264
-202
-167
-112
15
141
160
124
208
439
600
605
593
701
876
945
926
974
1075
1126
1100
1089
1134
1125
1025
955
986
1021
931
755
634
612
605
555
480
405
324
231
167
152
168
172
107
30
-11
-19
-15
-38
-65
-82
-127
-207
-240
-210
-212
-315
-443
-467
-456
-525
-643
-691
-659
-681
-816
-924
-888
-812
-810
-876
-900
-854
-803
-751
-677
-600
-582
-592
-527
-354
-179
-101
-86
-49
42
142
248
374
482
506
486
531
658
750
724
659
638
647
603
550
549
542
450
306
221
211
179
86
-21
-110
-160
-199
-264
-332
-367
-375
-405
-481
-533
-523
-484
-445
-395
-335
-316
-322
-285
-168
-29
73
131
165
228
336
465
564
610
613
610
625
679
766
829
785
647
542
544
586
558
443
304
198
89
-13
-36
-51
-156
-327
-462
-499
-515
-587
-675
-738
-776
-816
-858
-874
-873
-874
-876
-892
-884
-835
-805
-794
-765
-722
-682
-651
-600
-513
-447
-441
-419
-337
-242
-175
-127
-65
17
87
131
180
265
369
463
514
544
603
707
808
859
880
903
947
994
1032
1050
1083
1095
1062
1017
973
932
874
800
747
696
606
464
323
213
118
43
-47
-157
-266
-357
-439
-508
-549
-575
-609
-655
-679
-654
-610
-578
-541
-480
-417
-346
-269
-175
-72
-10
22
89
214
325
362
348
360
410
459
476
471
458
419
373
337
313
258
162
55
-11
-39
-98
-200
-286
-331
-381
-452
-514
-545
-588
-664
-720
-717
-703
-726
-732
-715
-723
-768
-785
-740
-692
-677
-659
-615
-569
-564
-568
-536
-465
-377
-317
-288
-234
-151
-81
-29
43
155
257
299
329
394
485
562
631
702
723
694
682
730
790
791
740
699
688
651
581
529
514
486
410
312
250
230
186
95
6
-31
-30
-46
-104
-149
-144
-126
-136
-160
-135
-70
-28
-43
-56
3
67
50
12
54
155
178
105
43
62
116
104
57
37
30
-14
-63
-57
-9
17
-45
-142
-180
-150
-97
-63
-69
-82
-104
-133
-136
-75
11
42
15
-20
-24
0
27
61
71
46
-1
-52
-81
-83
-62
-56
-119
-219
-286
-294
-283
-296
-314
-334
-363
-401
-413
-375
-314
-272
-251
-243
-239
-216
-161
-80
-13
20
32
48
89
132
160
192
208
189
178
213
269
288
254
231
246
257
229
213
232
251
236
202
193
191
181
165
154
141
138
136
135
130
120
118
106
98
93
80
52
12
-13
-29
-60
-96
-110
-130
-175
-208
-227
-263
-303
-308
-285
-287
-326
-362
-361
-336
-337
-338
-323
-304
-284
-261
-227
-197
-170
-154
-138
-109
-56
-9
12
29
63
114
141
141
150
176
203
213
233
251
264
251
223
232
278
309
298
277
272
283
295
302
309
305
262
207
187
219
240
199
120
75
68
42
-6
-44
-43
-55
-111
-170
-178
-161
-186
-248
-291
-296
-298
-309
-317
-307
-311
-337
-372
-362
-290
-227
-202
-184
-128
-69
-63
-53
39
170
231
210
192
241
299
312
312
325
331
310
289
286
298
285
237
177
131
113
75
24
-23
-44
-61
-112
-165
-164
-144
-176
-245
-281
-259
-236
-243
-241
-188
-148
-175
-211
-185
-126
-123
-151
-130
-54
-27
-87
-123
-73
12
44
24
5
15
31
51
91
137
170
155
118
128
208
283
286
226
179
195
223
240
251
230
186
143
126
120
99
78
63
34
-24
-54
-51
-46
-69
-117
-151
-185
-219
-223
-199
-183
-204
-237
-240
-219
-196
-185
-186
-188
-182
-172
-163
-139
-111
-103
-123
-146
-137
-123
-120
-113
-80
-60
-78
-98
-93
-76
-62
-55
-30
-4
10
24
29
28
47
84
102
84
68
91
118
130
136
161
173
148
123
128
151
160
161
148
107
76
61
48
46
65
86
67
29
8
13
15
22
51
69
40
1
18
67
84
71
73
93
91
74
86
118
148
152
132
109
95
99
108
110
126
149
141
99
63
85
123
109
60
37
52
60
40
33
56
69
50
32
41
53
53
48
54
74
80
62
33
21
26
35
31
4
-40
-84
-124
-128
-98
-100
-172
-270
-324
-305
-264
-260
-305
-364
-410
-447
-462
-439
-397
-397
-428
-449
-417
-350
-312
-293
-273
-246
-217
-179
-129
-75
-23
9
37
59
77
104
132
166
193
194
180
175
184
211
238
236
211
181
146
119
130
160
162
125
65
24
19
13
-5
-31
-57
-89
-122
-141
-140
-135
-158
-192
-212
-195
-154
-126
-122
-127
-110
-81
-52
-9
35
59
86
118
137
176
231
263
275
308
352
384
376
364
399
451
478
478
472
472
468
471
472
447
429
426
432
409
361
324
298
270
244
219
180
120
67
43
26
-9
-81
-148
-185
-204
-236
-287
-339
-374
-403
-450
-488
-509
-520
-548
-592
-605
-588
-573
-574
-566
-523
-477
-467
-448
-377
-283
-230
-216
-177
-103
-36
1
51
134
198
203
206
250
294
310
306
314
332
347
326
293
268
224
173
131
113
80
4
-89
-151
-162
-186
-245
-311
-368
-425
-469
-481
-468
-457
-474
-504
-507
-470
-414
-362
-333
-310
-274
-221
-157
-93
-12
58
103
126
158
216
289
347
392
434
454
458
464
486
519
536
522
494
474
467
459
442
414
397
359
306
275
287
301
264
190
149
168
176
164
135
116
93
52
21
14
12
-22
-65
-86
-89
-109
-147
-181
-192
-219
-258
-276
-270
-267
-290
-313
-322
-305
-287
-266
-244
-236
-231
-222
-194
-144
-97
-73
-59
-43
-17
24
81
137
156
146
122
126
155
180
199
188
154
117
100
108
109
103
76
13
-61
-111
-98
-70
-87
-149
-211
-243
-254
-249
-227
-208
-232
-277
-300
-276
-236
-206
-175
-153
-164
-182
-159
-83
-8
5
-19
-28
9
75
132
169
191
186
168
146
168
234
280
254
180
142
157
167
159
159
155
123
59
11
28
47
41
14
-19
-35
-40
-37
-21
-4
1
-17
-38
-31
6
30
15
-9
0
23
16
14
29
54
41
0
-18
-3
14
2
-11
-17
-29
-39
-43
-40
-39
-49
-70
-84
-84
-74
-68
-71
-79
-71
-56
-50
-42
-26
-8
-9
-8
16
46
56
45
43
51
63
76
87
91
69
36
29
39
42
23
-4
-10
-11
-24
-45
-60
-58
-65
-101
-126
-97
-53
-43
-62
-67
-51
-40
-49
-47
-9
19
7
-3
19
54
57
35
40
74
81
60
51
62
72
51
22
25
39
29
6
-5
6
0
-21
-26
-13
2
-8
-19
-7
23
41
41
45
61
75
78
77
83
99
118
137
153
158
160
150
144
145
161
165
146
128
115
97
66
45
43
33
-14
-56
-55
-43
-43
-61
-84
-106
-135
-154
-151
-143
-151
-166
-181
-188
-188
-178
-167
-161
-163
-177
-198
-207
-201
-193
-184
-198
-227
-231
-213
-191
-178
-168
-158
-162
-168
-151
-100
-57
-50
-54
-52
-43
-13
36
72
85
81
84
95
108
132
155
161
151
137
133
131
136
135
131
114
87
72
80
92
89
69
41
22
23
52
51
34
24
17
9
20
46
63
47
15
-3
4
18
16
8
0
-2
-3
7
26
44
55
50
30
26
61
107
144
166
169
178
189
217
279
328
341
338
334
356
384
403
413
398
359
325
308
300
278
230
171
112
57
0
-71
-137
-197
-255
-301
-353
-403
-440
-472
-512
-563
-588
-583
-578
-571
-558
-530
-519
-522
-517
-467
-395
-345
-307
-278
-249
-211
-167
-113
-72
-59
-53
-38
-8
19
39
49
54
47
35
40
52
63
63
61
66
81
94
107
120
130
139
145
162
186
208
211
200
196
207
220
239
251
233
200
173
162
164
169
162
127
67
27
35
51
35
-3
-34
-54
-67
-61
-45
-31
-38
-52
-53
-42
-13
14
29
35
48
90
124
143
180
228
254
256
252
263
293
309
310
304
294
277
254
230
215
200
166
117
62
17
-12
-39
-73
-129
-190
-234
-265
-287
-298
-311
-339
-393
-429
-413
-374
-364
-379
-378
-353
-339
-353
-340
-293
-247
-228
-223
-187
-145
-136
-143
-120
-68
-47
-62
-66
-41
-15
-12
-19
-23
-16
-12
-23
-22
13
46
38
4
2
46
93
106
91
100
133
156
168
190
238
257
226
201
236
297
314
290
268
276
275
257
253
271
259
211
169
161
174
169
139
103
76
58
44
23
0
-9
-28
-64
-102
-119
-112
-125
-147
-166
-164
-160
-166
-151
-121
-102
-118
-137
-120
-87
-71
-70
-60
-50
-51
-55
-50
-28
-9
-19
-53
-71
-66
-50
-32
-31
-40
-47
-68
-74
-61
-47
-35
-33
-30
-35
-39
-29
-24
-22
-20
-22
-26
-22
-11
-3
-7
-23
-38
-48
-50
-39
-29
-40
-64
-82
-80
-76
-83
-93
-103
-121
-153
-161
-144
-118
-100
-104
-109
-109
-85
-54
-23
10
32
48
68
102
141
182
204
207
220
240
268
278
281
286
290
281
268
272
289
291
261
242
235
247
248
236
224
198
161
127
115
116
98
51
11
-9
-26
-54
-90
-128
-155
-179
-202
-226
-251
-270
-297
-309
-320
-322
-322
-314
-306
-296
-289
-286
-265
-235
-204
-169
-136
-104
-77
-57
-25
19
69
85
83
110
150
170
175
190
209
209
179
162
175
165
129
85
78
82
73
34
-9
-23
-51
-73
-102
-119
-122
-135
-157
-175
-177
-174
-170
-176
-180
-178
-177
-171
-166
-158
-142
-141
-151
-142
-108
-76
-63
-59
-46
-26
-17
-9
19
47
61
54
52
74
113
145
162
181
204
221
219
220
241
266
276
278
301
337
335
303
297
311
325
315
293
286
268
232
187
160
138
104
69
31
1
-40
-86
-119
-140
-155
-180
-216
-246
-255
-253
-262
-280
-289
-273
-255
-249
-246
-238
-217
-190
-168
-141
-110
-77
-60
-43
-18
17
51
58
52
62
84
105
102
90
83
75
66
60
60
52
36
17
-4
-6
-9
-21
-37
-53
-68
-83
-110
-143
-157
-163
-168
-177
-200
-214
-221
-220
-218
-217
-207
-214
-227
-229
-211
-187
-176
-170
-148
-124
-110
-97
-77
-60
-43
-17
17
53
81
101
123
146
168
192
227
266
293
315
333
354
372
382
393
405
425
440
436
428
421
416
404
379
370
374
353
319
290
263
223
169
127
115
98
46
-10
-60
-101
-140
-182
-211
-236
-264
-291
-311
-326
-335
-347
-373
-393
-388
-364
-351
-343
-335
-321
-315
-302
-274
-235
-208
-196
-173
-141
-117
-109
-91
-65
-52
-44
-29
-5
11
22
31
42
53
61
71
73
77
78
74
70
58
42
33
23
10
1
-20
-38
-53
-71
-86
-109
-116
-117
-117
-125
-135
-125
-113
-110
-119
-129
-113
-85
-63
-38
-18
-7
-12
-16
7
54
91
110
121
143
160
170
184
208
242
256
266
282
294
304
312
308
315
322
326
324
325
333
324
302
269
257
262
263
245
219
194
157
117
89
85
86
54
3
-34
-54
-82
-119
-149
-167
-187
-228
-258
-268
-271
-284
-313
-332
-333
-337
-344
-347
-333
-310
-313
-333
-330
-294
-265
-249
-239
-220
-200
-182
-172
-154
-121
-101
-91
-80
-45
-13
-9
-14
3
36
56
57
62
87
100
95
78
77
89
88
72
57
52
43
29
23
31
32
16
-12
-22
-12
1
-1
-8
-1
8
10
5
6
18
38
48
44
55
75
95
104
112
126
144
161
174
199
221
227
220
225
237
247
256
258
258
248
223
204
205
211
202
178
153
129
112
99
85
68
42
19
-1
-27
-47
-52
-66
-88
-109
-116
-115
-136
-171
-194
-193
-202
-223
-238
-237
-227
-231
-255
-272
-275
-271
-265
-261
-246
-231
-231
-233
-231
-216
-195
-179
-165
-153
-135
-118
-116
-109
-97
-73
-60
-49
-19
15
31
39
60
89
119
124
120
126
146
167
171
170
170
168
162
155
151
152
135
108
86
67
62
46
24
6
6
14
8
3
-2
8
12
5
2
3
9
21
41
71
85
77
67
82
107
119
131
136
142
142
145
140
134
129
118
112
99
87
81
74
60
35
9
-7
-16
-17
-20
-23
-29
-37
-39
-45
-40
-34
-39
-45
-46
-54
-64
-58
-52
-43
-39
-48
-46
-45
-56
-66
-77
-83
-96
-114
-125
-128
-122
-131
-144
-151
-152
-156
-153
-155
-159
-158
-155
-147
-130
-107
-78
-58
-55
-63
-66
-57
-38
-11
4
6
9
19
30
31
29
32
32
31
25
19
22
14
3
-3
-7
-3
-2
6
12
15
22
16
26
30
57
52
126
260
261
186
99
82
205
429
470
271
36
-138
-249
-293
-146
61
30
-148
-328
-224
-123
-169
-150
89
283
176
38
28
-16
-80
-94
52
357
399
225
260
332
251
144
300
492
331
218
190
130
-113
-256
-235
-158
-174
-219
-215
-163
-271
-298
-342
-334
-273
-265
-76
-43
47
51
-51
-35
12
242
372
327
429
451
375
245
221
285
167
68
54
141
23
-253
-256
-337
-287
-396
-478
-293
-367
-423
-512
-505
-526
-474
-407
-378
-267
-235
-157
-318
-311
-139
-118
-41
75
203
185
193
137
173
235
198
171
190
210
161
77
69
103
117
199
190
325
212
49
71
18
149
161
237
294
204
49
-108
-120
-52
57
83
159
217
107
-36
-109
-92
36
28
30
253
283
90
-193
-241
-28
-108
-12
226
227
-34
-343
-356
-235
-202
-121
114
208
61
-99
-167
-193
-194
-26
203
217
148
71
-73
-290
-282
-68
204
324
304
269
188
-23
-107
27
274
375
317
345
281
30
-125
-33
143
158
167
139
28
-143
-360
-349
-310
-189
-109
-70
-139
-295
-291
-346
-396
-292
-142
-66
-154
-215
-241
-266
-315
-233
-1
221
181
88
74
67
10
24
218
262
244
157
172
183
50
-2
53
160
249
200
142
81
-57
-141
-134
-32
26
-14
-40
-33
-109
-205
-102
23
33
33
86
106
-39
-165
-165
-136
-17
62
75
122
92
-15
-101
-26
29
43
46
94
131
-64
-155
-194
-201
-118
-36
74
60
-39
-80
-127
-188
-163
-153
-103
-15
17
18
-44
-111
-113
-22
40
160
287
250
152
89
94
64
20
37
145
234
197
122
88
42
-44
-60
16
151
156
35
-83
-100
-129
-170
-104
-69
-21
13
-15
-46
-93
-97
-120
-157
-121
29
86
-45
-46
35
51
66
108
185
198
175
163
163
122
52
67
146
213
184
144
175
150
82
124
139
99
-1
-48
5
-12
-70
-60
-13
5
-32
-38
-9
-16
-76
-90
-36
-23
-63
-120
-97
-91
-150
-105
1
72
63
29
-12
-83
-128
-160
-158
-94
-54
-48
-84
-148
-193
-208
-153
-159
-163
-90
-95
-193
-271
-271
-279
-262
-184
-95
-38
-38
-92
-93
-62
-35
3
34
77
87
85
71
97
115
128
179
207
197
162
116
36
14
46
67
54
46
-1
-20
-31
-61
-40
-1
5
-3
20
6
-63
-98
-70
-11
19
77
149
157
113
72
19
3
24
71
121
139
156
80
-11
-57
-43
23
83
149
191
143
7
-96
-59
9
64
152
200
192
133
65
21
14
76
142
169
198
188
119
6
-59
-23
50
116
118
88
30
-45
-118
-98
-28
15
24
40
52
7
-78
-118
-97
-59
-10
39
41
-10
-86
-148
-145
-115
-113
-98
-75
-47
-70
-93
-111
-153
-177
-185
-147
-90
-82
-105
-118
-130
-150
-143
-108
-93
-57
7
46
19
-39
-48
-37
-16
43
89
113
78
2
-15
-1
-11
-26
15
66
39
-21
-58
-54
-98
-153
-134
-82
-53
-82
-130
-172
-166
-143
-145
-95
-28
13
-2
-83
-122
-95
-61
-43
25
91
80
14
-22
-3
18
43
94
157
188
161
101
76
69
61
65
88
149
187
157
86
46
55
101
151
211
275
286
233
162
159
182
207
218
244
290
275
219
167
124
74
61
94
136
145
85
8
-50
-87
-100
-95
-75
-65
-75
-122
-172
-195
-210
-205
-174
-136
-98
-76
-101
-142
-163
-168
-119
-58
-7
24
9
-46
-89
-80
-59
-53
-29
4
9
-20
-73
-118
-154
-159
-139
-102
-65
-72
-95
-117
-139
-156
-156
-132
-107
-85
-76
-87
-103
-123
-146
-134
-84
-33
18
33
21
21
19
13
8
9
17
19
17
10
-8
-55
-75
-64
-39
-3
-4
-2
8
26
47
68
112
134
144
166
179
200
186
158
178
201
215
227
232
231
227
219
251
289
263
247
245
253
250
221
185
134
90
68
82
75
53
2
-43
-60
-83
-91
-94
-90
-102
-117
-126
-148
-174
-185
-186
-180
-174
-184
-197
-220
-249
-273
-278
-262
-223
-176
-168
-180
-173
-149
-165
-175
-145
-92
-51
-48
-48
-67
-96
-108
-96
-66
-28
5
21
18
0
-27
-42
-52
-40
4
32
40
3
-33
-58
-80
-77
-50
-6
34
43
34
24
-17
-35
-13
37
84
121
121
109
111
103
111
121
145
182
208
235
247
229
204
170
173
182
185
211
221
218
191
141
118
113
111
122
155
195
199
164
129
102
72
74
123
168
178
151
122
87
47
17
29
62
90
96
38
-23
-82
-112
-127
-141
-138
-145
-155
-205
-282
-324
-352
-367
-352
-322
-293
-307
-330
-358
-377
-367
-349
-309
-271
-226
-182
-180
-195
-209
-216
-189
-138
-86
-62
-60
-43
-67
-45
1
22
37
34
40
19
13
28
36
73
90
87
75
72
70
64
76
92
129
149
124
124
104
80
79
67
80
78
106
132
122
112
77
58
69
91
111
119
115
104
90
75
85
115
148
161
165
182
176
145
136
133
158
171
159
159
156
133
106
95
93
92
80
93
121
118
83
51
24
-7
-23
-18
-4
15
16
7
-6
-13
-23
-38
-52
-64
-71
-70
-49
-41
-54
-84
-123
-164
-166
-171
-182
-175
-173
-197
-234
-260
-283
-300
-312
-285
-235
-207
-198
-206
-226
-245
-241
-202
-137
-78
-24
1
10
6
-17
-34
-30
-3
54
114
130
120
72
24
8
27
76
120
142
137
114
84
51
19
22
38
66
101
103
84
34
-4
-4
16
51
90
127
143
135
109
106
109
109
98
106
126
121
93
60
38
23
14
14
29
40
34
4
-24
-17
-3
13
5
-21
-30
-33
-36
-41
-44
-49
-50
-32
-13
7
25
23
12
7
11
26
33
31
20
13
-8
-36
-52
-54
-48
-42
-44
-43
-49
-58
-66
-75
-71
-69
-60
-41
-20
-7
-14
-27
-49
-44
-22
-16
-20
-25
-21
-16
-30
-34
-26
-22
-10
4
25
31
14
-11
-34
-17
12
21
37
46
49
42
20
0
2
9
16
34
47
55
33
5
-4
-4
2
13
16
37
43
28
13
-10
-33
-45
-43
-22
14
39
36
7
-15
-27
-29
-9
25
52
71
57
30
10
4
-9
5
35
48
44
41
26
-1
-21
-33
-45
-40
-27
-15
-17
-50
-76
-79
-57
-40
-21
-8
10
8
-5
-2
7
34
57
70
88
89
73
54
46
42
27
9
6
-2
-14
-36
-52
-53
-51
-46
-50
-55
-66
-79
-90
-96
-77
-66
-61
-48
-38
-35
-42
-39
-22
-13
8
36
32
33
27
15
10
6
9
30
43
39
29
19
17
7
-14
-19
-14
-10
-4
2
-4
-24
-17
13
21
14
7
4
5
-5
-2
18
39
51
55
55
54
37
21
17
13
21
36
33
15
-1
-9
-9
-2
1
-7
-10
5
22
37
39
27
19
29
31
29
41
44
41
34
33
30
16
11
-2
-3
7
0
-17
-19
-16
-36
-42
-36
-30
-27
-32
-39
-37
-27
-20
-11
6
33
49
39
19
4
2
9
6
6
5
6
-6
-20
-24
-31
-36
-40
-32
-24
-21
-35
-48
-53
-56
-65
-61
-36
-21
-15
-24
-39
-49
-52
-52
-49
-26
-7
-3
4
-6
-23
-21
-13
-3
4
2
-8
-22
-44
-57
-46
-37
-30
-24
-21
-16
-14
-5
2
15
33
48
60
61
61
64
73
97
118
129
140
144
155
152
137
119
96
81
62
50
31
7
-15
-29
-39
-54
-64
-65
-68
-78
-76
-64
-52
-57
-76
-92
-100
-87
-74
-54
-41
-45
-53
-65
-48
-33
-23
-14
8
42
61
65
54
40
27
22
26
53
73
74
49
17
2
-10
-9
-2
10
19
26
26
23
1
7
17
11
8
5
11
24
26
11
-6
-41
-67
-53
-34
-26
-35
-43
-37
-39
-42
-37
-15
4
4
10
13
4
-10
-18
-16
3
20
25
25
21
19
10
6
5
7
17
20
22
23
19
2
-21
-26
-10
1
-2
-6
-4
-11
-9
-3
-7
-10
-17
-28
-25
-19
-20
-17
-13
-22
-25
-34
-46
-42
-29
-13
-5
0
-2
-18
-18
-15
-6
10
3
-13
-14
-15
-24
-26
-39
-55
-55
-42
-16
3
0
-6
-4
-2
1
9
22
44
61
73
77
74
72
64
69
90
105
114
115
107
90
80
67
61
61
63
62
60
63
40
11
-19
-27
-24
-19
-14
-17
-13
-15
-10
-12
-19
-14
-9
-7
-15
-22
-31
-40
-43
-46
-42
-48
-50
-45
-38
-38
-55
-66
-71
-73
-73
-70
-62
-73
-93
-103
-105
-92
-75
-66
-70
-74
-71
-67
-59
-40
-22
-11
-1
7
30
49
49
41
30
31
20
9
11
4
13
12
17
31
40
49
54
46
36
31
46
62
70
74
69
61
45
37
45
55
57
58
51
40
31
24
20
16
14
20
29
34
28
12
4
-9
-10
4
16
28
26
23
26
21
15
24
31
37
41
40
32
24
13
8
6
7
3
-11
-14
-24
-31
-38
-53
-65
-81
-86
-87
-89
-80
-70
-77
-79
-73
-72
-70
-66
-55
-53
-52
-53
-43
-28
-12
-10
-15
-16
-26
-39
-38
-24
-12
-4
0
-3
-11
-22
-36
-37
-24
-11
-17
-21
-15
-14
-12
0
9
12
17
20
41
63
69
65
58
48
47
61
74
75
72
65
71
85
91
84
73
64
64
63
65
68
75
84
81
74
70
65
59
44
25
22
22
17
13
6
8
8
8
-1
-20
-45
-64
-72
-72
-68
-73
-77
-81
-89
-100
-95
-83
-78
-70
-56
-53
-57
-57
-41
-20
-25
-38
-37
-26
-23
-11
14
31
4
-41
-46
-31
4
27
10
-9
-27
-31
-22
-7
10
28
4
-34
-46
-38
-14
-6
-16
-25
-33
-40
-39
-27
-17
-22
-47
-69
-74
-70
-54
-44
-32
-30
-42
-49
-37
-22
-9
4
20
28
23
35
57
82
94
98
98
98
106
113
124
127
133
146
142
136
131
124
121
122
117
114
105
82
60
36
25
14
