-20
-15
-10
-13
-14
-17
-12
-3
0
1
5
3
6
5
3
8
6
8
6
1
2
-2
-8
-7
-3
1
2
8
17
11
6
1
-7
-10
-9
-7
-8
-9
-17
-20
-18
-8
1
2
-1
-2
-2
-1
4
7
10
11
9
11
18
22
19
18
14
13
8
5
0
0
10
5
1
0
-4
-6
-4
-1
-2
1
2
3
5
6
4
2
3
9
14
12
9
7
4
13
16
16
19
20
21
16
19
30
33
25
21
19
17
22
23
21
19
15
11
17
21
17
8
-4
-15
-23
-19
-12
-8
-10
-10
-6
0
-3
-9
-13
-12
-7
-4
2
-4
-18
-20
-17
-16
-12
-8
-15
-15
-14
-16
-14
-19
-18
-29
-42
-47
-43
-40
-40
-39
-43
-48
-48
-35
-29
-27
-17
-14
-23
-28
-27
-23
-15
-17
-5
1
5
10
3
6
1
4
17
23
17
14
19
16
13
6
6
13
20
24
27
20
17
17
19
26
31
33
32
33
33
37
31
18
12
12
12
12
11
8
4
3
3
5
11
15
19
18
12
10
5
4
2
2
-4
-4
-1
4
7
0
1
-7
-7
-2
-4
-6
-9
-16
-14
-5
-4
-4
-7
-5
-4
-2
-3
-5
-1
1
-1
-3
-4
-14
-12
-9
-6
-6
-12
-11
0
-1
-9
-12
-17
-18
-9
-11
-21
-17
-17
-19
-13
-6
-5
-6
-7
-12
-11
-9
-2
6
16
15
16
16
12
15
15
10
5
-2
-4
0
6
12
9
5
14
14
8
12
17
11
8
13
11
9
10
11
15
16
11
9
13
14
14
14
16
17
7
8
9
1
1
5
9
13
1
-5
-4
-7
-8
-14
-19
-24
-23
-23
-20
-21
-24
-25
-26
-21
-11
-3
2
5
-11
-26
-25
-19
-5
-3
-7
-13
-25
-25
-20
-23
-20
-20
-16
-10
-8
-3
5
6
4
2
7
10
10
14
10
2
-4
-6
-9
-6
-7
-9
-3
-3
-7
-13
-14
-15
-15
-14
-15
-10
-3
-1
-4
-6
-9
-3
9
12
11
6
5
4
7
5
0
7
8
8
15
21
24
26
8
-1
1
4
11
8
8
6
3
4
0
13
39
43
34
23
7
11
21
26
37
50
44
33
34
48
34
32
40
35
43
34
27
22
8
0
-4
-8
-7
-11
-12
-5
-8
-3
6
1
-5
-13
-12
-14
-4
7
7
4
-7
-1
2
2
-3
-9
-15
-25
-25
-23
-17
-15
-15
-18
-19
-22
-24
-22
-28
-35
-36
-26
-22
-23
-32
-39
-34
-31
-28
-29
-24
-23
-17
-7
-3
-3
-5
-6
-13
-24
-28
-20
-16
-33
-35
-37
-39
-47
-61
-60
-55
-60
-60
-50
-43
-41
-40
-34
-30
-19
-14
-6
12
27
31
24
31
42
45
45
37
36
40
46
50
55
55
49
50
41
39
48
46
54
52
40
39
38
36
36
35
27
21
19
22
14
6
7
6
11
18
26
37
39
25
10
9
5
4
16
15
12
8
5
7
10
6
-4
-14
-9
0
2
6
6
0
-8
-13
-8
-3
-3
-4
-3
-2
0
0
-6
-15
-11
-13
-19
-23
-18
-11
-12
-14
-17
-15
-13
-11
-9
-12
-9
-6
-1
-3
-1
-2
-3
7
8
14
9
6
-2
-6
-10
-18
-13
-8
-15
-28
-35
-36
-41
-40
-29
-29
-18
-15
-20
-21
-25
-26
-30
-30
-26
-19
-19
-24
-31
-31
-26
-23
-7
3
10
5
4
-1
-4
-3
-9
-9
-11
-11
-12
-2
7
5
3
-1
-2
-3
-3
1
1
-10
-20
-24
-22
-13
-6
8
17
21
28
30
25
29
30
24
30
34
40
43
43
40
38
40
27
19
13
11
12
15
25
23
18
17
13
4
1
3
7
11
15
8
0
-2
-4
3
12
20
26
34
41
40
27
11
4
1
1
8
7
2
7
-4
-11
-8
-5
-12
-15
-15
-12
-12
-13
-11
-15
-14
-11
-3
6
7
5
4
5
-2
-10
-16
-16
-16
-20
-22
-26
-27
-19
-13
-11
-13
-9
-3
7
6
2
7
6
-2
-5
5
19
21
20
19
9
3
-7
-9
-7
-2
3
-4
-13
-20
-32
-35
-32
-29
-32
-40
-28
-21
-19
-24
-22
-14
-9
-1
1
5
-3
-4
-1
-1
4
9
10
17
20
16
19
14
7
2
-2
-4
-5
-1
0
-3
-14
-19
-26
-23
-29
-30
-23
-16
-19
-22
-10
-4
0
2
2
-3
-6
-13
-11
-8
-12
-8
-7
2
7
-2
-2
-6
-4
5
8
13
9
4
1
-1
3
11
18
15
11
7
11
16
18
16
21
19
19
28
27
26
25
18
8
17
19
25
27
27
34
30
32
31
27
22
21
21
21
24
32
32
31
37
40
38
34
28
22
25
25
18
18
12
9
11
6
1
3
-1
1
2
-4
-7
-13
-10
-14
-16
-13
-14
-17
-16
-9
-3
-3
-5
-8
-8
-14
-24
-23
-27
-32
-45
-45
-44
-51
-47
-47
-46
-50
-57
-55
-58
-58
-46
-40
-31
-28
-32
-34
-40
-39
-36
-34
-35
-30
-31
-29
-30
-29
-26
-26
-29
-34
-32
-26
-17
1
15
11
6
1
6
6
6
13
19
34
38
34
31
30
27
16
7
13
22
29
40
41
38
26
14
11
6
8
12
12
22
28
28
26
17
16
24
28
27
20
24
32
28
28
31
35
39
37
34
34
35
28
27
23
21
13
14
16
11
6
-3
-5
-3
1
8
10
16
15
4
5
12
16
12
6
0
-3
-6
-6
-3
-6
-5
-4
-4
-10
-19
-28
-33
-29
-26
-23
-13
-6
-4
-10
-15
-14
-11
-7
-8
-6
0
7
8
3
-4
-8
-9
-11
-8
-6
-9
-8
-10
-17
-26
-31
-28
-29
-26
-31
-33
-27
-23
-17
-10
-11
-20
-17
-20
-24
-20
-13
-7
-2
-3
-6
3
4
2
-3
-12
-16
-18
-14
-18
-15
-13
-16
-15
-15
-20
-28
-27
-22
-15
-11
-9
-5
-7
-15
-13
-8
-7
-4
2
10
9
1
2
10
17
24
20
13
16
18
22
20
27
31
32
32
36
39
35
33
26
23
23
21
18
21
28
20
23
26
28
12
12
21
-6
11
8
17
16
23
25
17
13
15
22
15
19
23
13
20
26
22
3
-16
-18
-12
2
24
14
-3
-10
-29
-20
-15
-18
-19
-22
-14
-14
-20
-23
-27
-30
-29
-31
-38
-36
-31
-27
-27
-20
-19
-8
3
-2
-2
-1
6
13
18
12
8
13
11
13
19
15
19
13
5
3
2
3
-1
-1
-7
-12
-14
-10
-2
0
0
6
8
2
-1
-4
-11
-17
-17
-10
-14
-15
-6
-6
0
1
-1
-3
-11
-8
-5
-12
-17
-13
-7
9
13
12
2
-11
-13
-19
-16
-29
-17
-16
-4
1
-11
-4
-12
-13
-16
-16
-18
-10
-13
-15
-1
0
13
-6
10
15
-1
2
7
-4
-14
-19
-15
-12
-12
-3
5
3
3
5
4
7
10
14
17
11
7
7
12
20
18
23
27
23
28
26
24
30
28
22
17
16
16
16
25
28
34
32
31
24
20
17
9
12
9
10
12
12
18
13
4
-2
-8
-6
-11
-14
-8
3
9
6
4
0
-8
-21
-13
0
-9
-20
-19
-20
-21
-20
-24
-18
-15
-19
-12
-4
0
0
0
2
-11
-22
-16
-13
-10
1
6
8
4
-3
0
-3
-9
-2
4
6
6
9
10
10
14
11
3
-6
-12
-10
-11
-20
-30
-26
-11
-1
5
3
-5
-12
-18
-13
-8
-4
-8
-11
-8
-5
-5
-10
-21
-29
-22
-12
-7
-8
-12
-14
-15
-15
-18
-22
-21
-18
-8
1
1
0
-8
-20
-28
-27
-15
-4
8
10
9
7
10
22
27
27
15
3
-2
4
26
39
27
14
2
3
-15
-29
16
26
12
5
12
12
1
-2
3
10
28
40
14
12
5
-1
21
31
43
51
55
59
35
24
30
28
27
30
19
23
16
30
-21
-51
16
17
-8
-32
-7
-20
-36
-26
-22
-25
-31
-17
-39
1
5
-21
-22
-27
-9
-6
-5
-5
-18
3
21
18
4
-8
-4
14
12
-3
-23
-24
-6
-1
-18
-25
-21
-18
-13
-78
1
39
9
-20
-10
5
-31
-37
-5
30
27
51
1
0
37
27
21
-12
-1
-1
0
15
-2
-21
-13
-2
-14
-17
-17
-9
3
11
13
-13
-5
6
-6
-17
-6
26
29
10
10
10
7
16
18
-5
-4
-7
-8
-10
-20
-12
-17
-22
-27
-40
-33
-26
-18
-15
-20
-19
-14
-19
-20
-9
-5
8
9
0
-2
-8
8
17
17
21
25
28
23
25
17
2
-7
-14
-15
-8
5
0
-20
-28
-18
-11
-6
2
0
-2
2
7
10
16
19
23
26
32
32
27
26
25
22
16
19
13
12
10
3
2
-1
-1
0
9
5
2
-1
0
1
-8
-12
-11
-11
-6
2
2
12
18
12
14
10
1
4
13
16
9
4
8
7
3
7
4
-2
1
9
13
8
-2
-8
-8
-2
-1
-5
1
-2
-3
9
13
13
15
15
6
2
1
-2
-2
-4
-15
-19
-17
-17
-11
-12
-4
-8
-20
-20
-16
-16
-9
-9
-17
-20
-10
-2
-5
-5
-11
-10
-11
-10
-11
-8
-8
-16
-20
-21
-27
-27
-24
-15
-13
-15
-7
-9
-4
-5
-14
-19
-15
-14
-7
-8
-12
-12
-12
-7
-4
-8
-8
-3
-13
-15
-16
-15
-12
-7
-2
-5
-4
0
5
3
0
2
1
15
15
19
24
17
14
5
7
18
18
10
16
24
23
27
26
26
29
27
27
27
28
34
31
25
20
17
20
17
15
13
4
-3
3
14
23
20
16
11
6
9
12
16
20
22
16
15
9
6
3
10
11
6
10
5
5
6
5
2
-6
-2
3
-8
-10
-8
-9
-9
-8
-11
-9
-9
-9
-5
-4
-2
-8
-12
-4
-7
-10
-11
-5
1
-11
-16
-18
-16
-12
-9
-12
-17
-25
-21
-24
-30
-28
-30
-26
-23
-17
-7
-13
-24
-23
-25
-25
-20
-23
-30
-33
-26
-21
-29
-30
-22
-25
-22
-16
-17
-21
-16
-14
-18
-21
-15
-15
-16
-10
0
5
-12
-16
-7
3
14
17
11
10
8
7
14
15
21
29
28
34
40
33
19
17
21
22
25
29
23
16
16
19
24
26
24
24
26
26
28
27
25
33
30
21
15
17
26
33
27
23
25
27
29
29
27
24
15
6
1
-2
14
15
6
-3
-13
-18
-16
-1
3
-3
-8
-9
-9
-6
-4
-3
-5
-7
-2
2
1
0
-6
-10
-14
-19
-25
-29
-33
-31
-25
-23
-28
-27
-19
-24
-27
-26
-28
-29
-30
-28
-18
-14
-12
-8
-17
-12
-8
-9
-10
-15
-16
-16
-14
-12
-8
-4
7
11
6
-1
-13
-16
-6
12
11
4
-5
-9
-9
-15
-13
-3
-9
-11
-9
-1
14
22
19
14
8
8
10
7
18
17
10
2
8
25
24
20
17
11
10
6
11
19
16
1
-9
16
20
13
4
8
8
-14
-17
-6
12
5
0
-9
-6
2
3
4
-2
4
2
0
2
8
9
9
7
-5
-2
-1
4
5
8
5
-7
2
16
22
14
8
9
13
3
2
14
16
21
18
19
18
12
9
-1
-16
-24
-26
-25
-15
-6
-13
-19
-26
-31
-25
-22
-22
-12
-7
-7
-5
-2
2
2
-8
-4
6
10
15
11
3
-5
-5
-9
-14
-15
-19
-17
-16
-16
-7
-9
-10
-10
-19
-24
-23
-12
-4
10
2
4
8
-6
-1
9
4
12
24
26
32
24
22
26
28
28
20
25
29
21
15
15
20
10
6
1
-4
-1
-1
2
8
10
7
3
-2
-3
-6
-5
4
12
9
2
-4
2
14
10
2
-5
-8
1
8
-1
-12
-19
-25
-21
-22
-24
-17
-15
-10
3
8
9
10
7
-5
-13
-9
-5
-6
-12
-7
-14
-29
-27
-19
-22
-32
-37
-27
-16
-13
-11
-14
-25
-40
-41
-34
-26
-22
-18
-6
3
14
16
12
7
0
-1
-7
-12
-9
-1
0
4
4
8
8
4
3
-2
-1
3
7
12
15
13
21
24
26
22
20
17
12
23
35
40
38
31
23
22
19
13
16
18
17
19
19
23
23
22
24
10
-7
-13
-4
9
10
12
8
9
12
11
16
16
14
13
14
16
19
23
23
19
14
6
1
2
9
8
4
-4
-16
-17
-17
-13
-16
-18
-23
-25
-21
-22
-21
-25
-31
-29
-23
-21
-23
-19
-19
-24
-23
-19
-11
-16
-20
-23
-26
-25
-22
-20
-11
-10
-11
-8
-2
3
0
-14
-23
-31
-36
-29
-18
-9
-9
-15
-20
-19
-21
-14
-3
-9
-16
-10
2
9
12
1
-11
-10
-12
-8
-3
0
5
13
22
25
31
31
21
10
5
13
29
36
29
23
18
16
20
18
15
12
7
9
13
18
26
16
6
-3
-3
2
0
-4
-8
-2
7
4
4
5
6
2
6
8
7
12
23
18
14
13
14
22
13
10
9
8
10
1
1
0
-4
-3
-7
-4
1
-3
-3
4
5
9
11
9
19
14
5
0
-5
-4
-6
-6
-9
-13
-20
-28
-22
-16
-9
-8
-6
-8
-9
-9
-8
-10
-15
-13
-11
-12
-13
-10
-11
-4
-2
-1
3
7
5
-2
1
-4
-6
1
14
21
21
13
12
12
-3
-9
-12
-14
-21
-28
-21
-19
-15
-8
-5
-5
1
1
6
8
9
3
2
10
13
7
-2
0
-3
-1
8
10
13
11
9
7
1
-6
-11
-16
-23
-27
-26
-17
-14
-14
-5
-3
-8
-15
-16
-11
-10
-11
-3
6
14
15
9
9
7
2
14
24
21
14
8
4
-8
-15
-15
-14
-4
-1
-2
-3
-5
-5
-8
-15
-16
-11
-4
2
8
14
14
12
10
12
11
10
10
6
7
6
4
4
3
5
2
-2
-1
0
6
7
10
11
-1
-6
-6
5
9
6
10
14
12
9
11
5
2
2
1
3
1
-1
5
7
2
5
-3
-17
-21
-14
-8
0
2
1
8
5
8
12
17
18
17
19
27
23
18
20
19
17
6
-3
-5
0
3
5
8
0
2
0
-2
4
3
-3
-7
1
13
18
10
11
6
0
-1
-3
-2
-2
3
2
-8
-19
-17
-20
-21
-18
-14
-10
-6
-1
-5
-17
-28
-31
-41
-51
-46
-33
-18
-12
-8
-14
-20
-23
-32
-37
-34
-31
-26
-12
-10
-9
-17
-25
-28
-25
-16
-9
-1
-4
-9
-11
-6
-9
-3
4
5
8
-4
-12
-13
-5
6
2
13
16
12
14
14
12
12
17
25
31
31
29
23
27
24
15
19
16
14
11
13
18
14
13
11
15
15
16
19
23
27
20
18
16
18
20
19
17
7
-1
-1
8
8
7
8
12
21
22
22
17
15
15
10
14
15
15
19
26
28
24
23
22
16
6
1
0
-4
-3
-11
-18
-18
-17
-15
-10
-11
-24
-31
-30
-22
-25
-27
-16
-24
-34
-35
-28
-13
-6
-6
-7
-8
-8
-7
-5
1
-2
-9
-10
2
9
7
8
11
10
-1
-10
-20
-28
-28
-30
-32
-34
-27
-17
-17
-17
-17
-18
-20
-18
-17
-20
-15
-12
-8
-4
-1
-4
-8
-14
-20
-17
-15
-4
-1
-9
-13
-14
-3
2
0
-6
-15
-18
-4
8
15
20
14
8
7
4
-1
0
3
5
6
2
0
-3
-2
3
9
6
5
9
14
24
28
36
35
34
42
45
39
26
27
32
29
30
34
37
34
34
32
32
32
24
25
28
27
21
14
14
17
8
-6
-4
-4
-1
-2
-4
-10
-19
-19
-17
-9
-15
-23
-22
-25
-26
-16
-15
-29
-39
-42
-36
-28
-23
-26
-35
-38
-36
-29
-28
-34
-44
-38
-20
-5
2
10
17
15
13
17
26
31
33
36
34
25
9
1
2
7
8
3
2
1
3
7
10
11
11
16
27
33
34
31
26
20
21
26
27
20
10
5
0
-11
-20
-20
-27
-31
-22
-13
-7
-4
-13
-25
-34
-38
-36
-29
-24
-22
-25
-25
-25
-23
-28
-20
-14
-12
-13
-19
-6
-8
-16
-12
-6
-15
-22
-21
-17
-15
-20
-19
-17
-19
-17
-7
7
7
1
-8
-8
-18
-23
-15
-10
-2
-4
0
7
9
9
12
18
21
27
29
23
17
13
13
21
30
30
25
31
41
53
57
49
43
36
28
14
9
23
34
40
36
26
25
27
23
13
10
16
27
24
24
17
3
0
5
0
-10
-3
-3
-8
-9
-11
-3
0
-2
-2
-6
-15
-24
-25
-28
-32
-41
-42
-32
-32
-32
-31
-34
-39
-44
-40
-29
-17
-14
-18
-22
-14
-6
-8
-15
-21
-11
1
7
9
18
21
15
14
-1
-8
5
15
24
31
34
30
20
8
-1
-8
-5
0
16
25
23
23
20
18
14
7
4
7
10
6
1
-5
-2
3
-2
3
5
-2
1
-5
-12
-18
-28
-30
-33
-31
-32
-35
-33
-30
-23
-18
-22
-19
-18
-20
-23
-27
-26
-18
-14
-11
-3
-5
-8
-6
-9
-5
2
2
0
9
16
8
-5
-7
-4
3
11
16
21
19
18
19
23
20
11
13
16
11
20
23
20
17
3
-2
-7
-3
2
7
16
16
14
7
6
11
15
6
4
-1
1
15
12
5
-3
8
18
23
31
32
28
29
22
19
20
15
18
17
13
6
6
13
14
1
-9
-11
-9
-2
-1
-1
-6
-12
-16
-21
-17
-14
-8
1
-6
-14
-14
-9
0
-3
-5
-3
1
4
4
4
-7
-27
-33
-32
-33
-28
-35
-33
-28
-27
-23
-12
-15
-24
-28
-32
-23
-19
-16
-16
-18
-11
-5
-2
5
4
7
9
15
16
16
21
27
26
20
15
6
11
21
23
26
28
27
25
19
15
7
8
16
12
9
-3
-15
-13
-7
3
10
11
9
6
2
-9
-13
-5
2
16
18
7
-8
-19
-27
-24
-23
-28
-20
-10
1
-2
-15
-18
-22
-17
-9
-5
1
6
-2
-20
-35
-35
-20
-7
6
10
1
-9
-7
-5
-6
-1
2
11
21
22
12
2
-7
-11
-3
0
-5
-6
-6
-17
-28
-28
-29
-33
-27
-22
-5
6
3
2
-6
1
11
17
23
25
30
36
41
38
29
24
39
38
28
18
4
6
12
14
11
1
-1
14
31
36
34
28
20
14
10
23
26
26
27
22
20
25
29
34
43
56
55
49
55
43
24
20
20
20
17
16
14
14
6
-7
-20
-30
-27
-21
-5
3
0
-9
-18
-15
-18
-31
-38
-38
-36
-38
-39
-45
-58
-63
-65
-71
-77
-74
-69
-72
-80
-83
-96
-100
-101
-108
-103
-110
-106
-94
-83
-76
-68
-71
-73
-69
-66
-46
-50
-55
-63
-59
-45
-44
-35
-23
-6
6
4
5
7
4
12
23
29
44
57
63
72
80
89
101
110
121
129
135
146
156
163
167
167
169
179
187
183
177
181
183
184
184
190
188
181
169
150
146
142
129
117
105
103
98
90
82
71
65
60
49
37
21
8
10
2
-24
-58
-94
-116
-129
-153
-189
-218
-241
-265
-287
-316
-343
-375
-402
-423
-442
-459
-471
-475
-480
-489
-483
-471
-463
-446
-419
-390
-358
-321
-276
-239
-192
-144
-99
-47
4
54
99
145
183
215
253
289
318
345
366
388
408
423
443
459
464
471
476
483
489
488
480
471
466
454
440
424
418
402
383
356
336
314
281
254
231
204
176
148
125
107
82
57
31
15
-4
-17
-17
-29
-38
-57
-100
-129
-148
-166
-187
-214
-239
-258
-284
-317
-358
-384
-403
-425
-443
-464
-496
-528
-567
-600
-618
-644
-660
-663
-669
-661
-656
-656
-643
-618
-586
-559
-527
-486
-437
-377
-319
-264
-211
-149
-79
-5
68
130
181
229
266
300
337
379
421
450
482
506
518
532
542
550
565
582
600
619
631
634
631
617
599
601
610
617
602
574
546
513
487
454
433
418
401
384
355
323
282
241
205
168
128
89
55
12
-29
-68
-108
-151
-180
-194
-214
-224
-236
-250
-270
-293
-308
-322
-337
-358
-382
-398
-415
-435
-455
-481
-505
-524
-534
-540
-548
-563
-579
-591
-607
-624
-636
-645
-634
-631
-625
-610
-600
-594
-583
-554
-518
-462
-402
-348
-299
-252
-203
-148
-84
-17
51
118
179
238
292
334
371
415
458
502
536
560
579
593
602
608
616
629
636
646
651
654
653
643
629
616
605
586
568
558
544
519
486
449
409
384
369
345
324
300
263
220
181
148
106
67
41
10
-22
-49
-80
-128
-174
-215
-244
-265
-279
-292
-302
-304
-310
-318
-335
-358
-370
-371
-369
-388
-413
-432
-435
-439
-450
-473
-502
-507
-506
-506
-504
-513
-529
-548
-557
-559
-565
-559
-533
-525
-528
-510
-498
-479
-436
-402
-367
-327
-294
-239
-181
-134
-79
-15
54
114
166
220
275
332
385
423
450
481
525
568
600
625
637
645
653
661
663
656
650
647
647
649
628
599
577
565
550
531
512
486
468
453
430
395
361
321
282
254
231
201
171
140
103
63
16
-34
-79
-103
-122
-148
-191
-248
-285
-315
-358
-385
-400
-421
-433
-441
-450
-458
-474
-491
-499
-495
-494
-496
-492
-497
-506
-519
-527
-529
-518
-497
-489
-481
-466
-458
-450
-441
-438
-423
-410
-388
-366
-348
-330
-316
-296
-276
-249
-219
-183
-141
-93
-44
-8
26
68
112
159
209
260
317
378
430
464
495
518
553
602
634
659
666
663
666
665
656
652
637
620
612
596
591
577
544
511
485
464
443
428
406
369
324
282
234
204
193
191
181
154
112
63
23
-7
-29
-67
-104
-142
-170
-188
-223
-257
-296
-331
-364
-394
-425
-461
-470
-486
-512
-545
-582
-602
-605
-598
-588
-586
-586
-581
-576
-567
-562
-546
-520
-498
-478
-470
-463
-443
-416
-393
-358
-329
-303
-274
-253
-235
-215
-191
-166
-140
-105
-65
-25
22
58
81
106
134
157
193
231
260
293
322
355
392
428
460
501
534
560
588
616
640
653
661
654
650
645
634
619
604
594
580
562
543
512
475
441
410
375
343
317
288
267
246
203
168
148
122
96
51
1
-42
-75
-102
-128
-148
-165
-176
-188
-178
-130
-80
-97
-161
-226
-272
-288
-299
-317
-328
-328
-348
-409
-485
-540
-556
-528
-517
-545
-594
-652
-689
-710
-760
-829
-871
-875
-850
-829
-818
-821
-819
-792
-773
-743
-691
-623
-532
-442
-366
-292
-207
-117
-22
88
196
291
386
463
521
575
620
660
715
764
802
830
846
865
876
867
846
823
805
788
779
758
711
673
627
567
510
445
407
394
369
336
301
266
229
191
156
114
82
65
50
28
-2
-49
-93
-128
-148
-147
-153
-162
-168
-178
-179
-177
-179
-172
-175
-188
-197
-208
-213
-228
-226
-216
-230
-257
-288
-307
-299
-277
-265
-271
-279
-250
-191
-88
64
181
178
96
14
-11
9
42
78
109
134
94
-15
-123
-174
-130
-52
-33
-78
-147
-219
-265
-306
-381
-490
-590
-638
-643
-645
-666
-713
-755
-784
-815
-825
-802
-732
-624
-528
-465
-414
-366
-302
-198
-75
43
153
240
301
349
390
417
445
476
507
556
610
658
692
697
669
628
607
604
631
658
659
644
612
576
548
505
461
449
453
467
471
442
394
343
291
248
217
192
172
157
130
92
44
-16
-64
-94
-120
-137
-157
-178
-199
-217
-240
-280
-314
-326
-319
-285
-241
-206
-177
-143
-115
-91
-78
-66
-42
-12
25
49
51
45
33
21
-8
-30
-15
12
25
34
17
22
72
152
277
391
407
315
203
139
144
171
177
172
165
124
11
-115
-212
-221
-181
-178
-245
-341
-440
-519
-587
-697
-830
-955
-1026
-1049
-1058
-1081
-1139
-1196
-1231
-1263
-1265
-1229
-1142
-1021
-896
-786
-703
-627
-546
-444
-315
-172
-31
100
215
306
395
457
489
524
570
624
691
771
824
859
867
836
795
779
792
833
891
936
946
917
881
839
800
782
773
788
808
813
804
773
718
652
596
562
538
519
519
503
459
388
294
204
137
91
65
53
38
11
-19
-60
-117
-169
-204
-207
-178
-144
-123
-103
-93
-96
-125
-169
-203
-206
-189
-179
-197
-244
-302
-367
-428
-466
-474
-449
-407
-371
-344
-341
-330
-231
-123
-133
-237
-348
-387
-340
-295
-299
-303
-291
-307
-394
-498
-544
-502
-420
-386
-424
-521
-637
-718
-765
-830
-926
-1024
-1063
-1046
-1034
-1040
-1068
-1110
-1137
-1138
-1095
-1012
-890
-743
-610
-476
-352
-246
-141
-9
141
302
455
588
699
800
898
966
1014
1037
1064
1109
1173
1242
1292
1317
1299
1250
1204
1171
1144
1133
1148
1163
1143
1098
1031
952
878
814
754
725
708
679
650
597
518
421
340
267
205
159
117
84
30
-48
-142
-237
-322
-381
-413
-442
-455
-463
-480
-495
-522
-543
-544
-532
-504
-459
-410
-370
-355
-346
-331
-327
-336
-344
-352
-356
-353
-351
-362
-372
-385
-396
-358
-295
-246
-217
-182
-88
71
158
101
-20
-100
-76
-3
31
26
39
64
40
-40
-124
-166
-135
-88
-80
-129
-226
-329
-412
-476
-564
-703
-819
-875
-883
-870
-875
-903
-940
-986
-1004
-963
-892
-793
-662
-522
-379
-245
-152
-80
19
139
269
395
499
584
675
755
811
843
837
815
814
836
863
899
907
890
846
793
735
683
653
639
622
595
566
517
467
416
359
313
277
244
218
204
193
180
158
130
88
40
18
13
20
5
-28
-60
-92
-108
-129
-161
-181
-189
-156
-111
-93
-90
-91
-66
-22
31
83
123
163
198
225
248
237
197
161
137
106
77
60
46
59
64
48
53
94
146
192
260
365
422
358
199
45
-9
-3
-31
-75
-81
-83
-165
-310
-448
-534
-567
-580
-591
-622
-705
-822
-921
-1006
-1102
-1236
-1370
-1420
-1422
-1413
-1389
-1365
-1356
-1371
-1393
-1371
-1276
-1145
-992
-810
-614
-458
-325
-208
-102
-1
117
258
376
473
567
673
768
825
830
811
805
821
852
902
944
946
940
935
934
933
915
893
873
861
854
842
825
791
742
718
712
698
673
638
634
669
704
699
655
580
501
475
475
427
349
261
184
120
28
-28
-31
-39
-61
-112
-117
-107
-119
-81
-5
87
144
156
139
87
13
-49
-101
-144
-182
-180
-130
-133
-218
-256
-237
-199
-144
-68
31
116
237
508
793
752
303
-226
-485
-567
-720
-863
-836
-760
-943
-1346
-1603
-1687
-1795
-1961
-1931
-1661
-1520
-1632
-1704
-1594
-1537
-1696
-1864
-1780
-1562
-1364
-1099
-719
-406
-360
-454
-390
-196
-57
37
288
661
900
957
949
926
857
756
711
744
759
747
812
947
1025
962
828
747
770
861
971
1114
1245
1336
1413
1479
1517
1486
1402
1350
1329
1297
1194
1023
857
697
541
388
245
129
83
109
189
237
224
208
198
177
140
102
90
88
56
12
-34
-94
-182
-269
-305
-322
-345
-349
-319
-281
-260
-249
-255
-313
-415
-514
-568
-590
-649
-723
-760
-784
-836
-891
-886
-794
-647
-513
-386
-137
233
585
791
1030
1514
1915
1695
888
147
-248
-549
-948
-1203
-1166
-1239
-1724
-2275
-2414
-2300
-2300
-2343
-2006
-1382
-997
-961
-958
-865
-852
-946
-941
-734
-477
-225
87
420
589
445
171
74
187
353
524
796
1096
1264
1234
1061
864
702
584
551
616
690
713
732
799
806
662
464
383
488
694
902
1091
1212
1267
1296
1304
1237
1069
905
811
752
666
533
351
126
-107
-290
-417
-519
-554
-478
-316
-164
-63
-11
0
-39
-86
-112
-113
-88
-80
-82
-70
-69
-137
-244
-348
-428
-440
-381
-287
-157
-1
78
30
-72
-224
-392
-523
-585
-536
-427
-312
-233
-210
-238
-254
-271
-225
-76
249
685
1073
1381
1745
2358
2722
2303
1198
162
-401
-755
-1120
-1341
-1301
-1376
-1767
-2288
-2509
-2399
-2207
-1967
-1413
-559
44
59
-248
-471
-602
-786
-1013
-1101
-959
-670
-345
-97
-39
-246
-573
-700
-517
-181
192
634
1124
1436
1420
1167
888
654
469
360
309
272
228
200
206
206
22
-213
-301
-171
55
304
557
794
1013
1142
1194
1192
1111
948
767
628
476
281
105
-113
-333
-490
-594
-650
-631
-509
-298
43
463
695
768
766
634
395
215
135
116
151
197
292
262
93
-162
-433
-526
-418
-242
39
441
741
858
787
566
218
-79
-199
-209
-76
105
189
109
-48
-236
-493
-610
-443
-162
175
631
1150
1514
1846
2364
2612
2038
807
-329
-992
-1293
-1496
-1703
-1858
-1974
-2269
-2675
-2783
-2482
-2027
-1599
-987
-218
307
224
-308
-820
-1034
-1144
-1410
-1657
-1632
-1331
-988
-760
-729
-892
-1057
-959
-584
-90
475
1024
1477
1738
1723
1477
1151
888
692
526
430
386
314
220
171
139
51
-39
37
327
694
1004
1256
1477
1634
1663
1575
1395
1144
872
600
385
221
55
-164
-404
-547
-571
-509
-421
-299
-86
225
592
854
913
835
674
452
206
54
6
-20
-61
-132
-211
-314
-489
-621
-648
-538
-274
50
343
569
712
665
445
187
11
-123
-197
-174
-89
-45
-36
-59
-215
-472
-650
-634
-466
-179
184
602
907
1167
1702
2338
2290
1277
-35
-945
-1364
-1601
-1808
-1976
-2079
-2214
-2441
-2547
-2304
-1803
-1357
-914
-239
481
702
236
-441
-799
-867
-1060
-1459
-1704
-1522
-1088
-746
-644
-707
-805
-758
-512
-87
494
1110
1591
1860
1944
1838
1547
1203
940
773
628
467
308
192
170
196
171
112
125
284
566
874
1150
1387
1533
1516
1372
1161
868
533
248
29
-111
-173
-244
-386
-534
-555
-441
-315
-184
-6
208
464
740
883
778
536
274
9
-194
-261
-270
-269
-256
-254
-291
-386
-591
-735
-637
-318
77
413
699
800
821
731
461
127
-99
-176
-226
-156
-16
-47
-240
-404
-619
-738
-604
-216
240
755
1272
1734
2455
3107
2848
1481
-42
-1043
-1630
-1973
-2085
-2138
-2243
-2414
-2640
-2671
-2304
-1770
-1405
-891
13
900
1090
511
-261
-687
-806
-1146
-1762
-2088
-1812
-1329
-1032
-960
-1011
-1073
-1001
-730
-292
344
1070
1624
1914
2012
1899
1552
1120
772
526
330
131
-58
-159
-116
-19
-22
-126
-147
84
535
990
1272
1436
1563
1616
1503
1221
878
598
421
275
104
-46
-128
-187
-261
-273
-164
-22
101
266
501
735
880
918
821
590
356
211
103
27
-22
-81
-237
-295
-260
-352
-406
-267
-109
-41
79
179
179
267
426
447
415
345
152
-48
-152
-224
-276
-316
-326
-297
-128
160
377
608
1008
1792
2855
3436
2735
1099
-364
-1196
-1742
-2153
-2398
-2555
-2690
-2858
-2923
-2725
-2263
-1876
-1573
-963
28
780
646
-86
-639
-723
-845
-1416
-2129
-2318
-1848
-1261
-1032
-1124
-1272
-1299
-1107
-727
-198
457
1087
1508
1735
1833
1715
1376
1003
710
524
400
257
141
129
182
154
19
-56
42
339
748
1101
1322
1467
1546
1512
1360
1149
922
741
664
661
670
584
383
149
-3
-32
-28
-42
37
332
743
1081
1231
1181
983
763
566
373
219
141
111
72
41
37
-66
-372
-671
-815
-766
-644
-468
-299
-272
-257
-189
-117
22
155
178
135
177
199
0
-208
-347
-448
-433
-114
436
1419
2828
3634
2876
1038
-557
-1433
-1821
-2004
-2116
-2262
-2363
-2583
-2912
-3026
-2691
-2252
-1899
-1214
-131
777
799
66
-673
-840
-870
-1346
-1987
-2060
-1440
-728
-384
-513
-890
-1136
-1092
-891
-492
218
990
1469
1658
1702
1559
1264
963
696
513
514
641
726
785
863
806
518
179
115
372
756
1087
1334
1570
1761
1776
1556
1205
885
673
561
520
572
649
526
197
-75
-124
-71
-99
-142
-60
220
645
984
1045
861
695
591
379
105
-75
-187
-325
-322
-112
46
-130
-519
-823
-995
-1019
-984
-950
-889
-663
-397
-286
-249
-223
-211
-221
-226
-188
-47
97
139
189
417
955
2166
3595
3874
2424
379
-948
-1553
-1861
-2034
-2143
-2295
-2502
-2812
-3071
-2908
-2390
-2020
-1597
-503
925
1528
847
-231
-689
-601
-861
-1686
-2255
-1865
-867
-139
-89
-438
-769
-903
-881
-672
-94
770
1480
1708
1624
1438
1120
687
314
95
101
290
427
443
477
510
261
-200
-394
-87
529
1127
1524
1775
2002
2144
2030
1615
1141
896
879
877
769
573
313
-19
-323
-489
-563
-500
-256
112
423
653
865
943
837
604
407
323
347
441
437
234
-13
-150
-291
-508
-785
-884
-760
-613
-523
-499
-538
-643
-762
-806
-764
-669
-421
-81
210
272
135
-116
-198
196
935
2202
3764
4486
3469
1448
-190
-1107
-1693
-2094
-2217
-2166
-2210
-2579
-3043
-3156
-2787
-2472
-2205
-1367
25
985
867
193
-249
-309
-670
-1519
-2107
-1798
-1054
-576
-490
-615
-804
-889
-750
-452
41
691
1252
1534
1621
1471
1027
541
249
142
91
17
-109
-227
-258
-323
-596
-918
-1005
-764
-210
528
1161
1521
1739
1916
1995
1964
1862
1726
1631
1620
1573
1287
726
129
-289
-442
-409
-331
-209
76
484
792
941
968
919
845
880
939
851
733
712
563
113
-289
-537
-864
-1141
-1042
-762
-430
62
431
320
-38
-306
-518
-716
-750
-504
-228
-14
77
16
-171
-186
55
786
2423
4059
4194
2633
790
-288
-789
-1258
-1759
-2027
-2042
-2248
-2759
-3028
-2708
-2335
-2402
-2237
-1238
16
387
-224
-904
-849
-502
-843
-1663
-1925
-1398
-836
-650
-800
-1117
-1363
-1324
-1044
-586
56
704
1122
1263
1240
1064
785
608
627
632
521
379
184
-158
-529
-851
-1218
-1506
-1407
-879
-186
412
789
1003
1165
1365
1633
1911
2165
2338
2356
2271
2118
1728
1019
254
-174
-193
-70
51
251
595
1007
1234
1156
938
885
969
1031
1222
1404
1430
1264
890
399
-41
-347
-703
-1039
-1042
-797
-654
-569
-312
-116
-274
-479
-582
-552
-418
-197
-43
30
286
701
1071
1514
2561
3534
3138
1297
-430
-1134
-1311
-1534
-1716
-1820
-2168
-2921
-3682
-3756
-3074
-2236
-1746
-1066
17
825
479
-697
-1569
-1607
-1446
-1683
-1834
-1477
-963
-777
-857
-1119
-1560
-1983
-1930
-1236
-193
751
1295
1374
1139
815
469
184
234
578
797
801
735
609
295
-331
-1055
-1497
-1460
-1020
-322
410
831
884
792
700
705
971
1421
1818
2125
2411
2442
2039
1385
741
313
258
529
818
1006
1089
1082
1164
1271
1123
901
982
1257
1489
1680
1663
1313
933
713
511
326
291
277
151
-44
-214
-423
-659
-807
-853
-830
-596
-395
-457
-594
-802
-827
-239
684
1536
2721
3821
3482
1523
-364
-1131
-1276
-1492
-1805
-1979
-2242
-2944
-4011
-4668
-4394
-3665
-3232
-2541
-1074
291
455
-306
-971
-1073
-912
-993
-1093
-719
-100
82
-226
-786
-1478
-1956
-1837
-1254
-531
220
828
1053
887
483
61
-22
405
967
1218
1241
1216
926
269
-431
-977
-1326
-1241
-698
-46
469
730
603
272
147
318
666
1173
1753
2177
2298
2108
1602
847
173
-111
-45
202
478
678
805
846
732
434
248
490
1076
1621
1814
1900
2071
2078
1775
1334
1003
876
928
984
824
546
264
-28
-330
-471
-384
-426
-580
-417
-32
164
72
94
469
1243
2521
3573
3348
1678
-249
-1162
-1191
-1170
-1321
-1568
-2056
-3031
-4137
-4624
-4318
-3767
-3370
-2593
-1246
-311
-603
-1551
-2166
-2000
-1541
-1319
-1098
-602
-143
-111
-419
-903
-1456
-1801
-1700
-1125
-214
702
1271
1315
899
369
73
173
662
1262
1623
1508
938
186
-431
-838
-1161
-1363
-1151
-517
146
456
348
153
203
459
781
1241
1770
1996
1832
1541
1256
989
680
310
101
251
495
454
133
-129
-211
-181
-39
295
759
1121
1270
1188
967
776
715
734
862
1157
1416
1374
1136
823
467
214
129
307
609
885
1005
917
853
729
438
356
747
1884
3558
4511
3559
1320
-285
-588
-505
-606
-701
-837
-1624
-3092
-4129
-4149
-3819
-3836
-3640
-2420
-955
-845
-2043
-2981
-2806
-2010
-1347
-1026
-784
-371
-30
-177
-696
-1158
-1415
-1399
-1021
-464
-37
151
5
-471
-904
-939
-613
-76
629
1293
1439
924
170
-330
-471
-372
-157
16
83
119
118
-25
-211
-161
199
677
1128
1440
1463
1290
1208
1300
1433
1463
1375
1258
1124
859
453
112
-99
-251
-314
-149
104
129
-8
-78
37
252
409
497
619
938
1323
1466
1382
1270
1104
762
452
364
391
359
314
203
98
10
0
408
1352
2684
3977
4320
3193
1423
469
870
1393
1267
771
77
-1291
-3106
-4031
-3684
-2967
-2705
-2514
-1827
-1189
-1707
-2975
-3567
-2974
-1827
-909
-452
-376
-513
-752
-988
-1143
-1163
-933
-430
137
463
392
-97
-799
-1363
-1489
-1052
-258
399
559
375
-67
-735
-1346
-1545
-1287
-795
-341
-119
-172
-389
-603
-712
-614
-224
417
1031
1454
1695
1700
1487
1303
1309
1425
1489
1429
1292
1198
1143
1027
897
758
478
169
154
291
342
298
268
266
325
473
507
250
32
226
702
1097
1117
966
893
901
787
622
537
416
172
-41
-34
341
1128
1998
2846
3398
3027
1513
185
232
1029
1179
703
269
-320
-1523
-2883
-3246
-2622
-2128
-2300
-2298
-1764
-1682
-2505
-3142
-2798
-1906
-1174
-900
-1063
-1295
-1180
-791
-406
-75
212
391
447
378
217
63
-59
-127
31
393
633
484
134
-183
-524
-1008
-1342
-1288
-1084
-964
-988
-1155
-1365
-1451
-1347
-1100
-726
-282
175
559
753
820
849
781
688
798
1105
1324
1308
1184
1144
1177
1142
1091
1101
1035
805
605
537
524
580
619
594
603
648
642
531
499
541
666
884
1023
973
803
667
579
569
588
513
234
132
454
1071
1654
2000
2365
2774
2575
1242
153
450
1259
870
-124
-643
-1253
-2511
-3493
-3014
-1833
-1474
-2117
-2512
-2311
-2463
-3146
-3273
-2603
-1802
-1288
-1178
-1653
-2313
-2290
-1524
-675
-84
431
795
786
599
562
720
914
1081
1248
1381
1334
981
636
470
356
211
104
-105
-462
-657
-709
-982
-1292
-1171
-770
-579
-636
-688
-557
-257
39
366
788
1037
1007
986
1079
1039
861
779
744
605
481
434
378
376
448
457
314
110
23
31
-41
-31
269
643
699
459
299
337
474
664
868
990
1023
1081
994
753
448
107
-60
376
1452
2314
2734
3116
3213
2237
849
625
1637
2034
1103
81
-477
-1442
-2885
-3243
-2164
-1455
-2190
-3168
-3240
-3020
-3335
-3549
-3086
-2404
-1957
-1886
-2261
-2894
-3026
-2262
-1212
-475
-144
-2
7
-77
19
477
997
1159
1157
1288
1438
1411
1385
1417
1350
1141
780
224
-341
-539
-366
-185
-204
-324
-518
-759
-912
-789
-301
345
788
937
1016
1030
933
996
1370
1673
1659
1496
1277
1033
878
869
779
588
400
194
-62
-298
-441
-387
-212
-190
-342
-427
-408
-454
-397
-151
104
160
130
66
87
222
474
583
344
-49
-339
-179
623
1776
2588
3169
3363
2674
1203
517
1340
2420
2248
1221
332
-586
-1853
-2481
-1548
-488
-1034
-2555
-3120
-2689
-2589
-2921
-2714
-2186
-2085
-2384
-2734
-3191
-3412
-2732
-1554
-904
-919
-999
-1003
-987
-634
246
1150
1394
1016
705
759
1004
1357
1758
1768
1213
582
299
155
29
60
124
-115
-450
-552
-547
-661
-681
-348
160
484
544
510
473
489
694
1173
1582
1563
1327
1311
1502
1655
1768
1767
1438
1007
867
921
826
663
596
541
278
-155
-484
-542
-398
-287
-275
-344
-438
-580
-677
-624
-388
-217
-204
-243
-299
-430
-362
429
1584
2449
2735
2455
1436
356
513
1941
2736
1812
264
-740
-1395
-1925
-1480
-249
40
-1372
-2791
-2760
-2178
-2206
-2341
-2039
-1970
-2471
-2878
-2998
-3124
-2889
-2004
-1237
-1228
-1470
-1389
-1068
-677
1
865
1317
1044
642
742
1157
1582
2091
2498
2133
1129
499
533
594
475
403
90
-624
-1114
-986
-666
-575
-645
-695
-639
-474
-213
128
439
625
840
1126
1199
1002
976
1283
1567
1676
1725
1556
1059
644
736
1155
1402
1297
1011
693
358
100
49
225
414
395
194
23
8
66
6
-208
-369
-393
-361
-458
-550
-423
82
672
1060
1468
2032
2094
1126
361
1099
2443
2267
819
-203
-531
-1144
-1848
-1437
-487
-809
-2451
-3470
-2985
-2284
-2229
-2324
-2404
-2825
-3188
-2895
-2510
-2505
-2233
-1496
-1263
-1720
-1834
-1293
-885
-710
-164
578
682
257
212
848
1504
1847
2208
2374
1811
1113
1209
1677
1654
1290
921
266
-533
-681
-175
97
-121
-385
-518
-677
-648
-226
227
302
178
359
794
975
851
864
1114
1263
1229
1269
1254
1086
1048
1165
1079
770
561
460
410
366
325
298
311
225
14
-104
-56
66
169
159
-22
-151
-139
-176
-314
-273
-19
313
671
1223
1990
2395
1873
846
695
1658
2342
1768
785
116
-564
-1212
-938
54
91
-1326
-2789
-2966
-2323
-2006
-2148
-2351
-2768
-3418
-3651
-3350
-3151
-3039
-2580
-2186
-2328
-2339
-1710
-1088
-952
-727
-108
284
134
11
414
953
1245
1506
1856
1751
1137
817
1174
1557
1556
1340
887
167
-247
60
476
379
7
-307
-533
-562
-212
276
371
81
-113
152
689
1084
1242
1243
1149
1128
1312
1532
1554
1481
1433
1391
1282
1060
824
732
775
760
594
311
145
110
96
80
122
245
197
-135
-498
-528
-337
-212
-303
-366
-158
276
629
997
1609
1907
1239
310
694
2008
2340
1341
426
60
-510
-1065
-618
297
-48
-1659
-2650
-2176
-1572
-1753
-2099
-2329
-2943
-3573
-3383
-2886
-2871
-2799
-2255
-2091
-2522
-2465
-1734
-1312
-1297
-892
-166
68
-129
29
578
839
836
1178
1632
1475
1019
1130
1543
1485
1166
977
588
-36
-111
376
527
63
-413
-584
-607
-474
-132
91
-67
-317
-228
198
625
873
994
1012
965
1113
1531
1855
1820
1680
1601
1491
1358
1339
1364
1249
1054
865
681
582
574
589
544
486
430
364
207
-23
-164
-140
-64
-44
4
74
225
363
749
1516
2015
1455
412
411
1458
1880
1047
281
24
-558
-1399
-1071
227
299
-1391
-2812
-2549
-1815
-1900
-2328
-2535
-2902
-3436
-3440
-3008
-2936
-3051
-2829
-2712
-2917
-2596
-1526
-963
-1243
-1184
-436
-87
-393
-207
685
1209
1023
1041
1564
1738
1391
1269
1525
1576
1368
1195
923
464
295
606
723
336
-38
-210
-447
-563
-200
212
22
-463
-478
-19
327
376
422
526
523
551
912
1410
1589
1447
1311
1259
1205
1203
1252
1316
1314
1269
1131
882
644
570
544
403
306
415
545
358
-18
-138
13
64
-71
-56
275
624
772
1151
1904
2216
1511
712
1097
2032
1986
1043
495
339
-235
-816
-425
244
-432
-2045
-2748
-2112
-1627
-2050
-2601
-2919
-3412
-3867
-3729
-3433
-3574
-3674
-3362
-3263
-3407
-2946
-1999
-1681
-1895
-1558
-745
-429
-508
-32
837
1165
1067
1333
1858
1885
1643
1754
1973
1810
1609
1612
1366
851
717
920
764
282
49
54
-42
-79
139
257
-63
-397
-235
190
407
463
546
556
496
634
1036
1302
1252
1182
1229
1216
1108
1088
1133
1122
1091
1074
985
823
700
640
542
423
405
499
443
119
-162
-175
-216
-376
-458
-412
-363
-167
312
777
1155
1526
1631
1131
783
1433
2319
2032
979
530
661
372
-117
138
435
-527
-1974
-2079
-1120
-1086
-2111
-2781
-2964
-3370
-3682
-3381
-3217
-3681
-3908
-3492
-3210
-3220
-2882
-2325
-2306
-2420
-1878
-1081
-823
-772
-207
439
557
630
1220
1711
1576
1458
1842
2060
1754
1588
1746
1594
1142
958
990
804
501
416
446
406
345
302
135
-83
-37
304
563
497
372
443
623
795
1053
1338
1396
1216
1048
1090
1189
1204
1233
1302
1309
1194
1033
919
847
730
577
536
635
621
383
137
33
-63
-256
-411
-358
-229
-292
-558
-594
-77
507
821
1046
1150
790
356
706
1650
1722
749
23
-3
-7
-209
39
339
-495
-1834
-2038
-1103
-824
-1761
-2530
-2659
-2822
-3082
-2996
-2921
-3380
-3680
-3316
-3023
-3135
-3015
-2475
-2306
-2423
-1976
-1128
-809
-865
-442
296
601
675
1200
1858
1961
1807
1966
2171
2015
1831
1871
1723
1326
1102
1099
979
760
694
609
287
-25
-32
127
148
175
404
534
368
199
342
647
871
1032
1164
1179
1074
987
1022
1143
1255
1322
1278
1140
1020
1026
1083
1004
785
651
699
728
689
640
526
181
-178
-255
-177
-260
-483
-658
-684
-590
-402
-49
193
460
915
1240
937
466
779
1527
1387
475
124
306
26
-559
-384
99
-613
-1960
-2198
-1374
-1235
-2190
-2909
-3040
-3236
-3441
-3285
-3140
-3457
-3710
-3433
-3229
-3238
-2955
-2427
-2296
-2336
-1714
-882
-692
-707
-68
712
852
833
1404
2080
2200
2159
2358
2428
2153
2008
2130
2006
1588
1446
1559
1431
1067
855
673
250
-71
83
368
324
109
62
150
228
352
591
778
769
717
836
1040
1133
1114
1103
1150
1181
1142
1012
888
835
876
890
785
616
493
488
533
522
400
300
288
306
183
-32
-208
-277
-348
-463
-482
-401
-277
-115
133
558
1146
1380
967
404
647
1491
1663
890
361
390
143
-588
-681
-23
-201
-1594
-2475
-1992
-1507
-2187
-3063
-3231
-3195
-3388
-3479
-3388
-3573
-3843
-3668
-3421
-3475
-3355
-2806
-2383
-2310
-1964
-1246
-855
-762
-276
548
942
991
1389
2035
2248
2166
2325
2492
2271
2066
2286
2424
2049
1627
1532
1470
1199
967
867
708
485
382
353
265
171
223
363
444
518
606
659
649
687
881
1053
1022
883
869
1001
1100
1045
891
793
788
750
647
603
587
490
392
416
419
252
62
65
145
95
-3
-37
-64
-184
-316
-332
-273
-226
-99
189
402
593
1071
1490
1193
491
592
1492
1690
731
85
301
307
-344
-580
-137
-523
-1955
-2598
-1778
-1162
-1936
-2963
-3239
-3282
-3381
-3237
-3182
-3669
-4069
-3684
-3243
-3280
-3130
-2541
-2253
-2398
-2043
-1163
-724
-693
-144
717
877
613
954
1712
1906
1756
1983
2248
2043
1846
2053
2118
1716
1414
1480
1525
1362
1269
1235
953
600
576
761
773
680
747
861
801
717
829
986
982
909
886
857
841
950
1107
1100
872
615
510
551
636
667
612
476
292
232
299
303
134
-46
-90
-1
39
-2
-71
-159
-191
-179
-117
-147
-287
-385
-310
-202
-152
49
386
701
956
1132
954
480
461
1056
1315
625
-101
-200
-246
-651
-789
-488
-866
-2063
-2539
-1785
-1302
-2050
-2884
-2880
-2790
-2997
-3033
-2866
-3040
-3292
-2946
-2502
-2582
-2653
-2155
-1643
-1595
-1465
-934
-546
-457
-125
441
616
547
925
1534
1657
1462
1557
1789
1716
1606
1755
1756
1398
1158
1316
1460
1315
1131
1124
1120
1001
943
985
956
890
1005
1174
1128
935
868
1015
1183
1196
1094
939
782
742
823
910
882
779
698
623
500
435
557
647
468
164
39
136
245
234
132
-4
-121
-207
-225
-104
60
59
-120
-259
-263
-198
-228
-310
-403
-519
-621
-501
-141
250
547
580
183
-383
-292
475
732
23
-648
-606
-533
-933
-1041
-589
-708
-1761
-2311
-1635
-1007
-1508
-2240
-2276
-2105
-2158
-2113
-1978
-2122
-2350
-2204
-1983
-2047
-1998
-1588
-1236
-1228
-1175
-899
-719
-679
-373
172
417
371
536
968
1208
1208
1245
1391
1487
1580
1711
1721
1606
1561
1674
1749
1658
1486
1336
1238
1192
1189
1135
950
729
665
773
841
742
548
464
563
718
797
792
701
583
569
723
865
800
625
535
553
574
579
590
512
342
241
277
289
209
139
116
41
-72
-94
-61
-109
-253
-337
-359
-509
-762
-867
-761
-690
-878
-1093
-1156
-1104
-935
-647
-87
494
534
-125
-693
-267
738
887
143
-307
-169
-130
-408
-254
312
-9
-1102
-1433
-629
-150
-856
-1541
-1405
-1206
-1469
-1783
-1849
-1920
-2035
-1929
-1809
-1923
-2023
-1836
-1545
-1394
-1289
-1105
-957
-805
-379
163
359
308
566
1138
1477
1442
1433
1616
1791
1868
1892
1861
1722
1565
1530
1596
1558
1350
1104
937
860
821
711
460
262
354
594
603
335
135
216
410
525
563
546
458
374
461
646
674
489
318
323
391
381
316
288
303
272
150
12
-87
-138
-182
-220
-255
-359
-558
-720
-736
-690
-723
-865
-971
-952
-869
-825
-888
-987
-982
-895
-798
-745
-692
-443
-123
112
518
1093
1288
761
305
811
1583
1408
695
521
786
613
196
410
725
86
-844
-808
-112
-161
-965
-1365
-1219
-1252
-1594
-1832
-1911
-2061
-2107
-1924
-1774
-1787
-1815
-1719
-1543
-1256
-894
-696
-651
-460
-33
330
459
622
952
1170
1169
1164
1305
1432
1435
1427
1413
1313
1156
1072
1108
1196
1197
1030
821
762
856
938
853
653
484
405
371
383
429
405
234
59
111
327
381
160
-67
-47
120
176
69
-69
-159
-199
-182
-115
-122
-261
-404
-402
-274
-207
-310
-515
-646
-597
-476
-424
-430
-406
-374
-377
-440
-481
-383
-215
-107
-102
-113
-132
-152
-104
37
148
91
-61
0
328
660
893
1099
1235
999
578
627
1131
1301
970
663
632
475
67
-19
311
363
-130
-563
-501
-416
-737
-1098
-1093
-957
-1104
-1472
-1787
-1902
-1844
-1719
-1620
-1560
-1627
-1823
-1931
-1711
-1234
-888
-836
-880
-814
-597
-262
131
498
692
680
649
730
926
1122
1233
1238
1172
1099
1046
1026
1053
1072
1006
918
857
790
665
507
358
249
210
239
218
38
-182
-265
-181
-97
-83
-94
-92
-85
-65
0
59
121
214
302
330
346
418
494
495
482
530
585
551
466
448
484
481
412
323
222
121
40
24
63
73
-12
-135
-211
-244
-250
-267
-306
-361
-377
-336
-277
-223
-189
-156
-79
58
222
394
601
853
1046
1066
948
847
806
740
632
631
686
627
358
71
-57
-85
-162
-286
-403
-499
-667
-908
-1100
-1175
-1246
-1409
-1593
-1676
-1684
-1703
-1755
-1808
-1809
-1771
-1728
-1694
-1626
-1537
-1462
-1382
-1236
-1080
-961
-858
-731
-585
-451
-352
-313
-298
-263
-176
-71
-36
-49
-24
60
139
201
319
479
551
519
533
651
804
938
1054
1165
1244
1288
1361
1489
1629
1702
1735
1793
1836
1811
1755
1718
1692
1637
1534
1416
1294
1166
1045
964
923
797
532
279
170
142
58
-100
-251
-353
-425
-468
-451
-397
-380
-436
-455
-346
-193
-127
-159
-149
-64
26
88
148
234
290
265
240
246
231
169
99
103
135
144
84
72
159
254
210
35
-91
-138
-179
-223
-223
-227
-318
-499
-631
-660
-640
-679
-772
-832
-879
-954
-1035
-1123
-1245
-1413
-1573
-1709
-1791
-1838
-1905
-2039
-2190
-2291
-2291
-2238
-2243
-2289
-2291
-2199
-2092
-1965
-1760
-1525
-1367
-1243
-998
-651
-333
-117
79
327
601
813
1017
1296
1575
1740
1822
1944
2118
2268
2319
2342
2386
2403
2350
2292
2322
2342
2217
1990
1851
1822
1768
1630
1466
1335
1218
1082
949
875
829
741
599
464
386
379
393
388
320
200
77
-11
-23
-18
-24
-51
-114
-170
-193
-202
-218
-239
-239
-219
-258
-315
-269
-158
-121
-186
-266
-305
-311
-283
-222
-192
-245
-326
-356
-348
-345
-366
-376
-399
-447
-479
-433
-345
-241
-158
-149
-225
-363
-445
-471
-480
-487
-545
-661
-761
-860
-918
-951
-1015
-1098
-1174
-1219
-1259
-1327
-1372
-1408
-1488
-1595
-1661
-1675
-1696
-1743
-1710
-1591
-1480
-1425
-1387
-1272
-1109
-944
-760
-578
-406
-235
-58
130
332
544
714
822
934
1088
1226
1307
1357
1421
1464
1463
1461
1490
1529
1540
1537
1536
1498
1428
1372
1352
1358
1354
1363
1358
1308
1259
1259
1285
1284
1271
1247
1198
1140
1111
1095
1052
972
863
760
673
597
514
406
299
193
114
34
-74
-182
-291
-394
-456
-481
-542
-653
-740
-754
-746
-779
-808
-803
-807
-849
-878
-859
-812
-784
-765
-705
-661
-655
-698
-766
-803
-775
-742
-783
-868
-921
-939
-969
-979
-928
-887
-908
-915
-821
-612
-404
-219
-67
-26
-75
-110
-20
165
329
433
491
457
368
312
334
399
397
320
227
134
41
-62
-164
-258
-384
-589
-811
-928
-924
-901
-946
-992
-1018
-1053
-1105
-1087
-947
-785
-690
-607
-458
-275
-128
-7
166
384
581
705
780
888
1044
1211
1316
1347
1331
1335
1382
1437
1504
1558
1545
1439
1343
1335
1349
1318
1250
1184
1131
1069
1013
989
991
946
824
695
638
620
558
432
308
219
128
-2
-138
-198
-232
-356
-544
-661
-706
-772
-882
-974
-1024
-1089
-1165
-1226
-1239
-1236
-1242
-1233
-1196
-1157
-1147
-1148
-1098
-964
-796
-668
-603
-528
-397
-253
-110
45
178
244
266
308
395
483
529
525
510
488
458
439
430
415
337
236
176
180
243
280
264
203
75
-58
-146
-179
-176
-199
-249
-283
-335
-394
-453
-490
-500
-491
-474
-474
-515
-563
-589
-564
-541
-575
-673
-720
-685
-626
-611
-590
-528
-481
-472
-449
-343
-205
-112
-66
11
133
228
290
391
518
596
637
687
758
827
859
867
870
882
898
896
893
896
878
840
775
693
652
639
603
520
439
367
306
287
284
247
161
77
41
20
-9
-58
-110
-148
-186
-202
-185
-192
-233
-254
-255
-248
-219
-155
-88
-63
-51
-11
54
105
135
175
245
295
308
327
363
394
424
443
423
370
335
333
314
266
224
163
92
18
-60
-120
-188
-302
-454
-573
-626
-647
-716
-841
-961
-1040
-1067
-1092
-1099
-1082
-1066
-1034
-932
-806
-659
-491
-328
-235
-228
-190
-118
-35
64
198
291
305
264
232
254
301
341
338
308
274
228
185
105
19
-88
-205
-345
-459
-516
-568
-644
-691
-692
-711
-750
-762
-726
-703
-695
-650
-545
-394
-259
-164
-84
1
94
179
225
268
323
360
386
401
429
425
391
399
470
533
532
535
596
636
618
644
737
818
828
842
921
993
1009
1017
1088
1167
1173
1139
1152
1182
1170
1125
1059
999
960
926
868
805
752
656
509
391
356
337
258
137
46
-46
-172
-285
-349
-398
-490
-575
-611
-654
-741
-824
-851
-847
-879
-937
-976
-1009
-1033
-1031
-1010
-993
-993
-995
-999
-991
-936
-870
-865
-911
-925
-894
-874
-849
-734
-588
-527
-548
-540
-461
-370
-259
-113
86
253
332
326
287
265
255
281
344
412
461
462
398
310
253
214
179
161
182
171
84
-21
-102
-158
-237
-324
-433
-535
-642
-705
-716
-710
-740
-806
-852
-872
-833
-761
-671
-580
-503
-401
-281
-143
3
165
297
375
438
542
673
774
852
916
985
1028
1050
1089
1152
1207
1234
1231
1223
1209
1205
1215
1203
1178
1137
1084
1028
989
964
913
835
784
768
754
705
629
562
500
430
362
316
272
195
101
38
9
-44
-152
-269
-342
-403
-490
-582
-659
-723
-805
-887
-936
-969
-1017
-1060
-1071
-1045
-1016
-1010
-1017
-1003
-963
-906
-829
-756
-705
-675
-625
-549
-454
-345
-252
-201
-188
-161
-99
-30
-8
-14
-6
13
35
40
42
39
22
5
17
52
55
67
156
268
285
193
110
71
62
78
111
127
112
57
6
-34
-56
-58
-55
-53
-66
-97
-148
-213
-252
-278
-311
-356
-424
-513
-574
-573
-524
-499
-527
-558
-557
-539
-516
-445
-322
-231
-188
-117
-4
104
181
269
377
452
478
514
571
616
630
653
688
699
684
671
698
722
703
687
687
679
656
636
637
648
647
622
573
524
481
454
454
463
462
434
389
362
376
377
334
270
248
267
261
248
225
184
113
40
13
-3
-27
-77
-152
-210
-233
-256
-316
-378
-409
-410
-413
-418
-397
-371
-381
-420
-418
-362
-326
-322
-311
-288
-293
-318
-310
-262
-223
-215
-214
-185
-159
-181
-240
-276
-283
-293
-299
-304
-313
-356
-415
-438
-426
-412
-399
-368
-317
-263
-190
-80
4
-17
-75
-102
-85
-45
22
102
179
201
158
99
51
49
91
133
147
95
10
-65
-142
-203
-256
-340
-447
-540
-602
-624
-640
-660
-692
-748
-792
-795
-754
-696
-637
-572
-499
-394
-281
-178
-70
29
101
158
228
330
430
523
618
705
741
724
727
774
830
857
870
879
882
866
849
827
788
739
701
705
739
784
787
744
694
675
665
663
663
662
636
573
535
532
507
449
396
353
325
296
261
211
151
106
83
59
4
-49
-73
-95
-147
-199
-230
-267
-296
-304
-311
-355
-420
-456
-458
-473
-506
-530
-537
-559
-593
-617
-643
-697
-738
-728
-702
-697
-721
-741
-742
-733
-738
-737
-718
-689
-662
-637
-606
-579
-551
-502
-439
-393
-350
-297
-231
-177
-107
34
220
349
335
275
257
264
296
373
469
504
463
384
303
240
237
276
300
279
203
114
44
-9
-56
-105
-181
-305
-419
-477
-491
-502
-534
-598
-661
-691
-655
-596
-566
-539
-507
-458
-386
-299
-190
-78
8
79
156
226
282
341
426
520
603
664
703
730
757
806
877
949
990
998
996
1015
1029
1021
1010
991
976
963
952
921
879
824
771
728
669
613
570
534
484
437
389
308
185
74
24
5
-25
-72
-154
-267
-362
-417
-460
-518
-590
-632
-641
-664
-715
-764
-805
-828
-818
-803
-787
-780
-782
-744
-690
-653
-632
-604
-542
-470
-398
-334
-294
-281
-263
-230
-183
-134
-95
-82
-108
-123
-114
-95
-102
-125
-131
-129
-154
-213
-254
-287
-322
-322
-291
-265
-264
-282
-276
-216
-100
58
169
163
99
65
81
159
265
352
386
346
283
231
214
229
261
293
265
172
77
7
-49
-104
-138
-183
-262
-333
-361
-358
-342
-340
-361
-382
-375
-310
-206
-124
-74
-28
40
120
211
311
414
489
539
581
602
617
648
696
718
709
667
607
556
519
503
475
403
312
228
180
163
154
123
68
29
37
78
109
145
197
231
246
272
326
364
382
416
459
496
506
491
475
456
427
394
353
300
270
246
183
56
-91
-203
-271
-320
-369
-443
-556
-688
-780
-818
-839
-868
-907
-926
-936
-942
-918
-885
-868
-852
-830
-795
-738
-663
-579
-516
-480
-460
-437
-397
-340
-276
-220
-187
-165
-146
-134
-122
-108
-63
-32
-21
-5
19
56
92
112
136
171
228
288
332
373
400
435
492
558
600
614
614
619
634
647
654
648
626
585
530
493
458
401
328
252
175
95
-3
-107
-197
-280
-344
-416
-489
-551
-608
-641
-643
-608
-570
-563
-549
-502
-435
-358
-265
-173
-92
-41
30
131
227
305
370
434
475
487
497
531
560
571
563
545
514
481
453
434
422
377
311
249
227
223
209
168
132
104
75
55
29
31
35
28
28
22
6
-28
-55
-71
-84
-115
-146
-165
-189
-220
-262
-296
-340
-374
-389
-395
-410
-448
-474
-481
-468
-455
-437
-417
-409
-402
-377
-321
-280
-257
-238
-211
-164
-126
-93
-57
-20
3
26
58
92
107
109
122
151
174
179
169
152
136
135
135
142
146
138
135
149
164
178
206
248
283
308
328
335
349
381
425
454
461
460
451
427
400
376
338
282
222
180
137
69
-37
-144
-230
-302
-372
-437
-504
-577
-661
-720
-743
-771
-812
-840
-842
-837
-814
-778
-740
-705
-664
-597
-513
-421
-336
-254
-174
-93
-14
64
124
180
248
318
395
445
471
476
486
522
551
558
559
570
579
575
565
566
554
516
476
470
475
460
427
392
361
339
313
277
224
162
119
77
31
-12
-55
-100
-155
-204
-238
-263
-293
-319
-333
-357
-386
-408
-406
-366
-329
-302
-271
-236
-199
-159
-117
-68
-6
46
99
158
218
271
312
348
389
417
441
465
469
473
476
458
430
404
376
327
266
220
193
164
127
92
45
-12
-80
-126
-148
-154
-174
-223
-265
-301
-327
-331
-350
-379
-392
-408
-447
-474
-482
-475
-481
-477
-470
-507
-571
-609
-598
-591
-603
-632
-661
-688
-706
-710
-704
-702
-705
-673
-624
-573
-523
-479
-427
-366
-292
-209
-120
-31
53
119
192
263
321
391
474
570
659
716
741
760
778
799
823
855
871
852
827
805
772
718
653
594
540
499
466
426
382
339
286
214
147
123
106
78
54
42
30
17
24
48
68
71
79
102
132
155
162
163
149
139
154
187
215
210
189
167
136
119
110
95
75
56
29
-10
-50
-74
-101
-148
-178
-197
-210
-243
-286
-309
-319
-325
-343
-354
-353
-356
-366
-367
-358
-359
-368
-358
-339
-322
-314
-329
-338
-343
-345
-347
-349
-346
-346
-368
-397
-407
-407
-402
-403
-408
-403
-397
-391
-385
-373
-361
-368
-370
-346
-315
-302
-288
-256
-213
-179
-158
-133
-109
-88
-60
-11
28
57
85
120
163
190
208
236
280
297
295
311
339
361
370
372
381
392
390
389
399
414
416
414
421
443
457
466
475
490
508
507
501
507
533
563
580
582
570
555
551
540
514
508
500
481
457
432
410
380
334
281
237
208
187
162
128
77
17
-39
-85
-119
-147
-168
-198
-244
-297
-346
-382
-409
-428
-454
-486
-513
-535
-547
-573
-591
-590
-592
-605
-623
-627
-631
-635
-637
-639
-656
-663
-657
-632
-606
-590
-581
-577
-551
-532
-500
-448
-400
-349
-316
-282
-246
-204
-165
-121
-59
-3
38
82
122
149
170
194
228
275
322
357
382
396
401
402
411
430
437
430
421
421
417
404
395
385
363
327
309
319
316
283
247
221
198
176
166
167
155
118
93
88
79
62
43
37
26
17
8
12
22
34
36
21
14
5
20
36
50
64
61
53
49
63
83
95
105
124
131
131
140
155
172
190
198
206
219
217
214
214
215
205
191
167
149
125
94
72
46
22
-20
-70
-107
-141
-179
-218
-262
-311
-354
-400
-438
-467
-496
-522
-543
-572
-596
-595
-587
-579
-574
-553
-527
-495
-456
-413
-380
-346
-293
-239
-180
-138
-95
-39
4
33
59
100
148
182
211
245
259
264
284
318
347
350
335
319
318
310
310
304
290
260
223
203
189
176
142
104
68
47
30
3
-22
-61
-103
-139
-154
-161
-185
-208
-237
-260
-270
-287
-306
-317
-322
-316
-286
-262
-239
-210
-177
-138
-113
-84
-41
18
63
108
151
191
224
256
307
367
419
443
473
501
528
536
541
562
569
563
551
546
542
524
494
480
457
425
389
362
344
318
278
243
218
188
149
99
69
43
19
-5
-43
-94
-148
-203
-246
-281
-317
-359
-409
-457
-493
-515
-553
-597
-622
-643
-666
-688
-702
-696
-691
-698
-695
-680
-652
-608
-561
-521
-484
-456
-422
-385
-330
-265
-215
-173
-124
-71
-30
5
51
103
147
180
199
218
234
240
250
268
279
270
258
255
257
259
251
236
221
211
206
195
182
165
142
122
117
125
140
141
135
126
130
136
135
142
151
154
150
143
141
152
161
162
157
148
132
123
121
119
115
111
118
113
108
110
109
112
122
145
158
162
161
164
171
174
165
156
158
160
171
178
170
147
121
114
104
91
78
57
34
-10
-58
-78
-81
-95
-117
-135
-151
-168
-187
-189
-190
-209
-235
-256
-261
-256
-240
-226
-227
-243
-245
-221
-197
-188
-190
-196
-203
-197
-171
-140
-121
-121
-137
-152
-156
-147
-136
-126
-124
-136
-155
-176
-187
-189
-201
-214
-221
-226
-232
-233
-223
-209
-207
-204
-202
-188
-169
-150
-114
-85
-58
-37
-20
2
24
52
79
103
131
148
163
189
212
238
267
294
318
347
358
366
393
416
420
420
422
422
422
425
431
444
456
453
447
437
424
419
403
385
358
314
272
237
192
140
90
31
-21
-82
-156
-210
-248
-297
-346
-379
-411
-444
-484
-515
-529
-548
-557
-553
-544
-542
-540
-533
-509
-480
-453
-424
-387
-347
-301
-249
-201
-149
-98
-57
-13
33
74
122
160
193
232
262
278
298
325
341
344
338
342
358
364
362
351
343
333
326
317
304
294
269
246
242
236
214
193
170
156
149
131
97
64
46
25
-6
-43
-76
-113
-150
-189
-224
-258
-290
-317
-333
-340
-357
-378
-384
-386
-383
-374
-350
-316
-300
-295
-280
-247
-204
-161
-125
-87
-51
-8
32
62
92
112
118
136
175
193
201
190
172
153
140
129
120
112
84
60
31
0
-24
-50
-70
-84
-96
-115
-116
-114
-121
-120
-128
-125
-102
-79
-67
-52
-50
-51
-50
-46
-25
8
31
48
54
46
38
38
48
54
54
65
74
67
66
67
61
59
71
83
109
130
145
165
182
199
222
238
256
289
318
336
333
328
324
324
319
318
319
306
289
263
243
218
180
139
107
81
46
2
-38
-63
-91
-121
-136
-162
-180
-200
-223
-235
-250
-275
-292
-300
-300
-294
-298
-298
-293
-296
-296
-289
-277
-277
-283
-291
-305
-305
-295
-293
-289
-286
-276
-270
-273
-260
-247
-253
-243
-220
-181
-142
-113
-91
-68
-56
-43
-10
41
96
138
178
198
215
236
253
277
301
318
334
345
358
357
346
337
319
305
288
269
260
232
199
155
113
78
43
29
15
-11
-35
-50
-80
-103
-122
-128
-126
-127
-118
-115
-104
-101
-110
-112
-103
-95
-75
-54
-45
-33
-26
-22
-20
-23
-15
-2
14
27
44
43
35
34
32
34
39
60
85
107
121
126
116
98
93
101
126
144
149
152
164
165
156
136
115
103
96
103
110
110
95
75
39
4
-24
-46
-69
-90
-113
-143
-163
-200
-237
-243
-248
-246
-246
-247
-244
-246
-247
-238
-223
-204
-189
-168
-142
-122
-102
-84
-68
-49
-27
-2
7
15
25
31
32
30
27
34
41
48
54
54
53
45
36
19
3
3
14
19
27
33
17
-2
-11
-4
16
40
57
56
45
24
4
1
12
27
43
43
43
26
6
-9
-24
-27
-23
-8
6
28
52
57
38
21
25
47
73
93
120
140
145
135
121
120
121
126
148
174
181
178
166
150
124
103
90
83
86
84
70
36
-4
-36
-62
-69
-69
-64
-69
-94
-123
-144
-149
-151
-150
-148
-144
-131
-114
-105
-110
-116
-115
-104
-89
-69
-42
-33
-39
-45
-49
-56
-51
-40
-24
-9
-2
-1
-8
-7
-5
5
0
-12
-7
-8
-10
-8
-10
-6
-13
-26
-21
-6
0
1
-5
-13
-26
-43
-43
-32
-20
-18
-28
-34
-48
-66
-76
-68
-56
-49
-47
-50
-60
-70
-79
-76
-58
-42
-33
-26
-10
-5
1
10
27
47
74
100
128
156
172
188
195
198
211
228
239
255
259
255
250
249
256
256
247
229
206
178
161
137
121
105
80
49
14
-8
-29
-51
-76
-103
-132
-155
-178
-197
-213
-224
-228
-229
-228
-230
-234
-237
-246
-245
-236
-227
-218
-222
-243
-255
-251
-235
-211
-183
-164
-163
-155
-136
-111
-86
-65
-49
-29
-8
10
28
43
60
74
90
104
121
140
153
162
171
182
188
190
189
195
195
188
188
192
192
182
162
144
136
136
143
131
118
109
93
84
69
61
48
22
3
-11
-22
-30
-38
-45
-59
-78
-88
-85
-83
-80
-78
-86
-95
-93
-92
-91
-86
-76
-58
-43
-35
-28
-22
-11
-1
1
0
3
11
10
14
13
8
11
7
3
-7
-12
-7
-3
4
3
-9
-17
-28
-33
-31
-32
-34
-32
-32
-32
-36
-47
-52
-56
-60
-71
-80
-78
-82
-81
-84
-89
-95
-99
-103
-103
-95
-90
-88
-90
-86
-79
-75
-70
-54
-38
-28
-13
-6
8
35
53
62
67
78
91
98
106
132
159
181
198
215
228
231
225
217
223
234
240
244
249
255
247
230
213
197
192
179
164
155
145
129
107
85
61
30
-3
-28
-46
-68
-99
-131
-160
-180
-200
-222
-251
-269
-280
-297
-318
-336
-336
-330
-332
-337
-334
-326
-318
-313
-300
-276
-262
-240
-212
-186
-157
-139
-123
-102
-84
-56
-30
-10
7
30
62
86
104
115
127
131
135
149
170
183
188
186
187
191
188
186
194
197
193
192
196
198
194
182
167
155
141
137
135
134
135
117
100
86
75
70
64
56
44
30
29
34
32
29
25
17
4
-5
-9
-12
-20
-20
-20
-20
-30
-40
-43
-51
-51
-44
-42
-42
-51
-56
-56
-52
-50
-47
-54
-60
-64
-70
-71
-71
-68
-68
-67
-70
-80
-91
-93
-93
-96
-103
-107
-99
-92
-85
-84
-90
-92
-96
-91
-78
-79
-84
-88
-85
-82
-79
-73
-67
-63
-56
-48
-42
-35
-26
-17
-11
-4
10
23
31
39
36
28
30
37
46
57
56
57
60
64
63
61
67
73
71
55
51
62
70
71
61
58
65
71
76
80
81
79
70
72
79
79
80
81
83
80
76
77
82
87
91
93
90
79
75
70
61
54
44
44
42
43
48
50
46
36
34
39
41
39
37
25
26
24
16
13
-1
-7
-6
-16
-28
-38
-55
-79
-96
-104
-112
-126
-141
-148
-158
-169
-182
-202
-217
-228
-234
-239
-238
-235
-235
-237
-235
-234
-228
-216
-204
-196
-182
-166
-148
-127
-104
-79
-53
-18
15
34
53
73
84
104
131
149
157
177
197
210
226
236
243
258
270
277
285
284
286
272
253
248
245
239
221
199
184
163
135
103
74
47
24
5
-11
-31
-59
-85
-101
-122
-139
-150
-160
-162
-170
-180
-186
-202
-207
-208
-208
-205
-196
-182
-166
-154
-144
-130
-120
-105
-94
-74
-49
-37
-31
-15
7
22
37
49
61
68
80
105
124
138
146
154
160
159
160
164
169
168
155
148
143
138
139
137
126
117
106
89
82
72
58
40
16
-5
-23
-29
-36
-46
-66
-80
-87
-99
-113
-127
-139
-152
-153
-147
-149
-152
-151
-147
-147
-143
-141
-137
-134
-134
-130
-122
-107
-94
-82
-71
-57
-59
-56
-37
-28
-26
-25
-28
-12
-3
6
16
17
28
32
32
32
31
42
41
27
17
17
23
26
24
29
40
41
45
54
57
47
38
38
42
50
53
48
45
49
45
44
31
24
23
19
21
28
32
31
36
34
36
36
40
44
44
45
41
45
50
64
81
88
88
89
100
106
113
124
126
116
120
127
125
122
107
94
86
75
65
63
49
27
1
-21
-27
-32
-46
-56
-60
-62
-65
-78
-85
-89
-94
-107
-123
-127
-128
-132
-130
-128
-131
-134
-133
-123
-110
-107
-106
-107
-99
-87
-82
-76
-77
-73
-64
-64
-60
-45
-45
-52
-54
-52
-42
-35
-32
-35
-40
-42
-42
-42
-35
-34
-40
-41
-38
-35
-31
-37
-35
-27
-27
-32
-40
-32
-19
-8
-4
-4
0
6
15
19
33
45
54
72
84
88
93
92
92
103
111
121
127
129
141
136
140
137
138
142
143
142
138
152
156
150
135
118
102
89
86
89
89
82
67
53
42
23
11
2
-3
-12
-26
-25
-31
-39
-42
-61
-75
-88
-95
-100
-98
-94
-99
-97
-94
-94
-97
-96
-90
-89
-86
-83
-79
-63
-52
-43
-37
-30
-25
-18
-13
-13
-6
0
7
2
-6
-12
-18
-15
-9
-9
-13
-14
-15
-12
-20
-34
-41
-44
-48
-55
-57
-54
-54
-49
-54
-57
-55
-60
-63
-63
-55
-50
-51
-47
-42
-34
-25
-15
-9
-8
-3
4
4
4
0
-3
0
8
16
21
28
29
35
41
41
45
53
57
55
55
62
69
78
85
90
94
92
87
89
96
101
97
94
98
101
102
105
103
103
95
89
89
94
92
90
77
70
65
54
44
37
41
34
25
9
-2
-10
-15
-28
-41
-43
-52
-59
-71
-75
-80
-85
-100
-118
-127
-135
-139
-142
-140
-138
-134
-137
-129
-121
-126
-128
-125
-117
-115
-115
-108
-95
-77
-69
-64
-63
-57
-50
-39
-23
-10
1
2
7
15
22
35
42
43
44
49
49
51
51
52
52
52
60
58
53
52
44
38
34
26
20
19
25
31
36
34
30
35
39
35
34
28
29
28
27
39
34
31
31
30
35
37
37
31
21
16
13
13
11
10
9
11
16
22
27
28
36
44
56
61
66
76
81
80
76
76
81
83
81
85
87
88
91
86
85
75
68
68
62
58
58
50
35
14
-1
-13
-22
-31
-41
-52
-69
-90
-101
-113
-134
-150
-169
-182
-184
-181
-181
-185
-192
-198
-205
-211
-212
-212
-208
-206
-190
-182
-174
-154
-134
-122
-117
-107
-93
-77
-62
-38
-24
-21
-13
3
24
32
42
47
51
57
65
67
68
76
78
78
85
97
106
111
118
117
119
123
127
134
136
144
154
160
158
151
149
147
143
140
130
123
116
109
104
93
82
77
73
66
50
40
40
36
31
34
31
19
12
2
-1
3
7
7
8
4
0
5
7
4
-2
1
-1
3
4
-4
-5
-15
-28
-45
-47
-50
-56
-56
-61
-72
-84
-95
-96
-96
-108
-121
-126
-129
-130
-122
-117
-117
-120
-116
-117
-118
-111
-105
-106
-108
-106
-97
-86
-83
-86
-94
-89
-84
-72
-60
-50
-43
-39
-34
-22
-17
-17
-10
-3
1
9
21
36
46
56
61
59
63
69
69
71
71
80
89
90
91
87
85
86
90
88
86
87
91
88
87
85
85
86
89
96
106
109
110
106
98
94
90
84
83
82
87
94
89
85
80
79
67
49
29
9
-8
-22
-31
-43
-46
-60
-74
-87
-94
-97
-105
-115
-130
-131
-131
-139
-140
-145
-155
-159
-162
-162
-152
-142
-134
-124
-110
-101
-89
-77
-62
-52
-43
-33
-30
-27
-22
-12
4
11
17
26
39
44
44
49
59
71
75
76
80
88
92
97
97
104
110
102
99
96
95
96
90
81
84
83
78
80
73
67
59
54
53
48
37
30
20
10
1
-10
-22
-31
-29
-33
-38
-48
-60
-67
-76
-83
-83
-82
-82
-80
-76
-68
-69
-73
-68
-67
-63
-61
-61
-52
-43
-35
-36
-31
-27
-18
-13
-9
-6
-1
5
3
7
7
11
11
6
10
11
18
26
29
28
22
26
29
32
32
30
34
29
27
30
31
25
23
29
30
30
25
24
21
12
4
-9
-15
-16
-23
-27
-34
-35
-32
-31
-40
-52
-58
-55
-52
-47
-39
-31
-31
-34
-30
-24
-17
-17
-14
-14
-8
2
10
13
15
27
39
48
53
61
66
70
74
88
101
104
100
94
94
89
82
76
79
80
69
65
61
58
56
52
44
33
26
18
22
21
10
1
-5
-18
-38
-35
-38
-51
-54
-57
-54
-61
-78
-92
-102
-115
-123
-129
-124
-125
-138
-139
-146
-155
-150
-147
-143
-143
-137
-124
-108
-103
-92
-77
-69
-56
-39
-19
2
25
46
60
63
72
83
94
96
100
105
107
113
121
125
127
122
116
117
117
122
119
114
107
97
99
84
72
67
61
59
51
51
42
35
32
13
1
2
2
-2
-8
-20
-27
-41
-51
-59
-60
-62
-80
-86
-89
-89
-90
-95
-98
-102
-100
-89
-79
-75
-73
-69
-59
-54
-47
-46
-38
-19
-9
-1
8
15
23
28
29
34
48
53
57
62
63
61
67
69
72
70
58
54
47
38
33
36
40
39
31
23
16
4
1
0
-2
-2
-4
-5
-3
-4
-10
-23
-27
-27
-29
-28
-31
-40
-42
-43
-41
-38
-41
-49
-50
-50
-44
-40
-33
-27
-27
-24
-28
-30
-29
-23
-17
-10
0
5
8
6
3
0
2
5
10
15
17
20
19
21
14
12
11
5
7
4
2
-5
-5
-10
-5
-5
-6
0
-14
-19
-11
-11
-22
-32
-36
-37
-29
-28
-25
-19
-11
-8
-2
5
11
25
27
21
20
31
50
61
73
80
79
84
88
92
89
79
69
66
68
69
67
61
59
51
44
44
41
37
35
36
33
27
20
18
15
7
-6
-11
-17
-22
-25
-35
-41
-45
-51
-54
-57
-62
-64
-68
-71
-72
-74
-76
-78
-88
-96
-89
-81
-75
-69
-63
-59
-61
-60
-55
-47
-39
-35
-31
-27
-28
-36
-29
-22
-20
-18
-14
-12
-15
-5
-1
2
4
-3
3
9
14
13
17
24
24
20
15
9
3
9
16
26
31
32
29
24
25
24
23
21
21
20
21
18
20
23
26
26
28
30
32
41
33
29
26
18
12
10
16
21
24
25
32
36
39
49
52
54
58
53
56
56
56
50
46
56
62
64
55
46
36
36
40
38
27
12
-2
-12
-10
-14
-13
-22
-39
-49
-54
-53
-50
-49
-50
-55
-65
-63
-63
-57
-53
-59
-59
-57
-49
-48
-37
-28
-29
-35
-39
-43
-45
-43
-54
-55
-46
-41
-32
-25
-20
-20
-21
-11
-1
8
24
30
34
32
22
21
21
25
28
22
11
2
2
3
0
-4
-14
-21
-29
-32
-34
-43
-44
-37
-32
-29
-26
-29
-30
-39
-44
-42
-36
-28
-19
-21
-17
-12
-15
-5
-1
7
8
11
19
30
37
39
37
37
34
37
50
64
70
69
63
68
74
76
82
83
86
91
91
96
100
96
88
85
85
77
71
69
63
60
51
38
32
26
23
18
7
5
6
1
-2
-13
-23
-29
-39
-51
-64
-72
-82
-90
-90
-94
-98
-103
-107
-105
-103
-100
-94
-84
-75
-74
-75
-71
-63
-54
-49
-41
-37
-38
-32
-24
-13
-11
-9
-3
3
-2
3
9
14
21
22
24
32
37
40
40
30
21
15
18
22
25
30
32
21
17
5
-3
-4
-17
-26
-28
-27
-22
-16
-12
-20
-38
-43
-40
-32
-25
-24
-22
-20
-14
-5
-2
0
-9
-17
-14
-17
-17
-14
-4
6
8
8
16
26
25
28
30
32
37
45
55
67
72
72
82
98
102
102
103
100
98
100
100
101
96
90
90
86
80
64
55
57
53
51
47
43
35
17
-4
-18
-24
-29
-35
-40
-42
-49
-53
-58
-65
-75
-83
-89
-93
-92
-96
-92
-84
-85
-87
-92
-88
-84
-78
-77
-83
-83
-84
-80
-80
-82
-78
-76
-75
-76
-67
-61
-54
-47
-40
-32
-26
-24
-27
-19
-20
-22
-20
-17
-9
-8
-4
1
6
15
25
27
27
22
25
35
45
57
61
60
57
60
60
51
43
39
35
35
40
49
53
53
62
68
60
60
66
73
78
79
80
79
81
76
73
71
71
69
71
78
79
79
70
65
59
54
51
44
37
30
29
22
15
7
2
-2
-9
-15
-28
-37
-35
-36
-46
-55
-61
-70
-71
-68
-69
-79
-86
-91
-88
-85
-93
-103
-112
-111
-114
-117
-114
-116
-119
-116
-105
-98
-94
-97
-89
-73
-64
-56
-46
-29
-21
-19
-16
-9
2
20
33
45
56
54
60
69
71
72
68
69
70
68
64
63
61
57
57
57
59
50
47
48
38
35
21
14
14
8
5
7
9
10
20
22
18
14
9
13
18
17
13
17
15
8
5
4
6
11
16
21
19
17
13
14
8
0
-8
-14
-17
-19
-13
-8
-9
-6
-3
2
5
2
6
8
7
2
2
2
2
7
4
0
-10
-6
-5
-6
-6
-12
-11
-7
-9
-23
-32
-41
-44
-40
-33
-28
-32
-31
-19
-16
-23
-14
-10
-14
-19
-16
-9
-13
-13
-14
-8
-2
3
13
31
39
45
52
57
52
46
41
39
35
29
34
37
40
39
39
27
13
8
-3
-3
-10
-18
-21
-29
-32
-30
-31
-39
-54
-69
-68
-65
-66
-63
-59
-62
-64
-56
-52
-60
-64
-62
-59
-54
-50
-45
-45
-49
-44
-34
-27
-23
-24
-17
-6
-6
-15
-8
2
11
9
12
23
31
40
55
70
69
62
64
72
79
84
83
83
80
76
77
76
78
84
77
70
63
63
70
63
52
45
40
44
42
38
36
35
36
32
33
26
16
5
-6
-11
-16
-22
-21
-15
-16
-19
-20
-23
-23
-26
-29
-35
-41
-37
-42
-45
-46
-48
-53
-55
-50
-43
-46
-45
-49
-45
-35
-38
-37
-36
-43
-39
-32
-25
-18
-24
-19
-12
-9
-3
3
5
2
-2
-4
-2
-5
-13
-19
-26
-35
-41
-41
-41
-37
-28
-30
-33
-33
-36
-33
-29
-25
-29
-23
-24
-26
-28
-25
-25
-23
-20
-24
-19
-14
-14
-6
4
9
7
5
3
5
4
9
18
26
28
32
34
27
27
26
27
37
44
56
63
62
60
66
71
76
81
86
95
105
107
107
101
88
77
72
71
70
64
62
71
74
73
67
55
45
32
24
19
8
3
-4
-12
-17
-26
-27
-32
-35
-43
-53
-62
-68
-76
-81
-81
-88
-93
-94
-92
-92
-88
-83
-80
-77
-78
-75
-76
-70
-62
-59
-55
-56
-50
-46
-44
-46
-45
-38
-33
-26
-18
-8
-2
-3
-5
0
6
9
14
10
14
16
15
18
18
18
9
9
14
11
9
7
8
10
14
20
23
36
42
41
40
44
43
41
39
39
37
39
39
40
40
33
28
29
27
25
24
31
27
13
13
11
13
16
12
10
2
-1
-3
-4
-2
-4
-4
-5
0
4
8
8
3
1
3
1
-11
-11
-8
-1
7
7
2
-6
-15
-19
-25
-37
-43
-46
-52
-57
-59
-50
-44
-37
-26
-25
-28
-30
-25
-17
-8
-6
-7
-11
-9
-2
5
14
21
26
23
27
26
16
13
12
8
10
11
25
37
38
32
23
18
22
17
16
13
2
2
-2
2
8
2
1
-2
-6
2
3
0
-3
-11
-20
-18
-12
-6
1
-1
-4
-6
-10
-9
-11
-15
-12
-3
1
4
14
26
28
26
23
24
23
21
18
7
1
0
5
6
9
13
13
14
11
11
14
16
22
17
13
15
13
11
7
-1
-7
-9
-13
-8
-3
-8
-9
-14
-16
-27
-35
-39
-45
-47
-41
-32
-29
-25
-27
-32
-33
-32
-33
-32
-30
-34
-36
-33
-39
-36
-33
-30
-29
-33
-34
-25
-19
-10
-5
-3
-3
-3
5
10
9
10
20
24
28
28
28
30
28
26
23
19
19
26
28
26
29
24
19
21
18
19
22
24
27
25
24
12
7
3
0
5
13
8
1
1
-4
-8
-5
-3
0
-2
-5
-3
-1
-4
-10
-10
-1
4
7
2
-2
0
0
5
19
32
34
30
33
37
41
47
49
48
46
42
31
38
45
52
52
40
30
23
25
30
35
33
31
22
19
14
10
3
-9
-8
-12
-20
-24
-33
-43
-54
-65
-73
-76
-76
-81
-84
-78
-82
-86
-81
-79
-80
-91
-96
-90
-82
-73
-67
-62
-56
-51
-49
-45
-35
-20
-11
-10
-9
-3
4
5
8
7
9
15
24
37
43
45
42
38
39
40
31
25
27
31
37
43
43
43
37
31
27
30
41
43
40
37
27
22
23
29
32
28
21
16
15
5
3
11
9
-1
-1
1
4
7
8
8
6
-1
0
2
3
4
4
8
-1
2
5
1
-5
-10
-9
-7
2
8
11
15
10
6
8
15
17
12
11
14
18
21
16
16
5
-3
-4
-9
-9
-4
-5
-15
-21
-22
-26
-31
-33
-37
-43
-48
-44
-36
-35
-35
-42
-42
-40
-44
-51
-49
-46
-39
-32
-20
-9
-4
-1
1
11
14
22
32
40
45
46
50
51
57
57
46
39
33
31
28
28
26
30
30
23
28
31
27
28
33
30
28
27
32
41
32
27
17
8
10
-5
-4
-4
1
8
4
4
-5
-24
-29
-24
-23
-22
-32
-46
-55
-59
-62
-72
-80
-73
-71
-75
-77
-77
-71
-68
-74
-79
-73
-64
-53
-47
-43
-43
-42
-29
-26
-24
-24
-25
-20
-17
-12
-4
0
6
9
8
8
8
18
22
25
28
26
26
28
31
23
26
36
47
58
63
67
71
74
62
53
50
52
47
47
49
48
48
46
47
39
40
43
43
36
33
39
31
28
38
35
32
31
27
27
25
21
20
15
11
12
11
14
7
7
16
22
20
13
8
2
3
8
12
6
3
-9
-16
-19
-27
-22
-21
-20
-28
-29
-20
-25
-23
-21
-26
-37
-45
-43
-40
-38
-38
-35
-36
-37
-42
-52
-52
-52
-45
-43
-50
-54
-53
-46
-42
-36
-34
-36
-38
-47
-56
-57
-52
-58
-60
-53
-52
-45
-41
-29
-13
-9
-15
-14
-7
-6
-4
7
16
20
22
22
21
21
28
37
34
28
19
22
33
40
44
40
40
41
40
42
41
37
39
33
34
30
30
31
31
26
22
20
14
13
12
10
10
10
6
10
13
12
8
8
8
10
15
11
7
-2
-7
-9
-1
5
12
10
5
8
12
13
6
4
0
-5
-8
-2
-1
5
8
1
-3
-4
-2
-1
5
-1
-7
0
4
11
16
10
9
9
12
12
13
14
8
8
8
11
13
14
15
19
27
33
30
25
24
18
21
24
23
25
27
19
16
14
12
8
1
3
-1
-9
-18
-23
-31
-33
-36
-40
-47
-56
-55
-57
-61
-64
-62
-64
-68
-70
-69
-70
-72
-66
-54
-47
-50
-55
-57
-54
-47
-44
-38
-35
-36
-34
-20
-12
-2
-4
1
6
4
11
14
17
14
15
13
11
18
18
23
33
37
32
28
29
32
39
34
31
25
25
27
27
26
24
18
18
18
11
12
15
14
15
20
23
26
32
38
38
33
26
23
18
8
0
0
5
12
14
16
11
2
7
6
10
18
14
5
8
7
5
4
1
6
13
13
16
20
21
19
16
18
19
19
16
17
18
16
15
19
18
14
10
2
-12
-24
-26
-32
-37
-33
-31
-31
-32
-27
-23
-20
-22
-21
-24
-17
-11
-1
6
6
7
5
4
8
3
-4
-6
-8
-10
-12
-10
-6
-5
-7
-10
-15
-16
-24
-30
-30
-25
-20
-15
-18
-27
-29
-27
-29
-29
-28
-32
-23
-8
-2
-3
-7
-16
-20
-21
-12
-2
5
10
13
15
13
14
17
14
3
8
14
16
15
14
18
8
-3
2
2
-3
-2
0
7
6
1
2
9
18
23
26
28
25
23
19
15
10
7
7
2
4
10
12
6
0
-11
-12
-10
-10
-2
0
0
-2
-5
-18
-24
-23
-27
-27
-24
-31
-32
-26
-25
-31
-33
-32
-33
-36
-31
-16
-10
-4
-10
-16
-5
1
5
6
8
9
14
21
25
16
13
18
19
26
27
33
32
38
47
52
52
42
44
44
42
45
44
43
42
43
43
38
39
39
36
37
41
40
38
39
43
45
44
37
33
27
13
12
11
2
-14
-24
-25
-22
-22
-21
-25
-33
-34
-38
-49
-52
-50
-45
-37
-37
-36
-32
-34
-35
-36
-38
-37
-38
-38
-35
-35
-37
-45
-51
-46
-44
-45
-40
-34
