41
37
35
36
30
10
-9
-24
-38
-46
-33
-22
-21
-20
-20
-12
0
21
26
25
33
42
54
52
46
48
39
35
28
1
-22
-22
-12
0
-3
-21
-30
-22
-24
-28
-35
-40
-42
-58
-75
-68
-47
-52
-60
-58
-41
-25
-23
-20
-10
-1
0
-18
-36
-20
6
22
30
22
15
12
8
3
6
21
29
7
-37
-48
-38
-18
-3
-5
-6
-2
4
9
8
-1
-8
1
16
12
27
38
37
50
52
45
39
20
1
0
5
15
22
17
19
21
11
-2
-13
-19
-18
-9
-9
-13
-17
-14
-2
11
32
34
21
17
17
21
20
24
41
54
61
44
27
34
33
32
29
16
1
-12
-10
-7
-6
-6
-4
-12
-41
-55
-57
-56
-50
-48
-42
-34
-34
-28
-18
-21
-26
-27
-31
-32
-7
10
9
-6
-30
-41
-25
-4
-6
-18
-20
-9
-8
-20
-27
-24
-13
3
8
13
16
21
11
-11
-27
-11
10
6
-3
-9
0
23
36
43
59
62
49
31
19
23
40
48
37
16
25
53
68
49
34
45
57
63
60
49
45
52
39
23
25
23
9
-9
-22
-32
-28
-24
-31
-35
-34
-29
-20
-31
-50
-47
-33
-17
-18
-44
-62
-66
-60
-49
-31
-21
-13
-17
-28
-54
-84
-95
-91
-70
-61
-68
-69
-68
-75
-85
-85
-67
-33
-12
-19
-18
7
22
34
26
3
-7
1
19
40
50
51
52
45
30
25
26
11
3
6
12
-2
-12
5
16
14
30
29
14
7
15
34
53
69
52
39
53
66
67
70
83
86
80
71
73
75
79
81
74
69
70
74
62
50
31
15
11
9
6
-5
-8
-10
-7
-10
-13
-14
-11
-15
-24
-20
-17
-19
-23
-27
-31
-22
-32
-40
-39
-38
-37
-46
-71
-87
-79
-68
-64
-69
-86
-111
-108
-84
-78
-70
-40
-11
-8
-23
-37
-24
-7
-10
-32
-42
-24
-2
16
16
-2
-6
-13
-21
-10
25
62
62
36
-3
-36
-52
-40
-22
-23
-19
-24
-16
0
1
-16
-24
-7
13
37
46
42
41
40
36
39
38
45
58
69
76
60
40
33
36
45
46
39
29
17
14
14
12
10
3
5
0
-2
19
30
34
26
10
11
11
7
13
29
37
24
14
8
0
2
16
27
4
-37
-47
-43
-38
-32
-46
-73
-86
-73
-60
-53
-49
-36
-28
-12
-12
-20
-23
-20
-3
0
7
14
40
45
15
-3
4
20
24
13
-10
-27
-33
-26
-24
-45
-50
-40
-32
-26
-32
-31
-30
-16
3
19
32
45
55
59
72
68
59
51
47
43
38
46
46
26
7
11
24
32
9
-11
1
27
42
22
-6
-6
1
5
3
-4
0
27
47
42
25
17
23
12
-11
-18
-6
10
4
-20
-19
1
9
3
-16
-25
-31
-50
-71
-78
-87
-75
-52
-55
-59
-63
-68
-69
-85
-105
-103
-79
-60
-55
-51
-36
-15
-3
-11
-9
-7
-4
10
12
8
12
12
12
6
-10
-9
-1
2
6
17
28
37
37
42
39
28
22
28
41
58
78
84
81
82
67
49
57
74
76
70
64
57
53
46
51
53
48
31
10
8
6
7
9
11
19
7
-10
-17
-24
-37
-42
-39
-22
2
11
5
-17
-23
-22
-21
-18
-26
-39
-44
-32
-14
-5
-22
-43
-53
-70
-86
-83
-68
-54
-58
-66
-65
-55
-37
-13
-8
-12
6
30
47
49
31
14
8
13
19
7
-14
-22
-18
-10
-1
-2
5
7
1
-3
-1
6
4
-2
-3
14
34
47
42
38
39
37
26
13
27
58
69
59
58
63
63
55
52
47
20
5
12
5
-11
-25
-14
14
10
-23
-55
-48
-26
-22
-27
-35
-27
-9
-3
-25
-40
-45
-47
-54
-54
-57
-65
-59
-47
-37
-39
-41
-35
-25
-36
-45
-33
-16
-8
-19
-26
-14
-2
1
-9
-21
-16
-1
7
9
-5
-13
2
7
6
5
16
27
31
47
56
53
36
41
44
40
33
21
7
1
14
27
38
43
36
30
36
37
30
30
38
41
32
35
45
54
51
24
14
18
23
20
11
2
-4
-9
-12
-18
-15
4
-1
-16
-5
10
20
37
45
33
5
-27
-28
-19
-34
-42
-50
-42
-28
-40
-61
-66
-56
-58
-75
-73
-51
-29
-23
-18
-11
-9
-1
6
13
21
35
34
23
27
30
32
30
17
-1
-16
-24
-26
-24
-23
-32
-46
-62
-55
-46
-57
-56
-43
-31
-35
-40
-34
-25
-22
-17
-7
14
38
54
51
47
35
46
58
48
29
7
-13
-28
-45
-41
-7
0
7
10
16
18
4
14
38
46
48
52
38
27
30
36
47
64
67
75
75
57
41
46
48
29
8
-13
-23
-12
20
15
-15
-25
-26
-37
-37
-31
-30
-17
-12
-21
-41
-47
-39
-33
-26
-30
-25
-4
21
30
21
14
21
24
2
-41
-62
-50
-27
-32
-49
-50
-43
-36
-51
-67
-65
-47
-27
-23
-24
-18
-6
11
21
21
18
30
48
51
39
32
40
49
21
-15
-32
-25
0
8
-7
-17
-11
-5
-9
-10
-6
5
22
37
33
30
39
49
39
6
-10
0
23
31
34
58
75
71
51
26
15
21
26
27
21
17
18
24
29
23
5
-11
-19
-27
-30
-26
-24
-11
3
1
-1
5
12
14
11
9
5
13
19
13
1
-28
-59
-78
-90
-88
-77
-78
-84
-93
-81
-66
-56
-51
-56
-57
-57
-53
-48
-34
-27
-22
-16
-13
-9
-11
-5
-11
-19
-20
2
25
30
47
48
38
39
31
6
8
41
66
67
52
33
30
43
37
34
56
64
62
61
60
60
66
65
57
46
39
41
32
28
41
42
31
3
-18
-22
-18
-2
-10
-30
-40
-23
0
-8
-28
-52
-47
-31
-35
-46
-55
-62
-60
-53
-57
-52
-46
-49
-64
-66
-39
-16
-11
-5
13
32
29
12
-8
-16
3
21
11
-7
-18
-22
-12
17
20
0
-1
14
26
33
34
42
37
31
38
41
24
9
13
23
25
17
16
17
31
35
24
22
10
4
0
-5
-1
3
10
22
36
40
43
44
34
13
-15
-23
-10
-6
-11
-16
-15
-16
-19
-10
-5
-24
-34
-30
-5
14
4
-8
-16
-16
-26
-56
-83
-86
-67
-47
-48
-56
-52
-48
-44
-43
-53
-55
-37
-19
-13
-24
-39
-47
-50
-53
-54
-36
-16
-14
-2
1
-7
6
26
34
31
32
41
45
56
64
51
51
61
63
59
45
30
12
6
33
70
82
77
79
82
64
34
16
0
-2
1
8
15
19
27
36
33
13
-10
-12
-3
12
36
43
45
52
40
21
18
25
27
20
7
-5
-5
0
-7
-26
-36
-54
-71
-80
-77
-57
-28
1
5
-15
-37
-41
-43
-46
-54
-51
-39
-32
-25
-20
-17
-5
-6
-24
-25
-28
-31
-33
-43
-44
-46
-57
-73
-75
-54
-35
-18
-12
-20
-26
-25
-19
-12
-2
14
35
44
48
48
54
65
64
52
27
11
16
23
30
27
13
14
29
32
28
27
16
1
-7
-12
-16
-12
9
21
7
0
11
23
34
41
48
61
59
41
23
5
21
45
40
2
-29
-22
-12
-5
0
3
10
8
-4
-7
-12
-13
-1
20
41
54
52
25
9
15
16
2
-14
-20
-33
-44
-58
-68
-61
-55
-42
-28
-15
-22
-46
-59
-59
-46
-35
-37
-33
-13
0
9
4
2
7
1
-12
-10
12
9
-22
-48
-43
-41
-49
-47
-52
-57
-50
-30
-10
-22
-39
-24
4
18
10
-4
0
9
23
27
27
34
42
36
24
29
56
81
78
57
41
50
63
61
51
45
38
44
48
28
21
34
35
24
18
18
28
45
50
44
39
44
64
73
69
75
79
62
50
35
23
-6
-34
-44
-48
-42
-39
-50
-69
-81
-74
-66
-69
-71
-80
-84
-67
-57
-48
-29
-20
-14
-10
-13
-33
-55
-60
-52
-43
-48
-54
-50
-44
-45
-52
-58
-61
-57
-51
-38
-35
-28
-27
-37
-41
-38
-31
-16
-5
12
28
49
69
50
37
38
36
38
26
18
33
41
23
7
-12
-34
-35
-21
-13
-4
10
18
24
21
22
23
44
64
66
72
92
110
105
101
104
90
69
56
52
62
73
72
55
20
-9
-26
-36
-51
-48
-34
-27
-15
-15
-26
-29
-23
-4
9
10
12
7
6
16
24
10
-10
-18
-25
-37
-51
-66
-88
-72
-59
-57
-61
-72
-71
-66
-54
-43
-30
-25
-15
-17
-15
-10
6
21
32
54
56
58
73
84
80
70
41
22
29
18
1
-12
-18
-27
-56
-72
-79
-84
-82
-65
-54
-59
-58
-49
-11
26
55
62
61
57
57
77
103
103
90
74
45
29
14
7
-7
-28
-41
-33
-37
-54
-66
-64
-54
-43
-28
-27
-35
-42
-40
-21
-12
6
25
33
43
32
18
24
29
17
4
0
-11
-35
-51
-44
-40
-30
-32
-64
-89
-98
-98
-88
-61
-19
16
29
18
3
8
30
50
53
45
55
79
92
80
56
43
27
23
19
10
8
5
-6
-15
-35
-52
-53
-30
2
17
22
5
-5
13
53
70
64
69
84
103
104
99
102
91
63
49
46
42
27
4
-24
-38
-52
-62
-56
-65
-87
-106
-97
-59
-29
-11
6
19
31
35
21
-4
-5
24
40
44
16
-10
-8
-16
-26
-43
-48
-49
-45
-47
-79
-103
-93
-78
-81
-95
-112
-98
-50
-14
3
10
24
48
55
44
46
53
52
56
50
36
21
17
11
-15
-22
-7
-9
-28
-53
-64
-53
-42
-46
-50
-43
-37
-26
-12
10
40
58
47
38
56
77
88
96
92
86
84
82
67
40
15
1
-1
-8
-15
-23
-14
-15
-13
-28
-43
-39
-26
-16
-10
-10
-8
4
19
25
17
15
19
25
26
11
-12
-23
-23
-29
-36
-32
-34
-48
-63
-69
-62
-61
-71
-77
-71
-39
-10
-2
0
17
28
17
11
20
49
73
80
80
72
55
29
3
-17
-26
-38
-36
-20
-8
-15
-32
-44
-46
-33
-16
-8
9
25
22
15
13
40
56
60
59
64
80
91
95
89
77
51
41
31
10
-3
-7
-11
-22
-43
-35
-19
-27
-41
-55
-58
-41
-29
-31
-37
-23
-3
7
12
6
11
37
45
40
28
20
19
1
-12
-19
-20
-22
-36
-46
-46
-50
-45
-40
-44
-30
-19
-7
-13
-38
-55
-59
-49
-37
-29
-19
-9
-6
-20
-28
-15
12
37
37
16
19
35
37
13
-10
-13
-3
1
12
26
12
14
25
23
10
3
-8
-6
11
24
44
44
34
24
6
-19
-25
-36
-39
-30
-15
6
11
-7
-24
-21
-19
-17
-9
18
37
46
53
42
20
16
8
-7
1
24
33
27
16
1
-3
-1
-3
-15
-12
-18
-25
-27
-32
-37
-40
-19
7
7
0
7
14
13
4
-10
-8
-1
-2
-9
-2
11
9
-8
-13
-21
-19
-4
20
14
-8
-5
-4
4
16
26
22
5
-10
-7
19
28
31
31
18
22
34
43
42
31
10
12
22
27
28
23
27
13
-7
-10
-9
-9
-3
-6
-21
-27
-6
31
46
21
2
17
29
18
5
3
-6
-12
-20
-23
-24
-29
-34
-38
-33
-26
-30
-28
-35
-43
-37
-37
-49
-41
-17
0
-8
-23
-28
-16
13
26
8
-11
-9
-12
-20
-37
-52
-45
-39
-31
-20
-9
-13
-9
-5
-7
4
5
-4
-17
-24
-23
-13
-6
-5
-1
-5
-13
-18
-12
-8
7
33
56
66
73
82
68
37
13
2
-4
-10
-18
-17
-25
-19
1
9
12
18
25
26
40
49
44
30
15
-3
-3
4
11
35
50
39
15
-1
-5
-10
-12
-12
-1
9
7
-3
-13
-16
5
24
20
1
-10
2
9
-5
-29
-26
0
26
28
13
11
27
32
11
-17
-27
-14
2
3
-8
-1
17
20
10
5
12
17
16
5
-9
-26
-26
-30
-36
-19
8
17
8
-7
-17
-6
-1
-9
-20
-29
-31
-21
-7
1
3
-9
-12
7
17
14
16
20
18
31
56
62
42
13
-13
-33
-35
-30
-21
-21
-14
-2
0
-11
-28
-39
-52
-48
-41
-46
-44
-28
-16
-22
-36
-33
-12
-4
5
6
2
-2
-17
-43
-52
-48
-52
-48
-29
-4
23
38
18
-8
-4
13
14
13
13
14
8
2
13
26
22
15
22
19
19
31
36
26
26
22
3
2
10
-4
-5
7
18
29
33
22
4
-6
-7
-13
-6
-1
-14
-15
9
43
61
70
49
12
2
10
26
28
5
-14
-17
0
10
9
2
-19
-36
-38
-40
-23
2
2
10
16
23
42
42
24
1
-11
1
9
3
-12
-18
-2
2
-10
-21
-31
-31
-22
-1
19
24
29
22
17
18
16
25
37
38
43
33
23
26
29
33
36
31
28
29
19
7
2
-8
-14
-7
-18
-46
-51
-43
-34
-30
-39
-36
-32
-25
-31
-36
-44
-49
-48
-54
-39
-24
-19
-20
-31
-29
-34
-41
-39
-42
-34
-40
-35
-21
-21
-27
-45
-52
-69
-73
-65
-65
-64
-59
-41
-22
-6
5
27
44
37
24
30
37
41
48
51
42
41
43
49
56
44
29
32
48
46
22
6
-2
1
7
8
20
30
50
49
46
50
43
55
46
38
25
38
47
39
25
30
53
43
32
2
10
22
19
24
5
-12
-41
-35
-17
-14
1
18
29
28
19
21
32
42
38
42
34
15
-13
-31
-37
-27
-19
-41
-69
-81
-97
-101
-87
-109
-118
-126
-113
-93
-78
-46
-23
-29
-24
-22
-16
25
42
50
54
46
31
29
39
48
40
24
18
33
52
47
57
33
2
-32
-40
-10
5
-8
-24
-29
-29
-35
-31
-24
-15
-5
29
38
37
43
42
32
6
-21
-17
7
25
35
24
45
34
21
-7
-29
-51
-47
-55
-43
-40
-35
-29
-20
-15
-20
-9
6
16
28
43
62
56
53
43
17
-1
7
1
-24
-27
-25
-22
-38
-70
-84
-69
-24
8
0
-1
-1
-20
-6
5
38
37
33
30
33
29
26
9
23
38
47
23
-9
-34
-37
-12
36
36
16
-12
-21
-10
4
7
-7
-7
-5
-7
-8
-2
10
17
30
33
22
16
6
12
-1
9
13
25
21
-5
-12
-31
-47
-51
-54
-64
-52
-68
-60
-41
-49
-57
-40
-13
23
34
44
48
55
70
62
72
72
64
45
21
13
2
5
3
4
20
-3
-25
-54
-57
-42
-44
-35
-32
1
10
22
26
25
14
15
26
37
38
57
27
22
7
18
25
9
9
-12
-24
-5
7
14
6
-10
-24
-36
-31
-44
-49
-40
-16
-9
-9
-5
2
-8
-5
-19
-24
-14
14
35
9
-10
-9
-8
-5
-24
-27
-7
-1
6
-5
-17
-39
-43
-56
-71
-75
-75
-65
-31
7
32
48
51
23
-8
-19
5
35
50
30
20
26
27
12
-15
-4
10
7
-16
-49
-29
0
6
-6
-25
10
25
50
62
53
64
64
56
53
52
55
44
48
23
25
47
43
24
8
-7
-24
-32
-31
-15
-10
-11
-19
-19
-9
-23
-17
-22
-40
-36
-25
-20
-8
0
-14
-15
-20
-31
-17
-7
-2
-9
-10
-14
-8
-6
7
-18
-13
-12
-19
-23
-33
-56
-60
-56
-52
-34
-26
-16
-10
-2
-6
12
12
32
59
64
58
36
36
25
14
16
13
29
19
14
13
25
32
12
17
7
37
47
44
29
12
3
-17
-8
7
10
20
18
5
-8
-6
8
19
2
-2
-13
-17
-14
-4
1
-6
7
1
7
-6
-21
-29
-21
2
3
-7
-33
-47
-50
-47
-31
-22
25
48
34
15
26
41
47
48
32
18
-4
7
19
26
41
21
8
-27
-34
-47
-62
-65
-84
-90
-83
-82
-71
-88
-89
-99
-83
-79
-58
-36
-10
21
21
9
16
6
-5
-2
5
32
50
73
49
40
42
56
30
31
-2
2
0
15
-3
17
-2
-14
-30
-10
-5
-14
1
9
14
-7
13
30
42
47
41
56
72
84
72
74
39
68
28
3
-23
-58
-34
-33
-27
-29
-37
8
7
-7
-10
-4
5
13
10
53
78
95
98
98
84
80
94
92
61
59
49
44
54
11
2
-35
-45
-65
-117
-105
-124
-105
-106
-90
-85
-80
-113
-106
-111
-62
-27
21
37
10
23
8
21
18
-1
10
13
10
-11
-20
0
-11
-38
-55
-47
-49
-58
-67
-79
-64
-54
-18
-4
-3
-10
-22
-19
0
15
36
61
79
76
54
51
56
52
44
15
15
20
24
2
-11
-20
-27
-54
-69
-55
-59
-20
-23
-8
-20
-10
12
12
41
50
83
82
84
78
82
73
79
79
67
53
45
31
19
-15
-26
-34
-43
-72
-75
-83
-66
-65
-76
-71
-65
-29
-25
1
10
9
15
1
4
-20
13
46
49
61
17
42
12
46
19
21
34
35
33
1
3
-35
-26
-49
-48
-71
-78
-51
-62
-41
-25
4
18
31
47
55
82
58
49
17
25
27
12
8
-4
-13
-5
-23
-11
-7
-29
-13
-39
-16
-7
-19
-30
-35
-16
8
41
55
50
61
39
54
70
96
91
78
27
-21
-50
-66
-32
-32
-31
-47
-68
-70
-42
-8
-23
-40
-61
-38
-8
-6
3
-8
-1
25
18
33
10
57
56
35
39
-3
22
-9
-23
-37
-58
-7
-3
39
3
-3
-12
-26
-29
-38
-12
-26
-10
-25
-22
-61
-28
4
5
-6
-31
-16
-13
5
-4
6
-29
-24
-46
-36
-10
-23
-27
-53
-42
-46
-39
-27
-7
-27
-59
-31
-25
28
40
30
7
15
29
36
40
46
41
28
40
44
33
44
30
-12
1
-12
6
7
9
12
-10
8
-1
13
13
30
31
55
41
20
42
19
48
47
75
84
76
74
61
68
62
47
21
36
-8
-2
-35
-41
-55
-44
0
-1
39
34
22
-5
11
25
39
52
51
63
44
50
50
45
19
-37
-64
-80
-60
-63
-64
-100
-103
-103
-95
-61
-60
-61
-77
-72
-79
-43
-42
-29
-25
-14
6
3
3
-3
0
-5
-2
-7
11
3
-8
-45
-45
-49
-25
-34
-37
-36
-64
-55
-62
-47
-60
-95
-119
-92
-40
-19
3
4
15
22
35
62
65
89
88
80
89
63
85
77
100
57
13
6
34
55
52
6
-16
-18
-41
-20
-27
8
31
38
52
13
46
49
44
53
28
65
91
75
48
31
26
28
8
29
8
-8
-14
-25
-41
-20
-23
-13
-38
-61
-53
-51
-32
-19
-6
30
27
45
39
43
48
32
12
0
7
14
31
22
13
10
-23
-29
-41
-61
-58
-51
-28
-63
-44
-64
-46
-63
-77
-64
-74
-33
-44
-25
-2
-23
4
5
26
58
4
25
4
-9
6
-4
30
28
22
9
-33
-32
-20
6
9
0
-23
9
-26
20
36
21
22
-33
-4
13
28
26
5
-6
19
-10
34
41
54
45
25
0
1
-3
15
16
-5
-32
-42
41
48
2
-22
-14
16
8
38
41
23
19
20
14
22
26
18
11
-21
-19
-9
7
9
-37
-44
-56
-63
-94
-112
-85
-106
-65
-43
-57
-72
-77
-49
-46
-15
-7
12
33
50
53
31
78
34
35
26
15
-13
-9
1
-40
-8
-14
6
16
23
26
24
65
54
66
31
21
17
49
70
57
54
57
59
62
79
86
74
17
17
-12
9
40
11
30
-8
16
-22
-27
11
-13
16
-24
-13
-10
-20
11
17
20
-8
-13
-12
-41
-13
-4
27
13
8
-35
-37
-36
-17
-4
-17
-23
-76
-68
-92
-101
-97
-84
-67
-115
-97
-94
-55
-54
-75
-60
-56
2
-4
-3
7
47
61
53
41
28
27
29
16
-15
-28
-28
-24
16
22
-34
-66
-73
-23
-15
-12
8
8
42
21
19
29
52
71
64
76
101
108
116
107
77
76
63
64
15
-19
-34
-1
44
37
8
21
-2
-19
-31
-53
-34
-48
-13
-22
-9
-6
-14
-1
10
39
87
93
58
30
-11
-6
39
47
53
-8
-35
-20
-11
-15
-47
-75
-86
-89
-65
-42
-33
-30
-73
-85
-63
-65
2
17
15
19
11
15
3
7
18
38
43
52
54
78
37
20
-5
-25
21
-3
28
-9
-37
-56
-62
-30
-47
-42
-16
-72
-14
-27
-10
-1
-10
11
-32
23
10
15
20
19
-2
24
58
39
3
19
2
7
-1
-30
-14
-4
2
-7
-28
-16
-48
-47
-32
6
7
23
6
11
-34
-12
-8
9
36
13
21
13
37
47
-3
16
3
11
-12
-5
21
30
20
29
9
6
4
-60
0
15
21
23
8
4
-55
11
0
-33
-33
-17
40
58
105
37
-34
-47
-52
-7
6
19
46
90
47
-15
-24
-3
-10
1
-3
5
51
51
40
10
-26
-44
-69
-71
-50
6
53
26
19
-27
-57
7
-18
18
33
24
17
-2
-8
-60
-38
-27
-32
-58
-35
-16
-37
11
-44
-46
-65
-41
-42
-53
-26
-42
-27
-42
-42
-19
7
70
70
64
31
16
27
58
71
43
65
37
5
-1
-2
7
-31
19
-29
18
-11
11
-34
-65
-36
-61
18
6
25
24
-1
22
12
-20
3
8
53
51
34
33
-23
-7
33
89
111
75
57
39
-13
11
6
16
35
-21
49
32
68
42
-11
-7
-53
-15
-29
13
14
-10
-4
-49
13
22
41
5
-32
-30
-34
-5
-21
-55
-82
-94
-119
-105
-78
-82
-40
-14
-16
-25
-21
-29
-30
-19
-13
24
-1
23
0
33
20
32
29
25
-17
-51
-40
-28
-38
-11
-19
-7
26
-17
-29
-85
-20
-16
12
-1
16
44
30
-9
-39
10
-26
10
36
32
20
-35
-44
-16
14
28
47
56
43
6
37
39
33
24
30
74
51
53
7
-5
-7
24
44
48
47
42
64
52
55
7
-6
55
51
91
12
-28
-25
-2
-6
-1
10
-6
-33
-90
-66
-78
-30
-3
-41
33
12
15
1
-37
-22
-24
14
55
36
49
13
5
1
-33
6
-40
-9
-47
-54
-35
-62
-80
-70
-32
-1
17
37
19
-3
-11
-44
-6
-2
17
-13
17
8
46
39
70
76
64
102
38
80
-23
-4
-63
-47
-45
-64
-32
-78
-22
-80
14
-45
-14
-6
-42
-44
-29
13
-11
64
45
62
45
82
65
35
86
-10
-5
-23
-50
-57
-33
-8
-25
-57
-103
-121
-149
-118
-94
-124
-92
-54
-36
-65
-58
-110
-90
-54
10
54
66
35
-1
16
50
44
77
99
24
61
-2
31
4
3
-15
-39
3
42
74
37
47
22
-14
-21
16
19
59
56
52
85
62
144
85
139
93
54
85
90
79
83
90
55
85
37
17
8
30
25
14
51
-17
-26
-43
-125
-106
-32
16
37
23
20
35
71
121
97
64
2
19
-3
0
21
-39
-12
-35
-29
-84
-40
-26
-38
-102
-120
-110
-140
-151
-171
-165
-145
-68
-29
-1
37
48
-13
-80
-68
-86
-25
-13
29
34
31
9
12
-16
-44
-43
-43
-15
-80
-57
-102
-113
-155
-141
-41
-33
15
-4
22
2
12
56
10
17
13
56
42
81
90
81
127
74
87
66
35
52
26
32
1
-4
-58
-49
0
-49
-27
-48
32
35
60
22
-15
10
27
24
37
90
37
44
61
25
12
-49
-33
-52
-3
83
45
81
0
-22
-2
-16
74
21
43
42
30
55
23
37
54
59
-9
-4
54
59
15
-11
-14
-59
-24
-2
84
70
67
57
16
16
-24
-17
-71
-85
-61
-91
-41
-50
-94
-128
-116
-68
-9
-3
54
61
14
-2
-53
-27
-3
-18
-21
22
12
-8
27
76
41
71
-4
-36
-6
-32
3
-50
-46
-72
-6
31
-14
62
84
37
2
-57
22
160
167
134
48
-97
-273
-401
-340
-233
-109
-73
-111
-116
-151
-121
-37
63
60
102
154
207
215
149
15
-120
-129
-19
86
231
289
324
248
233
203
196
172
27
-77
-114
-70
-29
-69
-31
-29
-46
-54
-105
-165
-208
-249
-242
-220
-142
-33
3
40
24
-2
28
-3
12
20
60
60
66
98
26
8
17
-30
1
-12
13
25
-56
-110
-121
-65
-47
-34
2
20
-21
-2
-56
-4
-40
-4
-46
-74
-2
-19
59
48
115
89
118
74
55
62
-4
21
-22
57
42
103
111
65
79
32
8
-47
-47
-30
10
45
35
56
-2
-4
-16
-5
16
-24
22
-7
19
35
35
100
71
87
85
82
83
33
54
1
-15
-59
-63
-97
-138
-144
-123
-81
-70
-34
28
40
15
-39
-82
-115
-102
-79
-47
4
59
70
53
67
13
-28
-14
-11
25
77
102
71
78
24
26
76
30
25
-10
-36
-26
0
30
18
-2
-50
-76
-62
-101
-97
-68
-42
-11
49
82
-4
10
-43
-21
19
-31
-56
-97
-124
-191
-154
-137
-90
-39
37
50
27
10
-17
-28
-11
-23
-41
-39
-28
3
11
19
54
40
62
78
50
5
-54
-62
-54
-6
3
-34
-21
15
23
10
40
10
-44
-29
-32
-5
2
16
16
38
44
52
55
32
51
16
8
22
29
42
88
110
106
126
94
62
59
86
57
66
28
-44
-12
20
46
65
77
104
71
28
41
55
45
62
43
5
41
31
13
-14
-34
-3
-30
4
31
48
15
-15
-3
-51
-67
-87
-33
-47
-53
-72
-75
-20
-20
-30
-31
-14
29
39
-20
-33
-29
-35
-40
-56
-85
-78
-72
-52
-16
-10
-13
-39
-67
-81
-79
-118
-147
-141
-125
-105
-84
-61
-34
-15
-40
-39
-15
40
30
16
10
-29
-29
-45
10
-45
-59
-55
-45
19
38
42
15
-13
-51
-59
-12
-1
47
73
57
113
94
147
127
106
85
49
17
-16
55
37
50
77
104
81
69
68
72
100
114
134
89
34
-46
-79
-75
-55
-12
63
102
103
115
110
104
96
121
110
106
115
133
152
135
127
138
246
407
537
596
585
590
581
506
411
300
118
-165
-480
-681
-798
-931
-1097
-1226
-1258
-1200
-1100
-1015
-936
-870
-842
-848
-844
-803
-755
-738
-748
-703
-542
-329
-141
33
247
491
704
862
1000
1105
1123
1065
947
829
694
550
465
364
268
193
158
168
181
193
154
112
82
132
232
260
253
261
301
352
437
526
618
686
668
642
674
700
669
588
485
406
308
228
174
116
63
14
-18
-71
-118
-108
43
261
453
576
574
606
711
829
857
782
597
224
-242
-680
-1008
-1357
-1820
-2329
-2643
-2737
-2700
-2577
-2431
-2306
-2221
-2109
-1937
-1714
-1521
-1414
-1343
-1167
-872
-500
-96
370
729
991
1331
1701
2022
2147
2070
1825
1567
1233
841
518
225
-129
-477
-685
-794
-783
-791
-850
-928
-909
-831
-730
-567
-403
-247
-95
147
431
806
1184
1482
1714
1943
2177
2319
2366
2328
2198
1988
1731
1445
1182
915
639
380
173
-22
-185
-273
-340
-398
-435
-454
-458
-430
-410
-347
-289
-243
-179
-99
71
245
434
740
1170
1534
1670
1745
1877
1969
1867
1610
1333
906
150
-749
-1390
-1872
-2499
-3261
-3807
-4018
-4055
-4029
-3890
-3650
-3463
-3307
-3106
-2769
-2381
-2081
-1884
-1693
-1448
-1039
-387
330
985
1617
2206
2717
3205
3649
3885
3849
3599
3158
2496
1674
884
138
-633
-1537
-2355
-2752
-2776
-2708
-2603
-2390
-2093
-1766
-1401
-985
-561
-181
24
140
347
704
1160
1601
1955
2246
2586
2980
3337
3535
3571
3415
3056
2565
2085
1651
1196
647
24
-506
-870
-1103
-1290
-1413
-1502
-1554
-1530
-1391
-1135
-851
-579
-390
-230
-4
308
672
1029
1399
1848
2335
2601
2671
2760
2905
2843
2487
2026
1528
829
-162
-1117
-1809
-2493
-3442
-4336
-4778
-4879
-4897
-4932
-4827
-4578
-4249
-3863
-3348
-2766
-2265
-1867
-1493
-1078
-590
84
793
1428
1936
2425
3107
3898
4416
4493
4411
4265
3902
3247
2417
1526
556
-656
-1988
-3022
-3654
-4107
-4500
-4662
-4510
-4031
-3356
-2632
-1877
-1109
-459
29
507
1046
1515
1839
2108
2405
2823
3286
3681
3975
4175
4245
4167
3998
3695
3218
2592
1850
1048
289
-366
-938
-1501
-1996
-2312
-2477
-2487
-2375
-2195
-1903
-1558
-1196
-775
-236
334
786
1172
1599
2145
2823
3375
3570
3528
3522
3531
3399
3065
2550
1851
921
-192
-1211
-1973
-2796
-3904
-4964
-5584
-5869
-5949
-5936
-5848
-5692
-5422
-4987
-4317
-3481
-2757
-2195
-1670
-1078
-374
480
1350
2019
2458
2934
3578
4233
4668
4855
4796
4468
4000
3449
2790
1940
836
-455
-1718
-2830
-3751
-4397
-4841
-5224
-5388
-5105
-4420
-3538
-2582
-1669
-851
-32
794
1567
2254
2782
3085
3284
3494
3734
4028
4259
4325
4280
4203
4063
3815
3474
2977
2310
1552
793
95
-549
-1199
-1846
-2343
-2624
-2776
-2821
-2728
-2486
-2175
-1801
-1296
-659
4
575
1082
1550
1955
2335
2885
3473
3692
3439
3187
3213
3197
2833
2235
1647
879
-239
-1366
-2068
-2680
-3723
-4996
-5825
-6053
-6053
-6090
-6092
-5933
-5690
-5327
-4693
-3787
-2924
-2297
-1782
-1180
-413
517
1439
2151
2598
2908
3349
4045
4712
4930
4753
4566
4430
4036
3374
2642
1819
691
-745
-2104
-2965
-3501
-4237
-5103
-5581
-5448
-4898
-4122
-3208
-2195
-1160
-211
692
1700
2677
3285
3493
3587
3738
3924
4070
4056
3908
3761
3612
3440
3275
3061
2710
2197
1564
946
415
-114
-782
-1506
-2118
-2544
-2815
-2981
-3055
-3069
-2946
-2674
-2275
-1799
-1218
-575
60
656
1247
1892
2566
3260
3705
3802
3686
3618
3543
3266
2734
2036
1220
220
-841
-1722
-2310
-3077
-4138
-5068
-5429
-5425
-5410
-5496
-5505
-5332
-5078
-4687
-4097
-3391
-2819
-2356
-1847
-1159
-273
756
1708
2368
2831
3372
4119
4825
5238
5278
5136
4945
4664
4169
3435
2567
1586
386
-956
-2144
-3038
-3751
-4558
-5361
-5742
-5516
-4942
-4276
-3525
-2618
-1563
-436
652
1668
2559
3202
3571
3806
4053
4293
4406
4297
4034
3815
3697
3528
3201
2773
2312
1821
1263
698
173
-364
-985
-1707
-2337
-2774
-3065
-3268
-3395
-3391
-3223
-2879
-2405
-1809
-1149
-425
300
958
1650
2456
3364
4036
4243
4096
4022
4079
3926
3368
2603
1801
803
-354
-1352
-2046
-2832
-3946
-5064
-5601
-5621
-5582
-5667
-5704
-5590
-5401
-5042
-4455
-3746
-3182
-2757
-2277
-1561
-671
321
1308
2085
2621
3140
3890
4743
5355
5497
5386
5300
5239
4939
4289
3423
2486
1350
11
-1262
-2253
-3133
-4168
-5232
-5923
-5971
-5663
-5268
-4767
-3960
-2888
-1683
-449
719
1759
2567
3143
3550
3951
4319
4470
4349
4099
3930
3902
3849
3562
3114
2731
2382
1945
1456
976
450
-235
-1042
-1803
-2351
-2776
-3216
-3637
-3868
-3862
-3634
-3228
-2744
-2174
-1520
-720
161
1091
2071
3159
4053
4438
4452
4574
4818
4743
4195
3390
2570
1528
309
-786
-1570
-2504
-3800
-4951
-5420
-5401
-5451
-5664
-5773
-5626
-5403
-5061
-4522
-3895
-3485
-3192
-2700
-1921
-1005
-73
905
1797
2512
3163
4015
4980
5645
5764
5640
5644
5698
5438
4723
3795
2806
1643
314
-918
-1915
-2869
-4027
-5171
-5885
-6036
-5871
-5657
-5370
-4776
-3793
-2571
-1306
-120
961
1918
2748
3451
4048
4541
4830
4792
4541
4366
4353
4266
3899
3330
2798
2410
2006
1487
909
320
-346
-1097
-1814
-2414
-2888
-3376
-3886
-4244
-4326
-4178
-3888
-3490
-3009
-2342
-1487
-555
412
1477
2633
3746
4575
5017
5308
5619
5727
5385
4705
3882
2909
1687
342
-814
-1812
-2994
-4291
-5237
-5627
-5770
-5936
-6056
-5969
-5747
-5447
-5005
-4374
-3752
-3312
-2914
-2330
-1536
-670
246
1152
1943
2630
3395
4309
5146
5609
5706
5712
5702
5534
5135
4557
3772
2688
1356
46
-1084
-2116
-3209
-4344
-5369
-6029
-6219
-6059
-5746
-5395
-4862
-3930
-2635
-1288
-67
1055
2117
3003
3706
4305
4836
5119
5003
4660
4386
4232
3990
3516
2881
2292
1825
1389
900
400
-103
-706
-1357
-1923
-2384
-2749
-3108
-3469
-3775
-3828
-3645
-3326
-2963
-2503
-1888
-1077
-218
589
1551
2706
3895
4739
5161
5386
5717
5888
5602
4934
4159
3237
2002
570
-657
-1661
-2839
-4229
-5385
-5869
-5968
-6048
-6131
-6004
-5732
-5381
-4897
-4250
-3578
-3071
-2656
-2143
-1471
-737
89
921
1587
2086
2695
3585
4462
4966
5099
5186
5280
5187
4828
4291
3655
2822
1700
445
-692
-1711
-2738
-3799
-4798
-5518
-5867
-5935
-5819
-5540
-5041
-4302
-3332
-2200
-1005
191
1338
2299
3060
3723
4310
4689
4790
4691
4507
4278
3915
3400
2899
2501
2054
1512
961
507
111
-355
-938
-1497
-1914
-2270
-2648
-2982
-3174
-3196
-3118
-2966
-2674
-2210
-1619
-989
-308
414
1215
2067
2971
3932
4767
5282
5437
5521
5586
5453
4947
4162
3234
2116
835
-406
-1429
-2524
-3861
-5141
-5814
-5967
-6047
-6201
-6204
-5923
-5507
-5012
-4377
-3643
-3039
-2641
-2215
-1544
-728
65
750
1312
1781
2291
2986
3757
4327
4531
4562
4633
4706
4549
4059
3371
2572
1626
539
-539
-1510
-2432
-3395
-4326
-5023
-5343
-5308
-5108
-4879
-4579
-4014
-3065
-1941
-969
-194
605
1537
2435
3107
3597
4006
4293
4345
4195
4032
3905
3640
3125
2489
1944
1518
1086
535
-83
-654
-1114
-1463
-1745
-1986
-2218
-2387
-2451
-2384
-2212
-1980
-1727
-1454
-1093
-612
-38
540
1053
1491
1943
2461
3155
3927
4457
4549
4444
4508
4621
4491
3974
3282
2464
1413
187
-807
-1587
-2673
-4100
-5265
-5724
-5789
-5873
-6034
-5983
-5693
-5287
-4713
-3889
-3076
-2593
-2257
-1759
-1063
-348
292
800
1145
1387
1769
2448
3178
3545
3525
3507
3643
3760
3657
3305
2737
1956
1045
193
-502
-1198
-2081
-3055
-3847
-4315
-4499
-4466
-4286
-4074
-3806
-3293
-2445
-1431
-554
90
713
1455
2212
2846
3340
3686
3838
3821
3782
3787
3687
3348
2828
2291
1839
1428
980
481
-55
-594
-1036
-1276
-1435
-1608
-1756
-1826
-1787
-1644
-1446
-1209
-918
-686
-461
-105
341
733
1041
1327
1620
1984
2404
2921
3493
3910
3940
3846
3987
4207
4126
3597
2869
2113
1248
173
-824
-1682
-2746
-4068
-5118
-5510
-5592
-5816
-6133
-6124
-5760
-5245
-4711
-4048
-3331
-2832
-2490
-1974
-1195
-490
-7
356
708
1068
1465
1934
2391
2645
2694
2766
2985
3150
3039
2727
2351
1862
1203
508
-125
-749
-1524
-2385
-3084
-3461
-3650
-3793
-3794
-3597
-3238
-2716
-2021
-1239
-481
161
755
1418
2092
2649
3053
3349
3513
3537
3508
3459
3301
2963
2515
2103
1758
1386
938
500
138
-182
-474
-661
-747
-837
-954
-1020
-957
-786
-662
-619
-549
-364
-123
106
289
461
669
898
1127
1375
1710
2094
2575
3047
3336
3383
3428
3567
3632
3403
2873
2243
1536
656
-342
-1194
-2072
-3212
-4430
-5224
-5514
-5671
-5932
-6112
-5956
-5564
-5123
-4597
-3905
-3286
-2863
-2476
-1917
-1246
-655
-241
66
353
705
1201
1768
2252
2476
2585
2813
3139
3342
3323
3122
2770
2284
1670
1007
340
-362
-1146
-1935
-2585
-3039
-3282
-3331
-3287
-3181
-2900
-2326
-1605
-938
-379
189
840
1440
1859
2183
2545
2839
2939
2895
2849
2839
2768
2581
2347
2162
1983
1719
1415
1157
947
718
443
163
-62
-216
-361
-526
-669
-755
-809
-832
-805
-723
-596
-469
-316
-109
139
395
625
890
1210
1588
2082
2614
2934
2980
3037
3240
3414
3274
2814
2239
1611
800
-152
-1029
-1961
-3112
-4305
-5094
-5438
-5673
-6025
-6308
-6279
-5989
-5599
-5107
-4499
-3955
-3571
-3158
-2526
-1799
-1174
-697
-221
308
852
1463
2181
2857
3257
3446
3724
4156
4489
4471
4139
3673
3155
2495
1692
846
-42
-1017
-2009
-2798
-3296
-3609
-3817
-3884
-3790
-3462
-2865
-2092
-1320
-673
-116
520
1310
1988
2389
2642
2904
3172
3370
3480
3532
3558
3469
3290
3135
3001
2770
2392
1934
1447
968
517
74
-428
-958
-1415
-1736
-1908
-2005
-2102
-2120
-1994
-1775
-1473
-1097
-718
-409
-77
327
720
1067
1327
1562
1873
2290
2733
3094
3217
3164
3194
3327
3312
2945
2366
1715
927
-74
-1068
-1977
-3007
-4252
-5408
-6068
-6305
-6532
-6903
-7046
-6820
-6391
-5889
-5217
-4430
-3747
-3187
-2516
-1587
-605
187
804
1398
1988
2595
3286
3967
4363
4421
4449
4660
4878
4780
4340
3769
3169
2457
1603
735
-146
-1172
-2305
-3294
-3942
-4269
-4438
-4551
-4543
-4251
-3628
-2712
-1664
-735
46
888
1835
2713
3388
3828
4094
4224
4253
4221
4203
4098
3761
3318
2941
2635
2297
1832
1234
576
-59
-616
-1120
-1607
-2127
-2641
-2998
-3128
-3131
-3050
-2874
-2618
-2279
-1798
-1176
-494
132
664
1166
1703
2220
2582
2779
2880
2978
3076
3207
3348
3342
3067
2683
2453
2378
2194
1637
888
151
-632
-1532
-2367
-3112
-4063
-5209
-6162
-6559
-6556
-6619
-6853
-6835
-6374
-5688
-4921
-4009
-3036
-2226
-1521
-663
433
1465
2180
2642
3083
3491
3795
4084
4373
4444
4173
3827
3680
3631
3352
2729
1965
1269
600
-142
-903
-1651
-2448
-3263
-3889
-4215
-4293
-4212
-3990
-3570
-2959
-2168
-1161
-19
1002
1821
2591
3435
4179
4572
4645
4619
4545
4288
3822
3333
2914
2443
1831
1201
710
327
-94
-587
-1037
-1419
-1780
-2123
-2422
-2655
-2813
-2864
-2806
-2665
-2439
-2104
-1600
-947
-301
297
916
1546
2093
2498
2785
3014
3136
3070
2828
2499
2141
1766
1397
1124
980
810
491
196
87
86
17
-277
-668
-1023
-1450
-2042
-2589
-3084
-3759
-4565
-5188
-5362
-5227
-5117
-5089
-4809
-4181
-3409
-2583
-1684
-797
-58
580
1267
1996
2547
2800
2856
2856
2805
2676
2537
2424
2191
1778
1421
1300
1312
1201
911
588
357
133
-181
-550
-923
-1331
-1779
-2150
-2349
-2391
-2353
-2194
-1866
-1375
-692
157
1045
1846
2535
3159
3768
4231
4367
4204
3939
3577
3039
2374
1654
938
266
-376
-924
-1245
-1456
-1696
-1883
-1934
-1890
-1800
-1697
-1610
-1516
-1362
-1143
-859
-573
-380
-206
86
485
844
1121
1363
1573
1711
1777
1795
1762
1640
1377
1014
663
345
-29
-418
-751
-999
-1099
-977
-758
-627
-619
-565
-291
136
391
336
210
49
-300
-714
-1004
-1307
-1846
-2514
-2901
-2812
-2586
-2592
-2636
-2401
-2008
-1685
-1327
-846
-475
-397
-477
-386
-87
128
85
-19
-22
46
218
569
976
1215
1325
1575
2037
2464
2621
2544
2408
2209
1854
1406
963
446
-258
-1012
-1581
-1888
-2014
-2055
-2007
-1839
-1490
-858
-32
726
1226
1584
1969
2386
2627
2563
2306
1947
1468
943
513
134
-261
-649
-874
-832
-573
-298
-68
196
429
606
787
938
893
626
241
-107
-368
-619
-933
-1243
-1406
-1388
-1247
-1019
-745
-488
-202
138
480
746
911
946
858
695
466
212
-37
-301
-655
-924
-956
-743
-340
109
423
702
1162
1787
2400
2675
2587
2338
2010
1461
772
86
-764
-1920
-3101
-3842
-4079
-4177
-4466
-4699
-4543
-4066
-3520
-2901
-2161
-1557
-1211
-891
-344
315
757
893
955
1113
1323
1597
2001
2372
2484
2449
2622
3029
3317
3249
2948
2607
2214
1672
1048
417
-323
-1246
-2163
-2818
-3157
-3327
-3414
-3390
-3180
-2736
-2042
-1131
-166
673
1347
2001
2689
3228
3456
3433
3289
3053
2698
2235
1746
1270
796
310
-104
-343
-452
-523
-625
-784
-954
-1056
-1145
-1351
-1645
-1921
-2120
-2235
-2304
-2317
-2184
-1870
-1486
-1054
-500
153
791
1324
1763
2127
2393
2538
2527
2377
2093
1714
1277
823
341
-153
-580
-921
-1175
-1308
-1249
-1076
-744
-251
257
652
984
1358
1780
2112
2116
1879
1565
1128
502
-74
-552
-1139
-1886
-2510
-2708
-2595
-2571
-2738
-2714
-2395
-2094
-1934
-1705
-1406
-1272
-1344
-1341
-1115
-834
-673
-573
-374
-90
242
731
1404
1968
2241
2455
2838
3264
3431
3232
2843
2415
1842
1099
336
-369
-1135
-1990
-2720
-3158
-3307
-3283
-3165
-2948
-2581
-2050
-1352
-532
193
674
1032
1478
1998
2380
2488
2414
2327
2238
2084
1890
1724
1534
1230
843
523
352
223
20
-270
-560
-758
-843
-880
-1007
-1246
-1459
-1535
-1500
-1459
-1433
-1378
-1258
-1105
-887
-533
-89
307
556
766
1064
1422
1695
1779
1745
1695
1644
1564
1439
1256
1016
744
495
300
169
25
-121
-251
-283
-197
-33
301
743
1067
1103
1122
1360
1690
1708
1311
829
414
-140
-860
-1427
-1872
-2503
-3348
-3870
-3761
-3407
-3356
-3423
-3117
-2537
-2059
-1678
-1119
-578
-395
-470
-353
29
332
334
241
297
389
486
773
1232
1479
1406
1356
1569
1798
1683
1269
838
416
-168
-825
-1336
-1717
-2189
-2746
-3095
-3036
-2693
-2267
-1796
-1234
-581
153
1031
1947
2633
2977
3222
3559
3859
3933
3808
3598
3306
2866
2346
1935
1593
1134
525
-84
-593
-1024
-1394
-1745
-2094
-2483
-2779
-2783
-2545
-2303
-2159
-1962
-1588
-1104
-612
-86
476
979
1351
1667
2076
2546
2879
2965
2930
2906
2874
2766
2535
2190
1787
1351
890
427
-43
-545
-1043
-1526
-1985
-2365
-2593
-2711
-2798
-2855
-2792
-2520
-2056
-1542
-1030
-324
599
1447
1920
2217
2670
3205
3379
3036
2592
2230
1626
629
-313
-1006
-1792
-2904
-3905
-4309
-4350
-4599
-5016
-5086
-4833
-4682
-4657
-4358
-3838
-3532
-3505
-3294
-2687
-2029
-1534
-984
-195
615
1295
2144
3296
4301
4787
5014
5401
5829
5857
5421
4833
4181
3255
2100
1065
271
-566
-1599
-2501
-2978
-3121
-3129
-3006
-2708
-2308
-1882
-1313
-497
331
874
1211
1627
2149
2552
2754
2952
3240
3464
3530
3560
3643
3671
3492
3109
2648
2112
1464
745
-36
-897
-1751
-2469
-3013
-3402
-3647
-3684
-3455
-3044
-2601
-2108
-1478
-775
-164
307
693
1023
1278
1442
1531
1587
1621
1606
1562
1537
1484
1357
1188
979
719
391
-32
-514
-994
-1487
-2004
-2514
-2968
-3280
-3424
-3484
-3452
-3301
-3023
-2640
-2121
-1512
-873
-116
733
1446
1821
2006
2254
2559
2578
2183
1651
1105
336
-595
-1272
-1700
-2302
-3196
-3868
-3864
-3480
-3315
-3310
-2996
-2443
-2046
-1734
-1175
-474
-67
28
277
889
1579
2104
2597
3131
3493
3691
4071
4645
4931
4662
4131
3722
3358
2761
1945
1138
322
-665
-1654
-2297
-2577
-2795
-3078
-3287
-3248
-2902
-2300
-1543
-830
-327
77
681
1528
2278
2693
2918
3174
3403
3491
3518
3605
3639
3369
2836
2367
2047
1630
990
191
-689
-1592
-2393
-2954
-3373
-3883
-4448
-4716
-4517
-4066
-3584
-3008
-2243
-1419
-698
3
791
1496
1845
1838
1702
1585
1454
1245
949
579
193
-86
-194
-211
-276
-458
-709
-944
-1142
-1309
-1483
-1709
-2017
-2310
-2429
-2344
-2126
-1871
-1591
-1244
-783
-210
445
1089
1612
1992
2293
2558
2759
2867
2992
3168
3162
2787
2271
1943
1764
1434
830
190
-397
-1139
-1982
-2484
-2630
-2937
-3599
-4071
-3882
-3296
-2862
-2560
-2043
-1418
-1007
-668
18
858
1316
1377
1531
1955
2370
2624
2871
3157
3178
2876
2711
2921
3040
2642
1920
1298
790
163
-532
-1085
-1557
-2232
-3008
-3446
-3392
-3151
-2962
-2752
-2404
-1913
-1275
-464
384
1018
1351
1596
1982
2391
2582
2564
2478
2331
2046
1712
1490
1354
1107
608
-11
-546
-932
-1223
-1546
-1984
-2544
-3069
-3343
-3363
-3267
-3134
-2953
-2696
-2330
-1771
-974
-46
785
1426
1958
2531
3142
3622
3867
3865
3608
3184
2747
2349
1918
1352
671
-14
-577
-987
-1264
-1463
-1681
-1958
-2186
-2240
-2131
-1953
-1806
-1719
-1657
-1550
-1328
-941
-504
-181
18
237
559
910
1257
1592
1840
1917
1890
1917
2015
2055
1934
1790
1811
1818
1543
1068
692
472
167
-355
-851
-1164
-1588
-2241
-2725
-2755
-2679
-2866
-3062
-2786
-2153
-1689
-1440
-1014
-402
-66
-89
-14
354
625
541
408
515
747
919
1142
1524
1849
1897
1815
1829
1789
1464
952
448
-137
-954
-1813
-2349
-2581
-2862
-3289
-3549
-3402
-3002
-2572
-2109
-1538
-948
-431
87
661
1239
1740
2153
2503
2736
2864
3040
3340
3554
3475
3202
2938
2724
2416
1953
1402
844
276
-245
-597
-829
-1040
-1214
-1303
-1341
-1346
-1228
-977
-789
-846
-997
-967
-774
-658
-656
-533
-258
-23
137
344
645
883
883
723
571
420
158
-167
-466
-748
-1016
-1201
-1212
-1085
-942
-775
-528
-267
-66
122
366
607
699
644
643
738
759
646
536
508
462
337
178
111
72
-104
-332
-462
-529
-629
-718
-668
-304
246
598
620
624
881
1199
1239
1011
802
545
-73
-905
-1428
-1605
-1962
-2594
-2945
-2746
-2471
-2501
-2495
-2109
-1703
-1709
-1860
-1674
-1267
-1069
-1018
-729
-193
320
825
1497
2168
2552
2715
2949
3214
3139
2670
2177
1816
1342
678
134
-127
-342
-716
-1074
-1104
-901
-798
-846
-879
-795
-646
-491
-287
-43
185
469
904
1410
1833
2170
2545
2915
3051
2869
2581
2356
2049
1487
785
190
-241
-646
-1037
-1243
-1275
-1351
-1497
-1567
-1552
-1564
-1621
-1677
-1735
-1813
-1832
-1677
-1348
-1008
-690
-240
379
961
1344
1575
1745
1820
1679
1339
939
596
289
-29
-308
-434
-405
-321
-270
-272
-262
-256
-362
-643
-970
-1218
-1364
-1490
-1637
-1700
-1573
-1296
-1004
-732
-462
-189
8
92
102
135
241
342
391
425
507
668
944
1449
2100
2455
2234
1764
1532
1414
934
150
-477
-944
-1649
-2429
-2698
-2516
-2558
-2912
-2825
-2039
-1309
-1203
-1287
-1014
-645
-594
-662
-468
-165
-3
247
898
1758
2459
2998
3516
3898
3891
3597
3242
2687
1758
708
-76
-589
-1149
-1787
-2148
-2091
-1878
-1766
-1695
-1509
-1249
-1079
-1011
-896
-676
-407
-116
243
719
1293
1904
2433
2757
2860
2853
2813
2608
2071
1297
557
-10
-516
-1063
-1529
-1774
-1868
-1929
-1927
-1774
-1511
-1233
-1032
-937
-843
-617
-300
-89
25
245
656
1061
1268
1373
1553
1719
1641
1371
1124
936
640
182
-288
-665
-975
-1246
-1438
-1552
-1643
-1734
-1755
-1683
-1560
-1442
-1304
-1130
-959
-800
-604
-300
58
378
646
913
1192
1400
1500
1526
1488
1353
1127
845
531
238
-17
-242
-392
-460
-494
-503
-442
-302
-4
502
991
1127
922
756
797
747
391
-22
-343
-758
-1296
-1609
-1554
-1587
-1990
-2255
-1884
-1226
-896
-924
-937
-868
-919
-1013
-868
-563
-438
-466
-325
121
732
1334
1789
1966
1884
1807
1871
1843
1457
812
267
-16
-159
-260
-276
-261
-340
-494
-572
-464
-267
-223
-439
-740
-820
-591
-220
99
323
570
951
1427
1835
2044
2062
1953
1774
1547
1247
920
590
218
-171
-430
-485
-421
-404
-497
-585
-569
-399
-171
-52
-70
-83
-29
22
62
160
276
265
126
46
126
184
88
-158
-412
-525
-515
-462
-518
-702
-901
-984
-952
-897
-858
-821
-786
-758
-655
-415
-103
117
186
219
355
544
656
635
532
421
305
212
173
152
51
-175
-401
-488
-496
-568
-706
-812
-875
-891
-800
-626
-463
-391
-320
-142
151
537
932
1202
1264
1175
1110
1091
972
734
425
24
-439
-795
-921
-981
-1233
-1603
-1780
-1693
-1501
-1329
-1185
-1106
-1148
-1180
-1052
-824
-635
-482
-279
-2
355
855
1485
2001
2228
2243
2283
2391
2388
2158
1755
1307
892
575
376
201
-33
-301
-517
-650
-723
-749
-766
-840
-984
-1057
-914
-605
-285
-64
120
397
773
1186
1534
1751
1824
1775
1642
1493
1355
1183
886
467
66
-169
-263
-361
-542
-761
-929
-993
-894
-737
-739
-890
-1007
-1083
-1175
-1208
-1126
-1078
-1189
-1282
-1132
-779
-457
-248
-79
114
347
626
906
1078
1054
896
746
652
574
458
263
46
-99
-162
-138
-70
-57
-137
-306
-450
-471
-447
-491
-584
-642
-636
-595
-492
-311
-161
-131
-166
-156
-105
-58
-38
-67
-148
-222
-188
-27
156
264
304
337
408
495
547
546
474
346
210
129
116
109
27
-112
-228
-272
-275
-290
-290
-312
-414
-512
-482
-323
-202
-205
-229
-176
-119
-99
-70
-16
10
-31
-45
56
196
304
389
439
457
492
579
652
621
479
344
293
248
157
58
-58
-190
-302
-345
-307
-267
-279
-328
-380
-379
-281
-110
44
117
145
226
372
504
590
649
695
688
652
657
712
750
713
623
555
567
649
685
583
415
269
126
-26
-159
-294
-531
-848
-1057
-1086
-1031
-994
-944
-849
-776
-626
-391
-118
-9
-50
-61
-108
-44
-40
-24
-1
-72
-46
28
202
314
327
277
159
97
51
62
10
-139
-231
-282
-254
-206
-154
-97
-132
-222
-322
-339
-335
-389
-478
-579
-592
-513
-362
-164
-4
85
171
284
440
592
652
610
521
450
449
485
493
457
415
369
345
354
339
270
125
-101
-336
-511
-643
-789
-968
-1137
-1238
-1250
-1221
-1158
-1068
-988
-883
-732
-540
-323
-136
55
247
446
647
865
1106
1299
1487
1568
1637
1672
1728
1694
1389
1183
1007
705
395
137
-121
-396
-608
-796
-893
-922
-972
-911
-878
-808
-668
-591
-480
-320
-168
-55
74
240
378
509
589
676
752
750
713
587
417
266
114
-98
-323
-516
-683
-819
-918
-979
-1017
-1022
-988
-923
-837
-729
-580
-400
-218
-79
80
320
569
761
898
1003
1080
1166
1226
1204
1119
999
869
712
516
316
118
-87
-292
-476
-621
-716
-770
-831
-886
-877
-792
-669
-533
-399
-260
-98
70
212
311
384
449
500
523
526
501
442
369
289
225
169
62
-94
-234
-330
-389
-454
-520
-549
-524
-465
-424
-413
-385
-327
-298
-287
-269
-247
-220
-207
-163
-59
31
94
183
304
412
462
505
547
526
398
229
83
-67
-233
-388
-474
-523
-562
-531
-434
-320
-219
-117
-27
30
42
60
109
120
97
80
94
140
191
236
292
331
341
352
344
328
292
206
109
17
-67
-131
-189
-235
-264
-267
-268
-276
-242
-183
-131
-119
-120
-118
-108
-57
-28
-41
-41
7
87
140
189
250
314
367
415
453
465
471
468
454
436
428
440
449
429
402
376
365
353
324
299
248
180
107
47
17
7
-12
-28
-30
-38
-52
-64
-54
-40
-48
-89
-127
-166
-217
-286
-359
-413
-456
-460
-426
-395
-377
-380
-386
-362
-320
-292
-292
-312
-359
-411
-453
-490
-483
-468
-477
-475
-469
-448
-386
-303
-228
-189
-148
-60
47
128
167
195
237
292
319
332
354
364
365
350
315
275
232
184
123
41
-35
-106
-149
-147
-132
-125
-140
-134
-75
8
32
-6
-24
-3
23
32
42
61
87
119
157
210
250
276
302
318
296
263
242
198
119
28
-21
-39
-39
-57
-47
-4
30
67
87
124
173
199
211
227
259
277
282
295
308
311
298
278
247
200
138
54
-9
-37
-72
-101
-101
-90
-85
-83
-59
-21
-11
-33
-39
-33
-52
-84
-139
-194
-244
-266
-222
-168
-142
-119
-96
-74
-55
-37
-5
9
-41
-107
-130
-140
-164
-182
-196
-181
-147
-137
-148
-159
-163
-191
-240
-290
-325
-350
-394
-455
-513
-525
-493
-448
-381
-293
-213
-143
-86
-31
33
92
132
140
149
158
170
206
243
278
301
312
327
324
296
257
231
211
151
61
-10
-65
-124
-189
-248
-289
-311
-332
-318
-231
-102
37
155
286
469
660
818
960
1118
1241
1263
1208
1138
1070
975
858
729
560
363
162
10
-90
-198
-310
-405
-466
-513
-554
-575
-587
-629
-708
-764
-767
-727
-690
-661
-622
-553
-440
-305
-154
-19
73
122
154
162
146
130
110
60
-44
-144
-198
-211
-221
-272
-334
-377
-398
-400
-408
-414
-422
-433
-437
-428
-406
-365
-317
-294
-284
-264
-204
-123
-55
-9
40
125
232
343
443
526
597
673
745
798
830
853
864
837
779
710
629
523
385
238
83
-67
-208
-372
-548
-711
-858
-968
-1044
-1080
-1084
-1050
-959
-835
-714
-576
-412
-232
-24
181
369
565
750
910
1047
1141
1201
1233
1239
1226
1155
1040
887
701
499
290
86
-100
-273
-441
-575
-663
-734
-787
-798
-748
-650
-543
-418
-259
-74
112
281
459
650
801
899
969
1018
1039
1027
985
907
786
650
481
290
87
-133
-356
-569
-744
-891
-1028
-1145
-1224
-1274
-1301
-1306
-1288
-1234
-1139
-1020
-902
-772
-627
-477
-349
-242
-124
15
144
227
290
346
374
364
324
247
151
67
-9
-101
-205
-289
-325
-338
-364
-366
-317
-246
-186
-125
-35
64
149
208
280
373
441
477
503
528
555
593
615
614
582
555
556
543
496
436
390
348
296
231
161
86
3
-63
-103
-134
-186
-252
-300
-326
-335
-339
-321
-306
-299
-288
-256
-202
-151
-104
-55
-8
51
115
158
193
223
238
237
241
254
269
260
226
199
196
208
192
156
98
47
-1
-55
-85
-90
-105
-129
-130
-125
-118
-114
-89
-45
7
48
88
134
170
193
199
219
242
236
228
245
248
195
106
16
-63
-143
-213
-274
-315
-350
-396
-438
-459
-456
-449
-429
-384
-336
-307
-274
-225
-171
-121
-79
-30
29
85
131
194
270
316
323
324
333
343
324
298
268
241
209
156
115
80
32
-7
-41
-82
-126
-170
-202
-235
-282
-323
-325
-291
-273
-286
-291
-272
-240
-205
-184
-167
-151
-134
-135
-163
-197
-236
-276
-304
-333
-365
-383
-374
-354
-334
-306
-248
-160
-71
-4
39
68
90
120
143
154
152
132
119
111
97
102
118
131
141
153
186
220
255
278
287
306
345
378
394
406
432
455
461
464
453
432
412
395
382
368
337
318
306
305
316
316
255
180
164
176
184
145
117
72
48
-10
-44
-5
-16
-34
-54
-34
-4
37
74
110
148
95
58
75
98
71
11
-55
-98
-134
-198
-215
-220
-229
-261
-300
-314
-304
-281
-264
-282
-329
-383
-418
-438
-449
-477
-515
-535
-514
-472
-445
-420
-403
-375
-327
-278
-226
-150
-83
-56
-64
-71
-60
-37
-32
-47
-62
-58
-79
-129
-156
-154
-135
-142
-153
-144
-133
-130
-138
-129
-97
-64
-41
-12
31
65
76
99
115
127
159
213
271
283
256
240
278
316
303
272
263
259
236
190
143
112
79
55
45
45
27
2
-9
-8
-4
-2
23
63
101
109
122
140
186
226
239
249
268
297
315
337
358
383
390
376
364
370
384
393
392
394
400
384
358
345
364
371
363
355
324
272
200
132
81
31
-23
-63
-108
-165
-217
-271
-321
-366
-410
-431
-441
-452
-475
-497
-503
-488
-449
-411
-385
-360
-341
-338
-346
-364
-386
-409
-438
-480
-522
-559
-569
-543
-501
-444
-389
-345
-322
-316
-338
-388
-418
-421
-433
-442
-401
-295
-153
-28
99
250
396
514
595
673
736
771
764
732
684
628
553
468
375
273
178
87
29
-14
-74
-158
-215
-229
-231
-231
-226
-214
-201
-180
-121
-59
-26
-20
11
96
181
229
259
299
343
390
410
454
477
431
352
300
281
252
186
105
53
6
-61
-114
-116
-113
-145
-185
-199
-156
-114
-92
-50
10
65
109
161
216
256
280
298
324
333
323
296
275
248
213
161
94
43
-19
-117
-193
-249
-296
-321
-354
-391
-414
-402
-384
-386
-411
-422
-396
-370
-368
-374
-355
-319
-299
-297
-283
-236
-165
-109
-70
-25
1
11
32
44
38
43
54
59
51
40
32
16
-4
-22
-41
-50
-48
-46
-42
-58
-88
-90
-88
-85
-78
-57
-28
-34
-46
-36
1
37
43
57
90
141
190
215
254
298
321
328
352
374
355
307
267
248
216
168
142
133
100
58
43
62
82
84
66
39
22
24
20
-7
-26
-38
-44
-44
-45
-21
25
63
91
108
123
132
135
128
119
104
82
60
39
37
48
70
81
81
72
66
58
21
-24
-72
-120
-159
-199
-241
-260
-260
-267
-283
-302
-298
-260
-224
-211
-201
-192
-182
-180
-179
-144
-94
-59
-41
-8
27
38
33
16
17
18
-10
-36
-48
-58
-80
-96
-105
-131
-178
-208
-208
-195
-196
-213
-222
-216
-199
-164
-136
-115
-82
-51
-27
10
61
92
109
120
143
171
173
166
189
223
231
222
221
240
269
261
222
194
180
153
123
94
53
28
27
28
39
42
37
39
57
68
65
80
81
78
93
116
137
135
116
111
115
117
124
162
193
189
162
133
130
145
157
151
114
88
96
117
120
92
58
21
-16
-46
-84
-126
-174
-232
-279
-309
-309
-303
-293
-282
-271
-263
-237
-196
-147
-89
-47
-18
-11
0
26
66
91
94
80
70
67
42
6
-12
-34
-78
-127
-180
-223
-252
-269
-281
-299
-304
-293
-263
-237
-230
-240
-231
-180
-111
-52
-12
34
94
144
153
165
197
223
223
200
195
210
222
203
162
116
77
62
50
25
-4
-46
-101
-129
-125
-137
-166
-183
-174
-153
-125
-100
-75
-31
27
78
111
143
178
194
195
201
217
221
212
204
181
144
123
114
94
70
23
-14
-27
-20
3
0
-4
-11
-12
-1
29
52
70
93
120
141
152
172
191
197
197
190
175
160
146
141
130
105
66
20
-21
-69
-108
-138
-166
-197
-223
-229
-227
-232
-258
-286
-277
-271
-278
-294
-291
-273
-244
-203
-168
-136
-91
-42
1
30
39
56
72
80
61
31
24
27
36
27
5
0
8
14
20
28
33
32
36
50
68
94
105
112
132
140
138
130
136
155
163
167
167
165
137
90
61
53
41
1
-35
-44
-38
-45
-69
-95
-126
-141
-137
-148
-166
-186
-183
-159
-145
-135
-136
-133
-129
-132
-139
-123
-98
-74
-60
-53
-22
21
61
71
70
76
86
96
87
74
77
97
110
132
161
196
216
213
193
167
152
138
123
89
24
-35
-64
-74
-86
-110
-121
-120
-128
-152
-163
-143
-121
-119
-127
-118
-83
-41
-19
-6
17
45
59
49
46
58
75
83
67
32
24
28
10
-10
-38
-40
-51
-83
-95
-99
-107
-130
-154
-157
-138
-114
-98
-77
-63
-35
1
39
71
85
115
143
154
160
164
181
185
169
145
129
148
164
151
146
153
166
177
181
173
168
160
159
155
121
75
45
38
28
1
-14
-15
-19
-40
-77
-100
-102
-113
-122
-135
-142
-139
-149
-148
-145
-147
-134
-104
-87
-76
-67
-60
-35
-11
9
16
4
3
-2
-12
-9
-9
-36
-71
-100
-149
-189
-225
-258
-283
-294
-295
-293
-276
-255
-234
-209
-178
-136
-95
-47
11
59
100
127
156
175
178
175
172
174
156
111
59
25
4
-31
-70
-96
-102
-87
-69
-60
-44
-22
19
61
79
109
147
184
217
241
272
305
315
313
304
304
321
314
276
231
192
161
113
65
39
13
-20
-69
-108
-138
-156
-165
-176
-174
-162
-138
-112
-84
-45
-7
43
82
107
122
139
160
171
187
194
192
173
148
108
52
-7
-74
-118
-141
-165
-185
-199
-199
-200
-203
-210
-211
-207
-220
-230
-228
-212
-184
-148
-123
-113
-94
-67
-46
-28
-17
-14
-7
-8
-23
-46
-59
-63
-78
-110
-142
-156
-156
-162
-172
-177
-181
-168
-145
-120
-98
-91
-76
-51
-19
7
26
50
63
88
112
133
148
140
136
138
151
160
166
166
172
211
247
254
237
223
219
217
210
191
176
162
145
142
149
167
187
189
174
158
154
157
174
161
119
93
101
122
119
93
64
60
56
56
51
39
19
-8
-35
-65
-98
-127
-136
-139
-159
-177
-191
-196
-195
-201
-198
-209
-231
-257
-274
-278
-274
-269
-267
-258
-233
-213
-203
-192
-183
-189
-188
-176
-170
-156
-139
-127
-125
-131
-125
-94
-62
-48
-40
-32
-20
15
33
42
50
62
84
102
123
131
143
156
159
150
129
118
112
100
75
60
74
78
59
29
10
27
54
54
48
51
63
74
76
64
66
79
77
62
41
51
60
70
82
99
126
138
149
150
152
147
128
108
82
60
46
26
27
38
26
21
20
24
45
71
88
106
126
125
127
147
169
178
179
171
157
149
136
109
71
33
-13
-31
-38
-70
-130
-164
-167
-164
-187
-224
-253
-258
-229
-224
-223
-240
-231
-215
-219
-235
-213
-199
-148
-115
-105
-109
-125
-124
-108
-92
-113
-125
-113
-92
-94
-113
-132
-143
-136
-112
-116
-118
-112
-94
-87
-104
-117
-95
-75
-55
-21
15
35
53
58
68
82
97
131
168
166
131
120
129
156
172
175
164
156
153
137
116
111
110
103
91
80
60
37
20
3
-13
-2
26
54
72
77
86
95
103
113
125
145
172
181
173
152
137
138
140
130
119
115
105
90
62
58
55
15
-8
-17
-22
-14
-5
-10
-24
-22
-18
-16
-15
-25
-44
-57
-62
-73
-86
-105
-125
-130
-128
-119
-116
-114
-105
-95
-93
-95
-103
-115
-122
-127
-125
-130
-142
-151
-161
-149
-115
-97
-100
-102
-96
-73
-50
-35
-25
-7
13
19
22
20
23
35
45
29
2
-8
-10
-4
-16
-48
-43
-18
0
11
-5
-23
-22
-20
-21
-3
22
34
33
25
27
37
50
54
57
50
37
30
32
46
51
41
34
32
20
14
21
25
16
11
18
32
42
44
49
61
86
97
91
89
103
115
127
138
145
156
161
155
148
128
98
69
62
62
50
42
33
22
-6
-49
-79
-84
-88
-99
-114
-143
-154
-133
-118
-135
-150
-138
-97
-68
-65
-68
-69
-64
-59
-54
-51
-46
-30
-14
-7
-16
-30
-33
-25
-29
-40
-36
-28
-34
-44
-48
-30
-13
3
19
39
42
38
36
35
32
12
7
31
55
70
78
68
59
65
65
55
43
42
41
34
27
23
-4
-35
-49
-48
-57
-71
-71
-73
-72
-72
-80
-93
-88
-78
-73
-63
-58
-60
-64
-57
-41
-18
-9
-14
-4
17
33
47
65
81
115
152
166
156
137
132
138
149
152
143
128
90
67
67
62
55
50
55
41
16
6
-1
-4
-9
-9
-7
-20
-30
-30
-32
-25
-27
-42
-52
-57
-52
-46
-49
-76
-113
-136
-133
-131
-148
-174
-195
-185
-164
-157
-169
-166
-142
-112
-100
-86
-50
-15
7
27
49
61
79
94
104
120
149
158
146
123
103
102
100
96
84
64
53
49
39
24
9
7
17
3
-18
-29
-14
7
22
28
12
10
38
69
71
64
63
65
68
61
36
13
7
5
-10
-32
-48
-61
-91
-123
-136
-147
-160
-160
-150
-139
-129
-110
-104
-103
-89
-75
-47
1
42
55
60
71
89
82
58
60
78
90
66
44
36
30
20
3
10
29
31
19
18
23
39
62
77
87
94
96
100
110
124
137
150
160
164
154
135
122
118
96
61
38
27
7
-33
-79
-101
-97
-103
-124
-150
-168
-168
-164
-152
-148
-146
-136
-135
-130
-113
-87
-80
-78
-77
-81
-67
-44
-46
-54
-47
-30
-15
-20
-30
-49
-56
-50
-57
-68
-73
-74
-82
-99
-111
-96
-66
-48
-56
-76
-67
-23
23
40
43
57
78
104
125
132
140
159
167
161
144
140
146
143
120
90
86
102
100
68
38
18
19
25
18
5
9
13
-4
-19
-21
-13
-12
-11
-21
-18
8
40
50
38
33
56
82
92
84
66
64
65
58
46
25
4
-9
-8
-6
-22
-26
-27
-30
-35
-40
-45
-58
-65
-57
-46
-42
-42
-46
-38
-17
-2
-5
-5
3
16
34
41
36
27
21
21
27
31
28
36
37
-4
-70
-112
-104
-86
-98
-112
-122
-124
-116
-119
-136
-138
-124
-102
-87
-83
-77
-62
-37
-18
-17
-25
-24
-20
-20
-24
-21
-9
2
-10
-28
-40
-52
-52
-54
-53
-42
-30
-27
-31
-38
-21
3
19
25
15
5
16
36
47
47
55
78
104
127
142
157
160
142
135
135
141
142
137
126
114
99
77
61
65
78
78
74
42
13
14
28
32
28
23
17
27
38
41
32
21
30
42
43
33
11
-12
-30
-26
-28
-39
-40
-36
-32
-35
-47
-63
-74
-81
-79
-74
-78
-104
-119
-112
-107
-103
-92
-72
-63
-54
-43
-39
-34
-21
-4
4
6
13
34
46
46
31
22
16
20
27
15
4
-3
-5
1
-14
-47
-54
-21
13
12
-18
-31
3
30
12
-30
-38
-22
-1
8
-2
-7
4
14
12
-3
-13
0
15
16
-13
-33
-38
-43
-55
-80
-93
-88
-72
-63
-63
-64
-43
-16
-1
-3
-13
-9
11
32
31
36
52
68
73
66
63
80
96
89
62
46
42
35
30
26
24
28
32
23
20
27
35
42
41
28
18
20
20
-3
-44
-69
-60
-54
-54
-48
-45
-56
-63
-65
-65
-64
-56
-39
-29
-26
-15
1
10
6
17
25
24
35
49
64
63
52
46
53
58
57
56
58
54
59
69
59
51
39
34
28
8
1
12
33
44
36
39
61
85
100
96
68
50
52
66
82
73
42
14
3
16
16
5
4
-5
-29
-61
-85
-93
-97
-107
-114
-117
-115
-118
-115
-121
-140
-136
-113
-99
-99
-103
-91
-71
-55
-59
-62
-47
-31
-16
-6
13
32
40
26
8
5
10
17
16
4
-16
-21
-12
-20
-46
-71
-90
-96
-76
-42
-16
-8
-29
-58
-58
-35
-3
13
1
-14
-10
10
28
41
25
19
38
66
89
85
72
69
73
72
62
55
49
25
-1
-20
-9
16
23
29
26
18
11
-1
-18
-7
13
18
21
30
51
70
87
81
61
50
52
58
60
57
65
84
85
71
57
59
62
52
46
38
31
28
23
24
28
21
7
1
8
0
-2
2
4
5
5
-6
-13
-11
-4
6
10
10
10
9
15
27
30
28
11
-7
-17
-41
-55
-55
-56
-71
-95
-105
-103
-110
-117
-109
-103
-124
-156
-158
-128
-105
-104
-113
-110
-98
-80
-54
-42
-34
-33
-28
-8
-2
-4
11
25
23
28
42
54
62
57
44
35
36
25
0
-8
-5
7
11
-7
-18
0
23
28
8
-19
-36
-33
-13
-1
0
9
34
43
40
50
69
87
90
85
84
85
88
83
63
60
60
44
9
-23
-28
-18
-12
-26
-49
-67
-65
-69
-75
-67
-57
-50
-45
-39
-23
6
22
40
58
66
85
103
110
118
123
119
106
77
42
17
7
-6
-34
-52
-63
-67
-68
-77
-87
-80
-73
-74
-72
-65
-53
-44
-43
-36
-24
-13
22
56
79
85
87
81
65
52
38
42
52
32
4
-12
-14
-8
-9
-11
-16
-13
-1
7
1
-16
-13
5
16
16
29
40
44
49
55
67
74
77
50
24
9
5
12
12
1
-23
-36
-35
-52
-78
-89
-85
-71
-71
-83
-100
-104
-96
-87
-70
-52
-39
-36
-40
-48
-47
-35
-17
-5
2
7
14
24
25
18
4
4
2
-6
-12
-22
-22
-17
-13
-8
-1
-2
-7
-5
2
-1
-2
9
35
55
66
65
55
46
28
13
10
16
19
13
3
7
9
0
-9
-12
-23
-35
-30
-30
-31
-28
-27
-25
-16
-1
5
4
-1
1
16
24
21
31
49
51
40
34
45
61
59
48
30
9
16
28
11
3
5
8
9
-3
-19
-20
1
22
34
36
35
37
33
30
28
34
41
35
36
35
22
9
12
6
-19
-40
-41
-39
-54
-76
-80
-70
-72
-81
-84
-80
-78
-62
-47
-63
-69
-51
-33
-16
-11
4
24
26
9
0
11
29
46
48
42
48
66
66
51
25
1
-5
-5
-9
-4
20
19
16
11
9
39
63
69
50
35
36
44
47
54
71
72
70
60
42
14
-4
5
20
24
21
17
13
-4
-30
-55
-61
-55
-67
-90
-90
-67
-47
-53
-69
-69
-50
-34
-34
-45
-33
-4
23
39
26
22
36
42
40
16
-20
-33
-29
-25
-33
-44
-48
-67
-94
-112
-107
-81
-61
-67
-78
-72
-45
-29
-44
-50
-27
3
10
-7
-16
-6
2
1
-3
-16
-19
-6
-2
-14
-32
-56
-78
-70
-62
-62
-51
-29
-23
-26
-13
-1
1
-6
-2
20
48
67
64
66
78
94
104
96
86
84
85
99
118
123
111
99
110
120
118
116
117
121
132
140
139
128
117
117
115
117
107
81
68
66
74
79
65
36
19
23
25
26
20
4
-1
-9
-23
-32
-34
-40
-41
-44
-54
-64
-69
-67
-66
-59
-55
-52
-44
-41
-48
-51
-51
-62
-76
-85
-85
-102
-133
-144
-140
-132
-133
-152
-170
-172
-156
-149
-145
-140
-130
-117
-107
-105
-100
-85
-65
-49
-46
-40
-30
-29
-42
-52
-51
-52
-42
-16
-5
-13
-13
-11
-14
-22
-18
11
32
30
22
24
37
46
50
52
45
39
37
35
41
46
49
39
32
55
86
91
73
60
57
54
69
99
107
99
87
93
119
116
92
74
71
82
87
87
98
110
118
114
94
84
84
81
88
80
53
30
19
35
48
45
47
44
44
36
14
-2
-1
6
10
-7
-27
-22
-8
1
-8
-14
-24
-22
-20
-22
-26
-33
-36
-26
-7
9
-1
-43
-80
-109
-110
-90
-81
-95
-100
-103
-116
-118
-112
-108
-105
-96
-89
-72
-54
-61
-63
-58
-57
-52
-44
-42
-37
-24
-19
-19
-13
0
1
-13
-19
-22
-22
-32
-44
-38
-43
-52
-57
-59
-51
-47
-48
-55
-49
-31
-24
-26
-26
-13
-1
14
34
58
73
82
90
88
80
83
100
119
142
143
117
75
43
42
54
67
66
61
48
32
32
36
24
12
13
29
35
22
8
7
31
55
68
63
39
24
22
21
29
27
25
15
4
-2
0
7
-12
-47
-65
-61
-49
-56
-85
-103
-91
-67
-65
-66
-55
-38
-28
-40
-57
-60
-45
-21
-10
-19
-29
-24
-16
-21
-34
-48
-55
-41
-24
-24
-19
2
17
12
13
32
54
60
55
46
40
50
63
67
51
50
62
54
46
41
41
35
21
-3
-29
-26
-14
-15
-21
-27
-27
-13
-4
-8
-10
-3
8
11
-2
1
23
46
59
56
52
43
30
28
23
15
8
9
8
1
8
16
2
-25
-57
-62
-39
-21
-12
-14
-29
-20
13
32
26
18
40
64
70
63
49
50
57
56
36
20
13
-3
-26
-52
-65
-73
-87
-100
-109
-109
-115
-132
-143
-151
-147
-134
-110
-88
-84
-77
-61
-28
-5
0
-1
2
16
16
6
0
11
26
32
12
12
40
45
38
28
27
23
7
-6
-5
-2
12
19
12
2
5
27
39
29
6
8
26
30
18
23
38
53
60
53
44
46
44
44
48
46
45
43
25
11
17
21
12
10
12
20
28
14
-1
-12
-9
8
18
16
22
25
14
5
-2
-7
-3
21
29
14
6
12
29
21
-7
-21
3
36
27
16
25
30
33
27
32
40
42
44
43
28
16
12
8
0
-14
-29
-32
-31
-48
-75
-89
-73
-50
-43
-62
-86
-82
-59
-40
-32
-28
-27
-19
-6
1
10
19
28
35
35
33
33
30
10
-16
-28
-20
-8
-10
-12
-17
-27
-39
-34
-32
-38
-56
-73
-75
-71
-57
-45
-27
-14
-10
-7
-3
-3
-19
-33
-28
-14
-9
-5
-7
-21
-32
-46
-60
-61
-40
-19
-18
-29
-30
-16
7
8
-4
-4
0
2
11
22
29
40
48
51
55
58
47
29
20
18
27
29
15
-1
2
17
34
50
45
30
35
52
65
67
57
49
40
40
39
29
38
63
69
52
32
36
45
43
39
29
14
2
0
4
4
5
17
17
2
-7
8
35
37
26
9
3
9
26
34
30
33
24
14
-4
-17
-8
7
19
7
-12
-22
-42
-44
-41
-38
-35
-55
-70
-66
-52
-43
-42
-52
-62
-63
-49
-32
-45
-65
-58
-35
-9
10
9
-6
-20
-11
7
7
-15
-48
-67
-62
-48
-27
-8
-12
-15
-8
-5
-4
-15
-25
-32
-31
-20
-8
-1
4
13
-3
-13
-7
-11
-8
1
-4
-13
-18
-28
-38
-37
-26
-14
-10
-25
-31
-16
14
33
24
13
13
28
34
27
20
24
34
48
57
51
41
39
43
49
41
30
36
47
44
29
7
7
37
53
46
25
10
12
20
28
20
14
10
9
13
6
-11
-39
-56
-49
-26
-14
-12
-23
-40
-36
-18
13
29
10
-1
8
18
3
-20
-8
33
58
40
10
12
46
64
54
21
3
16
23
16
-1
-3
4
-10
-24
-25
-12
-3
-3
-8
0
13
9
7
-2
-14
-8
17
38
39
16
3
9
18
3
-26
-27
-19
-25
-33
-30
-25
-24
-36
-49
-52
-42
-24
-11
-21
-48
-47
-42
-39
-50
-54
-28
-14
-23
-34
-29
-14
-9
-18
-32
-33
-5
18
10
3
2
2
24
30
10
10
30
37
21
11
9
-1
-16
-17
-15
-11
7
20
24
31
40
36
25
14
3
4
6
7
6
3
9
15
7
-7
-21
-26
-14
-1
-5
-26
-31
-17
-21
-29
-43
-41
-25
-6
7
-1
-17
-34
-25
-4
2
-11
-2
22
32
26
13
11
22
33
25
17
20
23
26
25
20
18
31
42
34
26
22
23
11
2
5
15
33
42
35
23
17
10
-1
0
8
0
-15
-12
4
17
3
-18
-15
12
35
49
42
33
39
46
44
25
13
19
25
15
-8
-17
-8
-1
-4
-10
-18
-23
-35
-38
-23
-17
-23
-34
-41
-42
-42
-28
-7
13
12
-18
-31
-23
-18
-29
-31
-12
-3
-10
-24
-27
-6
14
-4
-26
-33
-28
-19
-19
-16
-18
-14
-15
-29
-38
-32
-19
-31
-57
-60
-50
-42
-50
-58
-47
-31
-16
-13
-23
-38
-34
-18
-7
-9
-13
-2
6
0
-7
-5
5
12
22
32
35
51
65
64
51
38
34
39
42
35
37
43
62
81
101
102
89
86
99
100
86
78
76
81
86
84
64
39
20
1
-10
-2
7
-1
-26
-48
-55
-62
-75
-79
-73
-70
-72
-57
-48
-67
-77
-79
-74
-67
-56
-36
-21
-20
-32
-24
-19
-11
3
8
9
10
5
-4
-14
-17
-7
-9
-22
-38
-40
-39
-39
-30
-31
-27
-25
-13
-9
-24
-33
-38
-26
0
25
30
21
10
9
26
39
34
37
45
43
51
62
48
23
21
42
56
62
52
44
36
31
27
13
8
19
23
15
9
-1
10
27
29
24
21
22
34
45
42
36
23
13
2
-12
-27
-19
-9
-13
-26
-16
6
10
-2
-19
-17
-6
7
13
11
-4
-19
-37
-48
-47
-39
-30
-25
-18
-21
-25
-34
-39
-48
-61
-57
-37
-29
-27
-39
-54
-62
-55
-42
-32
-28
-31
-29
-31
-29
-28
-29
-42
-48
-36
-20
-9
-8
-5
-3
3
17
13
-2
-4
-3
5
10
-4
-2
3
-6
-16
-22
-16
-5
0
5
9
6
12
22
22
20
34
50
61
58
52
59
53
52
54
55
59
67
71
65
47
36
39
42
39
41
49
48
40
23
27
42
50
44
33
32
43
59
65
58
38
23
27
44
60
42
14
4
-3
-16
-21
-21
-35
-40
-35
-34
-39
-40
-45
-57
-66
-61
-49
-38
-33
-33
-19
-3
5
5
-3
-8
-21
-24
-25
-23
-18
-32
-63
-92
-98
-79
-74
-89
-103
-99
-76
-78
-93
-86
-65
-51
-48
-44
-28
-8
1
-8
-17
-16
-5
11
10
5
10
29
40
25
10
-7
-3
9
3
-13
-26
-5
20
22
23
15
11
10
11
22
32
54
73
76
70
62
66
70
56
35
29
33
46
52
41
26
16
9
-5
-21
-17
-15
-19
-24
-21
-10
-3
-5
-4
0
20
54
57
39
29
49
63
52
38
30
34
39
41
36
22
17
26
25
20
21
13
1
3
9
0
-11
-11
-6
-12
-20
-14
-2
10
11
-2
-12
-10
2
17
29
10
-17
-27
-20
-15
-34
-59
-73
-80
-92
-93
-74
-70
-79
-86
-74
-50
-42
-52
-67
-64
-36
-8
8
5
1
-4
-4
0
7
27
36
25
14
7
7
-5
-14
-5
10
15
21
20
10
7
11
14
2
-1
7
17
15
1
-14
3
29
35
29
24
28
27
15
8
10
7
-7
-18
-14
-5
0
-2
-10
-17
-20
-19
-19
-17
-3
23
43
43
32
24
21
21
32
46
46
42
48
67
72
68
64
62
51
24
2
-5
9
17
-3
-33
-43
-42
-40
-56
-74
-74
-73
-69
-69
-66
-65
-66
-52
-39
-17
12
21
18
6
3
18
22
10
3
3
5
1
-16
-34
-37
-30
-40
-43
-45
-46
-42
-42
-51
-62
-49
-24
0
12
15
25
26
29
28
34
46
57
56
50
46
45
49
39
26
17
18
23
23
17
20
24
31
32
20
11
14
31
38
27
16
22
36
40
32
35
52
57
55
42
24
28
26
8
-8
-12
-3
-9
-16
-15
-25
-15
-7
-5
-8
-19
-28
-32
-26
-18
-4
-4
1
10
23
24
8
1
-5
-2
2
-5
-16
-36
-56
-52
-35
-35
-50
-60
-76
-90
-97
-99
-84
-64
-62
-74
-80
-74
-67
-66
-75
-62
-36
-11
7
3
1
11
26
37
21
0
0
0
-1
3
11
28
48
41
16
7
5
7
11
8
16
22
24
26
22
13
14
48
76
73
55
46
59
71
68
56
46
39
20
2
-12
-11
9
25
29
27
9
1
8
-1
-19
-31
-21
1
7
0
-6
-7
7
20
25
28
22
13
2
-8
-7
11
31
26
12
3
-7
-22
-12
14
9
-12
-25
-18
-13
-6
-8
-13
-13
-10
2
-3
-20
-16
18
48
49
30
8
-10
4
17
8
-13
-26
-20
-3
0
-15
-17
-15
-8
-13
-23
-8
9
12
-2
-22
-21
-5
11
23
24
27
39
47
34
8
-12
-20
-24
-33
-36
-25
-8
-5
-18
-37
-28
-10
-8
-25
-52
-60
-45
-16
-5
-11
-14
-12
0
8
4
-14
-31
-36
-49
-66
-72
-67
-62
-55
-32
-15
-26
-42
-58
-56
-38
-20
-7
-11
-20
-23
-25
-12
0
8
18
19
12
11
30
43
33
29
27
25
28
25
25
29
29
19
16
25
37
42
34
22
13
13
30
57
74
64
52
66
79
86
87
77
73
85
88
70
52
44
43
37
32
31
24
16
9
-14
-49
-62
-57
-50
-38
-43
-57
-59
-35
4
14
0
-5
-5
2
2
0
0
-6
-18
-34
-36
-19
-10
-9
-14
-14
-7
-5
-27
-46
-43
-43
-44
-35
-26
-16
-23
-41
-39
-13
6
-9
-15
-5
16
28
22
6
2
25
39
35
12
-12
-30
-29
-17
-16
-14
-4
10
1
-28
-39
-28
-19
-17
-15
3
17
15
6
5
12
17
23
22
21
16
13
19
25
22
8
3
3
10
4
-28
-56
-61
-55
-58
-62
-68
-65
-48
-39
-55
-68
-59
-26
-2
-2
-11
-1
17
21
9
0
3
7
7
5
20
38
41
32
30
31
32
26
11
10
23
28
26
26
16
12
10
7
7
9
17
26
37
34
19
10
8
20
20
17
10
7
12
15
28
30
20
9
5
4
-10
-17
-19
-6
17
23
15
14
39
56
50
38
37
41
43
45
29
14
10
14
13
-5
-6
2
4
-1
-8
-17
-28
-29
-30
-31
-36
-44
-38
-42
-67
-81
-59
-23
-23
-39
-32
-6
21
33
18
7
13
22
27
12
4
4
10
12
20
26
4
-14
-24
-21
-5
15
18
7
-9
-22
-14
1
9
9
15
12
14
23
22
13
6
-7
-12
-22
-30
-31
-28
-21
-21
-23
-26
-27
-28
-32
-51
-51
-40
-40
-29
-27
-30
-33
-39
-46
-46
-35
-29
-30
-26
-3
15
3
-25
-47
-42
-33
-38
-30
-20
-30
-38
-44
-41
-23
0
8
13
11
-4
-14
-9
14
19
14
24
46
67
78
68
59
62
53
44
37
45
42
27
21
24
34
44
41
32
31
43
45
18
-4
13
44
52
38
26
37
63
62
50
59
64
54
26
5
3
10
23
19
17
12
12
23
22
8
-9
-15
0
20
25
19
9
-1
-19
-29
-21
-6
11
19
25
38
56
55
32
7
-2
1
-11
-28
-41
-42
-42
-56
-63
-55
-47
-61
-85
-97
-82
-55
-42
-45
-64
-72
-68
-56
-64
-64
-32
3
16
10
5
11
12
4
-15
-24
-22
-22
-33
-50
-66
-79
-76
-59
-47
-42
-42
-41
-37
-32
-27
-32
-38
-49
-57
-67
-57
-23
16
45
48
45
40
39
43
34
32
38
32
23
15
20
36
44
45
48
59
68
59
37
19
18
33
49
45
33
29
43
51
42
25
16
29
43
34
24
36
42
37
20
-3
3
23
16
-7
-26
-29
-8
13
19
19
18
13
13
16
20
19
26
33
27
13
1
1
-1
-1
0
10
8
-10
-14
-10
-17
-29
-39
-50
-57
-60
-67
-66
-57
-33
-26
-27
-17
-13
4
18
15
-5
-8
10
31
33
16
-2
-7
13
31
32
20
11
9
2
-15
-27
-12
7
16
9
5
20
34
34
17
9
8
10
12
4
0
-5
-8
1
6
-3
-20
-16
7
21
26
29
24
5
-12
-27
-26
-14
-23
-44
-43
-20
-4
-12
-32
-48
-38
-23
-22
-8
7
-4
-25
-28
-20
-9
-7
-23
-43
-54
-44
-17
-7
-25
-55
-62
-52
-44
-37
-37
-34
-23
-34
-50
-61
-51
-24
-5
-8
-8
14
26
20
-10
-25
0
29
32
22
22
31
40
38
26
18
13
18
31
32
28
29
33
17
-1
5
17
13
-3
-17
-5
10
17
36
47
36
24
27
49
64
64
56
42
36
31
30
36
39
30
23
29
48
60
74
80
70
57
40
27
22
31
46
35
19
28
55
62
37
-2
-20
-17
-4
-4
-17
-26
-23
-19
-20
-10
-12
-19
-21
-18
-20
-17
-8
-3
-11
-24
-33
-44
-39
-48
-66
-65
-49
-34
-18
-19
-24
-22
-26
-20
-21
-24
-21
-26
-46
-56
-47
-40
-39
-45
-42
-36
-39
-52
-74
-86
-75
-66
-62
-53
-35
-17
-18
-44
-62
-47
-17
-1
-18
-28
-18
7
16
-3
-5
7
21
21
15
19
25
41
54
50
25
-3
-10
-7
-7
0
12
25
32
21
14
14
12
4
-5
-4
-2
2
-8
-2
8
-5
6
29
32
23
20
32
30
22
24
37
51
59
42
31
40
68
94
92
77
78
87
91
75
45
36
36
37
33
9
4
7
-5
-12
-11
5
20
21
6
-18
-27
-23
-25
-38
-45
-47
-32
-5
-11
-17
1
32
46
22
-5
-13
-21
-19
2
17
25
24
9
-11
-15
-13
-17
-28
-34
-29
-8
4
-7
-18
-20
-17
-17
-23
-36
-32
-30
-46
-50
-49
-33
-14
-18
-34
-37
-44
-43
-32
-38
-51
-46
-26
-18
-25
-43
-42
-12
11
-6
-27
-15
-1
6
17
15
12
23
27
17
0
-14
-3
6
-3
-10
-7
4
2
-12
-18
-12
-4
1
-12
-30
-29
-12
14
26
20
5
-2
6
15
19
24
23
25
43
45
16
8
15
25
35
40
56
62
45
21
10
-9
-24
-15
-16
-10
7
15
19
32
33
25
7
-15
-10
-5
-11
-17
-15
-9
7
13
11
3
-11
-17
-16
-24
-43
-48
-43
-30
-31
-38
-39
-20
-6
-4
-4
6
22
29
24
27
48
57
57
41
19
14
28
35
23
15
11
9
8
5
3
0
-4
-6
-4
8
16
7
-3
-9
-4
9
2
-4
11
34
50
57
57
56
50
37
31
18
12
12
18
28
26
17
3
-18
-30
-26
-26
-17
-4
-7
-18
-23
-17
-14
-13
-15
-21
-28
-29
-36
-39
-36
-34
-27
-28
-36
-36
-26
-13
-15
-48
-71
-50
-18
-24
-50
-62
-60
-40
-30
-31
-24
-21
-27
-30
-30
-19
-10
-14
-25
-30
-13
6
18
9
-21
-28
-18
-11
-22
-39
-37
-22
-21
-29
-38
-37
-15
4
11
24
30
37
40
41
50
37
14
24
44
52
53
49
60
63
59
60
63
57
46
33
29
19
3
11
20
22
24
28
25
18
18
10
-5
-11
8
32
27
10
5
20
33
28
8
-11
3
31
40
16
-22
-21
10
28
35
20
-7
-25
-23
-21
-24
-24
-12
8
5
3
8
14
2
-12
-15
1
29
30
13
-5
6
21
-10
-44
-45
-43
-30
-21
-12
4
8
-9
-27
-24
-12
-1
7
3
-2
10
24
25
16
8
1
-3
-2
-10
-8
-3
-7
-13
-23
-31
-41
-27
-11
-24
-54
-58
-34
-21
-23
-20
-10
3
-5
-20
-37
-39
-20
-8
-17
-32
-25
-15
-18
-30
-34
-26
