-6
-4
-5
-4
2
-1
4
8
-1
-3
-5
-8
-12
-22
-24
-28
-35
-39
-38
-41
-42
-36
-33
-35
-37
-33
-27
-23
-19
-18
-11
-8
-8
-10
-16
-17
-18
-20
-17
-9
-9
-6
-6
-8
-11
-6
1
0
5
5
14
15
12
17
16
18
22
27
32
36
38
38
45
47
47
46
47
46
43
47
44
40
35
27
26
26
23
30
30
34
32
27
28
25
20
19
17
16
15
13
19
18
16
17
17
19
18
14
17
15
13
16
12
8
5
2
2
0
-1
2
5
4
5
9
5
7
15
8
8
10
7
8
5
6
8
6
5
5
1
-2
-8
-11
-10
-14
-7
-6
-19
-22
-32
-35
-41
-43
-40
-34
-31
-36
-32
-33
-34
-31
-35
-38
-45
-47
-50
-54
-44
-40
-40
-31
-32
-27
-27
-25
-22
-21
-15
-12
-17
-21
-17
-15
-11
-6
-1
5
4
5
6
4
1
1
-1
-4
-16
-27
-33
-37
-34
-32
-27
-25
-25
-30
-28
-25
-23
-17
-14
-12
-13
-12
-10
-11
-8
-8
-6
3
4
4
5
11
13
18
24
23
27
26
27
27
29
29
33
34
28
31
31
33
38
43
52
61
63
65
65
62
60
56
58
58
54
49
54
52
53
51
47
51
50
49
46
44
37
27
22
18
13
14
12
7
8
1
1
4
4
11
18
19
22
22
16
10
0
-7
-9
-12
-16
-20
-22
-26
-30
-29
-33
-31
-37
-41
-44
-48
-46
-55
-54
-52
-54
-53
-54
-48
-43
-43
-37
-33
-32
-26
-28
-25
-26
-30
-30
-32
-34
-34
-29
-31
-34
-29
-29
-35
-32
-27
-25
-24
-23
-27
-28
-30
-35
-38
-35
-26
-20
-13
-3
-4
-6
-5
-10
-7
-2
-3
5
8
1
-1
8
5
1
12
25
23
23
23
24
19
11
16
20
17
17
19
18
15
12
16
20
16
12
11
12
14
11
15
18
18
18
11
9
8
7
14
11
10
14
8
2
4
7
11
13
16
20
17
12
13
18
17
21
17
15
22
20
24
26
26
33
28
30
31
27
28
24
23
23
13
10
18
11
1
6
11
7
7
3
6
9
12
16
21
22
16
15
13
13
12
7
6
4
0
4
5
5
11
13
13
13
17
14
11
7
2
-3
-10
-17
-26
-29
-31
-31
-35
-37
-34
-32
-32
-31
-31
-36
-32
-36
-40
-42
-46
-46
-46
-40
-36
-35
-30
-27
-24
-22
-21
-22
-22
-21
-23
-22
-19
-16
-15
-14
-12
-8
-7
-10
-5
-8
-7
-15
-17
-18
-25
-29
-32
-29
-27
-27
-22
-20
-17
-12
-8
-10
-7
-6
-3
-2
-2
3
3
2
8
10
13
15
19
20
21
24
19
21
23
14
9
8
6
-3
-4
-1
2
2
7
11
13
16
14
19
21
24
30
31
40
42
46
41
36
34
29
32
29
30
29
32
29
27
33
28
25
21
13
10
7
7
7
6
6
7
10
10
16
22
24
27
27
24
23
22
22
24
20
20
21
16
13
10
2
0
-1
-1
4
0
0
0
0
2
0
0
2
2
1
-6
-8
-8
-10
-6
-14
-12
-11
-18
-18
-20
-26
-21
-18
-21
-25
-28
-27
-28
-27
-26
-15
-10
-7
-7
-9
-18
-22
-15
-19
-21
-17
-9
-7
-9
-10
-11
-11
-9
-15
-14
-13
-17
-12
-17
-19
-23
-33
-44
-49
-49
-57
-57
-56
-55
-51
-44
-43
-46
-48
-44
-38
-38
-39
-38
-32
-34
-30
-29
-23
-15
-12
-7
-8
-6
-6
-7
-2
1
1
-2
-3
-6
-7
-3
-2
0
-5
-1
0
10
13
14
26
32
37
37
44
45
45
43
43
48
52
53
50
54
52
58
63
61
66
72
70
73
71
72
71
68
67
65
63
59
60
59
58
57
59
60
60
57
50
50
45
38
34
35
36
33
31
23
24
18
5
-1
-4
-8
-16
-19
-24
-29
-36
-41
-42
-45
-49
-48
-43
-42
-43
-49
-52
-57
-60
-60
-54
-50
-48
-44
-44
-44
-45
-47
-46
-51
-57
-56
-54
-50
-46
-41
-40
-38
-38
-36
-33
-34
-39
-40
-33
-31
-31
-25
-21
-17
-13
-14
-10
-9
-8
-13
-12
-10
-15
-19
-18
-20
-26
-21
-19
-16
-11
-9
-6
-4
-1
-4
-2
4
4
6
4
2
0
-11
-14
-19
-23
-22
-17
-12
-11
-10
-6
-1
-6
-4
6
10
17
21
28
31
28
33
38
38
37
38
39
41
45
47
48
44
48
35
31
32
28
32
27
27
35
30
30
30
29
37
39
40
42
42
39
37
37
35
34
38
34
32
29
26
23
26
24
27
29
25
23
19
21
19
21
22
13
12
6
10
19
19
20
13
9
10
11
2
-9
-18
-22
-27
-36
-35
-34
-36
-34
-35
-36
-32
-29
-30
-30
-34
-32
-30
-30
-26
-31
-34
-37
-34
-33
-32
-28
-26
-26
-26
-24
-32
-40
-42
-41
-43
-41
-43
-43
-34
-38
-40
-41
-37
-31
-32
-24
-17
-12
-14
-9
-8
-8
-5
-5
-4
0
-1
-5
-3
-3
0
-4
-1
-4
-4
-3
-3
-2
2
6
8
9
11
18
15
14
12
10
11
8
7
8
14
15
19
20
15
15
10
4
2
-5
-6
1
7
13
11
9
11
4
1
-3
-2
-5
-13
-15
-12
-7
-9
-7
-4
1
3
6
12
17
22
23
24
22
20
24
30
31
34
35
31
27
23
25
24
22
20
24
24
26
24
22
21
18
21
22
26
22
25
33
23
26
28
23
30
32
31
33
35
35
34
34
26
20
17
11
10
10
10
14
16
11
4
1
-3
-10
-15
-19
-19
-18
-21
-24
-25
-24
-25
-30
-31
-34
-33
-29
-22
-20
-21
-19
-29
-30
-27
-31
-30
-25
-26
-21
-17
-14
-13
-16
-14
-13
-15
-15
-21
-23
-27
-32
-26
-25
-27
-25
-27
-35
-41
-48
-51
-52
-46
-40
-42
-48
-49
-53
-54
-50
-51
-42
-37
-32
-29
-27
-21
-22
-20
-18
-12
-12
-14
-13
-15
-15
-12
-11
3
11
11
14
13
13
11
4
6
12
10
9
9
5
4
5
10
18
21
24
29
39
51
57
61
62
60
64
62
70
77
82
81
78
70
63
65
61
63
58
56
51
49
44
39
34
33
30
28
29
29
25
23
22
14
17
15
13
13
15
24
16
15
28
30
22
17
14
16
12
-1
3
4
-2
-2
0
2
-13
-18
-17
-22
-26
-27
-22
-22
-23
-25
-33
-39
-49
-48
-53
-60
-57
-57
-53
-50
-48
-50
-48
-46
-46
-47
-47
-47
-44
-42
-44
-42
-45
-45
-46
-45
-38
-37
-33
-35
-37
-41
-36
-32
-34
-27
-22
-18
-16
-18
-13
-9
-6
3
16
11
11
19
17
11
10
12
17
12
7
10
8
6
4
2
-7
-17
-15
-16
-11
-11
-7
-3
-10
-13
-7
-2
-1
0
7
13
20
22
26
33
29
30
31
29
28
25
27
29
29
24
23
24
23
27
27
27
29
30
34
35
40
37
35
32
25
26
23
20
19
14
15
22
24
24
27
27
25
28
25
19
24
20
26
32
27
26
21
17
12
11
13
16
14
12
12
4
7
3
-3
-3
-11
-15
-17
-21
-21
-25
-22
-23
-23
-25
-27
-25
-22
-19
-22
-22
-23
-24
-26
-20
-17
-12
-6
-11
-16
-17
-20
-16
-20
-19
-18
-21
-18
-24
-18
-19
-20
-19
-15
-9
-8
-17
-18
-13
-19
-16
-12
-14
-9
-8
-11
-8
-11
-12
-15
-17
-16
-15
-10
-12
-9
-1
-4
-5
-6
-9
-10
-14
-17
-19
-19
-16
-17
-15
-18
-10
-11
-11
-5
-5
-5
2
11
9
9
5
4
2
-7
-6
-3
2
5
4
5
6
3
8
9
6
5
0
-4
-2
-2
1
7
2
5
2
8
16
16
23
25
29
31
33
33
27
25
33
32
25
22
20
16
15
14
10
16
22
23
28
30
30
30
31
32
29
27
21
20
13
7
4
2
2
0
0
3
1
-1
-1
-3
0
-1
2
4
1
-2
-5
-2
0
2
-1
-1
-6
-5
-4
-6
-8
-13
-12
-15
-16
-16
-12
-4
-5
-4
-3
-2
4
2
5
7
7
7
4
-2
1
-2
-8
-7
-8
-6
-8
-13
-10
-7
-6
-2
3
6
4
-4
0
-4
-11
-16
-22
-28
-32
-33
-35
-35
-35
-22
-15
-13
-15
-19
-25
-26
-24
-27
-24
-26
-21
-18
-21
-19
-23
-27
-26
-29
-32
-29
-22
-22
-19
-16
-10
-14
-22
-21
-14
-9
-8
0
7
11
8
8
12
15
15
12
11
9
10
10
10
11
21
20
23
25
23
26
24
23
18
14
15
14
15
10
12
16
18
15
16
18
17
23
27
32
33
33
36
39
32
26
20
14
10
10
17
21
19
17
18
14
15
13
9
12
7
7
3
0
-1
-4
3
2
2
1
-3
-2
0
-1
3
0
6
10
7
12
12
10
10
5
0
2
-3
-5
-4
-5
-2
-5
-4
-5
-5
-7
-8
-8
-10
-15
-20
-17
-15
-18
-23
-22
-22
-18
-13
-9
-7
-8
-4
-3
-2
-3
-5
-11
-9
-9
-11
-11
-13
-8
-4
-5
0
2
-1
-2
-5
-9
-13
-16
-23
-31
-30
-31
-30
-31
-32
-30
-27
-23
-21
-20
-19
-18
-17
-13
-10
-10
-11
-10
-8
-3
-6
-8
-5
-6
-6
-4
0
0
-2
-3
2
3
4
1
-2
-4
-7
-7
-7
-16
-20
-16
-7
2
11
15
12
9
6
9
8
8
11
9
12
14
14
15
15
13
11
17
20
22
26
26
26
22
14
16
15
18
20
21
28
29
31
33
33
30
29
28
26
26
28
28
31
33
32
29
24
19
17
21
24
25
29
28
24
20
16
18
20
17
14
15
16
13
14
15
13
10
7
6
2
0
-2
-7
-2
-7
-10
-16
-20
-24
-35
-40
-44
-45
-46
-39
-42
-43
-41
-47
-43
-37
-31
-27
-17
-11
-15
-14
-20
-23
-23
-24
-21
-25
-28
-29
-28
-29
-27
-25
-21
-16
-9
-9
-16
-22
-28
-35
-34
-38
-41
-40
-41
-39
-37
-32
-27
-21
-21
-20
-17
-16
-16
-21
-17
-14
-10
-2
0
6
8
3
5
11
13
13
14
20
25
26
30
25
26
28
27
29
35
43
43
42
37
37
32
31
30
32
37
37
36
39
38
30
32
30
29
22
18
16
10
8
-2
-2
-9
-13
-7
-2
9
10
14
25
28
26
27
28
30
32
31
33
26
19
14
7
8
8
8
4
8
12
9
5
-1
-1
-5
-5
-5
-5
-3
-4
-7
-7
-11
-17
-16
-20
-20
-16
-17
-14
-13
-17
-10
-7
-7
-2
-2
-2
-4
-7
-6
-6
-10
-12
-10
-11
-13
-21
-24
-26
-31
-35
-27
-22
-16
-17
-14
-14
-19
-18
-25
-22
-21
-16
-13
-7
-6
-5
-4
-14
-20
-25
-27
-27
-29
-33
-31
-31
-33
-33
-37
-39
-37
-38
-33
-29
-26
-15
-5
-8
-9
-13
-7
-7
-11
6
12
19
20
24
34
24
19
23
25
19
15
18
26
20
16
20
11
10
9
12
15
17
22
23
24
22
20
19
13
10
7
7
8
8
18
21
31
39
47
52
49
44
48
43
39
35
33
35
35
37
37
35
29
26
15
8
5
9
8
10
11
4
2
-5
-18
-28
-30
-21
-30
-32
-25
-22
-17
-17
-12
-8
-9
-18
-15
-13
-15
-18
-12
-13
-18
-22
-25
-26
-24
-19
-21
-17
-17
-19
-16
-24
-31
-29
-28
-26
-19
-13
-8
-2
4
12
9
5
0
-5
-12
-18
-14
-6
-6
-4
0
4
10
12
14
18
18
19
21
24
13
9
5
-3
-7
-4
-1
-5
0
2
3
-1
-2
-2
3
1
-4
-6
-7
-5
-7
-11
-11
-8
-12
-7
0
-2
-6
-10
-17
-21
-19
-20
-16
-18
-19
-18
-16
-13
-7
-10
-11
-10
-18
-15
-18
-17
-16
-23
-25
-23
-23
-18
-10
-2
7
15
17
22
25
19
21
17
9
6
10
13
13
14
11
16
15
16
26
30
36
34
29
26
26
29
33
38
37
40
35
33
36
32
33
28
24
21
19
21
15
9
6
2
-3
-4
-1
-2
2
2
4
5
2
1
1
1
-3
-7
-8
-12
-24
-30
-29
-27
-18
-14
-7
-1
-2
1
6
5
6
4
3
3
4
1
4
7
2
1
-1
0
-5
-2
-2
-1
2
0
-3
-10
-15
-18
-18
-17
-17
-17
-18
-20
-23
-21
-20
-20
-20
-20
-18
-19
-19
-24
-24
-20
-18
-14
-15
-16
-19
-24
-27
-22
-23
-21
-15
-12
-11
-17
-22
-22
-23
-20
-20
-12
-5
-6
-7
-8
-4
-5
-7
-7
-6
-3
-1
-3
-2
-1
-6
-3
-9
-6
6
9
10
12
16
14
11
12
9
3
0
0
-3
-1
-4
-1
6
10
16
12
19
21
25
34
40
41
44
38
30
38
36
41
39
32
35
34
31
24
20
24
27
28
33
40
42
41
37
34
30
29
25
22
14
14
18
11
13
11
2
2
4
5
11
9
4
3
-4
-5
-8
-10
-13
-15
-14
-17
-21
-23
-19
-21
-18
-21
-22
-25
-25
-22
-25
-27
-23
-25
-22
-26
-37
-36
-41
-43
-44
-39
-39
-40
-35
-32
-31
-26
-23
-14
-12
-11
0
1
2
1
-4
-7
-7
-8
-10
-4
-5
-7
-5
-10
-9
-11
-10
-10
-11
-4
-4
-9
-9
-8
-4
-9
-12
-11
-15
-13
-7
-4
1
9
18
16
9
11
7
-1
-3
-9
-17
-15
-14
-17
-16
-16
-15
-13
-12
-11
-11
-5
2
11
14
13
14
8
8
11
10
19
15
12
11
11
17
27
26
28
23
23
24
31
47
56
55
60
61
50
56
50
44
44
32
22
18
14
7
5
6
10
12
10
12
9
7
6
4
5
2
16
19
19
22
17
15
9
7
6
2
-2
-6
-6
-1
-5
-9
-11
-16
-21
-29
-31
-26
-32
-31
-29
-29
-26
-25
-23
-21
-16
-15
-13
-6
-10
-11
-6
-6
-7
-10
-13
-18
-25
-30
-30
-30
-29
-22
-17
-7
2
5
3
-3
-5
-8
-9
-10
-14
-17
-21
-29
-28
-22
-19
-11
-15
-17
-18
-16
-17
-26
-21
-18
-15
-12
-8
-15
-13
-15
-12
4
1
4
6
10
13
5
-1
-1
-1
1
0
-8
-7
-3
2
5
2
-5
2
12
15
11
8
10
17
22
14
11
16
23
30
28
18
19
27
35
21
4
4
5
14
8
2
2
3
10
6
0
-2
0
1
4
1
-2
4
11
19
20
22
34
37
38
35
32
31
30
27
24
20
11
1
-5
-5
-7
-7
-5
-7
-3
-6
-3
-6
-9
-1
1
0
1
-4
0
5
1
9
12
14
14
10
13
10
7
10
8
10
12
11
9
3
4
2
2
4
3
-5
-12
-15
-22
-20
-17
-17
-15
-13
-16
-20
-26
-31
-31
-28
-30
-19
-16
-17
-12
-9
-4
-7
-12
-9
-1
3
5
3
-2
-9
-17
-22
-32
-37
-33
-33
-20
-18
-25
-24
-25
-23
-25
-31
-31
-25
-28
-30
-28
-27
-17
-13
-8
-2
2
9
5
6
8
8
4
4
-1
1
10
9
15
16
19
20
21
16
12
13
10
3
0
-5
2
5
3
5
-2
-3
7
11
9
7
3
5
2
1
-1
-1
6
8
9
9
15
17
21
29
25
27
31
19
10
13
10
4
6
4
5
1
3
9
13
16
15
21
23
25
25
27
21
18
24
24
27
27
25
19
18
20
16
14
21
23
25
29
35
26
9
18
15
9
6
1
4
-6
-12
-8
-1
-3
-4
1
8
3
-5
-4
-9
-15
-17
-15
-18
-20
-14
-11
-13
-16
-12
-13
-7
-4
-7
-7
-8
-15
-17
-15
-13
-8
-6
-9
-11
-7
-16
-30
-31
-36
-41
-38
-41
-40
-35
-36
-35
-27
-33
-46
-44
-47
-49
-44
-44
-41
-38
-41
-38
-44
-34
-23
-36
-37
-33
-27
-20
-22
-20
-15
-18
-21
-14
-6
-7
-13
-8
-1
-1
-8
-6
0
8
11
19
20
14
9
12
18
19
24
27
33
36
42
51
53
55
57
50
45
39
41
42
39
41
38
32
27
28
23
27
31
35
41
43
39
34
38
30
27
31
31
35
39
39
43
45
42
47
55
50
46
48
45
43
39
35
31
24
18
14
0
-10
-13
-15
-10
-18
-17
-17
-24
-25
-31
-39
-38
-42
-42
-41
-48
-49
-47
-33
-32
-34
-34
-31
-29
-33
-31
-30
-33
-36
-39
-41
-40
-39
-34
-23
-24
-28
-26
-25
-24
-26
-37
-40
-37
-34
-37
-32
-29
-29
-22
-18
-20
-22
-23
-23
-21
-15
-10
-8
-6
-4
-4
-8
-6
-4
-9
-8
3
5
9
18
6
-2
0
-3
1
2
9
11
16
26
32
41
38
30
27
21
15
10
8
11
17
17
18
15
9
5
-2
-5
-2
1
4
9
6
0
3
5
4
3
1
4
7
5
3
-1
-6
-8
-6
-3
0
3
11
19
27
32
31
29
31
36
34
30
27
22
20
20
25
26
30
31
27
24
19
23
28
24
30
33
32
35
24
20
22
14
7
4
5
8
0
-4
-2
-2
-5
-12
-12
-12
-10
-7
-6
-7
-10
-15
-18
-30
-42
-42
-43
-38
-33
-28
-26
-29
-30
-28
-30
-32
-35
-41
-36
-37
-36
-31
-29
-29
-27
-21
-12
-5
-1
1
6
7
8
11
18
19
20
18
11
12
13
17
17
17
13
9
8
4
-1
-3
-2
-6
-7
-3
-6
-12
-13
-22
-31
-33
-36
-25
-11
-13
-17
-12
-16
-20
-21
-20
-23
-21
-16
-10
-3
-6
-6
-5
-2
-6
-3
4
2
7
6
6
8
15
15
11
9
7
9
7
19
29
26
22
19
20
14
8
8
4
3
-4
-3
-9
-12
-5
-5
-4
-3
-3
3
7
6
-1
0
5
5
1
-7
-2
-1
-1
4
0
6
11
12
14
12
14
21
30
33
25
26
32
32
40
41
38
35
40
38
29
26
28
35
36
35
31
30
23
21
24
20
18
20
19
18
14
10
8
12
10
3
2
-7
-8
-13
-23
-28
-31
-32
-31
-33
-33
-28
-30
-27
-26
-27
-27
-31
-30
-26
-24
-21
-19
-18
-15
-17
-16
-19
-28
-25
-27
-28
-24
-20
-11
-12
-17
-16
-18
-21
-25
-29
-26
-19
-20
-19
-18
-31
-33
-36
-35
-37
-38
-39
-38
-26
-18
-19
-16
-19
-17
-14
-12
-12
-11
-4
-8
-16
-13
-13
-17
-13
-15
-12
-2
3
7
10
8
7
7
13
15
14
18
18
20
24
27
22
19
22
21
22
33
27
30
33
34
39
38
45
48
48
56
59
65
69
69
64
58
51
46
44
47
38
28
29
24
19
16
12
10
5
-4
-6
-6
-9
-14
-16
-16
-15
-19
-15
-11
-11
0
5
4
4
-6
-10
-9
-5
3
-1
4
7
6
4
4
0
-7
-10
-14
-15
-13
-13
-16
-14
-11
-9
-2
-7
-13
-16
-21
-22
-21
-17
-7
-8
-7
-4
-10
-9
-10
-15
-8
-11
-13
-8
-9
-10
-14
-23
-27
-28
-30
-34
-37
-37
-33
-29
-33
-37
-28
-21
-24
-26
-29
-27
-26
-24
-20
-27
-22
-22
-20
-24
-32
-26
-18
-14
-12
-9
-14
-8
-2
4
5
5
14
14
9
10
9
12
12
6
7
8
11
12
12
8
0
4
1
5
12
10
9
5
6
7
2
-1
4
11
13
25
29
27
29
23
23
20
21
24
32
35
41
50
45
48
45
44
35
33
31
31
38
33
34
28
23
23
22
19
16
17
18
20
24
15
10
6
-3
-2
0
-8
-18
-6
1
0
-5
-10
-11
-15
-12
-13
-17
-21
-21
-18
-11
-8
-10
-10
-6
-1
4
1
-5
-8
-12
-15
-17
-18
-18
-14
-10
-3
-1
-2
-2
-5
-3
-5
-13
-18
-21
-18
-9
-10
-10
-10
-17
-16
-15
-18
-20
-17
-13
-6
2
-3
-7
-11
-9
-8
-7
-10
-12
-19
-14
-9
-12
-16
-26
-18
-14
-11
-17
-24
-26
-23
-16
-11
-13
-14
-16
-17
-16
-18
-16
-25
-23
-12
-11
-6
-4
-9
-2
0
-4
-19
-24
-15
-13
-16
-20
-6
-2
-17
-20
-9
-6
-10
-13
-5
5
5
7
13
11
15
20
17
18
19
23
24
27
35
35
33
39
46
49
41
32
32
42
45
37
33
33
36
32
26
34
40
28
24
24
26
24
20
21
23
33
31
25
28
32
25
16
13
12
14
17
13
14
17
22
20
7
9
5
4
6
3
5
-2
-7
-4
4
-1
-11
-12
-9
-14
-28
-18
-14
-13
-24
-34
-28
-24
-24
-28
-23
-19
-12
-15
-17
-24
-36
-48
-43
-34
-29
-21
-23
-21
-16
-14
-15
-22
-19
-17
-20
-15
-17
-24
-34
-41
-41
-42
-46
-49
-49
-44
-44
-39
-33
-36
-31
-29
-25
-17
-16
-18
-21
-14
-3
1
1
0
-2
13
25
20
21
18
18
24
22
24
20
9
7
15
15
11
1
-7
3
13
20
19
13
12
12
10
11
16
11
15
20
15
13
5
1
2
4
9
11
9
15
26
24
26
21
25
25
20
22
28
28
30
36
36
35
34
31
22
21
25
29
32
35
33
31
38
36
38
29
21
22
20
8
-2
-1
3
5
2
-4
-10
-13
-19
-25
-22
-15
-15
-15
-17
-17
-9
-5
-11
-13
-16
-18
-18
-20
-20
-18
-25
-28
-29
-19
-14
-18
-22
-24
-23
-23
-23
-18
-19
-28
-31
-22
-21
-29
-31
-29
-16
-11
-8
-9
-5
5
6
11
12
6
0
-2
-2
-11
-8
-6
-4
2
1
1
2
5
2
-4
2
10
13
1
-13
-13
-8
0
-2
-10
-9
-2
7
17
19
15
9
-1
4
4
-3
-10
-24
-15
-7
-6
-3
-7
-5
-4
-3
-4
5
9
5
2
3
5
3
1
8
11
13
17
20
23
20
10
11
6
-4
-7
-10
-3
4
7
2
-10
-7
-9
-22
-32
-38
-35
-36
-46
-44
-33
-31
-28
-21
-19
-13
-17
-13
-5
-5
0
9
16
16
15
13
17
25
35
31
24
25
26
33
35
37
35
36
37
41
46
43
35
29
34
33
30
24
10
16
25
32
28
27
33
37
42
40
33
32
33
28
31
30
23
27
36
37
31
19
9
6
12
15
3
-9
-19
-28
-28
-19
-24
-34
-38
-36
-25
-21
-24
-37
-43
-39
-38
-34
-38
-38
-37
-45
-45
-41
-29
-24
-28
-30
-31
-28
-22
-26
-32
-31
-36
-26
-16
-17
-30
-37
-36
-36
-36
-37
-40
-50
-45
-41
-36
-39
-41
-45
-59
-51
-40
-34
-31
-36
-35
-28
-22
-13
-13
-15
-11
-4
8
21
27
16
11
10
17
24
28
23
21
24
23
26
30
37
30
28
30
31
26
24
31
28
33
34
40
42
39
36
28
31
32
28
30
37
44
45
43
46
48
47
49
49
52
56
62
62
53
48
41
36
33
25
21
21
28
32
32
27
26
19
23
16
5
4
11
14
5
1
-6
-7
-16
-13
-10
-9
-5
-18
-17
-13
-17
-16
-15
-8
-4
-6
-15
-17
-25
-32
-37
-38
-36
-45
-45
-52
-47
-49
-50
-46
-44
-38
-36
-28
-29
-31
-31
-49
-55
-56
-56
-51
-52
-53
-52
-46
-51
-47
-38
-34
-37
-38
-34
-24
-23
-16
-17
-22
-14
-22
-22
-14
-19
-32
-33
-25
-21
-19
-18
-20
-24
-12
-3
4
7
8
8
7
16
20
20
10
7
2
9
17
11
8
4
4
15
22
23
25
19
15
19
34
36
40
46
49
64
70
71
76
75
76
84
92
95
92
93
98
101
105
103
101
89
85
88
80
67
56
47
44
42
30
27
20
13
5
-7
-3
-9
-7
-13
-16
-11
-12
-11
-10
-10
-13
-6
-1
15
27
23
25
29
33
41
38
33
29
27
18
13
7
-1
-14
-36
-48
-59
-77
-102
-135
-160
-177
-204
-231
-261
-284
-313
-340
-353
-370
-382
-400
-411
-412
-413
-405
-401
-394
-375
-356
-336
-311
-275
-233
-191
-135
-85
-33
18
69
117
175
229
275
325
372
418
454
491
519
548
576
597
617
632
637
632
625
617
599
567
540
517
497
463
428
389
348
318
292
263
245
212
170
144
112
76
40
-1
-26
-43
-74
-102
-131
-158
-181
-212
-245
-262
-275
-288
-294
-306
-305
-305
-310
-330
-345
-363
-388
-405
-432
-444
-434
-420
-433
-477
-513
-521
-519
-532
-564
-594
-597
-581
-581
-604
-620
-637
-654
-661
-643
-599
-542
-511
-498
-451
-380
-311
-276
-249
-198
-125
-27
72
155
231
284
336
408
484
557
597
619
655
703
745
767
767
745
725
710
713
721
711
677
644
628
618
597
565
537
523
519
504
494
509
510
492
474
464
471
454
409
379
355
318
282
248
226
197
163
142
106
67
16
-25
-62
-85
-122
-170
-220
-268
-299
-345
-377
-416
-449
-477
-502
-507
-503
-505
-508
-520
-522
-517
-517
-522
-524
-516
-504
-483
-464
-434
-419
-399
-365
-319
-284
-286
-313
-322
-316
-305
-301
-322
-324
-314
-319
-342
-362
-388
-415
-422
-452
-462
-448
-454
-480
-505
-517
-510
-504
-518
-521
-485
-427
-366
-302
-232
-157
-88
-13
65
159
260
347
414
488
578
669
751
795
824
855
888
919
944
952
936
923
913
904
887
845
783
713
646
593
557
516
470
425
388
363
347
324
297
271
253
247
241
244
220
203
184
167
154
168
173
167
159
116
120
86
59
12
-32
-30
-76
-85
-178
-216
-256
-293
-313
-367
-379
-410
-375
-436
-436
-466
-490
-465
-527
-496
-494
-483
-449
-446
-422
-394
-395
-372
-356
-354
-333
-318
-325
-310
-307
-289
-268
-253
-216
-207
-169
-197
-188
-193
-216
-204
-227
-221
-233
-241
-242
-261
-279
-304
-339
-344
-364
-382
-382
-404
-421
-442
-473
-481
-498
-510
-503
-491
-442
-405
-356
-300
-244
-169
-101
-13
77
163
256
345
427
507
581
654
708
756
806
848
892
925
944
965
976
983
984
966
937
894
852
804
752
698
638
579
533
466
428
389
351
331
294
260
224
211
179
231
175
162
159
109
141
85
18
43
48
20
61
-47
-17
-10
-86
-95
-173
-260
-173
-274
-317
-277
-427
-303
-380
-445
-434
-492
-509
-470
-520
-520
-440
-509
-440
-468
-517
-458
-488
-445
-401
-388
-374
-376
-365
-393
-340
-365
-334
-301
-348
-279
-287
-281
-236
-222
-217
-197
-199
-203
-183
-208
-193
-195
-189
-180
-191
-165
-176
-163
-188
-206
-184
-216
-196
-231
-250
-251
-286
-294
-314
-331
-331
-338
-332
-302
-279
-225
-193
-157
-100
-62
8
78
133
233
307
376
455
508
576
634
686
755
809
868
910
933
958
952
941
929
892
874
849
808
794
757
717
684
631
610
583
531
544
499
402
412
322
240
268
130
198
206
127
160
127
49
67
53
-33
37
-38
-53
-69
-152
-172
-216
-275
-290
-314
-369
-371
-362
-429
-394
-425
-497
-390
-493
-495
-425
-537
-505
-509
-556
-521
-472
-548
-511
-523
-586
-510
-510
-515
-507
-493
-514
-476
-470
-492
-433
-460
-458
-416
-439
-398
-377
-360
-317
-314
-279
-274
-256
-222
-209
-181
-154
-140
-118
-99
-115
-115
-132
-120
-121
-137
-128
-134
-124
-145
-159
-162
-153
-134
-124
-90
-62
-27
15
55
100
141
195
249
314
376
454
518
591
657
714
778
808
828
839
828
840
869
841
878
852
820
825
751
720
680
623
649
595
529
496
479
401
382
323
278
238
209
242
176
235
190
231
166
161
87
97
55
58
64
-46
97
-104
-11
-140
-95
-134
-191
-118
-260
-154
-299
-266
-297
-389
-343
-400
-435
-424
-477
-489
-490
-507
-576
-465
-569
-493
-493
-622
-447
-646
-545
-545
-569
-480
-530
-506
-542
-511
-529
-497
-498
-479
-419
-395
-373
-345
-350
-346
-314
-320
-332
-242
-267
-201
-178
-206
-118
-162
-112
-120
-133
-90
-118
-96
-112
-152
-131
-191
-205
-211
-240
-213
-212
-187
-168
-133
-86
-57
-13
49
79
165
231
283
384
435
533
584
621
680
686
725
751
768
816
841
860
869
840
831
801
824
784
795
749
692
698
539
583
469
518
402
412
392
299
391
212
378
211
306
236
276
268
161
183
73
185
101
152
27
94
38
29
4
-47
-89
-22
-95
-105
-149
-270
-78
-315
-211
-315
-374
-285
-367
-447
-357
-499
-484
-438
-586
-480
-577
-576
-548
-580
-582
-566
-611
-537
-660
-555
-634
-645
-587
-677
-541
-617
-583
-557
-549
-472
-438
-436
-383
-397
-351
-337
-330
-323
-265
-215
-193
-173
-158
-126
-73
-36
-87
-16
-53
-26
-29
-102
-94
-134
-159
-195
-236
-241
-230
-224
-221
-220
-153
-137
-84
-50
-18
59
129
210
290
383
447
535
542
620
673
708
794
808
838
837
902
883
917
926
891
908
854
818
784
705
642
710
606
543
591
394
555
431
330
473
234
438
290
300
265
260
211
283
209
106
265
44
220
100
166
63
103
-12
12
-66
-110
-82
-173
-140
-255
-121
-381
-116
-405
-275
-332
-498
-332
-569
-405
-496
-483
-570
-477
-691
-583
-659
-674
-571
-667
-559
-699
-683
-746
-739
-696
-725
-676
-685
-728
-578
-707
-600
-487
-546
-314
-393
-341
-277
-320
-241
-231
-186
-107
-22
-1
35
47
103
83
139
84
49
125
48
81
10
-49
-43
-137
-184
-216
-251
-238
-226
-241
-207
-193
-116
-102
-79
-6
26
146
181
230
289
343
437
521
570
645
716
691
805
720
796
826
854
915
895
886
819
804
651
644
490
476
513
451
476
521
411
433
354
276
289
268
251
358
253
197
359
182
261
142
134
83
151
117
170
163
138
239
51
61
-61
-80
-138
-74
-155
-119
-99
-264
-189
-312
-319
-351
-287
-324
-407
-302
-489
-407
-428
-580
-472
-527
-584
-472
-505
-583
-485
-594
-574
-536
-621
-517
-650
-557
-590
-620
-565
-618
-512
-549
-429
-408
-320
-234
-311
-220
-297
-221
-174
-191
-96
-67
13
34
47
-33
43
18
-13
6
-43
12
-15
-37
-120
-186
-220
-300
-325
-394
-378
-347
-326
-329
-286
-246
-165
-133
-127
-70
-22
58
119
161
276
378
472
594
537
715
628
751
667
709
841
776
924
797
936
691
855
530
646
566
526
726
426
796
414
666
433
425
420
296
541
405
516
304
480
260
512
342
343
485
234
553
246
324
274
171
344
176
186
156
51
73
49
-117
-107
-151
-243
-128
-396
-238
-264
-453
-323
-570
-525
-488
-563
-610
-493
-709
-542
-613
-781
-636
-775
-751
-625
-732
-729
-609
-752
-690
-764
-796
-683
-700
-716
-579
-704
-579
-568
-533
-467
-360
-315
-366
-237
-324
-216
-195
-183
-108
-22
1
6
18
-52
85
14
-7
-21
-47
2
-60
-64
-132
-160
-177
-257
-289
-338
-293
-260
-289
-224
-195
-105
-46
-32
13
83
166
262
294
429
509
587
636
724
767
783
798
839
827
911
979
966
1074
950
996
859
776
864
807
709
844
716
699
697
519
661
473
533
555
415
429
441
280
473
324
305
406
281
387
188
224
213
77
116
5
13
62
-81
41
-131
-131
-172
-187
-448
-165
-427
-320
-294
-582
-198
-788
-342
-726
-579
-548
-712
-582
-858
-466
-771
-655
-767
-769
-791
-733
-786
-765
-744
-767
-628
-797
-797
-718
-810
-621
-706
-703
-553
-678
-373
-579
-359
-334
-351
-98
-275
-82
-124
-136
1
-125
-6
92
63
95
66
48
132
37
41
27
-40
144
-4
22
-14
-156
-89
-267
-256
-242
-222
-107
-151
-140
-39
-18
117
108
168
245
268
361
416
555
589
752
751
765
851
817
870
904
836
971
953
859
1000
802
861
834
684
734
644
547
704
581
506
688
406
590
398
227
374
218
410
235
375
285
281
306
202
319
134
282
86
278
38
106
32
-9
170
-140
-20
-166
-152
-221
-177
-350
-238
-276
-396
-375
-394
-599
-489
-549
-718
-400
-770
-555
-697
-735
-684
-696
-830
-732
-701
-798
-586
-864
-665
-740
-647
-710
-622
-747
-718
-556
-764
-549
-558
-497
-469
-358
-498
-302
-281
-267
-36
-178
-11
-61
-39
8
-32
-5
39
122
38
72
17
57
145
54
57
5
6
-1
-36
-151
-182
-151
-307
-194
-322
-309
-190
-267
-152
-198
-62
5
86
104
87
180
220
423
385
554
582
632
706
679
775
779
943
891
943
923
948
969
888
893
841
894
760
805
708
661
749
587
670
584
618
530
535
427
444
440
441
524
298
439
261
289
344
229
323
199
252
114
59
22
20
-26
-32
-126
-191
-86
-348
-200
-364
-466
-222
-517
-434
-519
-629
-551
-635
-685
-757
-602
-756
-577
-781
-791
-728
-792
-658
-792
-573
-800
-591
-743
-816
-717
-818
-685
-698
-600
-702
-550
-626
-544
-507
-575
-426
-462
-378
-184
-193
-101
-113
-163
-109
-112
-138
-63
83
44
173
-6
-18
110
81
70
5
-59
-21
31
-56
-110
-158
-230
-278
-351
-411
-307
-221
-194
-190
-188
-98
5
26
50
121
200
319
406
473
579
691
747
818
835
901
964
977
956
972
974
1031
1048
1002
988
915
848
741
731
660
732
630
615
563
538
526
488
429
317
383
234
326
221
287
334
285
349
274
195
195
186
148
268
174
185
168
23
52
-116
-164
-121
-163
-146
-218
-278
-302
-376
-369
-527
-534
-575
-536
-638
-634
-657
-706
-679
-692
-704
-706
-671
-733
-763
-781
-722
-698
-714
-742
-726
-718
-687
-718
-673
-685
-583
-585
-586
-449
-440
-206
-110
-129
-215
-255
-233
-133
-153
-121
57
133
158
3
-191
-225
-50
-80
-146
-178
-187
-92
-138
-272
-459
-523
-573
-722
-778
-771
-546
-442
-426
-494
-505
-357
-255
-173
-184
20
180
392
532
606
773
857
923
896
963
1142
1283
1307
1350
1361
1415
1432
1375
1291
1236
1223
1125
1059
1026
1032
942
821
638
562
467
437
325
274
278
321
328
231
309
241
237
158
122
165
203
295
305
274
269
202
82
75
74
32
53
25
34
56
-79
-128
-316
-379
-452
-590
-615
-628
-662
-660
-704
-750
-774
-931
-983
-1023
-1084
-979
-880
-883
-786
-756
-757
-776
-815
-863
-841
-804
-672
-560
-478
-403
-352
-204
-141
-149
-261
-297
-148
-92
-27
111
287
367
143
-232
-385
-269
-133
-136
-315
-333
-194
-233
-450
-762
-981
-1049
-1142
-1257
-1222
-991
-743
-707
-925
-1092
-962
-724
-521
-417
-228
116
447
599
635
768
924
1066
1104
1202
1531
1835
2000
1977
1855
1887
1892
1812
1741
1696
1690
1622
1457
1315
1206
1107
900
639
445
367
369
271
203
123
80
-25
-147
-185
-155
-67
-83
-17
58
120
152
65
41
63
115
231
298
355
337
246
146
106
100
52
55
-64
-47
-99
-228
-296
-457
-464
-581
-614
-713
-721
-783
-904
-964
-1088
-1023
-1021
-993
-1022
-1048
-1001
-936
-878
-848
-759
-706
-597
-306
0
162
-1
-207
-277
-123
-60
-57
166
404
442
9
-516
-634
-332
-169
-325
-582
-683
-557
-649
-1041
-1437
-1612
-1643
-1754
-1896
-1811
-1472
-1187
-1273
-1665
-1803
-1479
-1023
-710
-572
-304
144
429
508
594
847
1214
1431
1525
1758
2196
2568
2573
2336
2180
2193
2278
2333
2306
2342
2307
2035
1679
1389
1273
1178
959
723
614
603
523
283
2
-170
-261
-328
-321
-222
-58
-60
-176
-261
-210
-61
-27
7
70
243
377
430
388
387
350
271
266
335
469
505
450
272
81
-62
-146
-203
-282
-366
-449
-553
-649
-765
-879
-1042
-1130
-1121
-1078
-1053
-1035
-1008
-926
-861
-874
-794
-405
22
27
-328
-562
-319
24
76
-48
112
413
297
-428
-1054
-839
-163
55
-416
-1017
-1178
-1065
-1311
-1899
-2305
-2219
-1977
-2143
-2514
-2559
-2180
-1959
-2280
-2728
-2545
-1695
-899
-736
-892
-693
-224
66
148
463
1130
1797
1983
1885
2002
2437
2755
2614
2376
2486
2844
3056
2902
2662
2530
2318
1974
1597
1508
1698
1677
1324
830
553
478
336
81
-39
23
96
34
-135
-138
-105
-153
-252
-154
167
430
502
431
415
422
468
539
676
855
902
833
733
697
667
552
364
261
241
235
105
-62
-252
-466
-693
-856
-894
-922
-916
-997
-1066
-1178
-1209
-1044
-884
-733
-474
-32
187
-141
-651
-653
-159
221
211
213
452
381
-417
-1353
-1368
-434
310
-19
-971
-1581
-1618
-1755
-2320
-2793
-2703
-2326
-2422
-3036
-3495
-3363
-2959
-3011
-3401
-3328
-2434
-1375
-1096
-1486
-1628
-1119
-462
-61
346
1146
1948
2167
1825
1608
2038
2720
3028
2955
2910
3108
3197
2871
2442
2279
2343
2267
1960
1671
1681
1624
1209
579
157
265
450
364
104
-22
-22
-107
-304
-291
36
304
331
204
313
554
705
689
710
902
1098
1205
1220
1214
1144
1098
1014
1012
1075
1032
862
546
293
172
123
72
-52
-271
-553
-829
-999
-983
-893
-922
-1084
-1225
-1107
-872
-627
-277
142
154
-433
-914
-597
295
841
741
514
417
-4
-913
-1345
-570
712
1047
-65
-1483
-2023
-1794
-1689
-2038
-2365
-2286
-2321
-2921
-3752
-4035
-3567
-3064
-3123
-3422
-3215
-2439
-1847
-2047
-2503
-2248
-1230
-253
158
354
742
1165
1247
1184
1535
2419
3169
3110
2578
2348
2639
2936
2785
2495
2429
2449
2187
1655
1299
1318
1369
1063
528
222
290
236
-149
-523
-482
-171
-106
-319
-416
-238
-123
-208
-147
251
769
932
754
639
801
1051
1184
1263
1475
1690
1615
1325
1076
1088
1168
1086
869
723
708
607
262
-180
-408
-418
-504
-672
-748
-675
-784
-1145
-1440
-1272
-782
-377
16
317
221
-513
-1104
-734
374
1200
1250
900
417
-307
-1180
-1243
-87
1336
1522
123
-1531
-2213
-1936
-1527
-1491
-1621
-1776
-2229
-3098
-3923
-3943
-3241
-2606
-2624
-3000
-3034
-2586
-2205
-2259
-2336
-1809
-751
28
229
202
402
766
1052
1314
1887
2695
3137
2773
2015
1807
2274
2856
2898
2547
2219
1938
1528
1008
873
1151
1330
955
197
-356
-388
-350
-497
-664
-539
-255
-319
-677
-880
-647
-291
-106
85
482
822
825
606
536
831
1259
1585
1718
1739
1661
1455
1264
1234
1368
1501
1389
1025
669
458
334
144
-77
-229
-334
-505
-773
-1003
-1084
-1122
-1266
-1416
-1280
-808
-274
25
0
-348
-820
-917
-326
661
1264
1225
777
231
-462
-1028
-760
592
1845
1591
-58
-1706
-2107
-1511
-936
-872
-1135
-1537
-2300
-3356
-4065
-3723
-2708
-2071
-2384
-3113
-3315
-2889
-2401
-2209
-2049
-1457
-648
-194
-242
-259
201
897
1390
1632
2030
2640
2896
2479
1957
2099
2870
3434
3258
2670
2177
1850
1498
1212
1322
1680
1667
917
-156
-800
-739
-456
-383
-515
-595
-713
-1104
-1552
-1567
-990
-363
-181
-280
-237
-32
63
100
357
913
1478
1660
1560
1444
1467
1580
1675
1837
2041
2101
1858
1336
857
703
764
798
663
359
-47
-545
-977
-1131
-1006
-871
-1023
-1426
-1736
-1684
-1403
-1045
-601
-81
-63
-807
-1569
-1206
229
1342
1321
686
285
-69
-720
-1014
62
1864
2410
847
-1410
-2301
-1525
-489
-336
-870
-1417
-1975
-2884
-3828
-3921
-2924
-1863
-1903
-2888
-3654
-3367
-2501
-2050
-2106
-1875
-978
-131
-148
-584
-407
561
1430
1650
1771
2370
2971
2707
1931
1767
2638
3652
3718
2959
2235
2006
1905
1624
1482
1795
2061
1512
219
-784
-700
-105
53
-332
-656
-705
-943
-1476
-1676
-1157
-385
-120
-415
-601
-366
-36
99
188
570
1108
1399
1315
1162
1238
1502
1683
1689
1696
1783
1741
1378
928
725
819
881
678
302
-74
-412
-728
-983
-1034
-916
-929
-1214
-1615
-1678
-1361
-955
-581
-257
-211
-704
-1294
-1124
-66
922
1101
720
244
-323
-993
-1010
162
1673
1932
488
-1360
-2078
-1567
-786
-535
-790
-1263
-2027
-3057
-3825
-3653
-2664
-1829
-1981
-2814
-3376
-3143
-2465
-2013
-1783
-1371
-664
-220
-311
-425
49
953
1600
1811
1987
2413
2693
2488
2167
2348
2992
3458
3297
2735
2251
2006
1854
1686
1646
1764
1690
1078
119
-538
-493
-119
5
-261
-605
-852
-1109
-1321
-1225
-707
-198
-150
-394
-474
-232
149
438
664
888
1062
1145
1205
1356
1502
1575
1541
1482
1443
1410
1314
1120
901
666
430
194
67
-28
-269
-657
-1033
-1222
-1231
-1243
-1411
-1624
-1671
-1449
-1155
-902
-569
-245
-364
-983
-1303
-520
788
1380
972
334
-30
-422
-844
-434
987
2120
1537
-457
-2029
-2011
-988
-317
-547
-1201
-1860
-2635
-3513
-3909
-3310
-2210
-1766
-2425
-3448
-3709
-3007
-2092
-1642
-1504
-1139
-573
-312
-394
-216
559
1486
1957
2022
2177
2509
2660
2523
2433
2739
3229
3439
3168
2622
2129
1814
1669
1671
1793
1794
1391
550
-349
-742
-501
-52
89
-198
-676
-1108
-1378
-1314
-841
-216
146
53
-181
-222
14
405
830
1195
1387
1446
1468
1508
1571
1650
1734
1760
1713
1631
1476
1198
852
532
378
325
190
-88
-429
-768
-1105
-1410
-1524
-1410
-1311
-1453
-1783
-1872
-1589
-1204
-848
-431
-85
-308
-982
-1125
-183
1003
1287
780
374
191
-297
-836
-459
919
1859
1055
-891
-2199
-1983
-1115
-807
-1224
-1796
-2265
-2944
-3797
-4175
-3558
-2499
-2151
-2799
-3599
-3588
-2773
-1991
-1740
-1604
-1005
-206
91
-58
125
998
1883
2188
2184
2482
2989
3076
2697
2473
2822
3360
3454
2948
2339
1999
1801
1540
1288
1282
1368
1025
120
-772
-980
-618
-332
-422
-626
-766
-967
-1237
-1241
-693
53
404
313
185
350
692
1014
1340
1677
1962
2068
2023
2007
2071
2141
2131
2006
1844
1710
1553
1235
773
436
257
110
-148
-452
-758
-1137
-1526
-1749
-1680
-1523
-1532
-1740
-1920
-1930
-1691
-1334
-800
-70
400
17
-830
-990
57
1296
1603
1188
920
732
-71
-1076
-893
704
2002
1415
-651
-2298
-2476
-1809
-1529
-1851
-2163
-2309
-2898
-4067
-4905
-4473
-3212
-2487
-2818
-3478
-3439
-2756
-2174
-2100
-1913
-996
222
779
544
447
1091
1984
2379
2427
2823
3543
3740
3107
2398
2440
3052
3351
2911
2193
1744
1499
1030
420
220
502
564
-167
-1217
-1651
-1356
-1038
-1100
-1223
-1051
-875
-995
-1137
-783
-3
610
751
760
1051
1560
1949
2062
2166
2418
2710
2839
2790
2745
2708
2536
2190
1830
1685
1610
1342
830
312
-45
-330
-661
-959
-1147
-1331
-1634
-1924
-1963
-1859
-1869
-2005
-1908
-1422
-809
-267
247
508
171
-477
-429
703
1990
2319
1780
1170
656
-178
-933
-525
1051
2090
1170
-1115
-2803
-2923
-2305
-2104
-2468
-2824
-3120
-3832
-4899
-5521
-5015
-3909
-3293
-3504
-3845
-3514
-2672
-2037
-1959
-1842
-1016
281
1217
1487
1623
2005
2454
2695
2954
3577
4273
4398
3772
2923
2473
2577
2835
2745
2165
1302
441
-227
-542
-505
-415
-620
-1234
-1986
-2407
-2327
-1923
-1552
-1362
-1297
-1228
-1001
-619
-98
472
973
1375
1773
2188
2531
2811
3007
3133
3182
3233
3384
3444
3236
2792
2334
2002
1697
1386
998
525
33
-382
-736
-1055
-1330
-1575
-1779
-1952
-2076
-2121
-1995
-1750
-1550
-1393
-1104
-493
436
1291
1513
985
412
636
1614
2494
2780
2697
2364
1295
-495
-1642
-879
1012
1821
465
-1863
-3356
-3649
-3610
-3783
-3903
-3749
-3864
-4771
-5915
-6156
-5233
-4216
-4020
-4257
-3868
-2623
-1378
-921
-1010
-837
-24
1041
1933
2722
3466
3956
3873
3422
3248
3740
4540
4795
4032
2767
1971
1846
1665
962
154
-388
-957
-1847
-2624
-2641
-2116
-1938
-2520
-3137
-3041
-2367
-1799
-1593
-1315
-671
13
336
551
1129
2031
2656
2831
3059
3635
4191
4206
3841
3580
3606
3657
3426
2954
2500
2110
1528
760
137
-148
-426
-963
-1599
-1922
-1909
-1907
-2107
-2274
-2175
-1965
-1819
-1660
-1335
-823
-153
650
1637
2616
3010
2507
1631
1434
2262
3399
4050
4068
3528
2108
-158
-2075
-2111
-523
735
107
-1970
-3814
-4642
-5028
-5581
-6063
-5875
-5301
-5178
-5674
-5959
-5435
-4694
-4478
-4485
-3724
-1855
203
1299
1277
1020
1320
2174
3052
3763
4456
5085
5291
4789
3955
3469
3432
3251
2504
1531
991
863
400
-817
-2273
-3234
-3625
-3807
-3895
-3688
-3279
-3103
-3368
-3585
-3090
-1942
-771
-74
361
969
1701
2219
2480
2845
3447
3950
4090
4102
4315
4611
4494
3786
2909
2359
2235
2101
1636
979
348
-276
-1008
-1667
-1940
-1892
-1827
-1968
-2186
-2176
-1929
-1649
-1367
-1027
-628
-198
228
548
859
1416
2348
3594
4703
4944
4039
2743
2077
2344
2931
3256
3294
2881
1295
-1512
-3986
-4361
-2969
-1887
-2504
-4078
-5011
-5053
-5274
-6140
-7023
-7087
-6377
-5582
-4893
-3886
-2593
-1840
-2084
-2572
-2037
-55
2360
3880
4133
3878
3932
4261
4399
4222
4041
4029
3887
3407
2860
2560
2175
1039
-786
-2395
-2969
-2606
-2164
-2262
-2859
-3591
-4235
-4708
-4751
-4071
-2849
-1721
-1105
-700
47
1011
1593
1682
1828
2571
3664
4425
4631
4500
4225
3717
3065
2592
2502
2593
2341
1560
618
-28
-380
-808
-1458
-1974
-2098
-1932
-1761
-1686
-1605
-1545
-1540
-1514
-1206
-490
372
1039
1409
1542
1630
1744
1840
1974
2142
2368
2643
3126
3887
4466
4079
2638
1164
540
606
599
467
462
245
-1136
-3625
-5528
-5436
-4068
-3364
-3988
-4812
-4564
-3640
-3350
-4090
-5010
-5166
-4600
-3860
-3016
-1715
-226
655
579
126
320
1431
2730
3323
3222
3152
3550
4082
4085
3370
2348
1475
858
442
282
381
367
-224
-1413
-2577
-3035
-2791
-2499
-2620
-2858
-2729
-2224
-1703
-1306
-879
-429
-161
-27
443
1500
2682
3285
3204
2955
2958
3123
3118
2905
2626
2282
1805
1274
895
775
648
162
-625
-1315
-1580
-1547
-1528
-1583
-1549
-1297
-978
-808
-748
-634
-363
-49
282
711
1288
1791
1970
1882
1824
1927
1984
1764
1339
1080
1003
1038
1141
1454
2075
2582
2287
1180
91
-340
-309
-421
-625
-596
-524
-1243
-2827
-4027
-3870
-2926
-2577
-3291
-4082
-3719
-2602
-1994
-2408
-3239
-3627
-3548
-3388
-3159
-2387
-1063
146
697
779
1033
1711
2331
2315
1817
1619
2195
3089
3439
2953
2127
1475
1026
493
-93
-472
-677
-987
-1500
-1861
-1696
-1187
-958
-1345
-1998
-2304
-2042
-1449
-770
-68
626
1134
1352
1447
1699
2096
2361
2338
2236
2371
2725
2913
2658
2081
1445
907
443
35
-280
-480
-658
-883
-1083
-1123
-1043
-1022
-1146
-1251
-1113
-750
-383
-152
69
423
835
1225
1495
1651
1692
1589
1410
1366
1466
1555
1488
1191
814
460
165
-70
-78
365
1156
1664
1474
788
183
-100
-352
-705
-940
-951
-1137
-1893
-2790
-2960
-2344
-1802
-2073
-2887
-3189
-2651
-1994
-1940
-2425
-2878
-3005
-2960
-2813
-2388
-1615
-761
-132
233
547
1040
1599
1902
1828
1629
1610
1848
2067
1982
1608
1158
809
532
221
-162
-531
-897
-1291
-1648
-1783
-1533
-1034
-608
-450
-428
-365
-177
68
302
541
872
1247
1493
1616
1750
2010
2308
2408
2209
1908
1660
1442
1175
853
571
402
252
-26
-431
-797
-998
-1078
-1120
-1064
-799
-398
-106
7
140
396
695
877
915
954
1051
1174
1290
1354
1362
1302
1162
906
630
423
274
81
-317
-837
-1273
-1441
-1392
-1270
-1116
-895
-474
90
482
541
458
503
679
691
456
217
130
-68
-602
-1210
-1323
-877
-480
-700
-1301
-1588
-1396
-1223
-1516
-2164
-2670
-2804
-2784
-2791
-2719
-2451
-2091
-1778
-1497
-1017
-262
523
946
907
672
556
633
748
767
752
841
1095
1419
1621
1619
1419
1079
685
340
142
159
297
401
383
339
422
615
740
667
420
136
-13
-12
33
39
40
111
231
350
474
649
854
968
888
704
550
472
463
478
509
597
727
848
903
875
857
883
906
859
778
687
579
449
280
109
9
-37
-157
-350
-550
-702
-811
-926
-1057
-1114
-1102
-1040
-945
-824
-728
-714
-744
-720
-628
-513
-393
-229
22
291
473
579
849
1296
1683
1759
1635
1574
1640
1586
1280
838
417
-130
-918
-1729
-2174
-2092
-1837
-1872
-2279
-2600
-2532
-2241
-2140
-2381
-2704
-2876
-2937
-2909
-2720
-2343
-1889
-1453
-966
-291
573
1438
2091
2433
2467
2285
2094
2025
2023
1901
1609
1322
1235
1307
1335
1167
819
370
-91
-483
-759
-956
-1166
-1382
-1507
-1433
-1128
-669
-209
111
329
563
806
1005
1102
1099
1055
1069
1215
1490
1810
2043
2126
2036
1864
1765
1823
1841
1592
1071
459
-66
-487
-803
-989
-1046
-1060
-1077
-1046
-900
-672
-524
-579
-771
-894
-847
-720
-624
-536
-367
-124
106
245
352
483
623
703
702
682
689
667
551
352
171
94
62
1
-140
-299
-418
-482
-525
-596
-522
-198
215
429
436
430
545
597
438
137
-152
-560
-1240
-1974
-2319
-2135
-1813
-1774
-1979
-1968
-1566
-1029
-725
-747
-962
-1252
-1624
-1945
-2034
-1914
-1733
-1549
-1222
-621
200
926
1358
1542
1601
1594
1517
1320
1012
649
233
-147
-327
-204
149
492
660
717
784
853
846
673
360
19
-229
-267
-60
358
899
1456
1886
2146
2263
2290
2196
1963
1638
1260
865
499
209
59
53
85
126
191
304
400
391
201
-114
-474
-859
-1213
-1447
-1454
-1255
-992
-751
-461
-81
313
625
827
928
943
870
713
523
341
201
114
128
246
378
463
451
308
92
-125
-324
-522
-731
-956
-1127
-1200
-1206
-1172
-1107
-1022
-932
-841
-742
-481
41
618
931
974
959
1133
1389
1520
1495
1431
1146
391
-658
-1515
-1832
-1882
-2128
-2552
-2670
-2313
-1823
-1625
-1763
-1991
-2191
-2492
-2834
-2946
-2775
-2573
-2537
-2487
-2019
-1018
164
1143
1842
2407
2932
3324
3412
3180
2750
2254
1716
1196
842
792
974
1164
1209
1176
1199
1232
1116
754
272
-157
-524
-855
-1119
-1205
-1030
-704
-327
176
846
1494
1926
2055
1921
1604
1197
757
351
29
-220
-383
-409
-250
37
357
623
779
842
800
625
318
-108
-601
-1065
-1401
-1486
-1275
-901
-495
-130
172
437
648
759
750
640
430
151
-108
-284
-384
-439
-442
-357
-175
52
301
497
580
524
315
28
-245
-456
-565
-523
-418
-290
-235
-241
-314
-375
-263
57
397
548
542
580
737
784
653
395
155
-278
-1040
-1873
-2309
-2335
-2393
-2799
-3244
-3184
-2624
-2001
-1662
-1508
-1309
-1133
-1206
-1429
-1488
-1292
-1063
-999
-902
-411
505
1499
2258
2803
3291
3738
3969
3834
3389
2764
2025
1188
330
-385
-809
-984
-1027
-1006
-912
-728
-502
-379
-407
-529
-659
-752
-817
-814
-664
-366
19
494
1095
1817
2531
3095
3402
3482
3347
2972
2348
1577
765
2
-638
-1120
-1374
-1419
-1344
-1240
-1129
-1005
-887
-802
-812
-909
-1077
-1275
-1425
-1477
-1395
-1140
-697
-100
585
1270
1872
2337
2617
2652
2465
2115
1679
1210
724
278
-74
-316
-495
-647
-768
-869
-965
-1058
-1179
-1329
-1527
-1713
-1832
-1892
-1903
-1840
-1641
-1319
-927
-559
-247
-37
229
699
1252
1668
1859
1957
2123
2227
2095
1821
1547
1207
477
-599
-1541
-1952
-2075
-2461
-3191
-3672
-3466
-2806
-2258
-2092
-2005
-1767
-1566
-1590
-1740
-1755
-1517
-1243
-1084
-828
-199
802
1825
2586
3126
3633
4130
4388
4207
3653
2943
2205
1405
547
-193
-668
-894
-1009
-1129
-1176
-1047
-831
-720
-801
-970
-1082
-1134
-1177
-1194
-1079
-774
-350
136
695
1344
2042
2657
3048
3165
3057
2791
2357
1773
1123
521
29
-354
-622
-788
-849
-820
-778
-740
-708
-696
-693
-755
-905
-1077
-1231
-1317
-1313
-1198
-906
-461
3
434
840
1210
1500
1628
1590
1443
1260
1058
809
565
367
215
93
-24
-136
-171
-178
-219
-284
-372
-458
-571
-758
-955
-1106
-1202
-1231
-1189
-1110
-1032
-986
-968
-934
-832
-717
-672
-487
-119
294
567
624
711
988
1181
1133
945
820
643
59
-864
-1553
-1668
-1524
-1700
-2155
-2264
-1725
-926
-518
-611
-683
-508
-320
-380
-680
-900
-878
-792
-714
-496
38
800
1468
1901
2196
2469
2665
2585
2132
1424
705
137
-289
-647
-938
-1140
-1143
-982
-771
-523
-237
15
151
138
32
-30
-47
-82
-91
-3
238
607
1023
1444
1824
2107
2250
2245
2136
1899
1512
1037
546
93
-272
-537
-693
-731
-691
-618
-493
-316
-113
48
104
69
6
-18
24
115
237
388
536
689
871
1052
1207
1305
1310
1194
937
580
212
-138
-462
-757
-1021
-1210
-1330
-1410
-1447
-1460
-1472
-1510
-1557
-1587
-1585
-1512
-1404
-1288
-1145
-979
-797
-608
-416
-192
61
271
396
435
416
344
186
-21
-194
-269
-275
-293
-180
187
692
1056
1100
998
974
989
890
638
376
84
-496
-1338
-2002
-2099
-1780
-1615
-1818
-1908
-1478
-705
-164
-167
-404
-535
-555
-654
-896
-1061
-1006
-841
-656
-344
262
1104
1855
2289
2442
2445
2351
2114
1663
1032
340
-251
-635
-783
-750
-623
-429
-182
80
305
468
555
578
534
440
346
295
334
473
707
1056
1483
1937
2359
2619
2629
2414
2072
1688
1296
873
473
147
-97
-264
-369
-369
-272
-162
-123
-153
-217
-290
-378
-522
-720
-932
-1092
-1126
-1025
-821
-583
-357
-188
-100
-65
-70
-139
-293
-532
-795
-982
-1071
-1081
-1041
-1014
-998
-950
-854
-710
-563
-466
-434
-479
-550
-570
-506
-377
-236
-93
64
221
310
332
281
152
-31
-263
-492
-676
-806
-899
-957
-974
-905
-754
-578
-434
-358
-322
-301
-301
-345
-325
-60
455
983
1288
1416
1577
1814
1931
1836
1670
1508
1087
266
-661
-1163
-1116
-1053
-1401
-1863
-1855
-1262
-584
-356
-490
-590
-546
-537
-694
-876
-860
-665
-404
-76
461
1247
2054
2637
2895
2910
2829
2663
2362
1875
1226
536
-9
-322
-419
-410
-394
-368
-297
-208
-172
-214
-308
-441
-636
-845
-955
-860
-571
-167
278
732
1189
1623
1991
2192
2197
2041
1781
1440
1006
525
87
-241
-457
-629
-777
-864
-877
-894
-980
-1156
-1366
-1548
-1681
-1789
-1879
-1913
-1842
-1645
-1357
-1004
-632
-251
83
324
472
527
506
431
327
232
174
157
185
234
249
220
154
67
-24
-164
-377
-610
-819
-980
-1050
-1018
-922
-767
-582
-382
-154
60
249
420
533
558
513
475
504
563
630
684
760
835
875
870
818
681
460
180
-100
-332
-535
-727
-831
-682
-258
248
559
636
677
791
880
838
711
621
405
-170
-943
-1391
-1197
-764
-703
-1018
-1120
-663
-8
220
-35
-331
-445
-567
-891
-1213
-1247
-1019
-780
-623
-321
298
1038
1597
1861
1894
1846
1753
1588
1339
998
572
161
-139
-250
-214
-119
-44
-50
-138
-289
-428
-515
-598
-746
-969
-1175
-1244
-1132
-874
-523
-138
204
458
668
892
1108
1194
1092
883
701
588
518
463
424
414
389
351
339
381
441
412
249
2
-213
-348
-424
-478
-536
-558
-491
-322
-122
46
165
231
249
226
203
207
202
136
32
-31
-9
75
150
174
134
60
-22
-93
-156
-236
-355
-512
-651
-710
-683
-601
-516
-445
-381
-329
-295
-301
-329
-358
-379
-407
-439
-466
-451
-372
-257
-145
-74
-19
28
50
51
23
-26
-90
-177
-273
-332
-346
-328
-214
81
488
807
923
902
893
933
881
686
484
296
-81
-730
-1353
-1518
-1209
-961
-1126
-1401
-1242
-630
-111
-54
-215
-223
-101
-151
-407
-560
-442
-244
-191
-185
51
570
1112
1481
1653
1692
1621
1448
1202
918
578
170
-207
-433
-484
-447
-379
-254
-63
121
219
266
343
449
489
390
229
163
253
459
704
950
1199
1426
1586
1674
1712
1682
1539
1228
778
292
-128
-441
-689
-907
-1101
-1199
-1162
-1034
-894
-810
-758
-684
-588
-518
-482
-436
-357
-247
-159
-91
21
190
372
501
543
496
379
205
-5
-226
-444
-637
-783
-867
-895
-887
-876
-868
-858
-840
-833
-873
-942
-977
-940
-845
-739
-631
-483
-289
-50
164
324
429
491
507
456
350
217
78
-73
-214
-336
-409
-407
-326
-212
-124
-65
-15
23
19
-40
-141
-233
-300
-323
-313
-281
-205
-65
173
537
949
1307
1547
1679
1781
1857
1852
1725
1507
1215
781
224
-243
-405
-287
-202
-358
-555
-502
-214
2
-67
-278
-408
-487
-687
-995
-1154
-1027
-797
-703
-668
-445
47
611
1035
1299
1476
1557
1444
1163
859
600
313
-39
-378
-570
-589
-539
-499
-476
-447
-442
-458
-452
-433
-443
-544
-710
-823
-820
-711
-549
-354
-121
141
395
616
810
984
1083
1031
837
572
348
189
36
-124
-261
-324
-307
-256
-176
-82
4
44
20
-34
-92
-153
-225
-319
-403
-456
-477
-466
-427
-326
-195
-85
-15
14
14
-18
-92
-186
-276
-359
-428
-466
-440
-358
-246
-133
-24
79
163
239
316
399
463
489
483
472
463
447
415
376
359
360
359
321
261
210
162
111
51
-14
-68
-113
-130
-112
-61
-16
-4
-7
-18
-36
-59
-93
-109
-101
-98
-91
-86
-44
56
193
346
493
628
728
784
786
753
709
631
466
214
-72
-319
-493
-625
-754
-876
-959
-1004
-1046
-1091
-1126
-1167
-1223
-1300
-1367
-1382
-1348
-1294
-1221
-1103
-910
-661
-381
-84
227
539
815
1023
1140
1190
1174
1091
940
751
562
375
179
-28
-207
-327
-410
-483
-532
-544
-529
-511
-505
-479
-416
-331
-233
-105
61
252
441
610
795
1015
1250
1474
1639
1746
1809
1809
1745
1632
1491
1322
1130
912
679
462
274
102
-46
-172
-269
-356
-456
-549
-612
-634
-637
-646
-646
-615
-525
-398
-249
-79
109
276
378
431
469
512
533
504
417
304
192
80
-29
-146
-266
-377
-473
-558
-641
-702
-745
-788
-843
-908
-967
-1008
-1032
-1039
-1030
-978
-886
-771
-642
-507
-377
-269
-190
-144
-103
-72
-73
-120
-171
-188
-198
-213
-225
-199
-127
-31
83
223
369
483
527
537
548
557
529
426
249
38
-159
-323
-456
-569
-659
-700
-700
-697
-698
-680
-632
-585
-572
-601
-628
-615
-551
-466
-395
-304
-157
31
240
454
690
933
1117
1206
1213
1208
1212
1184
1083
936
769
623
505
407
345
306
283
243
193
169
177
189
202
195
180
186
230
308
382
440
487
562
680
805
930
1021
1073
1104
1109
1097
1057
980
862
720
568
422
288
159
24
-134
-286
-404
-485
-552
-623
-704
-778
-853
-917
-973
-1015
-1034
-1032
-1013
-990
-957
-920
-861
-785
-718
-666
-606
-513
-409
-316
-246
-190
-134
-79
-64
-71
-70
-72
-74
-99
-157
-218
-273
-323
-384
-480
-567
-618
-624
-613
-613
-607
-573
-528
-494
-468
-442
-390
-329
-278
-233
-174
-73
59
178
291
405
518
633
732
810
877
911
894
839
764
695
614
503
368
206
31
-146
-297
-402
-480
-559
-635
-679
-680
-642
-586
-508
-399
-263
-124
-18
79
203
354
492
593
681
789
928
1038
1104
1159
1214
1244
1193
1083
981
888
762
577
366
184
37
-119
-294
-439
-509
-529
-554
-587
-594
-559
-505
-469
-439
-386
-304
-219
-143
-47
59
172
268
355
436
497
528
512
465
409
357
274
158
14
-130
-230
-299
-350
-401
-446
-476
-495
-500
-483
-457
-445
-444
-447
-433
-413
-388
-358
-306
-221
-129
-41
56
166
255
302
301
311
346
384
379
307
215
134
61
-4
-67
-115
-148
-177
-222
-276
-310
-339
-386
-470
-567
-627
-640
-637
-642
-642
-603
-536
-452
-322
-99
223
571
864
1074
1223
1346
1428
1440
1403
1320
1148
830
380
-51
-334
-490
-662
-902
-1095
-1138
-1060
-992
-979
-926
-802
-714
-761
-869
-873
-744
-600
-533
-465
-268
43
355
610
872
1196
1479
1591
1545
1448
1349
1177
861
466
97
-214
-516
-823
-1054
-1157
-1152
-1133
-1117
-1029
-861
-673
-516
-388
-258
-127
-21
76
185
315
456
582
688
771
847
909
937
927
883
808
700
541
351
156
-51
-249
-439
-579
-658
-673
-628
-542
-432
-293
-140
12
172
325
457
549
597
605
585
531
447
372
326
293
249
195
164
163
170
153
103
55
12
-49
-134
-224
-288
-330
-369
-411
-423
-379
-277
-159
-85
-17
81
191
273
304
306
308
294
233
155
78
4
-83
-173
-240
-278
-291
-300
-301
-281
-244
-216
-200
-188
-175
-161
-166
-170
-150
-130
-124
-130
-131
-104
-77
-55
-29
-12
-26
-72
-140
-203
-261
-327
-404
-459
-503
-533
-551
-561
-547
-517
-490
-459
-410
-340
-250
-174
-124
-83
-43
-5
21
56
112
174
210
220
231
262
286
291
276
248
220
180
120
56
3
-44
-75
-93
-99
-94
-73
-53
-49
-37
1
62
130
211
293
379
449
490
540
605
674
708
703
696
700
699
668
599
513
424
341
265
190
131
86
44
-6
-54
-105
-150
-174
-187
-181
-149
-103
-59
-17
26
73
126
180
230
273
299
315
320
317
295
248
184
122
64
15
-47
-123
-188
-234
-281
-357
-435
-481
-484
-473
-480
-488
-473
-440
-413
-402
-393
-364
-308
-263
-228
-207
-189
-177
-181
-197
-208
-211
-224
-249
-289
-314
-330
-340
-353
-357
-343
-331
-321
-318
-292
-262
-210
-168
-122
-76
-23
36
59
95
105
149
179
201
229
227
253
265
287
302
309
298
286
281
285
296
307
324
339
338
337
326
322
327
343
337
321
301
269
255
234
199
151
103
66
45
24
12
0
-38
-115
-195
-249
-278
-297
-339
-382
-419
-444
-454
-454
-443
-433
-401
-361
-307
-252
-192
-130
-83
-39
-9
34
78
118
146
173
203
221
235
233
210
181
150
119
88
58
37
10
-25
-49
-37
-7
38
79
114
146
168
182
207
240
262
253
241
240
239
233
208
189
168
153
131
93
63
39
17
-13
-53
-92
-117
-130
-119
-112
-125
-136
-131
-103
-81
-74
-79
-75
-54
-28
-8
7
17
17
12
13
23
48
79
100
107
101
89
86
85
73
58
45
45
44
32
13
-7
-23
-47
-74
-103
-111
-108
-121
-139
-157
-175
-188
-188
-175
-145
-120
-102
-82
-67
-50
-48
-49
-49
-52
-50
-53
-60
-77
-85
-91
-102
-118
-138
-163
-189
-204
-210
-213
-219
-241
-266
-286
-281
-258
-231
-207
-191
-173
-156
-127
-84
-26
40
91
123
144
159
174
178
165
138
107
87
74
52
18
-26
-55
-79
-94
-94
-83
-69
-54
-36
-22
0
41
84
106
116
131
154
177
190
194
203
201
194
196
208
237
274
303
319
327
331
337
342
337
325
304
272
240
214
188
165
160
164
170
175
177
178
181
192
187
174
155
130
119
102
91
102
113
120
108
86
69
57
35
4
-30
-77
-126
-178
-226
-249
-255
-254
-250
-244
-240
-243
-260
-278
-292
-301
-309
-335
-346
-344
-346
-353
-346
-307
-254
-205
-159
-113
-64
-21
-3
-7
-7
-9
-29
-54
-71
-59
-38
-31
-35
-49
-67
-89
-126
-165
-203
-253
-319
-397
-444
-460
-453
-442
-426
-377
-293
-195
-121
-59
-7
32
63
75
87
107
128
145
150
160
182
217
240
254
263
270
262
227
175
122
85
42
-8
-48
-69
-67
-63
-44
-13
21
68
127
186
249
306
350
389
415
432
455
465
472
467
452
436
418
392
354
312
273
236
203
171
138
105
69
28
-18
-58
-92
-109
-109
-92
-76
-63
-51
-36
-27
-22
-21
-19
-9
-18
-44
-76
-114
-141
-161
-180
-187
-187
-195
-206
-214
-214
-209
-201
-197
-198
-201
-200
-193
-183
-155
-133
-108
-87
-73
-55
-26
4
31
48
45
29
-2
-26
-53
-80
-101
-123
-148
-177
-195
-206
-208
-201
-194
-175
-150
-121
-99
-72
-41
-16
13
52
108
154
178
168
166
180
188
195
193
184
172
155
126
101
72
45
1
-55
-108
-152
-182
-209
-235
-253
-259
-245
-226
-201
-168
-133
-95
-51
-12
29
68
105
147
183
223
254
284
310
324
329
313
286
259
229
191
146
91
49
11
-33
-70
-103
-131
-147
-165
-170
-164
-162
-166
-171
-164
-146
-118
-99
-78
-51
-29
-6
15
31
47
47
38
33
27
14
0
-9
-16
-26
-31
-37
-34
-28
-23
-22
-29
-30
-31
-25
-24
-25
-21
-6
22
51
77
103
133
158
180
202
229
245
242
229
209
205
214
215
204
181
151
130
112
99
78
60
40
15
-19
-50
-71
-96
-113
-133
-147
-145
-129
-102
-89
-82
-77
-71
-60
-50
-42
-44
-55
-61
-70
-67
-60
-60
-54
-55
-64
-67
-60
-48
-44
-49
-54
-60
-61
-56
-45
-19
-2
0
1
4
13
27
29
39
41
38
32
22
1
-6
1
0
-25
-54
-66
-93
-126
-156
-175
-186
-190
-197
-204
-195
-168
-131
-113
-112
-95
-61
-28
-7
-5
-5
-20
-48
-90
-135
-159
-181
-203
-215
-217
-202
-172
-145
-121
-97
-79
-63
-44
-29
-6
16
29
52
79
126
177
221
271
328
381
428
450
458
460
425
368
317
252
195
138
94
69
46
27
19
33
44
50
61
66
71
75
75
91
115
142
157
154
161
174
196
216
217
213
201
172
134
94
51
10
-26
-64
-104
-133
-154
-158
-162
-183
-198
-208
-208
-196
-189
-175
-148
-121
-99
-76
-59
-39
-8
17
35
49
54
46
29
-1
-42
-80
-120
-159
-193
-225
-254
-274
-288
-299
-303
-306
-299
-284
-265
-232
-191
-155
-124
-98
-71
-37
-5
25
46
59
67
71
71
55
35
20
10
3
1
10
19
25
22
10
5
5
7
-1
-13
-9
-6
4
11
20
40
57
73
83
104
125
143
147
136
131
121
100
80
59
40
24
11
0
-6
-6
3
6
12
14
15
28
33
32
38
38
40
33
28
34
42
49
59
75
95
111
118
121
121
115
107
100
89
89
81
76
79
85
96
103
112
121
121
113
108
111
102
76
45
12
-18
-51
-77
-89
-96
-93
-89
-85
-77
-72
-72
-66
-58
-60
-69
-73
-66
-64
-64
-66
-61
-45
-34
-33
-35
-30
-29
-40
-60
-88
-103
-118
-136
-149
-161
-164
-167
-172
-171
-169
-165
-166
-163
-154
-144
-134
-129
-118
-105
-85
-53
-23
13
47
77
103
112
115
114
111
106
90
78
65
54
47
45
53
66
84
93
112
127
135
142
136
126
106
86
67
60
50
45
50
39
41
49
54
55
49
35
13
-9
-35
-55
-63
-77
-94
-101
-87
-74
-61
-42
-24
-12
-10
-5
-2
-1
-2
-3
-9
-19
-26
-37
-37
-32
-25
-15
-10
-8
-7
-5
-6
-15
-22
-19
-11
-4
-1
5
17
26
33
41
48
49
45
40
22
9
6
-3
-16
-19
-18
-2
18
28
34
43
44
38
31
29
34
34
24
19
15
7
2
2
0
-3
-8
-13
-9
-3
-2
-14
-27
-35
-41
-36
-26
-25
-32
-38
-38
-31
-15
0
10
14
13
18
21
32
38
33
29
12
-2
-9
-10
-14
-15
-16
-12
-6
-5
-9
-5
2
12
19
28
35
34
35
38
45
49
55
56
58
57
58
63
59
52
37
13
-15
-35
-57
-73
-86
-100
-104
-99
-89
-81
-68
-60
-55
-49
-47
-47
-48
-43
-46
-57
-67
-71
-73
-67
-62
-56
-43
-35
-23
-16
-15
-11
-6
-13
-14
-15
-11
0
-3
-4
-1
-2
6
16
19
23
23
15
13
6
6
6
6
-4
-24
-31
-35
-32
-26
-25
-25
-31
-26
-14
-6
7
18
24
31
44
60
81
105
120
142
162
174
189
194
193
193
187
182
179
167
147
123
108
96
74
59
42
20
-3
-29
-50
-62
-77
-93
-101
-102
-94
-87
-72
-56
-36
-19
-10
0
17
28
32
31
18
12
5
-5
-9
-10
-8
-12
-22
-34
-48
-72
-99
-136
-174
-204
-229
-241
-248
-255
-258
-255
-238
-213
-186
-152
-109
-70
-42
-20
10
37
51
66
72
87
99
108
117
114
114
116
116
109
101
83
68
55
47
28
5
-14
-37
-44
-41
-37
-23
-7
10
22
30
44
60
81
94
101
107
106
98
84
78
68
59
44
30
31
25
17
6
-5
-16
-32
-45
-54
-64
-69
-70
-73
-73
-75
-70
-61
-51
-37
-18
-1
20
31
41
55
73
86
88
86
83
79
70
61
54
52
50
39
24
13
-1
-10
-14
-21
-27
-25
-26
-31
-39
-37
-31
-23
-16
-5
5
14
16
10
9
16
23
23
18
14
6
4
10
13
16
20
13
4
-1
-7
-13
-12
-14
-19
-25
-34
-39
-38
-47
-52
-55
-63
-66
-69
-75
-73
-75
-74
-73
-75
-74
-78
-78
-83
-89
-92
-91
-93
-91
-80
-74
-55
-43
-32
-22
-11
9
16
23
26
33
38
45
55
53
59
54
50
52
58
66
72
81
84
91
94
91
94
87
83
83
77
69
60
48
46
38
28
23
14
17
23
29
34
34
37
42
35
23
16
14
20
14
10
12
9
4
-6
-9
-14
-19
-22
-22
-24
-18
-20
-31
-37
-48
-48
-51
-52
-56
-59
-57
-53
-47
-40
-28
-18
-7
1
8
10
9
7
5
4
-3
-15
-35
-56
-62
-66
-69
-63
-59
-47
-39
-33
-24
-17
-12
-5
-1
7
10
9
14
16
23
35
49
70
80
76
84
87
77
66
55
49
36
18
15
13
5
-8
-19
-21
-29
-34
-38
-49
-46
-39
-37
-41
-43
-36
-33
-34
-35
-30
-24
-27
-33
-32
-25
-16
-9
-13
-8
2
14
22
21
28
31
26
17
9
8
8
-1
-14
-22
-23
-22
-26
-27
-16
-6
2
10
12
20
22
28
41
56
72
87
100
110
98
86
86
79
71
59
60
66
58
38
24
16
-5
-38
-59
-74
-91
-106
-126
-133
-138
-139
-134
-132
-118
-105
-89
-78
-62
-44
-29
-15
0
11
22
38
43
47
41
38
44
43
39
36
34
31
27
14
4
-1
-8
-24
-35
-42
-49
-49
-42
-31
-29
-20
-7
10
23
36
59
77
93
111
122
137
149
154
156
164
165
162
150
128
112
91
84
68
44
20
2
-14
-40
-52
-73
-90
-100
-118
-130
-136
-142
-145
-148
-154
-154
-141
-124
-106
-89
-72
-54
-34
-17
1
10
18
26
25
26
34
35
34
29
17
9
-2
-16
-36
-51
-65
-71
-70
-74
-81
-90
-89
-91
-90
-84
-78
-61
-48
-33
-19
-1
18
36
57
71
80
88
102
108
119
125
122
121
120
112
103
96
91
81
59
43
30
11
-12
-31
-50
-60
-66
-74
-73
-69
-60
-53
-49
-41
-33
-27
-18
-15
-9
5
8
12
20
20
20
25
25
26
22
16
9
-4
-19
-25
-26
-26
-26
-24
-18
-7
1
11
21
24
32
37
37
35
34
36
33
32
33
37
45
51
56
66
74
78
77
78
77
73
65
64
60
55
52
51
49
42
38
34
35
25
16
5
-7
-18
-37
-49
-60
-74
-78
-85
-88
-87
-98
-101
-99
-97
-97
-98
-92
-88
-85
-82
-80
-75
-63
-49
-40
-27
-14
-14
-6
-4
-10
-9
-16
-26
-39
-46
-54
-68
-81
-93
-103
-111
-120
-118
-110
-98
-88
-78
-66
-52
-34
-19
-5
8
26
40
50
57
64
75
85
92
93
96
94
95
89
76
69
57
44
29
18
12
9
6
10
9
7
15
22
27
34
46
59
72
81
94
108
112
118
123
126
126
130
129
123
122
117
107
98
92
80
67
48
32
14
-3
-15
-28
-39
-46
-48
-47
-54
-58
-45
-42
-33
-23
-20
-14
-10
-13
-15
-14
-18
-22
-25
-31
-38
-41
-37
-35
-33
-32
-28
-29
-33
-37
-41
-44
-50
-55
-57
-63
-72
-80
-81
-74
-69
-65
-55
-52
-54
-56
-56
-52
-51
-53
-55
-57
-62
-64
-64
-65
-55
-46
-40
-38
-37
-38
-41
-45
-54
-56
-51
-49
-49
-50
-53
-48
-43
-37
-29
-27
-22
-20
-13
-6
-1
11
15
15
21
22
27
30
26
31
38
46
54
59
64
73
84
90
96
102
111
115
112
114
113
117
121
124
126
122
123
116
114
110
98
88
79
75
64
53
46
40
34
23
18
21
19
15
7
2
4
0
-4
-1
-1
1
2
2
5
9
14
15
17
17
16
5
-3
-15
-28
-38
-50
-60
-70
-80
-93
-103
-115
-122
-127
-131
-131
-129
-126
-119
-115
-115
-108
-98
-85
-72
-58
-49
-38
-25
-13
-6
4
17
22
23
16
9
5
3
-3
-3
-1
-1
-8
-19
-23
-31
-43
-48
-54
-60
-57
-55
-55
-49
-40
-31
-22
-5
9
22
33
45
57
64
72
75
75
76
74
69
62
59
57
54
49
43
42
42
39
34
28
22
23
23
20
18
14
12
13
12
11
16
21
21
19
18
19
20
13
9
14
22
24
25
22
21
22
18
20
23
25
25
25
24
21
15
13
6
3
2
5
8
2
-1
-8
-15
-15
-23
-24
-24
-27
-24
-22
-20
-18
-23
-23
-25
-29
-34
-31
-30
-34
-33
-29
-20
-22
-17
-22
-20
-20
-23
-20
-21
-20
-29
-44
-50
-52
-53
-46
-36
-30
-31
-28
-21
-13
-8
-6
-4
-2
-2
-1
-2
1
4
3
1
4
5
9
9
4
3
-3
0
0
3
5
6
12
12
13
23
35
40
47
59
63
69
80
87
92
97
96
100
103
94
83
75
64
51
34
25
16
5
-7
-20
-31
-35
-37
-38
-38
-37
-32
-31
-33
-37
-49
-55
-57
-62
-61
-58
-58
-52
-50
-51
-50
-52
-49
-50
-49
-48
-48
-45
-44
-46
-45
-41
-43
-45
-45
-38
-36
-31
-25
-21
-11
0
8
18
23
25
25
21
26
30
33
36
38
38
40
40
36
31
32
34
33
30
23
15
12
5
2
4
3
1
1
0
-2
1
0
7
10
13
20
20
17
11
8
5
-3
-8
-11
-12
-16
-21
-25
-24
-19
-24
-17
-4
-6
-8
4
19
21
26
31
37
36
33
38
51
55
59
64
71
70
70
70
69
64
48
38
30
21
17
20
13
-2
-12
-12
-16
-16
-10
-16
-12
-12
-9
-6
-6
-6
-5
3
3
0
4
4
2
-3
-8
-6
-11
-14
-19
-26
-38
-48
-56
-66
-71
-75
-87
-88
-93
-93
-92
-94
-84
-84
-78
-67
-69
-64
-47
-37
-30
-27
-17
0
5
12
14
19
20
12
11
11
11
10
11
14
17
14
8
1
-11
-17
-27
-27
-23
-26
-24
-25
-22
-13
-5
5
15
17
22
32
39
42
45
47
41
49
52
51
64
72
72
74
70
69
67
65
63
51
42
35
31
25
16
17
16
12
13
18
20
24
25
27
28
31
36
36
34
34
41
46
48
44
38
27
17
10
-1
-10
-19
-33
-46
-54
-61
-68
-70
-74
-81
-84
-84
-83
-80
-79
-76
-73
-71
-67
-63
-54
-44
-33
-23
-15
0
15
22
33
47
50
51
50
51
53
50
46
44
38
31
26
19
18
21
20
19
15
10
9
6
4
5
0
-9
-10
-13
-11
-10
-12
-11
-15
-18
-21
-26
-33
-33
-40
-46
-50
-55
-54
-58
-56
-52
-50
-45
-35
-30
-28
-22
-18
-14
-17
-16
-12
-10
-10
-12
-13
-10
-7
-7
-5
-2
8
12
9
11
13
19
25
22
31
36
40
45
45
46
46
51
50
51
47
47
49
42
36
28
23
18
13
7
4
1
0
-1
-3
-2
-3
-10
-7
-17
-15
-15
-18
-14
-18
-13
-6
-3
-3
2
2
7
2
4
14
8
5
6
9
5
0
-8
-13
-16
-22
-18
-15
-13
-10
-14
-12
-12
-8
3
8
12
20
24
24
28
28
32
35
34
39
41
36
35
34
31
24
20
17
16
17
15
11
3
0
-3
-2
6
2
1
-2
-6
-8
-7
-11
-13
-14
-22
-22
-32
-36
-34
-36
-35
-39
-33
-28
-25
-24
-29
-31
-32
-33
-30
-23
-19
-12
-6
-8
-9
-7
-8
-10
-12
-13
-13
-16
-17
-21
-28
-34
-33
-34
-34
-30
-29
-23
-16
-11
-7
0
3
7
3
0
0
-4
-1
-3
0
-5
-10
-14
-20
-25
-31
-30
-31
-36
-31
-34
-34
-36
-39
-33
-31
-23
-14
-7
3
8
25
39
44
55
62
65
68
77
82
89
92
90
92
90
87
86
80
77
73
62
54
50
48
50
41
31
22
14
13
10
9
12
7
8
8
3
3
1
3
-2
1
0
5
7
6
5
8
9
6
0
-5
-10
-15
-19
-26
-30
-34
-34
-38
-46
-48
-45
-44
-52
-51
-52
-57
-51
-46
-34
-23
-23
-21
-17
-12
-13
-9
-3
0
-6
-8
-11
-15
-20
-20
-16
-12
-6
-9
-10
-14
-20
-21
-24
-29
-34
-33
-47
-57
-62
-63
-63
-57
-49
-53
-50
-48
-46
-44
-35
-29
-25
-20
-13
-8
-2
5
9
17
22
26
27
27
22
25
25
29
32
36
38
40
38
34
42
44
49
54
58
64
69
72
72
71
71
70
65
64
64
64
64
55
50
41
31
30
26
23
15
14
11
4
5
7
6
4
0
-7
-11
-22
-28
-31
-37
-41
-38
-38
-42
-40
-36
-30
-28
-29
-25
-20
-24
-27
-32
-37
-37
-38
-40
-33
-30
-28
-19
-17
-13
-5
-3
-2
4
6
5
7
4
8
11
14
14
14
17
15
7
3
-2
-4
-4
-8
-10
-10
-17
-19
-10
-12
-8
-10
-13
-12
-19
-23
-23
-23
-18
-16
-14
-14
-10
-5
-3
5
8
8
12
16
17
23
26
23
24
17
14
11
8
8
9
17
18
20
17
20
24
20
18
20
21
23
13
6
3
-3
-10
-11
-11
-10
-4
-1
4
3
4
9
6
0
-9
-7
-5
-10
-12
-11
-16
-17
-18
-21
-14
-8
-7
-1
-9
-7
-9
-14
-15
-19
-20
-18
-12
-15
-13
-6
-6
-10
-10
-13
-14
-9
-8
-6
-3
-2
-4
-7
-8
-8
-7
-2
0
3
6
10
10
4
3
-1
-3
-5
-2
-2
7
8
-2
-9
-15
-18
-17
-12
-7
-5
-6
-3
-5
-4
-4
-1
5
7
9
11
14
16
20
20
21
25
31
35
35
40
45
50
46
48
47
46
46
39
38
36
34
34
33
33
34
37
36
40
38
34
35
31
32
32
26
25
26
18
13
9
3
-3
-12
-24
-29
-31
-36
-40
-47
-52
-59
-64
-67
-68
-65
-67
-64
-63
-63
-63
-65
-58
-57
-47
-47
-41
-32
-31
-26
-22
-17
-13
-13
-20
-20
-18
-21
-21
-25
-20
-18
-18
-16
-14
-17
-17
-12
4
-1
-13
2
9
5
-1
-10
-9
-10
-13
-8
3
8
6
8
15
10
5
10
8
4
-1
-2
2
3
4
6
12
14
15
19
16
13
13
14
14
16
18
24
30
26
33
33
38
43
42
41
40
42
48
49
47
51
55
57
53
49
48
47
49
48
45
44
39
34
32
30
26
16
21
22
12
4
-1
-8
-10
-16
-18
-10
-13
-16
-15
-8
-10
-15
-8
-5
-3
1
2
2
2
-1
-7
-15
-18
-21
-25
-31
-34
-35
-36
-38
-43
-45
-50
-53
-58
-55
-53
-57
-52
-49
-54
-54
-55
-55
-55
-52
-49
-44
-35
-30
-23
-19
-7
2
8
10
11
6
3
9
1
2
5
-4
-8
-15
-13
-11
-12
-7
-5
-4
-3
-6
-5
-2
-1
0
4
6
1
0
1
9
15
19
23
29
36
34
35
39
36
32
31
24
23
22
21
19
18
18
18
13
10
10
9
6
9
14
10
16
15
13
15
13
12
11
17
22
28
34
40
44
45
44
41
38
34
31
24
20
13
6
2
2
1
-5
-4
-1
-3
-11
-17
-22
-27
-31
-33
-35
-34
-33
-34
-34
-28
-27
-26
-25
-26
-28
-24
-15
-15
-12
-9
0
0
-2
0
-3
2
8
7
8
12
7
10
10
12
7
3
5
3
6
0
-2
-1
-3
-8
-9
-13
-14
-14
-21
-25
-21
-19
-12
-8
-4
-4
-2
4
8
16
20
25
25
25
13
8
2
-1
1
0
5
4
9
4
-2
-2
-3
-10
-10
-11
-11
-8
-15
-13
-13
-15
-23
-26
-25
-25
-25
-25
-17
-12
-6
-3
2
1
1
3
4
9
13
14
17
14
12
13
14
13
8
4
4
1
0
1
0
-4
-12
-16
-19
-27
-28
-23
-16
-12
-8
-4
0
-4
-2
-6
-5
-9
-16
-15
-16
-10
-9
-9
-9
-11
-8
-9
-1
5
10
19
21
23
21
21
22
23
20
16
17
17
24
27
29
38
42
47
48
42
43
42
41
35
34
34
27
32
30
26
24
24
18
17
17
12
14
18
16
10
3
0
-2
-9
-10
-14
-20
-23
-29
-26
-27
-25
-19
-23
-25
-20
-23
-20
-17
-16
-14
-16
-19
-20
-19
-21
-19
-20
-24
-27
-29
-31
-29
-26
-26
-23
-29
-27
-21
-18
-23
-22
-13
-15
-24
-27
-28
-22
-15
-13
-10
-10
-10
-13
-13
-5
-4
1
10
11
6
7
7
-1
-1
-4
-5
-4
0
-4
-11
-6
-8
-6
-1
-8
-9
-10
-8
-6
-2
7
14
15
18
22
24
26
29
31
30
31
32
31
33
30
31
29
30
30
26
21
17
15
9
8
8
8
5
0
2
-6
-9
-10
-11
-10
-7
-4
-2
2
2
5
8
12
15
11
11
8
6
2
-3
0
-2
-6
-3
-8
-12
-14
-13
-8
-11
-8
-10
-10
-8
-9
-6
-6
-5
1
-1
2
8
12
17
18
17
21
28
33
36
33
30
30
24
16
14
17
11
8
0
-7
-9
-14
-21
-24
-23
-24
-19
-23
-28
-27
-27
-28
-26
-21
-26
-21
-22
-26
-22
-15
-8
-5
-7
-8
-7
-11
-12
-15
-13
-7
0
7
10
10
12
17
16
10
12
13
12
9
2
3
-2
-3
2
2
6
6
7
5
3
-1
-6
-3
-8
-12
-12
-17
-19
-21
-24
-25
-27
-26
-26
-21
-19
-18
-17
-18
-15
-13
-8
-11
-10
-11
-9
-5
-5
-2
-2
-4
-3
-6
-10
-6
-6
-9
-3
1
-1
2
2
5
8
12
16
21
21
20
15
21
30
32
31
35
37
33
25
20
16
12
11
9
12
15
11
7
10
9
9
4
-4
-4
-1
4
8
19
27
30
25
20
20
22
23
20
20
22
22
22
22
27
28
26
25
28
28
22
24
28
27
27
18
12
3
-7
-11
-20
-25
-28
-24
-22
-24
-27
-25
-26
-24
-28
-26
-27
-26
-21
-24
-19
-20
-16
-15
-16
-15
-12
-9
-5
-4
-7
-7
-10
-11
-14
-10
-6
-10
-9
-11
-14
-12
-18
-22
-26
-35
-37
-42
-42
-41
-42
-44
-46
-44