23
21
19
16
20
20
26
27
28
22
18
8
0
-14
-27
-30
-42
-50
-57
-53
-53
-45
-39
-35
-26
-20
-16
-19
-17
-17
-21
-26
-21
-20
-20
-22
-34
-32
-33
-24
-18
-12
-5
1
4
0
2
-1
-5
-5
-3
-6
-8
-7
-5
-4
-17
-25
-31
-33
-32
-29
-20
-10
4
16
24
24
22
20
16
16
19
16
19
27
41
52
52
54
58
71
76
69
71
64
62
62
49
37
38
36
23
18
8
-4
-15
-25
-29
-38
-44
-53
-55
-41
-41
-38
-31
-26
-20
-16
-2
8
14
27
44
44
55
63
60
69
72
76
85
85
84
84
67
47
36
28
24
12
5
-7
-14
-27
-44
-58
-70
-79
-96
-96
-90
-76
-73
-76
-69
-67
-59
-48
-40
-31
-20
-7
9
21
24
35
40
43
48
55
58
61
61
51
43
39
29
24
6
-17
-35
-45
-52
-67
-76
-70
-74
-79
-80
-87
-95
-106
-117
-124
-121
-107
-88
-74
-54
-40
-34
-19
-7
10
15
19
29
44
59
64
68
64
54
37
30
26
24
24
19
5
-18
-34
-50
-66
-77
-81
-80
-74
-66
-63
-65
-72
-72
-64
-59
-48
-29
0
21
42
60
74
97
110
127
144
156
168
173
178
184
179
175
179
178
175
157
132
105
83
67
50
39
35
25
14
7
-8
-18
-29
-37
-43
-49
-54
-59
-56
-52
-49
-46
-47
-48
-42
-32
-26
-20
-12
-4
0
2
-1
-5
-3
2
3
10
5
0
-4
-10
-15
-28
-41
-53
-64
-76
-90
-95
-98
-105
-109
-113
-114
-114
-104
-97
-87
-76
-73
-70
-65
-58
-41
-27
-9
6
21
38
35
42
53
56
67
70
70
66
56
42
34
23
9
-3
-16
-23
-24
-25
-30
-38
-54
-76
-83
-86
-91
-87
-95
-81
-69
-72
-50
-20
18
35
54
43
66
87
86
94
98
127
141
116
98
88
90
106
86
69
61
89
101
66
24
6
-1
11
-3
-27
-55
-113
-101
-61
21
50
48
-7
-41
-66
-100
-63
6
110
121
27
-21
6
38
47
21
17
22
42
77
68
37
1
-22
-31
-48
-63
-52
-36
-38
-57
-69
-78
-82
-82
-59
-52
-41
-29
-40
-52
-53
-43
-33
-31
-34
-23
-9
6
8
20
31
39
42
43
35
35
41
46
57
55
49
48
49
48
42
34
34
29
19
13
4
-2
1
2
6
15
23
17
15
7
-12
-19
-14
-4
-2
-3
-3
-1
0
7
4
5
13
13
20
23
20
20
19
24
29
29
27
15
5
1
-8
-27
-45
-62
-72
-79
-83
-80
-85
-83
-90
-103
-113
-119
-110
-100
-86
-74
-78
-76
-65
-68
-65
-45
-22
-13
-5
7
20
36
43
55
60
58
54
55
66
85
93
85
74
66
64
58
47
30
19
19
15
7
-7
-11
-13
-22
-34
-36
-23
-18
-12
-12
-12
-5
13
7
-40
-72
-51
37
124
155
138
123
94
47
11
8
85
140
121
65
7
9
21
-14
-56
-97
-91
-10
41
44
-11
-91
-115
-135
-150
-150
-122
-53
9
29
33
16
-28
-53
-65
-42
12
55
87
101
102
96
82
58
44
47
56
76
92
107
104
75
35
-2
-34
-52
-48
-27
-4
7
2
-13
-21
-39
-54
-59
-59
-43
-38
-36
-25
-23
-18
-16
-31
-35
-24
-4
27
56
71
70
64
46
17
-11
-34
-43
-47
-50
-43
-35
-40
-50
-61
-74
-85
-86
-79
-66
-65
-70
-71
-64
-61
-63
-55
-55
-52
-49
-46
-34
-18
-7
3
9
12
18
26
35
38
40
54
55
44
44
37
34
35
29
21
12
5
2
-2
-7
-18
-20
-10
-9
-10
-7
-15
-17
-12
-11
-11
-8
0
5
20
34
42
51
52
55
59
61
69
78
72
68
58
55
62
69
84
101
93
91
92
78
59
40
26
16
11
1
2
-4
-19
-30
-35
-46
-57
-50
-40
-29
-20
-15
-18
-31
-40
-50
-58
-47
-40
-44
-39
-31
-27
-27
-25
-13
5
10
2
-4
-16
-28
-22
-18
-21
-14
-10
-12
-17
-25
-24
-20
-31
-31
-32
-41
-50
-50
-37
-33
-27
-13
-4
-11
-12
-6
-2
3
20
37
46
49
54
60
53
53
61
63
66
66
61
55
45
42
42
40
33
22
14
-2
-17
-25
-36
-45
-51
-53
-57
-58
-53
-51
-51
-50
-51
-58
-55
-57
-58
-46
-43
-44
-38
-34
-25
-2
-2
-6
3
4
7
8
11
17
28
35
32
31
31
12
4
5
-6
-10
-13
-10
-12
-15
-23
-34
-38
-32
-26
-23
-9
-3
-4
-8
-16
-20
-11
-4
-4
3
9
15
24
37
48
46
47
45
43
43
35
37
41
38
46
56
52
53
54
46
41
33
19
13
3
3
4
8
11
14
13
10
17
19
18
15
16
18
20
24
29
30
30
34
38
39
41
40
33
32
31
29
25
11
6
0
-16
-28
-38
-45
-41
-31
-23
-25
-36
-49
-56
-68
-80
-85
-80
-72
-68
-64
-57
-52
-53
-49
-47
-43
-34
-25
-10
-12
-14
-9
-11
-9
-14
-21
-23
-24
-16
-13
-12
1
9
9
10
-2
-9
-5
6
2
-5
-10
-14
-11
-2
9
11
22
32
31
19
6
-13
-23
-26
-27
-15
-2
0
-3
0
-6
-5
5
16
32
47
46
40
31
24
21
30
37
46
59
55
50
31
17
11
5
3
3
6
3
-5
-18
-35
-43
-48
-45
-32
-17
-5
-5
-5
-1
-5
-2
14
20
23
30
35
33
27
26
25
22
31
32
29
34
26
16
1
-12
-18
-21
-14
-12
-8
-4
-8
-9
-11
-12
-12
-11
2
11
17
15
18
16
13
11
4
8
3
12
19
28
43
52
45
32
22
9
6
-3
-4
-5
-23
-38
-50
-57
-64
-65
-69
-70
-73
-74
-77
-85
-81
-78
-75
-67
-51
-36
-17
-9
-9
-5
-2
-1
11
26
33
42
50
55
43
36
42
50
61
76
83
88
92
89
80
69
74
63
48
35
24
19
0
-12
-19
-25
-36
-40
-42
-41
-27
-20
-15
-8
-2
-9
-16
-14
-14
-7
-1
-1
0
7
6
1
5
6
9
4
-3
-9
-26
-45
-58
-66
-64
-51
-41
-36
-42
-46
-58
-76
-81
-86
-92
-94
-83
-81
-76
-65
-56
-47
-37
-21
-7
5
17
29
31
29
38
45
48
50
49
50
48
45
33
23
13
10
15
23
27
33
37
43
47
38
33
27
25
28
28
31
35
32
34
45
46
41
43
42
43
44
38
30
22
16
19
27
29
31
27
23
17
13
13
13
24
33
36
37
31
23
15
15
15
5
5
10
8
7
5
-3
-12
-13
-9
-1
6
1
1
-5
-10
-16
-27
-23
-21
-13
-5
3
16
22
15
6
-10
-23
-31
-37
-42
-51
-48
-48
-46
-39
-41
-51
-58
-66
-80
-91
-94
-91
-90
-85
-75
-69
-57
-45
-42
-40
-32
-26
-23
-25
-34
-31
-28
-30
-30
-19
-3
2
-1
-2
-4
-8
-15
-12
-10
-15
-18
-12
-10
-7
-7
-16
-8
4
12
15
11
10
11
2
2
4
7
13
24
30
25
34
40
41
41
37
44
57
64
71
65
59
60
62
63
60
66
74
77
81
79
77
85
86
84
81
80
80
79
76
68
61
46
27
15
6
-5
-11
-6
5
14
17
23
25
21
17
13
10
13
10
2
0
-4
-20
-28
-32
-40
-41
-44
-34
-27
-26
-32
-50
-67
-73
-85
-103
-113
-121
-122
-124
-121
-113
-101
-94
-82
-72
-69
-58
-44
-31
-22
-19
-17
-9
-2
8
13
18
27
30
20
13
10
-1
-11
-14
-12
-17
-16
-23
-30
-27
-30
-26
-23
-22
-13
-13
-8
-2
7
10
7
1
-3
0
3
2
10
18
26
31
33
38
50
67
72
76
84
81
68
57
51
49
44
44
51
49
45
31
20
28
31
37
44
36
28
19
9
-4
-14
-14
-8
1
4
0
-8
-16
-11
-5
-10
-12
-15
-13
-6
0
9
15
27
40
44
48
48
41
24
12
-3
-15
-17
-18
-25
-29
-37
-49
-52
-55
-69
-74
-80
-88
-86
-88
-86
-84
-87
-82
-73
-81
-88
-81
-70
-55
-43
-24
-8
5
19
27
27
36
46
45
49
49
43
46
53
60
67
67
68
69
71
66
51
41
31
23
23
22
18
15
17
14
11
2
2
17
19
23
23
21
22
24
23
20
19
22
17
10
10
13
12
8
13
11
14
17
17
24
16
11
2
-18
-19
-20
-23
-26
-26
-24
-27
-23
-15
-14
-17
-17
-23
-26
-34
-42
-44
-45
-45
-34
-19
-12
-7
-12
-13
-22
-35
-31
-30
-39
-44
-44
-37
-44
-51
-51
-48
-45
-53
-43
-34
-20
-19
-16
-7
-2
2
4
1
-6
-9
-6
7
12
16
19
25
27
26
26
28
26
18
9
-2
-7
-1
3
5
5
-1
-4
6
17
33
44
50
57
57
55
51
38
25
16
18
24
28
38
40
40
37
24
14
9
15
27
7
-20
-23
-23
-23
-28
-28
-23
-20
-10
0
7
8
4
2
2
-5
-7
7
7
16
18
8
11
16
29
32
28
30
36
35
29
13
10
22
18
16
9
3
4
5
11
19
19
25
32
32
19
11
11
2
6
2
-2
0
9
19
20
20
10
1
-12
-24
-33
-45
-48
-43
-40
-46
-51
-47
-54
-65
-76
-87
-87
-88
-87
-84
-85
-83
-68
-62
-60
-57
-53
-38
-27
-21
-17
-10
-8
-4
-1
-2
-4
-6
-2
4
6
4
3
-3
-9
-27
-53
-67
-58
-33
3
16
0
-13
-26
-37
-56
-37
3
65
86
61
27
16
34
35
36
67
117
171
171
123
57
-2
8
36
68
97
122
136
117
64
20
2
1
14
36
66
78
65
40
9
-10
-12
3
27
40
46
23
-3
-24
-35
-23
-3
21
36
36
12
-9
-20
-23
-9
10
19
23
22
8
-9
-33
-51
-53
-49
-34
-27
-39
-57
-73
-89
-97
-100
-100
-80
-69
-68
-70
-82
-85
-89
-88
-74
-71
-59
-44
-33
-26
-28
-21
-8
8
15
16
23
32
35
38
41
41
54
66
75
72
64
50
29
25
21
24
29
26
18
10
6
-3
-3
-6
1
7
-1
-6
-4
0
-5
-9
-3
2
7
8
-1
-7
-11
-19
-25
-22
-17
-10
0
3
-6
-11
-14
-19
-23
-18
-9
-8
-4
-2
-4
-9
-12
-15
-19
-9
-1
4
13
22
30
33
35
46
45
50
53
55
50
43
42
41
36
35
42
46
46
37
33
29
22
21
18
18
21
19
13
11
5
-12
-29
-39
-53
-65
-72
-73
-69
-64
-64
-65
-74
-84
-100
-114
-112
-99
-86
-70
-54
-51
-49
-49
-48
-40
-24
-2
19
43
56
63
68
57
56
55
58
66
74
88
90
88
91
93
90
80
67
61
58
45
37
28
6
-2
-7
-14
-15
-19
-23
-25
-15
-14
-19
-21
-26
-33
-43
-49
-41
-34
-31
-28
-22
-14
-9
-13
-15
-25
-24
-15
-15
-6
7
15
11
9
15
14
19
19
13
11
5
4
6
2
-6
-14
-10
-6
-5
-1
-9
-11
-8
-7
-2
4
20
30
36
40
34
33
34
20
10
13
9
15
14
7
1
-7
-22
-30
-33
-45
-52
-66
-68
-67
-77
-83
-86
-84
-81
-74
-69
-63
-54
-44
-39
-29
-12
-14
-13
2
4
3
15
26
38
42
33
28
31
36
40
40
45
53
58
57
53
48
43
50
51
51
44
35
31
34
40
34
28
25
39
38
28
24
11
1
-14
-21
-11
-4
4
7
1
-10
-21
-31
-36
-37
-31
-21
-14
-10
-11
-20
-28
-28
-32
-41
-42
-33
-20
-7
-1
1
1
0
2
16
20
26
35
35
31
22
10
-4
-14
-13
-8
7
28
43
61
68
65
59
58
62
48
42
38
34
30
17
6
5
8
6
7
2
-11
-29
-41
-45
-52
-55
-52
-41
-32
-31
-41
-46
-49
-51
-42
-34
-28
-34
-53
-60
-66
-64
-54
-47
-39
-32
-28
-29
-25
-26
-28
-26
-21
-22
-19
-12
-14
-18
-27
-25
-25
-21
-15
-16
-22
-22
-15
-9
-1
11
20
32
38
31
28
33
29
30
34
36
48
55
52
43
34
28
12
4
6
5
5
8
6
1
-3
8
16
20
30
28
32
31
33
34
28
34
40
38
31
32
40
46
51
46
39
40
35
32
26
21
20
8
3
1
0
9
10
10
10
-2
-18
-30
-35
-38
-41
-37
-27
-20
-16
-15
-14
-16
-14
-15
-12
0
9
13
13
10
10
10
1
-3
-3
-14
-19
-15
-13
-14
-18
-22
-25
-26
-32
-39
-43
-33
-27
-21
-21
-27
-24
-31
-42
-49
-49
-43
-34
-24
-17
-16
-9
1
4
8
10
13
17
22
25
27
27
26
29
26
20
23
16
14
17
12
5
-3
-12
-29
-36
-54
-68
-71
-76
-75
-63
-57
-48
-36
-27
-31
-34
-33
-31
-25
-19
-5
10
18
20
26
37
50
62
76
84
93
97
95
91
83
72
57
53
47
36
29
28
23
12
2
-4
-3
3
15
14
11
5
0
-3
-11
-17
-7
10
19
26
15
6
-2
-10
3
10
12
24
33
37
27
11
-2
-11
-13
-16
-18
-16
-20
-37
-40
-55
-75
-69
-48
-35
-22
-21
-16
-6
-20
-26
-26
-29
-24
-22
-11
-4
2
15
19
20
11
3
-1
-2
-2
-4
0
7
9
13
9
9
10
7
10
12
11
7
6
4
0
-12
-21
-22
-26
-30
-33
-34
-23
-17
-10
-5
-3
-8
-19
-28
-30
-29
-28
-28
-29
-28
-23
-13
-5
3
18
26
29
47
53
39
43
48
43
38
32
34
32
21
14
17
18
6
-5
-8
-11
-12
-14
-8
-5
-5
-2
-2
2
9
10
16
12
4
3
3
2
6
9
13
11
10
11
-1
-4
1
1
2
3
2
6
6
-6
-12
-14
-14
-16
-20
-29
-37
-38
-47
-57
-54
-45
-32
-24
-12
-7
-1
0
-11
-13
-12
-11
-7
4
9
23
31
39
55
57
59
57
61
63
59
57
44
35
24
13
4
2
3
7
8
-5
-21
-42
-50
-54
-58
-60
-56
-50
-46
-47
-52
-54
-51
-46
-34
-20
-8
-1
12
19
21
32
39
46
56
55
54
65
68
69
73
73
67
63
60
50
36
24
18
9
-2
-17
-19
-19
-18
-14
-13
-14
-21
-24
-32
-40
-42
-40
-26
-14
-9
-7
-17
-19
-20
-21
-18
-18
-14
-12
-24
-42
-42
-30
-22
-24
-23
-24
-30
-37
-47
-53
-56
-63
-66
-69
-76
-72
-66
-56
-44
-32
-32
-25
-7
5
7
12
20
24
29
32
40
49
64
78
87
86
87
83
72
69
57
57
57
59
53
43
32
22
27
36
41
36
24
16
10
0
-9
-14
-25
-32
-35
-38
-32
-29
-21
-18
-23
-31
-34
-30
-29
-24
-19
-10
-10
-5
-6
-15
-18
-15
-3
4
15
28
40
50
48
44
38
33
34
39
54
54
54
53
38
21
8
-1
-12
-7
-5
-11
-12
-17
-23
-24
-28
-29
-26
-28
-30
-25
-23
-17
-16
-18
-9
3
2
-2
-3
-10
-16
-17
-16
-11
-7
-10
-14
-25
-37
-45
-52
-54
-58
-52
-40
-35
-23
-11
-14
-24
-33
-37
-49
-50
-45
-43
-32
-31
-23
-20
-14
-3
9
19
25
23
9
-2
0
0
9
26
33
39
41
47
47
53
55
53
61
64
62
52
41
32
20
4
-5
-6
-11
-13
-10
-9
-7
-5
0
0
6
10
15
16
16
10
1
-5
-4
-1
2
7
17
31
35
33
28
31
31
27
16
11
-4
-16
-29
-40
-46
-47
-38
-29
-14
-8
-7
-10
-9
-8
-14
-24
-27
-16
-4
6
9
15
30
35
32
29
22
10
8
8
8
16
21
27
19
7
3
2
0
0
0
0
1
-3
-9
-18
-22
-23
-13
-5
6
8
13
13
7
8
6
12
3
3
7
11
11
10
21
28
27
27
26
13
-2
-24
-48
-65
-65
-61
-60
-48
-39
-40
-40
-42
-45
-46
-47
-50
-47
-40
-40
-31
-27
-28
-29
-30
-31
-32
-25
-23
-18
-12
-9
-3
-1
1
7
17
21
17
18
17
15
14
17
22
32
37
37
35
30
24
14
12
12
10
5
6
7
4
-5
-12
-12
-25
-12
-1
4
29
31
38
46
44
48
52
49
52
59
58
61
63
63
55
46
37
24
21
14
5
0
-7
-14
-23
-25
-23
-26
-23
-20
-20
-14
-15
-10
-9
-11
-14
-22
-24
-19
-23
-28
-7
3
13
11
8
18
24
28
35
38
27
26
20
13
15
12
12
13
21
9
2
-10
-20
-25
-38
-35
-35
-27
-25
-25
-25
-29
-24
-18
-14
-10
-7
-7
-15
-25
-27
-24
-32
-37
-39
-37
-31
-22
-13
-15
-13
-5
-1
3
11
13
11
9
-3
-11
-14
-21
-40
-48
-50
-49
-50
-49
-45
-46
-41
-47
-48
-45
-36
-29
-37
-36
-37
-34
-24
-12
-2
9
30
44
53
66
76
72
57
53
52
56
51
40
42
39
41
49
45
33
23
18
10
12
15
10
7
3
1
1
-1
8
12
18
24
25
29
27
26
20
20
28
37
41
38
36
30
29
26
24
27
30
27
25
23
14
5
0
-5
-10
-28
-39
-42
-41
-49
-57
-49
-43
-33
-23
-25
-22
-26
-25
-17
-18
-7
-4
-3
-7
-10
-14
-4
6
11
15
21
19
14
10
4
8
11
25
38
40
33
20
17
11
4
-3
-9
-18
-24
-24
-38
-48
-54
-55
-41
-37
-38
-35
-28
-28
-44
-45
-39
-39
-42
-43
-34
-32
-22
-2
10
19
20
11
6
9
11
8
8
6
7
16
19
17
20
18
17
11
3
-5
-13
-15
-13
-2
6
11
24
26
24
13
6
6
7
3
0
-2
3
8
2
2
4
-2
-3
-1
2
-3
-7
6
5
0
-11
-9
-7
-11
-12
-4
1
-2
6
15
16
11
17
16
16
16
10
17
18
13
11
15
11
9
12
11
-2
-5
-6
-2
-6
-18
-28
-33
-37
-42
-38
-35
-26
-11
-1
2
0
-6
-9
-4
7
16
23
31
34
29
26
21
17
20
20
20
20
30
36
34
34
28
37
37
23
28
29
35
35
25
30
33
27
21
29
34
24
19
15
12
7
-6
-12
-13
-9
-9
-8
-6
-7
-3
-16
-33
-41
-53
-49
-42
-38
-33
-33
-26
-33
-38
-34
-36
-26
-17
-7
3
9
8
6
-3
-16
-15
-17
-17
-13
-13
-20
-23
-28
-33
-43
-53
-42
-33
-27
-21
-18
-18
-17
-9
-3
-5
-10
-16
-18
-13
-6
-1
3
-1
-4
-9
-13
-8
-3
-2
1
2
-1
9
13
17
19
3
-14
-25
-35
-42
-46
-43
-38
-34
-22
-18
-17
-9
-17
-30
-27
-25
-25
-20
-12
-3
-2
-1
3
8
18
14
18
25
21
25
33
47
53
62
62
64
74
72
68
70
77
79
81
78
80
87
93
101
111
108
105
106
89
74
57
51
50
40
34
29
23
18
18
17
11
5
2
-1
-5
-11
-18
-20
-22
-36
-44
-38
-32
-31
-25
-15
-12
-18
-34
-43
-40
-36
-35
-37
-41
-49
-54
-60
-66
-73
-72
-72
-70
-59
-54
-40
-38
-31
-23
-28
-30
-29
-37
-45
-50
-56
-64
-71
-69
-70
-63
-52
-44
-44
-43
-42
-42
-39
-49
-53
-51
-52
-50
-41
-30
-24
-15
-10
-2
-3
-6
-7
-13
-10
-12
-9
-1
2
8
15
25
29
35
35
28
28
27
25
27
39
48
48
51
43
39
35
34
37
47
56
69
81
72
74
67
61
58
59
56
53
52
48
45
40
35
27
16
5
-1
1
13
17
14
16
19
19
21
24
26
31
44
48
36
22
8
4
5
0
8
21
29
26
12
7
0
-6
-6
-11
-5
-1
0
0
3
2
-6
-4
4
4
0
-1
6
7
2
2
-2
0
0
-1
1
-1
-18
-33
-39
-53
-70
-76
-73
-70
-62
-64
-63
-61
-70
-78
-90
-93
-87
-79
-78
-82
-88
-87
-80
-72
-66
-52
-39
-34
-15
-1
11
18
16
30
35
32
33
28
30
33
37
36
35
37
25
17
13
6
14
16
18
16
10
18
21
25
34
30
29
32
32
34
35
43
42
36
42
30
23
22
17
26
34
35
38
37
42
40
34
32
22
16
11
1
-2
-6
-15
-26
-35
-36
-32
-36
-33
-37
-46
-48
-51
-59
-66
-63
-63
-67
-67
-63
-55
-47
-41
-32
-33
-36
-36
-28
-13
-2
14
28
41
53
66
71
81
80
69
65
61
57
55
56
50
46
45
43
40
29
24
20
10
2
-1
2
4
2
10
14
9
5
4
1
-4
-1
2
3
8
10
6
8
14
19
14
17
12
2
4
-5
-10
-15
-19
-8
3
2
1
-2
-10
-11
-15
-14
-16
-16
-22
-30
-30
-32
-28
-26
-13
1
11
17
17
11
8
1
4
6
11
19
11
13
14
4
-8
-15
-27
-33
-39
-44
-32
-25
-17
-18
-22
-31
-41
-47
-55
-55
-56
-55
-53
-51
-49
-43
-36
-31
-27
-32
-36
-39
-35
-35
-35
-31
-30
-26
-27
-25
-27
-22
-19
-19
-13
-5
6
19
28
25
29
33
40
49
52
49
48
45
45
51
54
52
42
37
33
23
8
-3
-14
-20
-20
-17
-11
-3
2
0
1
-1
9
18
23
26
32
39
36
39
43
37
31
29
30
32
48
52
48
48
44
39
40
34
29
28
29
29
26
25
18
21
22
26
32
38
37
28
23
11
5
4
1
4
6
6
15
18
15
17
10
1
-7
-16
-17
-25
-26
-33
-46
-53
-56
-51
-47
-40
-32
-28
-29
-17
-17
-29
-31
-39
-39
-30
-27
-25
-24
-24
-29
-26
-32
-35
-30
-35
-32
-30
-29
-21
-19
-22
-21
-23
-25
-23
-15
-10
-8
-11
-8
-3
0
5
-9
-20
-25
-29
-25
-16
-15
-19
-28
-37
-45
-56
-55
-49
-50
-48
-46
-39
-34
-34
-39
-41
-39
-37
-32
-27
-19
-16
-4
5
8
12
24
40
51
52
53
52
50
46
39
42
43
51
51
62
70
61
53
41
31
25
21
21
23
24
32
38
32
30
26
30
33
42
46
45
56
65
72
74
80
83
88
97
101
95
80
68
55
31
13
11
12
13
14
8
-2
-8
-13
-17
-23
-36
-33
-32
-40
-45
-59
-62
-62
-65
-56
-44
-34
-27
-25
-12
-21
-42
-36
-16
-10
-1
8
18
21
20
23
18
9
-7
-23
-28
-31
-33
-33
-33
-38
-49
-58
-61
-66
-66
-66
-66
-70
-70
-72
-71
-67
-64
-57
-52
-44
-43
-51
-61
-63
-57
-48
-25
-6
10
21
26
35
44
54
58
52
49
49
42
35
24
21
17
10
7
4
4
-7
-18
-32
-47
-59
-63
-53
-52
-52
-38
-25
-8
0
-1
7
15
17
21
29
29
26
28
46
55
62
77
82
88
82
74
66
60
54
44
45
41
37
34
28
21
19
19
17
18
25
27
31
30
27
22
18
20
15
17
20
25
19
11
5
5
10
22
32
30
31
35
28
20
11
1
-11
-17
-19
-23
-30
-34
-34
-46
-53
-49
-44
-45
-45
-45
-45
-39
-45
-48
-55
-47
-44
-38
-22
-13
-11
-5
2
-1
-2
-8
-9
-6
-5
-1
2
-1
1
-1
3
5
0
-6
-18
-31
-39
-41
-38
-31
-27
-20
-10
-7
-18
-23
-20
-28
-32
-31
-27
-16
-1
4
14
23
18
25
27
23
22
26
35
46
52
45
38
26
22
21
25
31
33
36
36
36
32
19
-2
-15
-25
-23
-19
-19
-12
-14
-15
-16
-7
-6
-3
-8
-18
-16
-24
-33
-34
-34
-31
-26
-24
-13
-13
-16
-13
-4
-3
-5
-6
-5
10
16
15
9
8
11
4
-1
-5
-7
-3
-3
3
4
-1
2
1
0
3
6
12
11
7
9
15
27
28
30
22
16
12
13
14
15
14
15
24
23
21
20
22
18
20
24
25
28
35
34
24
17
2
-7
-11
-14
-14
-16
-14
-16
-20
-19
-18
-22
-26
-25
-19
-15
-8
-5
-6
-8
-4
2
6
8
14
20
21
18
17
13
5
4
5
6
8
11
11
6
1
0
-1
-5
-3
-1
-10
-18
-13
-16
-19
-18
-14
-4
0
7
10
15
11
7
0
4
4
3
12
9
11
4
1
5
-1
-13
-25
-33
-31
-27
-29
-31
-26
-25
-19
-10
-11
-12
-10
-8
-7
-9
-13
-14
-15
-20
-20
-24
-32
-31
-27
-27
-27
-32
-25
-14
-11
-10
-6
-4
-8
-9
-18
-27
-31
-27
-26
-28
-25
-32
-27
-25
-26
-28
-18
-2
8
20
25
23
24
18
12
15
13
21
35
34
32
26
21
15
13
19
22
28
21
11
12
20
26
32
41
43
41
35
33
36
39
41
38
30
36
44
44
47
49
55
48
48
49
40
37
33
24
13
7
2
12
19
26
29
28
30
27
23
16
10
17
23
23
22
10
9
3
-3
-1
4
18
21
27
19
0
-2
-11
-15
-22
-34
-34
-39
-51
-60
-62
-62
-59
-60
-64
-66
-66
-69
-78
-77
-71
-76
-70
-59
-59
-57
-55
-58
-62
-74
-74
-74
-67
-54
-43
-27
-19
-16
-12
-14
-23
-30
-35
-34
-40
-41
-40
-36
-28
-26
-32
-35
-35
-32
-25
-27
-31
-33
-29
-24
-18
-8
2
15
30
38
42
49
52
57
59
63
67
64
75
78
84
96
94
97
98
99
91
78
73
67
61
57
55
49
51
48
45
41
39
37
40
39
36
34
39
46
48
53
52
48
54
58
59
64
69
77
70
64
45
31
23
11
13
5
2
-3
-12
-26
-41
-52
-53
-49
-48
-52
-62
-71
-90
-104
-118
-133
-137
-128
-108
-84
-61
-47
-43
-43
-45
-45
-52
-55
-55
-53
-54
-56
-50
-40
-22
-6
-1
0
-1
-9
-17
-26
-32
-38
-49
-45
-41
-31
-16
-19
-21
-20
-19
-17
-17
-18
-17
-18
-18
-16
-4
9
32
53
76
96
106
88
73
135
79
-78
-152
-153
-106
-47
-68
-13
33
-24
-158
-263
-84
109
306
255
257
394
259
301
133
-251
-80
37
32
243
102
425
430
-378
-427
-508
-488
-84
142
255
269
45
-354
-307
-198
-439
-324
-156
-78
203
297
387
305
134
-52
-46
106
201
429
563
874
864
474
5
-400
-419
-442
-350
-73
204
304
16
-209
-356
-585
-671
-518
-251
-42
-29
157
168
-90
-167
-454
-358
-324
-188
165
269
726
852
389
340
144
-323
-245
-223
-16
256
279
308
30
-515
-391
-549
-845
-358
-346
-173
247
337
442
189
45
-111
-433
-21
148
236
761
697
426
389
46
-171
-250
-453
-235
-47
187
323
-91
-214
-291
-543
-465
-432
-450
-163
-12
63
208
177
42
-119
-268
-222
-80
77
411
489
530
595
306
227
210
34
87
168
192
326
293
247
58
-108
-164
-285
-293
-240
-184
-72
-113
-95
-159
-196
-159
-370
-275
-151
-78
101
220
205
134
-2
-107
-124
-89
68
61
164
171
23
54
-38
-143
-85
-112
-28
121
47
104
-24
-86
-46
-184
-42
41
62
132
131
135
134
71
20
3
23
72
121
181
112
33
-11
-22
-37
25
49
-16
17
2
-19
-44
-113
-106
-76
-95
-20
5
-18
-22
-115
-143
-140
-102
-63
-87
-26
15
-38
-35
-73
-112
-88
-104
-104
-36
62
77
40
-16
-111
-187
-201
-86
25
22
84
92
93
162
175
253
392
508
588
657
733
749
698
632
554
470
367
276
133
3
-76
-281
-521
-699
-812
-914
-1070
-1095
-1090
-1158
-1181
-1249
-1299
-1308
-1307
-1227
-1097
-912
-716
-586
-453
-278
-98
68
272
500
692
890
1084
1222
1358
1424
1410
1406
1365
1352
1315
1193
1056
894
690
506
362
173
12
-117
-229
-281
-272
-271
-283
-278
-262
-231
-164
-80
-24
37
84
191
297
460
589
577
522
619
1124
1881
2451
2203
1561
1112
842
585
534
940
1286
766
-672
-1732
-1558
-1051
-1731
-3035
-3601
-3220
-2599
-2450
-2572
-2851
-3335
-3966
-4385
-4118
-3115
-1957
-1310
-1333
-1477
-998
-31
526
263
129
772
1877
2715
3219
3758
4059
3760
3004
2582
2643
2737
2508
2025
1643
1442
1163
587
-191
-1128
-1958
-2430
-2422
-2019
-1590
-1478
-1705
-1903
-1832
-1595
-1432
-1232
-872
-372
232
950
1704
2166
2193
1941
1736
1797
2126
2428
2528
2573
2584
2490
2175
1688
1120
536
30
-311
-380
-279
-346
-717
-1172
-1534
-1777
-1959
-2074
-2010
-1794
-1487
-1034
-593
-281
-154
-84
182
848
1871
2827
3251
3056
2569
2222
2191
2202
2110
1827
1354
440
-587
-1180
-1365
-1752
-2914
-4099
-4516
-4200
-3884
-3997
-4491
-5127
-5644
-5848
-5582
-4886
-3992
-3257
-2721
-2324
-1697
-710
304
870
956
1272
2249
3638
4744
5365
5639
5605
5226
4689
4323
4083
3727
3026
2190
1493
1056
574
-261
-1387
-2521
-3268
-3488
-3299
-2993
-2779
-2768
-2802
-2650
-2186
-1602
-1131
-754
-278
472
1396
2318
2988
3304
3328
3286
3363
3564
3787
3802
3551
3195
2932
2674
2274
1604
770
-45
-724
-1144
-1383
-1585
-1941
-2382
-2712
-2827
-2808
-2735
-2664
-2533
-2238
-1700
-1029
-437
15
352
752
1447
2623
3757
4282
4029
3461
3082
2860
2639
2515
2454
2034
794
-765
-1559
-1645
-2073
-3506
-4991
-5531
-5209
-4747
-4666
-4984
-5533
-6070
-6317
-6092
-5435
-4427
-3376
-2607
-2175
-1554
-321
1053
1712
1592
1699
2620
3988
5065
5624
5847
5845
5463
4829
4259
3773
3158
2196
1071
201
-177
-427
-1038
-2082
-3156
-3834
-3980
-3785
-3482
-3224
-3133
-2994
-2558
-1772
-898
-252
117
488
1116
1967
2866
3541
3895
4011
4053
4144
4330
4419
4174
3606
2996
2600
2341
1946
1281
475
-360
-1067
-1573
-1884
-2111
-2452
-2832
-3030
-2937
-2654
-2377
-2189
-2020
-1738
-1239
-594
29
483
771
1086
1748
2933
4209
4844
4574
3864
3286
2918
2607
2416
2353
1942
642
-1023
-1790
-1673
-2004
-3493
-5165
-5871
-5579
-5063
-4858
-5000
-5418
-5897
-6168
-6011
-5362
-4359
-3383
-2746
-2439
-1863
-485
1116
1885
1781
1803
2580
3782
4709
5193
5430
5450
5188
4751
4348
3977
3360
2284
1003
-2
-476
-702
-1172
-2017
-2942
-3551
-3692
-3534
-3296
-3161
-3232
-3253
-2856
-2006
-1059
-362
112
604
1221
1988
2754
3313
3611
3707
3750
3871
4122
4315
4162
3620
2980
2482
2101
1652
1021
290
-409
-1006
-1451
-1698
-1895
-2200
-2587
-2844
-2827
-2609
-2350
-2119
-1906
-1566
-1062
-472
88
537
879
1140
1531
2344
3485
4333
4432
3940
3464
3147
2791
2324
1999
1755
980
-462
-1686
-1925
-1895
-2661
-4104
-5144
-5282
-4927
-4687
-4784
-5122
-5488
-5682
-5602
-5217
-4532
-3614
-2789
-2314
-1980
-1147
252
1414
1746
1724
2204
3247
4238
4818
5136
5284
5271
5053
4689
4308
3860
3160
2143
1066
259
-204
-637
-1345
-2258
-3016
-3366
-3390
-3286
-3214
-3231
-3279
-3167
-2744
-2062
-1372
-820
-322
238
917
1661
2303
2754
3004
3108
3198
3323
3517
3606
3392
2977
2572
2289
2023
1609
1036
381
-302
-874
-1291
-1589
-1792
-2016
-2222
-2303
-2225
-2026
-1820
-1680
-1553
-1281
-829
-273
222
632
979
1270
1510
1810
2297
2916
3404
3504
3312
3046
2782
2443
2090
1783
1370
574
-574
-1476
-1752
-1840
-2371
-3292
-3989
-4130
-3966
-3879
-4039
-4370
-4664
-4869
-4909
-4685
-4124
-3374
-2753
-2428
-2168
-1502
-424
502
864
965
1315
1931
2477
2844
3188
3560
3818
3865
3769
3663
3535
3221
2616
1806
1096
669
339
-147
-766
-1282
-1531
-1619
-1731
-1787
-1745
-1757
-1831
-1777
-1503
-1131
-771
-484
-201
179
675
1224
1664
1905
2009
2019
2026
2084
2079
1915
1670
1471
1395
1433
1360
1124
779
329
-140
-515
-795
-938
-1115
-1349
-1424
-1372
-1201
-1040
-922
-782
-688
-562
-388
-212
3
166
292
393
465
575
667
701
690
630
599
653
777
950
1067
1020
849
690
581
462
324
209
98
-115
-467
-820
-1005
-1082
-1274
-1611
-1868
-1855
-1657
-1510
-1540
-1667
-1797
-1892
-1956
-2010
-1982
-1818
-1607
-1485
-1404
-1175
-713
-218
48
94
155
360
578
676
714
830
1043
1256
1400
1473
1534
1587
1510
1288
1009
801
720
628
419
196
80
65
40
-37
-51
37
121
148
148
173
187
182
165
149
182
240
287
324
381
433
440
385
301
176
75
68
86
101
107
110
140
158
172
236
272
276
262
240
282
362
373
352
328
316
335
325
302
284
234
149
46
-44
-86
-145
-242
-378
-488
-498
-507
-569
-662
-740
-731
-647
-552
-404
-169
97
267
324
379
487
586
633
655
702
689
506
249
114
94
37
-134
-368
-519
-595
-661
-775
-965
-1223
-1482
-1708
-1932
-2100
-2136
-2051
-1992
-2016
-1997
-1774
-1421
-1161
-1036
-918
-723
-492
-245
39
359
686
967
1200
1397
1557
1752
1928
1967
1883
1791
1740
1645
1484
1287
1087
881
679
508
392
274
118
-90
-316
-461
-551
-598
-626
-642
-592
-481
-323
-172
-26
161
330
484
622
733
860
992
1080
1134
1161
1180
1212
1196
1129
1037
925
799
642
463
295
131
-51
-244
-401
-503
-597
-698
-821
-939
-1019
-1059
-1045
-1028
-1030
-1005
-956
-883
-789
-650
-482
-348
-237
-132
-10
147
326
527
755
977
1123
1130
1114
1126
1077
954
836
713
484
130
-227
-419
-561
-819
-1140
-1327
-1379
-1419
-1507
-1649
-1814
-2003
-2167
-2266
-2289
-2261
-2158
-1998
-1870
-1748
-1514
-1115
-704
-412
-211
49
384
662
852
1034
1254
1445
1556
1630
1713
1771
1756
1653
1462
1222
999
811
627
426
240
110
28
-23
-59
-84
-106
-110
-66
24
113
180
250
338
419
513
642
786
918
1014
1045
1064
1087
1070
1025
960
893
837
743
643
546
409
256
66
-115
-271
-394
-487
-593
-710
-797
-888
-915
-900
-886
-848
-801
-709
-602
-483
-368
-264
-189
-121
-56
38
136
218
301
363
413
471
508
513
544
589
663
758
842
876
808
702
585
419
231
66
-72
-291
-633
-972
-1146
-1176
-1252
-1436
-1570
-1560
-1494
-1437
-1385
-1326
-1311
-1338
-1370
-1362
-1272
-1098
-937
-886
-886
-826
-604
-320
-147
-97
-69
4
68
67
102
223
322
338
352
443
535
572
555
494
431
391
389
391
380
357
347
371
448
570
695
785
833
870
922
974
1009
1012
982
947
909
900
925
937
898
796
674
558
483
417
310
199
70
-51
-112
-145
-164
-210
-272
-304
-322
-316
-294
-294
-319
-322
-304
-253
-168
-88
-3
76
157
275
375
436
487
496
493
454
377
308
238
155
44
-67
-125
-172
-232
-259
-167
30
169
170
106
93
104
93
82
114
108
-59
-306
-407
-300
-230
-353
-562
-637
-613
-605
-668
-809
-1012
-1265
-1536
-1771
-1900
-1920
-1903
-1969
-2095
-2138
-1953
-1628
-1427
-1412
-1380
-1205
-997
-804
-575
-239
119
364
563
826
1135
1400
1523
1504
1487
1499
1511
1505
1451
1355
1255
1181
1137
1110
1078
1026
915
767
656
596
547
494
416
313
235
233
267
316
345
317
263
205
185
167
132
112
118
144
192
268
366
427
410
388
406
448
471
438
398
379
367
359
351
370
368
297
177
45
-33
-90
-162
-288
-446
-570
-664
-743
-792
-805
-786
-697
-469
-92
342
659
773
764
754
773
833
936
1003
869
487
128
57
120
-44
-450
-827
-1027
-1176
-1372
-1601
-1844
-2163
-2573
-2964
-3208
-3248
-3161
-3068
-3076
-3117
-2968
-2552
-2063
-1775
-1631
-1380
-1005
-630
-228
304
944
1481
1820
2053
2336
2652
2829
2791
2617
2450
2324
2196
2042
1865
1655
1384
1067
812
671
554
346
28
-258
-409
-477
-481
-448
-400
-365
-318
-213
-38
157
283
324
346
428
587
776
965
1126
1233
1295
1337
1426
1507
1488
1360
1194
1056
927
755
560
379
187
-31
-238
-398
-521
-687
-911
-1123
-1252
-1287
-1276
-1254
-1238
-1201
-1128
-987
-796
-540
-114
494
1112
1521
1670
1703
1732
1708
1668
1707
1729
1477
881
298
80
57
-269
-932
-1548
-1899
-2119
-2385
-2697
-3014
-3390
-3880
-4359
-4628
-4565
-4257
-3959
-3832
-3761
-3424
-2730
-1990
-1521
-1199
-740
-136
418
946
1642
2454
3078
3345
3434
3612
3844
3914
3729
3361
2971
2628
2299
1939
1528
1077
571
20
-475
-805
-1019
-1275
-1619
-1912
-2001
-1903
-1693
-1405
-1095
-839
-626
-353
36
464
823
1081
1331
1676
2103
2493
2790
2974
3025
2934
2752
2586
2434
2201
1838
1418
1046
741
421
25
-396
-775
-1142
-1475
-1742
-1915
-2015
-2107
-2179
-2152
-1981
-1747
-1527
-1306
-991
-507
273
1271
2133
2561
2579
2503
2442
2402
2495
2768
2807
2169
1123
421
318
154
-625
-1654
-2347
-2702
-3058
-3443
-3716
-4003
-4585
-5419
-6074
-6166
-5657
-4932
-4430
-4287
-4139
-3563
-2643
-1852
-1327
-740
58
823
1446
2245
3421
4523
4977
4862
4682
4763
4908
4821
4509
4100
3653
3110
2487
1856
1245
542
-355
-1311
-2030
-2397
-2612
-2878
-3177
-3362
-3382
-3248
-2948
-2521
-2129
-1876
-1609
-1082
-285
541
1229
1754
2160
2476
2740
3009
3306
3529
3539
3408
3332
3363
3295
2964
2410
1776
1183
678
291
14
-252
-659
-1241
-1777
-2105
-2268
-2409
-2582
-2628
-2458
-2177
-1812
-1124
64
1354
2014
1926
1699
1812
2068
2361
2969
3861
4122
3054
1440
693
880
737
-337
-1503
-1922
-1885
-2094
-2657
-3321
-4153
-5341
-6652
-7420
-7127
-5916
-4677
-4258
-4691
-5052
-4598
-3710
-3103
-2665
-1730
-301
924
1781
2825
4167
5038
4863
4174
3981
4575
5432
5950
5966
5608
4979
4061
2920
1897
1161
558
-95
-753
-1152
-1303
-1598
-2360
-3450
-4382
-4852
-4715
-4006
-2990
-2115
-1652
-1462
-1257
-908
-483
-59
403
1043
1821
2651
3384
3854
3829
3317
2700
2440
2673
3065
3232
3059
2658
2094
1403
719
181
-267
-737
-1196
-1392
-1318
-1268
-1497
-1946
-2303
-2484
-2382
-1745
-328
1360
2146
1726
951
760
1151
1821
2949
4304
4660
3101
764
-129
744
1403
610
-614
-990
-870
-1352
-2438
-3447
-4285
-5390
-6571
-6920
-5978
-4437
-3671
-4499
-6321
-7479
-6831
-4963
-3295
-2179
-1115
-78
288
51
411
1824
3249
3705
3735
4480
5837
6670
6356
5302
4241
3557
3304
3430
3762
3863
3232
1789
44
-1195
-1529
-1457
-1708
-2326
-2829
-3004
-3048
-3171
-3299
-3340
-3294
-3019
-2206
-900
201
509
214
-19
251
999
1971
2871
3306
3113
2590
2293
2475
2778
2771
2459
2164
1978
1743
1365
896
383
-194
-719
-948
-833
-721
-942
-1464
-1945
-2097
-1934
-1480
-567
794
1854
1728
690
14
453
1623
2936
4287
5053
3941
1028
-1194
-480
1907
2857
1602
-5
-720
-1327
-2570
-3568
-3609
-3486
-4198
-5269
-5474
-4734
-4225
-4951
-6589
-7671
-6923
-4661
-2594
-2028
-2450
-2676
-2461
-2110
-1151
1055
3552
4471
3534
2577
3080
4390
5125
5112
4996
5001
4741
4122
3569
3287
2948
2209
1363
970
1068
940
-16
-1471
-2569
-2852
-2564
-2173
-1996
-2251
-2959
-3640
-3524
-2475
-1291
-742
-782
-878
-698
-233
472
1299
1842
1829
1538
1566
2059
2512
2455
2034
1800
1928
2047
1823
1387
986
561
128
-21
204
304
-213
-1068
-1556
-1412
-1063
-908
-914
-804
-261
677
1394
1175
339
74
851
2122
3338
4449
4730
2881
-437
-1969
305
3772
4390
1936
-573
-1513
-1954
-2665
-2590
-1552
-1396
-3243
-5554
-6117
-5005
-4054
-4443
-5688
-6448
-5842
-4352
-3302
-3344
-3615
-3138
-2208
-1530
-706
921
2468
2452
1356
1370
3230
5136
5389
4550
3999
3996
3952
3820
3947
4079
3604
2476
1491
1289
1544
1330
204
-1169
-1831
-1614
-1235
-1336
-1882
-2574
-3179
-3382
-2799
-1665
-983
-1297
-1887
-1794
-972
-100
396
614
658
616
760
1384
2191
2442
1947
1375
1404
1898
2175
1989
1607
1305
1055
827
729
659
299
-360
-758
-566
-165
-228
-791
-1329
-1480
-1026
81
1405
1808
736
-583
-580
899
2562
3583
3833
2767
216
-1888
-805
2858
4872
2736
-1031
-2640
-1737
-729
-675
-777
-1218
-2965
-5390
-6175
-4490
-2448
-2463
-4547
-6621
-6839
-5203
-3335
-2632
-2987
-3189
-2740
-2179
-1703
-652
993
1942
1579
1241
2318
3956
4371
3542
3119
3850
4705
4709
4122
3575
3058
2522
2335
2703
3100
2626
1070
-639
-1324
-796
5
91
-713
-1931
-3007
-3468
-2964
-1746
-879
-1267
-2412
-2917
-2244
-1127
-383
-104
-62
-189
-302
46
906
1618
1612
1175
1037
1379
1733
1743
1560
1459
1481
1456
1312
1097
839
570
436
510
538
245
-331
-810
-892
-648
-350
-81
355
909
938
197
-508
-58
1345
2431
2699
2678
2233
547
-1507
-1103
2341
4979
3231
-1163
-3384
-1980
-14
184
-519
-1154
-2582
-4897
-5906
-4160
-1636
-1356
-3672
-6228
-6787
-5189
-3042
-2051
-2486
-3153
-3083
-2542
-2029
-1107
508
1707
1444
665
1132
2640
3403
2938
2716
3538
4253
3791
2948
2872
3291
3307
2917
2720
2602
1941
806
131
469
1124
1000
-64
-1257
-1885
-1983
-1814
-1383
-851
-888
-1869
-2963
-2981
-1926
-922
-682
-832
-907
-949
-992
-680
98
752
739
365
351
836
1303
1378
1270
1268
1308
1235
1167
1319
1543
1503
1153
756
473
322
245
303
411
325
-8
-449
-568
-58
979
1680
1171
-67
-590
340
1792
2569
2655
2088
498
-1493
-1391
1692
4442
2987
-1444
-3823
-2096
443
581
-789
-1724
-2540
-4090
-4951
-3512
-1273
-1259
-3780
-6017
-5714
-3622
-2081
-2162
-3037
-3305
-2599
-1729
-1315
-920
-29
767
692
355
1015
2365
2893
2329
2140
3060
3794
3176
2091
2065
2968
3506
3207
2631
2167
1624
1020
865
1305
1699
1290
214
-676
-794
-432
-273
-531
-939
-1308
-1660
-1807
-1501
-969
-879
-1344
-1752
-1620
-1205
-985
-914
-715
-485
-516
-692
-553
-15
456
540
486
607
756
687
632
1011
1611
1756
1270
765
766
1017
1112
1007
906
734
393
112
138
514
1094
1626
1483
395
-631
-324
1180
2250
2162
1718
1137
-294
-1924
-1207
2065
3914
1270
-3047
-3944
-1070
1112
263
-1526
-2245
-2763
-3853
-3997
-2178
-466
-1313
-3968
-5511
-4590
-2549
-1389
-1653
-2492
-2819
-2394
-1873
-1589
-1016
165
1019
632
-187
41
1186
1895
1916
2259
2942
2761
1577
997
2014
3400
3578
2700
1889
1561
1418
1500
1999
2509
2172
1002
12
-14
629
1032
744
53
-594
-971
-1011
-727
-381
-503
-1186
-1833
-1807
-1271
-929
-1068
-1350
-1446
-1411
-1304
-984
-488
-204
-408
-716
-523
136
653
714
647
819
1052
1047
973
1187
1565
1615
1303
1093
1211
1302
1115
823
698
770
1126
1698
1817
1008
-151
-355
622
1579
1713
1440
888
-520
-2251
-1919
1068
3286
1331
-2940
-4466
-1834
994
794
-1127
-2265
-2603
-3220
-3386
-1947
-166
-498
-2957
-4916
-4364
-2236
-892
-1266
-2358
-2774
-2354
-1939
-1868
-1427
-226
608
-14
-1169
-1069
348
1465
1522
1449
1717
1572
793
612
1829
3289
3410
2303
1376
1392
1937
2431
2727
2763
2324
1511
927
1033
1585
1864
1439
580
-116
-338
-211
-8
34
-301
-996
-1623
-1723
-1359
-1072
-1137
-1395
-1615
-1738
-1721
-1438
-972
-694
-776
-934
-760
-287
100
269
456
772
979
980
1027
1363
1714
1709
1463
1396
1592
1720
1548
1249
1052
918
871
1159
1679
1696
707
-487
-567
546
1492
1281
418
-418
-1292
-1982
-1246
852
1797
-384
-3593
-3841
-819
1484
455
-1994
-2935
-2354
-1943
-1734
-906
-157
-1037
-3094
-4046
-2817
-951
-428
-1407
-2529
-2725
-2167
-1650
-1436
-1066
-419
-197
-840
-1489
-990
382
1239
1083
752
837
946
874
1224
2195
2879
2473
1599
1421
2035
2639
2745
2599
2357
1924
1448
1368
1776
2077
1722
899
254
71
126
141
77
-172
-725
-1401
-1740
-1524
-1115
-1052
-1423
-1875
-2065
-1905
-1503
-1025
-723
-731
-913
-943
-618
-47
505
855
963
940
936
1124
1530
1962
2084
1814
1440
1373
1563
1665
1506
1269
1070
777
435
475
1041
1277
459
-774
-958
38
773
396
-192
-357
-843
-1981
-1986
120
1934
421
-2961
-3760
-846
1689
742
-1696
-2307
-1299
-994
-1485
-1166
-156
-444
-2278
-3554
-2762
-1079
-535
-1477
-2596
-2770
-2170
-1720
-1733
-1601
-928
-373
-745
-1527
-1352
-49
990
916
487
616
993
1044
1167
1900
2700
2616
1855
1484
1906
2495
2681
2548
2326
1967
1506
1335
1645
1957
1688
877
104
-209
-159
-37
-19
-260
-852
-1580
-1917
-1619
-1075
-891
-1229
-1700
-1871
-1611
-1121
-646
-403
-439
-567
-488
-23
633
1169
1370
1321
1260
1347
1640
2029
2289
2211
1840
1491
1424
1570
1590
1273
774
407
244
105
-51
-33
211
136
-553
-1346
-1285
-421
175
-75
-474
-533
-818
-1599
-1569
147
1720
705
-1941
-2630
-349
1734
975
-1104
-1696
-841
-609
-1218
-1265
-594
-796
-2229
-3325
-2830
-1683
-1414
-2130
-2802
-2759
-2377
-2251
-2354
-2091
-1286
-623
-836
-1458
-1302
-174
844
958
753
955
1257
1204
1247
1984
2797
2727
1978
1656
2165
2718
2694
2330
2037
1749
1369
1220
1464
1650
1221
326
-314
-326
-73
-93
-431
-827
-1104
-1287
-1315
-1138
-884
-847
-1076
-1260
-1125
-693
-241
91
236
215
192
405
906
1449
1744
1725
1538
1383
1466
1839
2225
2216
1774
1202
908
983
1156
1073
593
-52
-444
-473
-387
-555
-966
-1198
-947
-370
-179
-745
-1545
-1563
-611
405
647
385
-27
-716
-1494
-881
1478
3105
1388
-2054
-2817
83
2627
1562
-1097
-1924
-993
-881
-1753
-1792
-777
-824
-2568
-4049
-3614
-2238
-1795
-2438
-3003
-2858
-2548
-2607
-2690
-2055
-845
-175
-770
-1714
-1482
41
1386
1547
1105
970
1108
1152
1459
2327
3036
2682
1678
1291
1827
2411
2408
2121
1889
1543
975
667
981
1438
1247
390
-400
-565
-273
37
133
-39
-479
-983
-1066
-527
161
302
-153
-574
-421
146
633
784
726
601
485
527
893
1413
1613
1260
716
553
876
1253
1297
1029
708
436
204
94
171
292
146
-321
-781
-834
-508
-271
-481
-915
-1073
-671
-2
409
194
-406
-761
-324
594
1227
1179
711
92
-476
-373
854
2211
1740
-589
-2124
-861
1436
1548
-571
-2135
-1698
-936
-1343
-2079
-1932
-1609
-2288
-3460
-3685
-2921
-2358
-2623
-3081
-3086
-2790
-2637
-2643
-2380
-1657
-883
-768
-1251
-1429
-605
628
1208
1011
783
912
1138
1380
1910
2531
2569
1924
1437
1712
2324
2539
2285
1979
1756
1515
1337
1435
1699
1736
1324
684
246
315
818
1235
1055
343
-316
-338
243
844
908
409
-216
-457
-144
417
766
605
66
-388
-352
155
633
626
190
-226
-289
-104
101
241
292
163
-147
-423
-409
-96
246
292
-17
-454
-646
-470
-65
185
106
-225
-533
-480
35
835
1169
623
-343
-582
314
1424
1714
1175
486
-112
-516
-62
1310
2169
848
-1479
-2087
-259
1240
289
-1693
-2261
-1482
-1403
-2271
-2687
-2090
-1851
-2734
-3775
-3821
-3131
-2704
-2799
-2970
-2975
-2937
-2950
-2752
-2097
-1177
-633
-876
-1368
-1157
-35
1056
1335
1077
1007
1255
1462
1693
2161
2629
2604
2212
2061
2350
2693
2736
2613
2514
2388
2179
2043
2118
2249
2162
1815
1450
1284
1305
1312
1172
939
681
394
157
147
324
351
-35
-588
-820
-637
-412
-430
-631
-821
-998
-1153
-1156
-910
-595
-558
-822
-1018
-833
-409
-116
-100
-182
-198
-139
18
316
652
724
463
192
282
662
876
763
549
493
470
343
245
420
844
1120
891
216
-325
-171
523
1043
897
461
19
-545
-1122
-808
585
1387
-45
-2455
-2787
-619
989
-199
-2388
-2835
-1778
-1465
-2284
-2659
-2027
-1826
-2779
-3748
-3523
-2629
-2222
-2491
-2781
-2749
-2604
-2491
-2272
-1725
-990
-552
-751
-1163
-936
127
1151
1362
1061
1045
1410
1736
2006
2480
2972
2999
2652
2518
2847
3247
3360
3287
3170
2961
2696
2608
2707
2701
2414
2000
1651
1392
1251
1240
1204
836
153
-383
-429
-208
-143
-406
-874
-1268
-1428
-1341
-1140
-1034
-1127
-1342
-1495
-1422
-1138
-788
-626
-779
-979
-865
-418
31
158
66
20
119
268
433
640
794
795
660
522
480
557
654
676
548
321
146
74
28
-69
-191
-195
-37
283
424
24
-734
-982
-228
710
814
202
-239
-449
-907
-1065
44
1510
968
-1593
-3023
-1325
1076
790
-1551
-2720
-1803
-1093
-1787
-2460
-1936
-1367
-2094
-3411
-3710
-2820
-1921
-1850
-2362
-2809
-2798
-2415
-1969
-1520
-882
-253
-268
-894
-1041
78
1615
2155
1668
1316
1617
2032
2275
2751
3439
3576
2917
2272
2406
3049
3409
3241
2869
2512
2139
1856
1888
2184
2334
1924
1093
478
541
970
1074
654
87
-261
-439
-515
-369
-48
-57
-692
-1395
-1421
-821
-379
-553
-1057
-1355
-1341
-1212
-1048
-864
-792
-961
-1204
-1209
-901
-510
-315
-367
-508
-553
-370
28
423
537
368
169
198
453
726
877
877
718
483
310
346
556
725
627
297
-48
-160
-15
312
637
602
-36
-790
-795
23
689
470
-102
-432
-754
-1264
-1018
396
1267
-136
-2364
-2405
-198
993
-429
-2183
-1930
-823
-1052
-2182
-2278
-1289
-1040
-2084
-3059
-2894
-2143
-1765
-1848
-1994
-2016
-1960
-1886
-1699
-1192
-409
62
-240
-758
-446
712
1549
1452
1155
1436
1947
2059
2034
2415
2955
3027
2709
2575
2775
2949
2952
2958
2959
2743
2380
2182
2224
2277
2160
1849
1448
1072
847
812
813
617
174
-330
-681
-749
-647
-706
-1094
-1548
-1769
-1734
-1646
-1652
-1710
-1810
-1991
-2140
-1988
-1541
-1183
-1228
-1480
-1476
-1124
-702
-440
-265
-71
17
-1
154
604
1014
1000
715
624
866
1122
1143
1043
963
832
624
512
572
602
421
98
-142
-201
-210
-259
-308
-419
-639
-629
-165
296
11
-795
-998
-158
709
621
161
170
89
-668
-909
576
2091
1033
-1730
-2441
-72
1723
344
-2016
-2086
-693
-660
-2040
-2508
-1514
-1003
-1976
-3082
-3011
-2245
-1835
-1893
-2001
-1990
-1882
-1719
-1515
-1094
-296
426
439
-58
3
1073
2160
2309
2001
2137
2547
2565
2432
2777
3365
3417
2864
2397
2362
2461
2474
2477
2363
1880
1215
855
907
1054
984
670
210
-255
-523
-503
-355
-420
-733
-1032
-1172
-1205
-1142
-995
-904
-1022
-1344
-1534
-1345
-987
-765
-790
-967
-1186
-1254
-991
-499
-185
-348
-716
-814
-482
-71
138
217
251
212
169
310
687
1026
1022
782
678
811
983
1062
1099
1086
910
619
460
558
756
708
369
8
-214
-237
-216
-258
-400
-576
-711
-821
-683
-337
-208
-701
-1364
-1295
-466
152
-139
-590
-566
-646
-1141
-984
327
1025
-357
-2198
-1695
563
1189
-668
-2130
-1253
48
-395
-1626
-1578
-527
-284
-1214
-1955
-1698
-1035
-674
-670
-843
-971
-854
-632
-490
-218
375
776
474
-43
215
1169
1643
1243
951
1338
1664
1390
1167
1576
2073
1921
1359
1140
1345
1497
1454
1427
1373
1115
797
697
783
891
910
761
451
141
58
200
280
109
-103
-169
-271
-488
-572
-390
-210
-359
-718
-892
-685
-425
-413
-568
-661
-644
-554
-426
-300
-195
-176
-217
-195
-35
182
315
325
306
353
463
506
514
587
662
616
492
472
566
554
356
155
111
94
-47
-200
-245
-379
-712
-954
-884
-680
-729
-1051
-1284
-1230
-1096
-1043
-987
-940
-838
-593
-341
-431
-807
-717
58
711
487
39
242
509
-65
-532
552
2084
1508
-854
-1682
306
2087
986
-1227
-1423
10
339
-866
-1582
-937
-391
-1002
-1919
-2008
-1457
-1075
-1114
-1341
-1509
-1466
-1254
-1074
-868
-427
21
-62
-540
-534
266
1003
955
625
780
1171
1165
954
1139
1615
1785
1558
1362
1374
1402
1450
1675
1882
1713
1303
1146
1338
1521
1481
1357
1234
1065
908
926
1069
1045
769
481
379
360
302
214
110
-62
-283
-442
-563
-671
-670
-497
-414
-743
-1234
-1276
-778
-355
-447
-770
-828
-635
-472
-372
-165
49
41
-122
-133
106
396
557
552
407
210
143
286
450
379
115
-112
-242
-390
-519
-496
-455
-648
-1069
-1382
-1342
-1113
-1028
-1190
-1388
-1463
-1409
-1294
-1149
-1045
-920
-612
-228
-142
-461
-626
-100
737
1085
882
803
828
413
-11
725
2191
2263
322
-1194
-147
1837
1744
-253
-1271
-346
411
-476
-1636
-1430
-509
-567
-1689
-2506
-2280
-1601
-1288
-1465
-1733
-1773
-1653
-1598
-1442
-855
-97
69
-483
-804
-144
897
1270
1057
1079
1443
1521
1274
1409
2104
2619
2410
1858
1639
1835
2066
2142
2132
2042
1809
1493
1295
1340
1486
1470
1229
953
831
792
680
571
586
626
479
188
16
88
216
228
124
-54
-288
-462
-369
-92
27
-228
-626
-806
-721
-541
-463
-569
-813
-1035
-1081
-981
-885
-890
-969
-1066
-1169
-1224
-1140
-944
-815
-875
-1009
-1039
-926
-774
-646
-577
-601
-692
-713
-571
-362
-275
-349
-443
-458
-423
-341
-198
-99
-147
-284
-291
-188
-87
-26
19
13
-81
-67
268
739
814
432
136
359
862
1107
1073
1059
1023
661
214
401
1263
1748
948
-340
-584
395
1077
401
-754
-1011
-513
-468
-1150
-1658
-1397
-1054
-1397
-2144
-2438
-2120
-1745
-1732
-1881
-1815
-1573
-1454
-1488
-1295
-651
19
169
-100
-79
572
1311
1546
1481
1648
2039
2194
2039
2059
2495
2922
2871
2470
2210
2263
2403
2433
2343
2194
1940
1577
1271
1179
1261
1247
960
512
144
-3
9
26
-131
-441
-690
-792
-866
-995
-1104
-1042
-915
-1049
-1443
-1636
-1419
-1098
-1088
-1341
-1482
-1399
-1260
-1200
-1152
-1063
-995
-998
-979
-876
-742
-617
-496
-385
-327
-311
-229
-40
168
285
313
334
335
326
361
462
595
629
511
334
247
300
390
395
269
104
1
-43
-87
-122
-83
-34
-96
-299
-455
-418
-256
-208
-299
-253
-56
56
-67
-203
-138
67
268
389
460
348
106
-2
166
425
551
521
305
-55
-253
12
425
301
-396
-895
-747
-488
-636
-962
-1001
-952
-1181
-1511
-1514
-1236
-1085
-1162
-1209
-1137
-1089
-1036
-840
-531
-244
-81
-31
8
195
587
975
1137
1136
1210
1376
1464
1504
1718
2030
2104
1872
1693
1788
1896
1825
1719
1717
1649
1356
1049
1037
1171
1050
660
332
218
140
3
-100
-142
-290
-615
-880
-901
-835
-894
-1017
-1069
-1104
-1213
-1295
-1205
-1016
-900
-900
-887
-825
-765
-646
-426
-225
-191
-241
-186
0
175
276
363
428
412
378
432
545
595
547
477
409
328
262
251
242
142
-14
-117
-164
-244
-333
-354
-359
-465
-632
-687
-620
-568
-620
-665
-634
-597
-604
-566
-429
-384
-511
-588
-419
-132
-30
-99
-88
86
261
294
293
297
362
511
641
569
343
294
487
494
171
39
340
466
-80
-650
-440
88
-88
-840
-1179
-863
-686
-1047
-1374
-1241
-1086
-1287
-1580
-1564
-1300
-1079
-1009
-1037
-1037
-864
-537
-270
-148
9
314
539
554
672
1122
1587
1659
1523
1609
1903
2060
2019
2032
2151
2190
2081
1956
1887
1826
1768
1712
1558
1296
1077
980
873
624
391
336
291
19
-348
-442
-298
-314
-657
-947
-864
-650
-679
-910
-994
-864
-747
-761
-786
-710
-598
-576
-615
-598
-498
-374
-275
-225
-208
-204
-199
-134
-28
70
85
-12
-108
-111
-63
-39
-43
-79
-171
-335
-468
-457
-366
-373
-534
-704
-762
-744
-728
-719
-678
-673
-769
-851
-763
-581
-487
-526
-563
-482
-353
-275
-235
-176
-103
-40
6
45
108
224
352
407
389
374
433
525
581
582
543
522
520
513
419
310
287
284
135
-69
-62
116
30
-381
-640
-444
-198
-396
-794
-862
-634
-567
-792
-938
-803
-630
-628
-705
-665
-480
-273
-149
-84
35
263
486
586
670
912
1201
1320
1301
1390
1649
1810
1729
1630
1712
1862
1862
1726
1628
1609
1563
1422
1239
1108
1022
893
694
502
390
282
65
-176
-283
-276
-367
-629
-857
-890
-868
-982
-1143
-1206
-1190
-1220
-1271
-1235
-1140
-1116
-1161
-1147
-1027
-897
-825
-777
-709
-635
-576
-500
-399
-299
-235
-215
-184
-123
-55
-6
2
12
50
75
60
20
4
4
-54
-136
-174
-172
-185
-253
-310
-316
-310
-345
-392
-384
-349
-346
-383
-386
-315
-234
-194
-179
-150
-87
-5
60
79
50
68
202
337
301
169
164
331
433
364
309
428
527
400
277
434
685
647
434
441
660
669
434
395
629
685
364
156
395
607
384
24
18
243
231
-20
-166
-108
-92
-209
-328
-374
-416
-473
-517
-522
-520
-483
-446
-483
-502
-426
-282
-200
-179
-91
35
98
123
236
433
545
528
531
643
765
797
806
853
890
852
779
747
746
691
573
452
385
324
185
21
-108
-188
-274
-415
-560
-669
-725
-760
-827
-909
-952
-938
-935
-962
-976
-933
-855
-807
-791
-732
-596
-450
-364
-316
-215
-92
4
59
99
181
268
316
331
339
369
390
372
347
341
352
303
218
156
144
157
114
30
-34
-50
-45
-72
-122
-141
-129
-106
-92
-88
-67
-24
8
12
29
75
134
177
223
280
306
288
284
346
401
376
300
282
337
380
377
361
345
309
290
303
287
239
209
204
134
4
-38
6
-56
-273
-388
-287
-235
-443
-689
-666
-521
-577
-754
-790
-691
-692
-817
-865
-770
-672
-674
-728
-724
-640
-510
-388
-322
-279
-200
-86
34
147
295
458
545
567
609
727
859
924
926
924
940
947
917
846
813
825
785
650
473
372
362
310
160
-3
-102
-169
-291
-416
-459
-466
-526
-651
-729
-722
-684
-681
-688
-671
-604
-502
-409
-349
-296
-191
-61
37
100
166
272
386
465
531
601
654
658
665
710
762
794
773
730
701
673
621
572
530
480
411
317
225
163
112
72
15
-56
-129
-200
-249
-295
-318
-329
-372
-465
-562
-590
-553
-535
-566
-612
-631
-618
-630
-648
-627
-572
-553
-599
-619
-573
-503
-467
-480
-491
-469
-415
-359
-330
-312
-290
-235
-177
-154
-138
-76
-5
45
66
97
114
95
126
221
278
190
88
126
214
165
36
29
121
110
-25
-89
-6
59
-22
-104
-80
-51
-86
-111
-47
47
74
49
44
112
214
290
316
323
371
475
540
538
536
581
638
653
634
617
612
593
559
509
446
356
259
185
133
75
-9
-101
-173
-223
-258
-278
-285
-301
-331
-342
-309
-275
-251
-201
-102
8
60
92
181
331
461
520
558
621
697
735
747
770
786
772
712
638
598
576
510
388
248
143
63
-29
-141
-257
-361
-474
-597
-706
-754
-783
-866
-968
-1039
-1048
-1003
-960
-925
-915
-933
-927
-870
-789
-736
-714
-679
-626
-596
-576
-519
-433
-377
-368
-357
-324
-290
-254
-207
-160
-146
-169
-166
-103
-36
-4
18
66
122
160
194
244
293
330
357
393
437
465
493
522
549
576
580
561
540
520
499
485
451
401
331
254
202
171
142
74
5
-51
-118
-204
-255
-234
-207
-244
-320
-330
-252
-174
-155
-157
-124
-80
-35
36
145
244
292
325
380
459
545
632
699
732
730
730
746
740
721
692
645
553
467
426
413
366
255
144
74
17
-57
-117
-148
-183
-243
-310
-350
-371
-379
-378
-367
-365
-387
-389
-341
-279
-226
-207
-205
-185
-145
-78
-16
16
24
17
9
0
12
46
39
-35
-132
-172
-162
-161
-202
-243
-270
-310
-356
-372
-357
-348
-386
-438
-439
-407
-375
-374
-383
-381
-375
-360
-335
-296
-264
-258
-258
-265
-252
-218
-181
-166
-172
-168
-154
-160
-166
-146
-115
-117
-177
-217
-190
-142
-118
-109
-94
-59
-23
-2
33
95
159
184
158
146
182
245
289
315
324
322
313
308
324
358
396
400
383
378
387
403
406
414
445
460
441
418
434
499
547
539
502
496
527
560
562
535
517
513
503
464
418
387
367
316
224
143
78
1
-100
-205
-270
-322
-404
-514
-604
-654
-691
-740
-786
-823
-830
-806
-786
-781
-765
-689
-573
-498
-468
-410
-292
-165
-87
-13
105
209
251
280
357
468
543
561
563
574
604
637
646
622
594
583
540
466
408
388
366
280
154
68
36
-26
-142
-249
-288
-299
-347
-431
-498
-538
-580
-621
-653
-672
-700
-745
-755
-724
-690
-702
-748
-769
-735
-668
-626
-612
-608
-574
-499
-403
-330
-281
-221
-143
-66
-7
73
163
221
242
269
344
427
480
512
542
579
576
566
600
650
667
655
645
648
621
571
532
501
467
412
353
313
259
195
137
97
87
71
23
-43
-70
-68
-77
-118
-157
-150
-126
-130
-159
-155
-113
-93
-120
-139
-127
-113
-115
-111
-78
-49
-44
-41
-7
32
44
33
26
52
86
93
88
88
95
98
91
90
100
108
114
134
165
184
171
164
186
232
260
237
210
223
260
280
267
250
232
224
216
185
137
81
32
-11
-45
-71
-104
-170
-254
-317
-344
-372
-428
-499
-552
-586
-629
-652
-669
-694
-713
-735
-751
-745
-709
-670
-651
-633
-597
-540
-490
-440
-364
-278
-205
-161
-114
-39
43
98
150
208
273
311
336
390
439
478
502
527
548
541
517
510
520
521
482
418
367
349
330
271
204
155
133
105
50
-19
-59
-66
-81
-127
-174
-177
-174
-194
-221
-217
-169
-153
-174
-170
-135
-88
-78
-82
-44
34
83
92
114
170
234
257
249
265
315
349
348
346
374
415
431
391
343
346
390
421
384
325
291
286
267
216
169
139
89
10
-53
-63
-39
-56
-114
-167
-195
-199
-220
-265
-306
-321
-318
-306
-311
-327
-335
-341
-346
-349
-341
-311
-296
-298
-293
-255
-201
-186
-208
-217
-177
-132
-126
-143
-141
-121
-119
-148
-169
-150
-125
-132
-155
-164
-147
-122
-120
-122
-118
-118
-124
-128
-114
-84
-52
-27
-31
-39
-18
19
45
42
32
48
68
81
102
129
162
180
171
164
170
191
209
192
163
139
133
115
79
52
46
59
51
35
22
15
18
23
33
37
23
11
31
61
73
72
81
96
99
104
136
175
198
198
204
247
289
297
279
275
296
316
319
296
279
275
258
221
191
193
193
151
87
50
41
28
-11
-53
-60
-62
-98
-145
-184
-193
-202
-234
-272
-289
-299
-315
-346
-375
-381
-367
-358
-361
-370
-358
-324
-283
-256
-244
-227
-202
-172
-141
-102
-72
-47
-23
-3
24
62
85
91
108
134
156
169
176
186
188
168
155
170
195
185
160
135
116
99
77
38
-1
-43
-90
-137
-185
-215
-238
-265
-291
-310
-310
-285
-276
-276
-269
-260
-251
-259
-239
-192
-137
-107
-106
-72
-10
38
67
111
178
223
237
251
309
381
408
414
423
438
450
464
473
463
430
385
352
338
325
298
268
224
176
153
150
140
115
94
83
64
29
-2
-16
-21
-40
-68
-78
-82
-112
-150
-163
-159
-157
-184
-233
-247
-242
-245
-260
-296
-330
-355
-363
-344
-334
-353
-379
-401
-390
-359
-350
-350
-339
-323
-308
-289
-244
-182
-128
-97
-69
-5
72
123
140
153
184
225
250
252
262
274
268
256
257
279
284
258
222
207
226
234
207
166
143
134
112
81
55
42
25
-7
-32
-36
-27
-51
-85
-103
-93
-74
-69
-78
-94
-94
-85
-84
-94
-110
-122
-119
-125
-135
-138
-138
-138
-137
-126
-107
-76
-50
-28
-15
10
50
87
111
125
171
237
274
281
283
309
330
327
334
363
397
393
366
348
355
368
343
289
236
213
198
160
102
62
27
-31
-95
-148
-172
-203
-260
-321
-361
-374
-389
-402
-401
-400
-404
-402
-401
-391
-360
-333
-304
-279
-256
-226
-189
-146
-119
-110
-100
-99
-104
-100
-89
-78
-88
-95
-80
-60
-64
-74
-74
-47
-44
-68
-67
-41
-26
-25
-24
3
26
25
24
47
87
116
136
163
186
197
213
234
253
260
254
249
252
264
259
236
216
178
140
113
80
49
17
-16
-43
-79
-109
-128
-139
-146
-152
-146
-141
-142
-148
-144
-119
-92
-72
-52
-25
-3
6
27
56
81
90
87
108
149
175
187
205
210
199
183
172
174
174
147
113
105
117
123
104
88
83
80
76
71
66
52
26
18
34
53
59
49
34
31
33
42
53
55
54
51
41
18
-18
-49
-63
-73
-93
-118
-142
-160
-167
-178
-189
-197
-209
-220
-224
-232
-235
-227
-221
-217
-209
-190
-164
-150
-130
-99
-68
-38
-14
1
22
49
68
69
53
34
41
72
81
63
41
30
20
5
-3
1
-4
-30
-64
-89
-89
-92
-102
-114
-113
-97
-92
-89
-85
-73
-61
-63
-73
-75
-64
-46
-37
-36
-22
4
19
10
3
2
9
-5
-27
-38
-30
-21
-30
-28
-13
2
-9
-25
-17
11
37
47
57
67
77
85
83
87
110
131
144
160
174
196
212
205
177
160
164
173
181
181
186
184
171
160
138
120
116
111
97
66
47
36
30
21
-2
-20
-29
-38
-51
-44
-30
-16
-11
-18
-22
-22
-7
16
38
45
49
58
76
71
55
56
66
77
61
51
61
68
60
40
34
44
44
36
23
18
11
-13
-35
-45
-50
-60
-82
-103
-111
-120
-135
-157
-167
-159
-152
-157
-171
-179
-176
-163
-168
-175
-169
-165
-178
-206
-219
-220
-213
-214
-216
-207
-187
-170
-158
-139
-126
-112
-103
-93
-73
-41
-12
-4
-3
9
39
49
49
60
82
111
125
122
128
135
137
142
146
135
121
113
100
82
52
37
22
-3
-27
-40
-44
-50
-54
-56
-55
-61
-70
-58
-41
-43
-52
-52
-36
-22
-14
4
29
33
31
31
39
46
51
70
81
69
53
57
81
88
70
56
60
67
70
85
111
124
124
120
126
130
120
121
138
166
165
154
158
159
164
166
164
161
152
154
167
177
174
170
164
154
132
101
91
83
58
16
-19
-34
-52
-78
-111
-135
-147
-164
-183
-205
-222
-229
-227
-231
-232
-225
-211
-200
-190
-181
-179
-180
-180
-177
-157
-126
-92
-62
-43
-20
0
25
50
71
101
119
122
124
128
132
139
130
117
107
102
110
102
76
54
36
17
-5
-21
-26
-39
-60
-83
-102
-103
-116
-141
-156
-164
-177
-197
-218
-228
-213
-213
-227
-244
-252
-245
-237
-223
-212
-191
-167
-154
-146
-143
-132
-104
-77
-52
-28
-11
5
16
31
47
67
95
120
147
172
190
197
193
188
189
200
207
204
209
218
217
200
173
159
156
152
141
131
137
134
121
98
88
87
87
88
82
79
72
53
32
16
4
1
-5
-10
3
19
25
26
20
18
23
17
-2
-9
-8
-5
-8
-18
-19
-20
-37
-58
-71
-72
-61
-50
-51
-48
-44
-38
-29
-20
-9
11
35
43
50
56
59
61
62
60
64
72
77
84
97
110
117
109
110
108
96
86
76
68
60
43
34
20
-3
-24
-34
-50
-69
-93
-122
-132
-144
-152
-157
-159
-158
-161
-165
-174
-176
-176
-174
-192
-211
-208
-195
-195
-202
-194
-168
-139
-126
-121
-111
-88
-68
-57
-44
-35
-37
-38
-34
-21
-8
-5
9
27
37
33
30
28
24
17
7
15
22
14
12
22
30
30
23
14
12
11
14
12
20
29
19
16
12
-5
-10
-8
-1
-8
-23
-17
0
16
23
27
38
53
62
72
78
84
90
87
72
75
99
116
117
103
97
101
108
110
115
133
146
142
127
118
117
113
100
80
59
45
42
34
21
18
15
4
-4
1
17
32
19
12
18
34
43
46
59
70
73
60
52
54
66
74
79
87
84
81
93
95
87
69
51
52
56
46
39
39
24
-3
-32
-55
-67
-82
-98
-97
-104
-109
-113
-126
-130
-141
-164
-176
-182
-184
-174
-162
-156
-155
-144
-132
-126
-125
-132
-126
-104
-84
-73
-65
-56
-59
-81
-99
-94
-74
-70
-74
-76
-75
-77
-91
-96
-99
-102
-106
-117
-119
-113
-95
-84
-92
-101
-98
-80
-71
-70
-59
-36
-16
-9
3
27
46
42
36
33
38
48
51
54
63
72
86
112
134
141
140
129
117
105
103
102
95
93
103
115
121
114
101
90
81
78
84
94
102
112
117
117
118
110
99
94
95
92
91
90
85
78
72
73
71
58
37
31
44
45
33
30
30
34
22
4
0
4
13
26
28
39
59
76
84
78
69
69
76
84
81
70
56
44
39
26
8
-9
-18
-33
-54
-67
-77
-96
-117
-139
-159
-166
-168
-168
-165
-161
-159
-169
-185
-191
-173
-144
-125
-109
-90
-70
-60
-57
-52
-47
-48
-45
-26
-7
7
12
2
-15
-20
-17
-21
-32
-37
-31
-21
-14
-12
-19
-27
-51
-78
-95
-97
-98
-104
-107
-107
-100
-96
-96
-102
-101
-97
-88
-71
-48
-16
5
14
27
35
41
52
60
72
82
91
89
78
67
50
48
51
47
45
55
76
98
106
104
110
107
100
90
84
85
81
84
101
113
114
112
108
99
87
90
94
95
83
58
42
33
21
13
9
10
15
13
14
10
12
10
-3
-12
-30
-34
-29
-23
-25
-29
-33
-37
-34
-22
-6
3
9
13
11
7
10
13
16
17
19
29
29
27
20
16
10
-5
-12
-12
-4
3
-9
-26
-37
-39
-37
-32
-38
-47
-59
-68
-71
-78
-74
-65
-62
-59
-39
-11
10
20
16
14
11
5
-7
-7
1
3
1
-14
-18
-17
-22
-31
-42
-52
-58
-61
-72
-80
-85
-79
-70
-66
-54
-37
-21
-15
-14
-13
-13
1
21
36
39
42
51
52
51
48
52
36
18
14
7
3
-15
-23
-12
-6
1
-1
2
-3
-9
-15
-25
-32
-45
-49
-40
-38
-38
-36
-43
-45
-53
-54
-46
-36
-30
-36
-40
-39
-36
-27
-13
-5
10
21
25
29
27
33
46
54
58
66
80
96
115
123
126
121
105
92
81
67
67
69
64
54
41
33
33
37
48
57
54
48
42
31
11
-15
-45
-62
-63
-53
-40
-33
-30
-29
-35
-49
-56
-62
-58
-58
-58
-45
-35
-40
-47
-41
-35
-26
-27
-32
-27
-14
2
7
17
31
51
70
72
77
89
97
94
77
65
64
68
64
59
61
65
57
45
36
28
23
11
3
1
3
5
-1
-6
-18
-34
-41
-36
-33
-35
-28
-17
-18
-23
-26
-34
-40
-54
-64
-66
-70
-81
-92
-91
-85
-85
-91
-92
-86
-84
-81
-81
-88
-108
-126
-136
-137
-137
-131
-116
-101
-80
-71
-59
-46
-38
-24
-9
4
28
56
82
98
93
88
96
99
88
75
67
73
85
95
98
108
107
101
95
80
79
74
65
55
42
30
20
11
2
0
1
-5
-9
-15
-28
-36
-42
-48
-49
-47
-52
-61
-66
-66
-54
-49
-50
-47
-38
-31
-35
-40
-44
-41
-34
-21
-12
-3
0
1
3
2
6
22
42
61
69
77
105
128
137
133
126
118
105
100
107
123
134
133
132
121
104
97
95
85
75
80
90
98
97
84
68
51
24
-14
-45
-54
-60
-59
-60
-59
-61
-66
-64
-56
-53
-55
-60
-70
-75
-90
-111
-129
-137
-153
-155
-147
-145
-134
-133
-123
-118
-120
-104
-83
-68
-64
-67
-61
-66
-75
-73
-75
-59
-47
-41
-33
-34
-36
-40
-44
-50
-40
-24
-11
5
10
11
18
16
12
18
34
54
67
73
76
74
70
68
70
67
66
57
44
35
27
20
10
3
-7
-18
-22
-5
12
18
26
25
19
8
-9
-25
-26
-24
-15
-8
-5
3
10
23
23
20
29
45
54
60
66
61
62
56
59
67
82
91
95
96
95
100
111
112
100
87
83
82
76
62
42
37
39
37
30
23
14
4
-23
-44
-49
-46
-42
-46
-52
-60
-65
-61
-59
-63
-64
-64
-59
-64
-58
-43
-39
-30
-29
-31
-34
-41
-39
-34
-32
-34
-30
-25
-23
-32
-35
-42
-61
-65
-62
-59
-50
-38
-19
-6
-7
-10
-14
-15
-16
-6
4
6
16
27
18
11
5
3
4
0
1
8
12
3
-8
-23
-40
-48
-48
-52
-49
-46
-46
-34
-27
-16
-13
-15
-2
14
20
26
27
24
35
38
43
42
48
52
45
48
44
50
51
46
48
38
26
10
-7
-19
-16
-19
-19
-16
-21
-23
-22
-16
-16
-11
-9
-8
-13
-22
-25
-16
-18
-30
-38
-36
-27
-14
-3
9
24
30
30
27
26
26
23
23
29
36
38
31
29
29
24
24
21
26
38
32
28
22
11
3
2
5
5
7
17
20
36
47
48
58
61
58
60
62
63
60
45
23
7
-2
-2
-2
6
15
15
22
6
-7
-4
0
-3
-17
-21
-26
-37
-58
-72
-75
-72
-71
-79
-76
-76
-70
-65
-67
-68
-72
-67
-55
-49
-40
-27
-16
-17
-20
-28
-33
-38
-46
-45
-28
-7
1
3
4
-2
-9
-9
-1
12
28
38
39
39
37
32
25
12
8
13
27
36
38
40
39
30
21
17
10
-3
-13
-23
-21
-23
-32
-35
-45
-50
-57
-62
-68
-73
-67
-64
-53
-43
-41
-27
-16
-10
-4
-1
6
10
27
44
65
83
90
99
104
107
102
103
110
107
102
90
85
85
89
84
74
73
65
46
36
21
13
14
5
3
5
3
6
-9
-21
-34
-51
-58
-64
-60
-58
-57
-50
-42
-48
-55
-58
-58
-54
-56
-60
-67
-65
-69
-81
-98
-109
-114
-105
-91
-73
-49
-23
-7
3
12
13
16
21
31
49
67
79
86
80
81
86
82
74
73
84
92
83
71
70
76
77
61
40
26
12
-5
-15
-18
-20
-22
-36
-45
-52
-62
-73
-85
-93
-95
-105
-111
-107
-103
-97
-90
-79
-66
-58
-59
-61
-65
-61
-52
-34
-22
-12
-1
5
27
34
35
44
43
49
51
39
35
36
37
41
34
42
61
77
98
109
111
110
104
86
71
55
57
73
88
100
106
102
84
66
53
45
40
42
42
36
15
-3
-15
-31
-56
-77
-79
-75
-71
-74
-82
-85
-82
-86
-98
-106
-104
-89
-78
-74
-72
-78
-89
-103
-108
-105
-98
-75
-46
-24
-7
5
6
1
-9
-7
0
-1
3
6
17
26
31
33
34
38
41
43
40
33
37
43
42
39
39
37
28
21
11
6
10
8
11
21
28
35
42
38
31
17
-11
-27
-37
-38
-29
-22
-21
-15
-12
-23
-30
-36
-30
-15
-8
5
17
29
23
9
-6
-17
-6
8
27
51
81
103
108
104
98
93
82
80
84
85
93
101
100
87
67
41
20
10
0
-9
-6
-2
6
8
2
-5
-9
-16
-19
-31
-50
-60
-75
-82
-84
-86
-87
-93
-96
-102
-116
-123
-127
-124
-113
-107
-104
-101
-94
-88
-89
-83
-75
-71
-59
-46
-26
-10
-10
-13
-8
1
16
38
61
79
92
88
74
61
47
41
40
43
56
76
84
88
81
66
55
45
32
14
3
-5
-10
-16
-31
-35
-35
-35
-41
-55
-61
-54
-41
-41
-42
-36
-41
-47
-56
-57
-49
-34
-20
-13
-1
17
29
37
33
33
41
51
60
69
88
100
96
88
81
78
91
97
97
109
114
115
112
106
101
96
87
68
48
36
22
14
10
0
-3
-3
-10
-14
-27
-47
-62
-76
-76
-68
-65
-67
-71
-85
-101
-114
-123
-125
-119
-106
-91
-88
-94
-99
-113
-117
-107
-101
-77
-47
-23
-8
-2
-3
-10
-26
-34
-24
3
32
57
75
86
96
95
91
85
87
91
103
109
106
102
92
88
76
64
57
51
37
14
-3
-17
-28
-39
-46
-43
-37
-35
-34
-37
-42
-40
-40
-46
-50
-55
-52
-57
-69
-79
-84
-92
-94
-85
-78
-65
-66
-71
-72
-84
-93
-97
-82
-62
-39
-8
8
15
24
33
37
48
60
79
94
107
122
131
134
121
98
83
72
78
86
94
107
115
111
95
76
54
38
30
24
22
20
9
-6
-16
-35
-51
-62
-61
-54
-54
-64
-65
-52
-54
-59
-72
-80
-79
-87
-78
-72
-67
-58
-40
-25
-24
-21
-10
-1
8
22
32
43
56
64
76
73
66
73
69
63
53
42
35
26
13
11
21
27
35
40
38
30
23
10
0
-6
-20
-16
-11
-7
-4
-8
-11
-13
-19
-22
-17
-16
-11
-13
-13
-20
-34
-39
-42
-37
-34
-37
-35
-39
-48
-57
-66
-71
-76
-68
-54
-47
-40
-48
-59
-67
-73
-65
-54
-43
-29
-22
-10
1
8
17
29
35
33
40
56
61
57
51
44
45
51
46
43
46
50
54
52
53
54
52
57
50
32
28
29
18
8
-8
-12
-16
-26
-19
-20
-26
-30
-25
-12
-14
-20
-18
-12
-7
-12
-25
-50
-64
-62
-58
-46
-39
-23
-2
0
-6
-21
-29
-28
-20
-14
1
19
31
41
38
27
17
10
11
13
18
30
52
65
64
62
54
51
43
46
51
60
80
84
81
68
50
41
36
27
24
27
31
22
9
2
-1
2
-6
-17
-25
-36
-52
-67
-69
-77
-79
-77
-71
-57
-50
-49
-57
-60
-70
-82
-84
-73
-56
-42
-26
-22
-24
-26
-35
-35
-28
-26
-12
3
11
17
18
14
7
3
7
16
26
31
36
36
36
47
56
57
58
56
61
68
68
64
54
56
51
45
39
26
11
-9
-25
-26
-19
-24
-29
-34
-30
-27
-36
-31
-27
-39
-53
-60
-61
-63
-72
-79
-78
-87
-86
-75
-60
-39
-18
1
15
19
25
18
3
-5
-14
-13
-4
7
25
43
47
41
32
21
19
18
30
41
34
30
30
32
32
26
22
20
12
3
8
16
21
25
20
22
30
34
29
26
21
14
-9
-24
-29
-33
-31
-33
-30
-22
-2
19
30
27
14
9
5
5
6
-2
-3
-1
8
14
15
17
18
22
21
22
27
27
21
11
7
6
-5
-5
-3
-4
-8
-17
-13
-8
-4
-11
-17
-15
-17
-22
-28
-19
-6
3
-1
-13
-19
-16
-11
-7
-7
0
7
3
6
14
20
35
50
55
59
59
61
57
39
27
11
1
-7
-12
-8
-1
8
14
24
18
12
5
-1
-6
-13
-29
-57
-83
-104
-114
-113
-105
-100
-86
-71
-55
-35
-30
-26
-26
-32
-37
-33
-29
-39
-42
-51
-56
-55
-60
-60
-63
-65
-49
-33
-32
-21
-11
-14
-12
-20
-23
-15
-18
-18
-6
4
24
49
68
81
93
94
93
82
66
59
61
63
65
72
83
98
89
75
74
74
72
61
60
66
63
49
41
35
29
23
13
8
1
-11
-10
-8
-11
-11
-13
-12
-7
4
9
13
16
17
17
9
-9
-31
-45
-49
-44
-30
-13
7
17
30
36
25
21
12
9
5
-9
-17
-25
-30
-30
-23
-13
-7
-2
-4
-3
-1
0
-4
-6
-4
-7
-14
-20
-20
-12
-2
11
16
23
33
43
41
34
21
3
-9
-27
-35
-36
-40
-41
-47
-52
-46
-53
-60
-65
-76
-84
-90
-88
-86
-85
-85
-82
-76
-71
-68
-68
-63
-53
-46
-39
-26
-18
-7
1
7
12
11
13
21
29
32
23
19
20
24
30
38
52
56
55
48
41
31
25
18
10
16
27
34
33
39
42
32
21
12
0
-6
-8
-1
4
2
2
5
12
11
6
13
29
42
47
52
54
50
42
26
10
-1
-11
-20
-22
-21
-19
-16
-10
0
10
24
39
49
53
54
57
63
66
69
67
66
72
82
88
81
61
49
45
49
58
55
68
75
63
54
35
23
12
0
-19
-21
-26
-34
-41
-55
-67
-82
-97
-105
-101
-101
-97
-97
-94
-99
-102
-103
-103
-95
-92
-87
-81
-71
-70
-80
-84
-85
-91
-88
-76
-72
-65
-56
-53
-45
-36
-32
-22
-9
0
4
4
6
13
18
19
15
19
28
39
45
45
44
34
30
34
42
60
79
93
102
96
74
51
32
22
20
27
36
38
32
18
7
2
-6
-6
-1
10
18
16
21
22
17
11
14
21
22
28
25
19
20
23
27
24
18
13
14
15
6
-4
-12
-20
-25
-27
-32
-30
-27
-27
-20
-12
-18
-12
-5
-17
-25
-30
-32
-14
-5
-5
-8
-6
-4
-1
7
4
7
11
17
14
13
10
5
9
13
4
3
7
-1
-8
-10
-11
-10
-7
-2
7
9
3
7
11
10
13
13
18
20
19
16
11
14
14
11
11
9
6
9
11
7
9
15
18
22
19
20
22
19
18
7
-8
-20
-29
-37
-41
-45
-42
-42
-46
-52
-58
-55
-58
-53
-48
-52
-44
-48
-43
-40
-38
-43
-51
-40
-26
-10
4
19
25
19
12
14
21
25
40
57
68
74
66
61
60
53
54
55
60
64
55
48
35
17
4
-14
-23
-21
-19
-6
0
-6
-17
-27
-36
-38
-41
-48
-50
-42
-43
-37
-35
-42
-42
-51
-51
-44
-39
-21
-10
-12
-11
-15
-23
-29
-28
-28
-26
-29
-31
-23
-17
-1
6
15
24
23
24
26
28
35
43
49
51
48
55
51
40
34
27
23
10
7
6
11
16
16
14
18
27
30
33
34
38
39
32
30
26
11
0
1
8
13
22
29
28
21
23
23
19
11
10
9
6
6
2
8
11
-5
-5
0
-19
-27
-31
-37
-31
-38
-38
-36
-38
-33
-24
-15
-22
-20
-14
-1
6
7
-2
-5
-7
-14
-19
-36
-40
-40
-42
-45
-41
-34
-22
-10
-5
-3
13
22
27
41
36
44
45
39
43
45
41
35
28
19
16
8
4
-2
-9
-3
1
5
1
3
6
2
-1
-11
-27
-45
-56
-68
-68
-71
-80
-76
-62
-47
-41
-40
-37
-36
-46
-51
-52
-55
-57
-59
-51
-39
-30
-21
-14
1
18
35
35
29
23
15
5
10
11
6
0
-10
4
14
21
27
36
46
46
45
41
33
18
17
-9
-4
10
4
24
16
2
1
8
28
36
36
41
44
40
42
34
23
36
44
45
52
73
83
72
65
52
52
56
53
58
69
70
73
82
77
67
52
28
5
-5
-6
-3
7
10
5
4
2
-11
-14
-12
-17
-18
-23
-32
-39
-46
-55
-66
-75
-74
-70
-60
-55
-59
-55
-57
-49
-49
-50
-49
-48
-47
-48
-35
-17
-8
-9
-14
-20
-27
-29
-28
-30
-31
-30
-31
-28
-27
-33
-44
-52
-57
-65
-59
-47
-36
-19
-12
-4
-10
-11
-9
-11
-8
-10