-33
-34
-29
-30
-34
-32
-32
-29
-30
-15
-8
-8
-3
-5
-3
-2
5
14
20
17
23
25
20
29
26
12
7
12
24
31
32
34
25
16
25
25
15
17
18
7
11
6
1
-11
-23
-26
-39
-55
-53
-41
-40
-29
-22
-10
-1
-3
0
1
-6
-10
-7
-7
-3
4
7
15
10
8
5
-4
-1
3
2
9
7
-5
-8
-4
1
5
6
11
17
22
35
38
34
30
29
31
33
40
35
26
19
13
13
9
9
11
2
2
0
-2
-6
-3
3
5
-3
-19
-16
-6
3
12
0
-6
0
3
0
-10
-2
16
19
16
22
21
17
20
25
18
10
4
11
21
6
10
30
22
23
27
22
12
1
4
17
21
13
5
-13
-19
-20
-25
-23
-28
-30
-21
-17
-26
-36
-56
-67
-68
-78
-81
-64
-45
-33
-30
-23
-20
-24
-17
-14
-23
-28
-22
-19
-5
0
-8
-15
-26
-18
-4
1
0
6
-3
-12
-5
2
-2
-11
-15
-12
-1
7
12
11
4
8
13
9
12
21
27
25
22
26
17
3
10
9
1
1
5
17
18
19
27
23
2
0
12
16
17
9
-7
-22
-18
-13
-17
-15
2
0
-4
12
17
2
-9
1
0
0
4
11
17
18
26
27
27
30
36
22
19
18
11
9
4
12
26
22
20
28
13
-3
-10
-7
4
10
8
12
-1
-22
-10
-12
-20
-18
-2
12
17
15
11
7
-8
-6
-3
-9
-3
-6
5
21
31
37
33
32
40
40
26
17
5
1
10
22
32
25
15
16
11
3
5
7
-2
0
-4
-20
-26
-33
-33
-32
-31
-18
-18
-31
-27
-23
-28
-35
-32
-35
-41
-42
-44
-62
-76
-73
-48
-32
-31
-33
-43
-42
-35
-30
-27
-39
-47
-32
-28
-26
-13
-6
1
15
24
16
7
-1
-5
-15
-19
-12
-16
-14
7
25
28
25
20
24
27
21
16
5
-2
10
12
9
10
15
17
12
8
10
12
14
26
32
31
29
17
1
3
6
8
13
10
10
15
13
10
10
-12
-31
-19
-9
-2
3
7
22
16
4
17
12
9
16
25
33
29
30
36
32
23
19
18
29
40
42
48
46
42
36
33
35
40
32
14
8
3
-6
5
11
1
-13
-23
-11
-2
-5
-3
2
-2
-4
-13
-25
-17
-10
1
7
-2
5
18
12
12
7
-7
-13
-12
-13
-19
-19
-20
-16
-9
-6
-4
-17
-31
-33
-43
-47
-40
-23
-14
-14
-13
-18
-19
-16
-8
-16
-35
-35
-24
-16
-15
-17
-18
-24
-27
-14
-14
-22
-31
-35
-29
-20
-19
-21
-27
-31
-19
-9
-11
-11
-18
-36
-43
-31
-26
-28
-28
-29
-31
-34
-31
-40
-38
-27
-26
-26
-38
-42
-25
-15
0
18
18
7
18
34
34
32
27
22
22
29
44
54
39
22
34
37
30
32
36
49
65
79
83
77
58
54
60
57
56
50
56
56
55
54
42
29
29
33
36
36
26
18
21
26
24
9
1
11
6
6
15
11
-2
-1
3
-4
-14
-18
-8
-10
-8
0
-2
-12
-5
-3
-16
-22
-26
-13
-11
-15
-16
-22
-29
-32
-32
-30
-26
-29
-32
-31
-38
-37
-27
-36
-40
-36
-36
-37
-36
-37
-32
-18
-11
-16
-27
-26
-15
-11
-11
-18
-24
-19
-3
11
13
11
6
7
10
13
20
7
-4
7
6
-2
8
12
12
10
13
20
10
-12
-20
-22
-17
-11
-24
-37
-30
-25
-22
-20
-21
-15
-15
-22
-25
-38
-48
-40
-37
-31
-30
-32
-28
-22
-36
-36
-15
-14
-17
-4
7
22
22
20
28
27
32
38
34
39
37
31
42
48
51
52
46
42
34
29
29
39
38
28
27
24
22
18
8
9
13
2
5
5
13
20
13
6
9
16
27
24
10
13
0
-13
-6
8
11
17
20
16
5
-9
-1
5
0
4
5
3
12
16
10
-2
-12
-9
-7
-1
12
11
-3
-5
-5
-11
-4
3
-2
-2
-2
2
1
0
3
8
4
1
2
-6
-5
-12
-13
-18
-21
-6
-3
-7
-9
-21
-41
-32
-17
-7
-12
-20
-15
-11
-6
2
9
5
11
9
5
17
21
22
20
15
16
17
4
5
9
-6
-12
-14
-9
-14
-25
-29
-21
-21
-38
-46
-59
-79
-76
-53
-50
-57
-71
-64
-58
-65
-66
-67
-66
-50
-41
-37
-19
-13
-11
-10
-18
-12
-6
-6
5
6
4
18
33
38
36
28
27
38
45
49
54
46
50
61
58
56
55
58
55
41
45
46
38
39
37
25
12
10
12
24
30
27
22
12
-5
-6
1
5
3
-8
-1
3
7
6
-5
-13
-9
-5
0
16
1
-9
-7
1
17
11
1
-5
-1
2
5
-5
-9
-5
-5
-2
-7
-12
-13
-8
4
11
-1
-7
5
3
5
10
11
7
10
26
38
31
18
16
12
10
18
17
18
23
26
29
22
12
18
35
34
28
14
-10
-10
-8
-6
-8
-17
-10
0
-12
-15
-8
-24
-30
-25
-26
-30
-40
-38
-30
-39
-43
-39
-37
-22
-17
-33
-51
-60
-60
-50
-47
-42
-37
-41
-34
-20
-22
-34
-43
-42
-32
-23
-19
-21
-32
-36
-23
-24
-31
-21
-25
-23
-15
-12
-7
-15
-23
-18
-17
-14
-9
-11
-16
-13
-3
0
-4
4
11
11
4
13
32
39
42
46
49
38
35
48
58
50
52
47
31
42
42
33
31
27
34
32
32
37
42
39
35
44
50
50
41
30
35
42
51
54
42
31
35
38
30
27
9
-8
-10
0
18
19
18
17
12
5
-3
-8
-5
6
-6
-9
-8
-10
0
5
1
-1
-13
-25
-16
-19
-19
-24
-28
-22
-20
-26
-28
-36
-58
-53
-45
-46
-33
-18
-9
-15
-19
-6
2
-9
-12
-13
-14
0
-4
-11
-5
11
31
36
26
19
8
-3
0
-1
-12
-12
-8
-10
-11
-13
-14
-9
-18
-19
-13
-27
-32
-38
-43
-38
-33
-33
-29
-31
-35
-37
-43
-48
-42
-32
-23
-1
4
-8
-21
-22
-9
-14
-18
-21
-26
-16
-5
-5
-14
-22
-14
-1
-9
-20
-12
-13
-25
-19
-8
-1
8
9
5
3
7
14
17
16
21
30
30
37
39
38
39
29
36
47
59
72
71
51
43
51
59
63
58
47
31
27
42
47
36
29
32
34
42
44
33
23
19
15
12
11
12
24
17
8
8
1
-3
6
4
3
-2
-6
9
1
-26
-18
-10
-19
-23
-19
-7
-6
-8
-2
1
-9
-23
-49
-60
-57
-46
-27
-24
-30
-36
-38
-47
-40
-39
-54
-49
-39
-33
-26
-29
-27
-22
-13
10
18
7
5
9
-1
8
7
-1
-5
-13
-12
-10
-3
-2
4
0
0
2
-10
-6
0
2
3
-1
0
8
10
9
17
16
18
25
24
29
35
35
35
36
36
41
32
14
7
-3
-11
-8
0
-4
-25
-39
-30
-34
-53
-66
-62
-47
-33
-36
-45
-42
-41
-38
-34
-23
-9
-4
-1
1
3
5
5
-2
-9
-18
-25
-18
-7
7
16
17
13
17
16
9
11
11
8
-2
-5
12
15
7
9
10
8
6
3
0
4
7
17
31
18
14
24
20
17
28
38
45
50
58
61
50
33
30
32
43
50
43
48
48
51
51
40
35
33
26
21
25
8
-4
-9
-14
-12
-21
-27
-21
-14
-16
-14
-26
-30
-20
-23
-22
-18
-15
-15
-17
-17
-10
-11
-15
-7
-6
-10
-7
0
-2
-10
-9
0
-11
-29
-27
-28
-28
-19
-22
-25
-26
-27
-26
-25
-31
-23
-20
-34
-29
-28
-27
-23
-11
-1
5
-1
-8
-14
-18
-5
5
13
16
19
7
-7
-8
-7
-4
3
9
8
-2
-9
-9
-23
-36
-30
-23
-24
-34
-44
-39
-44
-54
-54
-52
-35
-20
-17
-17
-3
8
16
19
27
51
62
67
67
51
45
44
52
58
53
46
48
39
9
8
4
-1
5
16
18
-4
-19
-18
-13
-14
-13
-19
-17
1
6
5
11
14
28
44
52
65
67
43
33
40
39
40
33
29
36
34
36
28
7
-14
-34
-47
-36
-27
-30
-35
-43
-36
-30
-31
-33
-33
-44
-39
-29
-42
-49
-40
-27
-27
-26
-21
-8
2
-3
6
6
11
20
20
16
8
12
16
29
40
43
31
22
34
32
18
10
7
-1
-8
-8
-2
-11
-22
-22
-23
-18
-13
-16
-22
-24
-18
-2
6
2
3
0
-2
8
25
23
16
21
28
32
28
16
4
-15
-21
-17
-17
-20
-23
-23
-17
-20
-35
-51
-59
-38
-14
-17
-21
-23
-18
-9
-12
-23
-29
-33
-20
9
13
10
24
28
25
25
25
37
46
38
42
39
26
21
5
-6
-6
-13
0
18
13
1
-10
-21
-27
-25
-26
-25
-25
-44
-43
-29
-12
-1
-7
-15
-11
-5
5
13
6
16
21
25
25
10
5
-2
-5
7
10
-4
-12
-19
-26
-20
-13
-11
-16
-31
-36
-37
-43
-46
-43
-37
-17
-11
-19
-28
-19
6
18
18
20
29
44
68
77
63
57
62
80
86
73
62
59
61
65
70
65
53
45
36
37
28
21
24
20
23
20
4
-11
-16
-20
-17
-12
-8
-2
-3
9
23
10
-8
-5
4
16
28
23
20
12
8
10
8
0
1
-3
-5
-1
-13
-20
-25
-15
-4
-25
-52
-66
-70
-80
-78
-71
-86
-93
-92
-85
-78
-86
-88
-92
-94
-87
-84
-86
-76
-65
-53
-32
-28
-26
-21
-22
-24
-21
-17
-9
4
13
24
29
30
18
9
7
6
11
24
28
19
22
27
15
10
8
6
11
15
25
39
44
43
47
42
31
37
50
61
64
61
67
77
72
73
68
53
45
37
36
35
27
21
10
9
18
20
5
-9
-23
-33
-26
-11
-3
-8
-10
-3
1
1
15
26
34
39
35
24
20
29
42
56
58
59
51
39
43
40
31
29
24
19
10
3
-5
-9
-27
-33
-24
-27
-21
-36
-57
-57
-61
-54
-54
-68
-53
-46
-48
-54
-57
-49
-48
-40
-34
-32
-26
-20
-6
-12
-32
-13
1
-3
-2
-9
-18
-37
-39
-24
-22
-33
-47
-49
-40
-35
-39
-42
-29
-20
-17
-28
-34
-31
-29
-32
-31
-29
-24
-12
-6
5
2
-1
15
20
15
14
13
5
4
14
19
26
27
17
4
-1
9
16
4
-1
10
14
21
26
19
10
19
35
54
54
45
48
52
61
71
69
70
77
76
77
74
74
76
62
53
56
55
52
47
29
10
4
-1
1
2
-3
-9
-17
-30
-33
-41
-56
-61
-57
-61
-65
-48
-25
-21
-39
-38
-36
-25
-14
-17
-14
-22
-18
-5
4
2
9
9
7
15
15
7
0
-9
-5
14
-11
-12
-57
-90
-75
-67
-37
-47
-41
-17
-20
-13
-17
-26
-42
-33
-17
-7
-8
-12
35
25
10
23
9
26
23
34
51
46
62
53
55
55
46
29
3
4
8
6
4
-12
-18
-20
-28
-25
-33
-47
-42
-20
-14
-17
-9
-7
0
11
5
-2
-5
11
25
30
29
26
25
22
34
37
17
11
10
6
4
-7
-21
-30
-33
-28
-27
-35
-33
-30
-31
-24
-21
-19
-24
-37
-27
-11
-20
-18
-14
-25
-21
6
18
11
6
8
20
28
35
44
28
20
31
21
20
24
27
36
30
23
18
0
-9
-6
-4
-1
4
8
2
2
3
-2
-10
-17
-14
-8
12
24
14
10
12
15
8
-5
-11
8
7
5
20
13
4
5
11
13
5
3
10
17
1
-16
-17
-26
-14
-6
-22
-32
-41
-29
-21
-37
-46
-48
-48
-33
-25
-23
-17
-15
-12
-6
1
2
8
16
21
38
38
39
48
53
57
60
63
58
44
36
45
44
39
37
21
9
10
15
16
13
9
13
4
-1
-1
-17
-34
-40
-30
-13
-7
2
8
-5
-17
-11
-8
-4
3
-2
-7
-13
-20
-20
-14
-18
-29
-36
-49
-56
-46
-52
-55
-53
-59
-61
-66
-67
-71
-84
-91
-82
-76
-57
-45
-37
-31
-28
-27
-35
-31
-22
-5
-5
-6
4
5
12
29
31
26
21
25
44
52
46
43
41
50
55
43
37
38
40
38
26
23
29
19
19
29
24
27
37
45
50
51
57
70
93
83
85
83
57
60
68
72
72
67
62
51
42
42
44
33
23
19
24
21
-2
-12
-13
-36
-27
-9
-31
-60
-97
-130
-103
-76
-39
-20
-22
-12
-8
2
-52
-53
-31
-8
48
36
-7
-45
-65
-60
-42
-34
-47
-70
-81
-43
7
-5
-3
15
0
-9
-13
-21
-77
-110
-113
-118
-80
-36
-20
-9
8
18
26
8
-14
-14
-6
5
19
17
9
5
0
13
18
15
16
9
8
24
32
42
49
33
0
-18
-14
-13
-8
4
13
19
12
1
-10
-23
-19
-5
15
21
26
21
12
0
1
13
17
15
16
28
29
29
22
20
24
23
26
29
16
1
-22
-41
-39
-37
-33
-40
-41
-23
-10
-18
-7
6
2
8
11
-6
-18
-20
-13
5
0
-2
-3
4
25
28
27
38
55
73
77
65
61
66
65
70
77
80
74
59
47
35
20
15
26
34
41
42
34
34
36
27
26
33
27
23
0
-21
-25
-37
-33
-25
-25
-24
-7
-2
-4
-17
-26
-15
-15
-32
-53
-65
-68
-65
-65
-80
-91
-85
-82
-79
-89
-92
-93
-87
-69
-62
-71
-77
-78
-73
-63
-64
-65
-65
-66
-51
-32
-18
-4
-5
-3
5
3
-6
-22
-24
-7
3
2
17
30
25
28
22
26
25
21
41
56
52
45
38
31
44
55
55
47
53
73
76
69
57
53
44
42
38
23
24
27
37
39
31
35
41
33
29
39
22
7
13
11
1
-7
-15
-17
-20
-14
-6
-12
-13
-3
-10
-11
-2
-5
-6
-9
-12
-1
1
-1
5
0
-1
12
18
2
-7
-8
1
7
12
13
5
8
19
14
2
-3
-1
12
16
11
12
13
5
15
3
-20
-31
-36
-28
-19
-12
-9
-7
-8
-1
4
3
8
10
7
2
-7
2
12
14
21
17
-1
-9
-21
-33
-21
3
15
6
-13
-26
-32
-30
-20
-29
-38
-25
-22
-23
-23
-28
-31
-33
-29
-25
-33
-46
-51
-47
-45
-38
-29
-22
-17
-12
4
7
-5
-7
-9
-15
-13
-17
-24
-17
-13
-18
-10
-7
-11
-2
-3
2
5
0
-1
11
16
16
10
0
18
27
19
31
34
24
29
37
42
45
35
26
16
8
14
17
29
32
15
9
21
31
23
5
-11
-8
0
-8
-9
-21
-36
-35
-20
13
22
15
6
-2
-18
-15
-1
1
18
29
28
27
24
18
21
32
48
69
69
51
39
24
19
37
54
42
26
36
49
40
21
8
6
17
33
25
18
12
0
2
-6
-12
-14
-15
-29
-28
-26
-25
-11
-4
-7
-21
-26
-32
-37
-44
-38
-26
-19
-5
-15
-28
-32
-31
-20
-12
-16
-19
-13
-17
-18
-33
-56
-56
-45
-38
-46
-52
-47
-46
-49
-42
-34
-17
-2
1
-4
-15
-17
-14
-16
-23
-21
-15
-16
-15
-11
-4
0
-2
3
11
9
0
-4
-12
-19
3
0
-21
-20
-13
-10
-8
-14
-19
-21
-20
-9
-5
1
11
14
14
14
13
20
24
26
42
55
50
49
52
48
49
40
34
27
37
52
51
43
48
51
44
49
45
32
23
14
21
30
28
35
34
16
9
13
11
8
3
-10
-13
-15
-13
-3
-5
-9
-21
-30
-30
-21
-17
-10
-9
-10
-6
-8
-5
-13
-27
-27
-24
-36
-32
-17
-15
-15
-13
-7
0
-1
1
-3
-12
-8
10
21
30
27
19
24
14
14
20
16
11
17
20
11
-9
-27
-23
-18
-19
-20
-28
-29
-23
-24
-19
-14
-20
-21
-23
-25
-20
-28
-33
-27
-25
-19
-10
-9
-11
-2
6
10
4
-7
3
9
-8
-4
12
2
-7
-5
0
4
-4
-11
-7
-4
2
7
0
8
15
19
23
12
8
22
30
39
39
17
11
16
14
14
16
14
4
-6
-4
1
-5
-19
-18
-17
-13
-14
-19
-12
-7
-1
-4
-25
-35
-27
-25
-24
-15
-31
-27
-8
-5
-11
-32
-32
-12
-14
-24
-20
-17
0
14
3
-10
-15
-11
-1
9
9
11
7
3
20
23
14
12
14
9
3
11
10
8
0
-6
1
2
9
9
13
21
23
31
35
40
43
37
18
8
2
-1
11
21
21
12
7
18
26
27
29
28
32
38
37
34
36
47
55
50
40
35
42
33
30
30
24
17
3
-4
-18
-32
-29
-14
-22
-36
-15
-1
-16
-19
-20
-30
-35
-39
-25
-21
-26
-18
-15
-12
-13
-25
-30
-9
8
16
9
-19
-27
-29
-33
-24
-17
-18
-3
24
42
57
53
126
255
281
145
-189
-472
-540
-450
-298
-269
-248
-100
121
251
0
-310
-444
-251
122
181
155
18
56
275
179
117
-89
-53
276
428
751
653
339
92
-153
71
99
56
-70
-345
-39
206
125
-531
-1232
-742
222
755
199
-941
-1296
-924
-251
-188
-693
-731
-188
578
645
-92
-611
-448
239
698
643
556
656
781
674
313
161
400
660
781
672
611
681
541
303
-19
-71
85
196
358
358
238
66
-134
-204
-282
-272
-178
-231
-237
-199
-60
-113
-444
-581
-441
-305
-326
-360
-228
-52
-11
-145
-326
-406
-252
-111
-96
-206
-273
-106
-40
-119
-250
-287
-148
-102
-126
-201
-206
-68
-103
-129
-135
-97
-119
-200
-161
-103
11
-3
-2
-22
-63
-38
-86
-86
-52
53
218
138
-7
-28
-30
98
9
-53
101
305
486
389
265
204
281
342
207
177
282
420
522
516
549
500
381
315
288
361
449
587
603
570
682
895
1045
896
631
523
570
578
373
242
374
578
522
80
-483
-739
-607
-340
-435
-670
-631
-443
-550
-1106
-1621
-1693
-1652
-1748
-1881
-1864
-1710
-1761
-1920
-1964
-1849
-1784
-1903
-1906
-1638
-1266
-883
-621
-432
-340
-244
-121
18
155
394
762
1125
1322
1370
1377
1432
1412
1338
1453
1784
2174
2192
1949
1727
1577
1412
1189
1097
1276
1401
1446
1192
753
390
104
5
-95
-120
-21
484
1225
1922
2059
1583
960
675
717
689
660
1212
2328
3079
2603
953
-324
-625
-48
56
-467
-620
60
632
-123
-1760
-2756
-2921
-3172
-3888
-4427
-4021
-3477
-3343
-3621
-3778
-4033
-4692
-5286
-5318
-4643
-3730
-2824
-1922
-1239
-960
-953
-938
-644
-270
240
959
1707
2292
2533
2750
2918
2854
2569
2346
2442
2658
2705
2743
2856
2960
2780
2333
1906
1578
1300
1053
919
845
805
731
679
500
142
-265
-482
-523
-401
-287
-74
152
311
342
313
197
186
453
1153
2073
2666
3022
2886
2716
2326
1904
1691
1852
2344
2833
2681
2269
1476
971
442
-120
-537
-911
-899
-983
-1276
-1788
-2468
-3072
-3788
-4577
-5202
-5656
-5596
-5476
-5235
-5051
-5080
-5143
-5471
-5600
-5509
-5043
-4281
-3468
-2528
-1762
-1085
-506
-64
354
691
1043
1503
1928
2486
2990
3504
3816
3888
3841
3725
3590
3435
3345
3323
3320
3261
3056
2748
2410
1975
1558
1046
608
252
54
-60
-86
-114
-140
-264
-382
-533
-646
-524
-145
794
1691
2506
2754
2707
2602
2333
2011
1841
2102
2918
3378
3349
2708
1994
1687
1332
1018
275
-267
-475
-610
-946
-1686
-2339
-2806
-3491
-4393
-5340
-5866
-5974
-6054
-5947
-5859
-5625
-5685
-5873
-5974
-5814
-5273
-4556
-3667
-2829
-2105
-1400
-661
-16
493
860
1374
1820
2158
2394
2775
3347
3741
3862
3831
3900
3978
3879
3645
3488
3418
3296
2984
2693
2413
2118
1712
1292
883
506
147
-111
-296
-405
-470
-412
-472
-536
-466
46
1079
1937
2574
2546
2544
2425
2162
1790
1581
1985
2898
3264
3213
2281
1789
1483
1336
850
-96
-533
-515
-511
-1145
-2213
-2736
-2998
-3541
-4580
-5641
-5900
-6078
-6097
-6287
-6190
-5977
-5915
-5853
-5860
-5630
-5038
-4227
-3260
-2686
-2052
-1312
-414
363
851
1368
1871
2246
2455
2585
2978
3383
3631
3645
3603
3684
3665
3573
3351
3168
2996
2774
2517
2165
1789
1530
1350
1173
835
486
247
93
-142
-405
-588
-517
-425
-373
-131
299
1259
2191
3057
3380
3187
3059
2872
2778
2517
2342
2889
3327
3516
2897
2101
1830
1550
1287
385
-398
-710
-983
-1389
-2333
-2998
-3311
-3762
-4462
-5471
-6008
-6223
-6358
-6442
-6631
-6461
-6377
-6220
-6123
-5926
-5309
-4504
-3550
-2841
-2272
-1528
-669
168
749
1205
1808
2343
2733
2870
3091
3441
3733
3861
3759
3694
3694
3686
3646
3466
3249
2961
2597
2188
1740
1447
1227
1064
796
426
154
-23
-202
-518
-821
-820
-710
-543
-338
19
912
1875
2832
3259
3261
3300
3229
3174
2841
2578
2933
3219
3401
2856
2225
1988
1765
1619
793
-71
-606
-1039
-1492
-2543
-3370
-3788
-4102
-4679
-5688
-6240
-6445
-6563
-6792
-7135
-6977
-6814
-6616
-6496
-6233
-5523
-4692
-3670
-2894
-2197
-1413
-549
357
1001
1521
2154
2749
3242
3418
3658
3973
4227
4308
4192
4211
4291
4306
4164
3937
3729
3438
3010
2491
1987
1654
1399
1122
773
345
62
-157
-404
-691
-919
-902
-850
-786
-644
-61
908
1947
2639
2823
2963
3016
2937
2673
2348
2494
2669
2723
2375
1843
1703
1638
1697
1225
493
-108
-633
-1191
-2215
-3214
-3743
-4089
-4554
-5403
-5958
-6143
-6249
-6412
-6640
-6559
-6542
-6551
-6461
-6157
-5546
-4859
-3969
-3007
-2156
-1274
-428
486
1208
1740
2285
2727
3091
3269
3470
3797
4076
4264
4244
4270
4325
4247
4054
3724
3442
3114
2706
2279
1823
1494
1187
909
589
211
-7
-230
-395
-644
-801
-795
-834
-778
-694
-80
873
1902
2716
2949
3254
3356
3367
3212
2766
2870
2802
2774
2271
1558
1454
1471
1685
1253
532
117
-424
-997
-2120
-3126
-3711
-4400
-4998
-5878
-6348
-6532
-6635
-6482
-6518
-6422
-6465
-6448
-6210
-6135
-5718
-5161
-4251
-3312
-2591
-1562
-501
614
1424
1941
2571
2916
3175
3213
3295
3568
3682
3888
3922
4003
4077
4069
4115
3915
3609
3253
2802
2441
1897
1527
1236
971
697
298
165
42
-33
-193
-273
-282
-286
-272
-77
537
1335
2186
2756
3113
3521
3559
3604
3324
3140
3215
2879
2595
1712
1256
1074
1054
1040
486
144
-121
-522
-1206
-2442
-3154
-3845
-4572
-5502
-6470
-6676
-6900
-6914
-6978
-6903
-6569
-6497
-6259
-6112
-5835
-5282
-4762
-3960
-3398
-2650
-1650
-592
539
1361
2149
2834
3213
3498
3511
3689
3766
3736
3704
3650
3869
4029
4130
4135
3989
3870
3512
3087
2574
1998
1604
1145
795
328
5
-177
-299
-396
-460
-440
-247
-130
173
702
1418
2177
2491
2734
3031
3254
3386
3200
3200
3385
3246
2962
2101
1675
1436
1398
1196
512
67
-205
-446
-983
-2053
-2790
-3495
-4215
-5183
-6229
-6665
-6954
-7021
-7200
-7281
-7129
-7004
-6659
-6354
-5977
-5364
-4693
-3845
-3275
-2627
-1715
-696
274
1029
1826
2641
3204
3591
3799
4025
4121
4102
4056
3935
3912
3915
3959
3955
3753
3530
3272
2902
2469
1955
1644
1266
810
295
-142
-374
-594
-851
-949
-949
-761
-537
-257
408
1177
2070
2642
2884
3193
3386
3558
3526
3360
3518
3360
3203
2568
2079
1913
1824
1761
1233
675
349
27
-346
-1319
-2153
-2923
-3751
-4688
-5842
-6462
-6865
-7111
-7277
-7449
-7325
-7231
-6984
-6637
-6378
-5871
-5359
-4572
-3881
-3253
-2393
-1390
-373
466
1209
2075
2722
3249
3575
3897
4199
4287
4302
4171
4139
4204
4203
4196
4060
3911
3760
3465
3165
2691
2204
1686
1169
622
11
-472
-759
-954
-1087
-1252
-1252
-1072
-776
-129
581
1431
2048
2356
2792
2997
3206
3139
2958
3127
2961
2851
2299
1884
1873
1791
1830
1350
895
784
476
184
-791
-1548
-2224
-3102
-4019
-5200
-5854
-6343
-6758
-6951
-7251
-7108
-6987
-6720
-6356
-6230
-5739
-5265
-4596
-4040
-3477
-2554
-1645
-762
-34
666
1546
2175
2795
3197
3579
3905
4018
4131
4112
4107
4125
4067
4045
3917
3809
3751
3543
3354
3033
2801
2451
1970
1447
905
438
-5
-387
-609
-863
-954
-906
-690
-62
586
1435
1936
2243
2663
2890
3070
2905
2681
2760
2363
2042
1277
902
881
804
803
343
107
139
44
-91
-872
-1460
-2093
-2906
-3821
-5029
-5670
-6208
-6577
-6878
-7181
-6996
-6768
-6373
-5929
-5616
-5000
-4532
-3917
-3471
-2991
-2223
-1456
-744
-177
476
1345
2040
2643
3032
3496
3915
4112
4202
4110
4107
4112
4029
3913
3701
3603
3562
3434
3295
3057
2904
2671
2314
1822
1279
808
400
-5
-355
-665
-737
-695
-374
156
777
1564
2051
2534
2852
3007
3126
2896
2767
2525
2039
1482
623
300
112
65
-145
-572
-585
-520
-462
-752
-1419
-1863
-2461
-3184
-4156
-5130
-5700
-6274
-6686
-7070
-7283
-7128
-6835
-6274
-5767
-5323
-4664
-3969
-3179
-2696
-2186
-1458
-756
-196
212
762
1468
2035
2547
2949
3431
3813
4068
4228
4221
4226
4162
4044
3906
3639
3481
3337
3158
2948
2656
2534
2409
2260
1930
1522
1195
795
467
80
-213
-249
-242
143
564
1153
1863
2301
2883
3175
3457
3566
3380
3346
2937
2455
1685
830
405
-62
-240
-621
-1050
-1073
-1120
-984
-1316
-1847
-2221
-2801
-3438
-4404
-5231
-5795
-6466
-6971
-7490
-7617
-7554
-7374
-6838
-6348
-5668
-4963
-4173
-3320
-2745
-2088
-1363
-681
-178
146
684
1239
1711
2068
2403
2913
3277
3604
3880
4071
4286
4316
4300
4224
4009
3841
3589
3324
3004
2693
2529
2363
2172
1925
1706
1557
1241
1007
745
532
488
433
766
1160
1669
2186
2461
2927
3191
3449
3526
3352
3337
2938
2483
1669
872
478
20
-354
-972
-1496
-1505
-1564
-1587
-2000
-2423
-2665
-3179
-3782
-4600
-5280
-5795
-6377
-6814
-7286
-7480
-7430
-7189
-6693
-6291
-5657
-4836
-3897
-2996
-2305
-1524
-729
-130
296
629
1151
1605
1915
2133
2376
2759
3050
3288
3487
3611
3826
3909
3987
3954
3816
3729
3517
3222
2832
2517
2278
2057
1822
1544
1340
1184
978
862
666
671
723
812
1142
1498
2097
2537
2846
3262
3474
3731
3698
3589
3571
3128
2724
1875
1183
668
101
-315
-1003
-1549
-1671
-1839
-1872
-2378
-2789
-3041
-3515
-4042
-4890
-5488
-5987
-6593
-7041
-7481
-7573
-7547
-7377
-6883
-6466
-5747
-4938
-3942
-2979
-2234
-1379
-522
156
627
936
1428
1771
2014
2186
2394
2740
2966
3241
3443
3593
3795
3896
4001
3967
3824
3731
3529
3264
2893
2553
2296
1995
1676
1342
1091
942
752
691
638
652
794
987
1451
1856
2332
2720
3068
3458
3619
3736
3680
3581
3490
3033
2511
1743
1159
783
278
-257
-1006
-1472
-1600
-1849
-2141
-2700
-3072
-3384
-3942
-4496
-5213
-5690
-6188
-6713
-7063
-7406
-7477
-7394
-7126
-6655
-6244
-5518
-4676
-3747
-2860
-2059
-1076
-240
393
903
1343
1844
2100
2262
2402
2554
2780
2916
3133
3323
3479
3622
3699
3806
3786
3698
3561
3358
3134
2848
2617
2426
2196
1894
1523
1207
910
699
568
475
547
626
898
1322
1802
2394
2721
3134
3546
3786
3938
3701
3626
3415
2922
2302
1433
960
487
-23
-522
-1273
-1547
-1737
-1859
-2086
-2708
-2976
-3327
-3798
-4371
-5084
-5468
-6012
-6504
-6924
-7298
-7367
-7408
-7112
-6747
-6355
-5655
-4855
-3835
-2959
-2133
-1113
-251
459
936
1407
1895
2119
2208
2230
2391
2549
2651
2835
3006
3208
3399
3589
3819
3896
3908
3872
3706
3429
3073
2802
2577
2289
1926
1588
1305
1025
792
689
616
665
747
950
1436
1913
2465
2813
3070
3461
3676
3821
3672
3422
3279
2787
2240
1366
701
348
-121
-590
-1337
-1767
-1813
-2013
-2232
-2806
-3196
-3451
-3936
-4416
-5107
-5557
-5964
-6438
-6835
-7230
-7338
-7237
-7022
-6678
-6364
-5643
-4725
-3795
-2958
-2140
-1035
-34
644
1162
1676
2224
2495
2527
2515
2574
2705
2788
2849
2877
2956
3161
3366
3540
3618
3717
3824
3787
3546
3197
2923
2728
2452
2049
1648
1360
1142
912
689
569
547
644
771
1056
1567
2073
2679
3005
3327
3680
3863
3984
3751
3546
3278
2690
2010
1063
419
-43
-619
-1143
-1862
-2094
-2171
-2354
-2600
-3157
-3427
-3748
-4223
-4679
-5334
-5739
-6247
-6696
-7039
-7402
-7457
-7450
-7182
-6848
-6437
-5667
-4777
-3728
-2783
-1889
-839
42
855
1434
1939
2389
2627
2833
2911
2995
3047
3069
3171
3177
3231
3367
3585
3804
3807
3806
3787
3746
3626
3365
3151
2927
2646
2276
1833
1480
1218
1014
801
596
430
320
338
468
785
1262
1752
2251
2562
2921
3304
3551
3724
3592
3506
3247
2670
1939
1055
486
-45
-699
-1314
-2037
-2359
-2546
-2747
-2972
-3452
-3700
-3950
-4318
-4730
-5320
-5726
-6195
-6635
-7002
-7416
-7554
-7621
-7407
-7046
-6650
-5901
-4949
-3814
-2736
-1829
-763
286
1256
1985
2511
3017
3375
3619
3671
3656
3673
3627
3629
3591
3596
3720
3877
4071
4115
4064
4045
4042
3979
3799
3526
3200
2815
2332
1827
1335
954
636
304
5
-280
-336
-289
-134
145
518
1120
1679
2176
2542
2918
3334
3537
3563
3339
3138
2826
2272
1563
780
220
-292
-914
-1562
-2227
-2486
-2584
-2739
-3019
-3486
-3723
-4005
-4425
-4943
-5574
-6027
-6542
-7019
-7451
-7808
-7852
-7784
-7483
-7121
-6616
-5787
-4752
-3597
-2594
-1675
-609
449
1377
2044
2622
3180
3586
3830
3907
3998
4063
4100
4125
4083
4091
4173
4327
4461
4452
4415
4423
4436
4284
3942
3566
3184
2787
2244
1633
1149
706
322
-88
-417
-577
-663
-615
-527
-288
66
639
1279
1793
2235
2572
3024
3302
3346
3225
3046
2936
2553
1970
1198
527
74
-476
-1072
-1746
-2257
-2377
-2567
-2843
-3335
-3800
-4024
-4409
-4905
-5581
-6131
-6532
-7003
-7407
-7742
-7851
-7742
-7518
-7121
-6671
-5940
-4902
-3757
-2650
-1718
-694
478
1538
2365
2989
3609
4160
4473
4612
4656
4727
4757
4717
4625
4519
4481
4505
4550
4534
4414
4252
4115
3927
3617
3202
2753
2268
1713
1105
567
130
-268
-618
-908
-1134
-1228
-1236
-1114
-921
-750
-441
-73
437
977
1468
1972
2291
2624
2785
2889
2985
2865
2793
2454
1989
1430
770
357
-136
-753
-1407
-2094
-2416
-2783
-3260
-3770
-4324
-4603
-4979
-5398
-5798
-6183
-6371
-6669
-6941
-7101
-7152
-6927
-6646
-6229
-5721
-5112
-4216
-3221
-2179
-1189
-182
988
2032
2958
3729
4433
5037
5344
5508
5573
5605
5544
5344
5111
4847
4578
4338
4123
3947
3694
3427
3165
2872
2563
2183
1826
1430
955
480
-11
-433
-806
-1166
-1366
-1509
-1633
-1718
-1724
-1479
-1195
-852
-419
71
752
1342
1893
2287
2619
3041
3285
3423
3309
3120
2921
2470
1900
1163
491
-90
-831
-1553
-2344
-2901
-3222
-3609
-3962
-4459
-4771
-4913
-5180
-5405
-5759
-5984
-6129
-6316
-6354
-6390
-6242
-5970
-5621
-5130
-4571
-3733
-2693
-1589
-503
432
1550
2693
3692
4493
5049
5587
5928
6052
6014
5811
5556
5190
4763
4329
3861
3487
3179
2907
2604
2282
2054
1858
1627
1322
975
656
306
-90
-482
-836
-1153
-1496
-1767
-1905
-1972
-1963
-1866
-1583
-1256
-954
-618
-192
375
902
1465
1993
2454
2787
2999
3245
3345
3274
3042
2751
2432
1894
1224
519
-134
-726
-1430
-2151
-2823
-3321
-3579
-3836
-4142
-4525
-4841
-4928
-5015
-5127
-5261
-5330
-5303
-5315
-5264
-5117
-4877
-4499
-4081
-3533
-2915
-2208
-1263
-265
724
1561
2367
3277
4082
4720
5142
5413
5588
5557
5404
5159
4839
4474
3987
3469
2977
2534
2192
1858
1536
1216
915
708
524
291
20
-242
-451
-699
-987
-1228
-1420
-1555
-1709
-1793
-1753
-1619
-1436
-1222
-881
-516
-183
147
446
837
1182
1467
1768
2001
2264
2409
2503
2579
2473
2377
2180
1984
1728
1223
788
234
-296
-804
-1417
-1882
-2428
-2853
-3066
-3305
-3445
-3728
-3890
-3850
-3878
-3838
-3882
-3796
-3648
-3608
-3463
-3306
-3049
-2792
-2565
-2190
-1773
-1278
-705
-138
458
995
1628
2332
2924
3388
3719
4052
4241
4244
4138
3960
3727
3332
2853
2372
1926
1534
1141
841
598
364
196
52
-55
-215
-380
-466
-557
-658
-818
-959
-1046
-1167
-1243
-1268
-1196
-1063
-964
-828
-671
-491
-288
-68
136
276
401
557
737
922
1127
1361
1602
1733
1788
1873
1991
2139
2108
1974
1819
1598
1331
883
451
56
-404
-854
-1343
-1708
-1933
-2126
-2238
-2416
-2536
-2551
-2560
-2497
-2546
-2620
-2674
-2764
-2759
-2783
-2783
-2740
-2692
-2543
-2362
-2072
-1661
-1191
-658
-165
390
1015
1594
2122
2499
2809
3084
3231
3291
3215
3051
2819
2478
2123
1756
1411
1103
810
560
335
158
56
4
-32
-101
-172
-259
-352
-448
-565
-672
-820
-997
-1173
-1328
-1401
-1409
-1388
-1324
-1221
-1070
-867
-624
-340
-48
217
502
868
1242
1605
2007
2381
2771
3024
3208
3402
3524
3608
3509
3377
3205
2926
2552
1999
1515
1065
515
-6
-612
-1094
-1432
-1808
-2138
-2587
-2939
-3138
-3345
-3488
-3749
-3966
-4140
-4323
-4413
-4541
-4592
-4597
-4526
-4259
-3986
-3594
-3045
-2400
-1662
-1014
-296
519
1304
2045
2622
3111
3471
3713
3866
3848
3701
3420
3060
2660
2227
1810
1420
1090
781
436
121
-100
-248
-402
-578
-747
-891
-1042
-1239
-1391
-1509
-1604
-1687
-1753
-1736
-1654
-1491
-1242
-904
-522
-102
386
898
1417
1883
2300
2727
3072
3337
3546
3737
3942
4093
4179
4222
4160
4066
3973
3838
3636
3289
2936
2554
2067
1478
771
137
-477
-1165
-1855
-2601
-3213
-3681
-4102
-4438
-4838
-5115
-5240
-5323
-5335
-5417
-5395
-5277
-5164
-5007
-4875
-4659
-4381
-4061
-3617
-3131
-2571
-1935
-1222
-466
192
874
1628
2361
2966
3367
3675
3908
4005
3959
3777
3487
3112
2663
2175
1696
1224
784
396
44
-275
-540
-721
-782
-775
-754
-707
-618
-497
-405
-345
-266
-156
-29
101
272
475
720
1036
1366
1687
2017
2388
2791
3146
3432
3646
3765
3821
3778
3614
3361
3001
2585
2166
1745
1360
1012
715
448
151
-73
-225
-280
-343
-487
-607
-785
-996
-1316
-1726
-2074
-2489
-2920
-3336
-3744
-3958
-4094
-4147
-4183
-4260
-4177
-4008
-3777
-3581
-3463
-3322
-3265
-3214
-3181
-3199
-3203
-3251
-3237
-3133
-2979
-2658
-2184
-1612
-1011
-409
364
1196
1957
2628
3215
3802
4222
4429
4473
4404
4306
4049
3631
3162
2707
2395
2132
1846
1556
1308
1257
1287
1307
1334
1347
1377
1347
1254
1123
950
779
558
301
77
-88
-155
-185
-181
-113
20
249
471
678
903
1099
1239
1315
1358
1327
1198
988
702
370
14
-344
-679
-923
-1043
-1029
-976
-859
-710
-486
-130
171
390
505
651
770
639
304
-143
-530
-921
-1515
-2161
-2792
-3226
-3456
-3716
-3935
-4154
-4194
-4028
-3888
-3703
-3582
-3399
-3138
-2956
-2762
-2647
-2518
-2321
-2144
-1917
-1655
-1273
-722
-138
499
1141
1874
2742
3615
4436
5097
5591
6016
6296
6431
6339
5977
5520
4965
4288
3452
2549
1795
1133
442
-322
-985
-1333
-1514
-1697
-1911
-2089
-2094
-2042
-2028
-2073
-2202
-2291
-2374
-2433
-2484
-2515
-2426
-2247
-2009
-1732
-1340
-745
-71
540
1043
1534
2068
2530
2862
3053
3120
3031
2798
2477
2077
1590
1042
492
-34
-549
-984
-1277
-1362
-1294
-1214
-1101
-930
-584
-156
149
396
570
769
887
782
519
194
-33
-249
-608
-1028
-1387
-1443
-1309
-1227
-1177
-1166
-967
-665
-437
-266
-260
-284
-322
-441
-611
-939
-1294
-1610
-1904
-2136
-2389
-2478
-2333
-2070
-1771
-1474
-994
-349
287
895
1379
1750
2033
2229
2408
2441
2274
1979
1666
1404
1086
735
430
223
82
-90
-215
-256
-205
-78
-33
-61
-138
-203
-151
-126
-229
-450
-652
-744
-862
-1007
-1132
-1150
-1092
-1020
-856
-595
-222
199
588
987
1374
1770
2176
2488
2675
2738
2753
2750
2668
2510
2300
2049
1763
1453
1150
893
692
487
296
177
169
311
458
555
608
690
869
1007
1031
944
876
806
561
158
-304
-672
-957
-1330
-1811
-2314
-2643
-2768
-2887
-3065
-3293
-3466
-3514
-3527
-3535
-3613
-3724
-3807
-3866
-3893
-3997
-4102
-4119
-4071
-3964
-3831
-3599
-3200
-2708
-2136
-1526
-854
-100
696
1510
2254
2866
3352
3794
4212
4479
4543
4505
4442
4328
4104
3876
3747
3644
3499
3317
3176
3085
2984
2858
2698
2498
2222
1889
1506
1082
646
165
-334
-831
-1276
-1576
-1772
-1917
-2028
-2069
-1948
-1717
-1466
-1202
-926
-627
-365
-158
27
229
399
468
500
525
536
566
602
604
571
533
547
543
493
411
267
91
-109
-350
-603
-870
-1138
-1401
-1591
-1636
-1629
-1596
-1543
-1396
-1154
-936
-690
-421
-116
128
190
123
4
-83
-197
-441
-819
-1213
-1439
-1506
-1599
-1736
-1852
-1815
-1649
-1461
-1238
-1039
-841
-642
-470
-306
-203
-134
-80
-54
-37
-74
-58
80
255
431
614
916
1298
1676
2066
2409
2685
2880
3015
3124
3115
2955
2710
2425
2108
1704
1278
938
670
412
184
53
24
58
109
161
204
188
78
-52
-199
-439
-818
-1283
-1720
-2119
-2539
-2936
-3258
-3493
-3594
-3586
-3493
-3337
-3109
-2780
-2378
-1961
-1597
-1232
-849
-504
-214
30
259
481
674
876
1100
1350
1629
1898
2172
2467
2737
2988
3197
3372
3478
3477
3432
3334
3160
2911
2625
2330
2034
1797
1649
1534
1422
1295
1232
1252
1260
1216
1095
995
898
647
231
-255
-688
-1114
-1645
-2242
-2804
-3203
-3454
-3649
-3832
-4005
-4036
-3909
-3697
-3470
-3304
-3124
-2917
-2719
-2548
-2458
-2408
-2343
-2265
-2201
-2147
-2011
-1762
-1447
-1104
-764
-367
103
619
1132
1556
1866
2092
2280
2415
2395
2226
1975
1704
1439
1141
815
543
358
234
155
150
258
491
785
1055
1294
1491
1675
1832
1912
1865
1730
1583
1404
1150
833
551
370
237
97
-20
-7
163
367
539
700
871
1066
1230
1313
1297
1180
1049
907
705
445
179
-52
-253
-433
-551
-594
-534
-441
-356
-256
-157
-37
62
93
48
-76
-226
-399
-632
-902
-1166
-1412
-1645
-1823
-1904
-1839
-1645
-1400
-1136
-857
-503
-96
257
515
709
878
957
906
718
476
264
-2
-387
-810
-1174
-1395
-1531
-1655
-1783
-1902
-1887
-1776
-1646
-1556
-1556
-1563
-1535
-1499
-1518
-1598
-1659
-1696
-1714
-1705
-1663
-1493
-1203
-847
-457
-45
466
1061
1670
2259
2730
3093
3411
3676
3849
3853
3725
3542
3289
2947
2538
2126
1745
1398
1092
815
601
457
380
347
294
241
211
168
92
-52
-270
-529
-808
-1117
-1439
-1751
-2037
-2292
-2491
-2571
-2515
-2377
-2173
-1894
-1502
-1031
-558
-117
288
650
952
1164
1295
1370
1362
1274
1112
942
797
676
596
582
651
758
908
1139
1367
1563
1738
1880
1959
1921
1807
1633
1388
1050
655
264
-116
-467
-782
-1078
-1294
-1413
-1411
-1262
-1082
-870
-665
-432
-147
73
215
260
247
181
-18
-339
-714
-1060
-1377
-1756
-2152
-2538
-2759
-2801
-2808
-2816
-2843
-2765
-2585
-2423
-2270
-2183
-2146
-2111
-2103
-2107
-2168
-2241
-2243
-2216
-2167
-2077
-1860
-1502
-1070
-585
-74
512
1183
1866
2543
3139
3617
4025
4374
4656
4790
4753
4632
4460
4232
3916
3569
3280
3026
2772
2512
2299
2130
1999
1921
1819
1665
1508
1351
1172
894
519
113
-294
-700
-1153
-1621
-2006
-2311
-2597
-2849
-3000
-3006
-2914
-2765
-2578
-2315
-1985
-1657
-1324
-1052
-848
-676
-522
-393
-355
-402
-441
-448
-447
-435
-407
-335
-203
-56
107
322
554
759
912
1017
1083
1083
1023
929
761
528
280
42
-192
-453
-688
-855
-935
-984
-994
-902
-744
-528
-273
29
379
714
1003
1240
1468
1655
1758
1760
1692
1615
1478
1262
982
683
434
196
-68
-361
-641
-810
-905
-1029
-1206
-1398
-1540
-1647
-1777
-1942
-2117
-2275
-2407
-2488
-2542
-2584
-2558
-2461
-2296
-2077
-1817
-1459
-1015
-538
-67
379
815
1258
1680
2026
2267
2396
2439
2443
2388
2230
1973
1684
1399
1097
777
469
216
-1
-186
-343
-450
-511
-534
-495
-455
-452
-444
-416
-402
-422
-470
-514
-530
-517
-493
-446
-372
-248
-77
121
378
666
990
1338
1642
1899
2100
2256
2386
2459
2424
2315
2194
2039
1851
1647
1445
1257
1084
939
828
731
657
611
577
537
459
344
231
92
-97
-319
-572
-836
-1095
-1343
-1559
-1745
-1916
-2042
-2101
-2090
-2024
-1926
-1804
-1651
-1493
-1352
-1217
-1100
-1041
-1014
-996
-1015
-1045
-1089
-1130
-1199
-1296
-1347
-1363
-1370
-1365
-1349
-1288
-1185
-1104
-1050
-1002
-941
-872
-833
-854
-885
-857
-800
-753
-725
-673
-558
-403
-230
-46
135
343
587
854
1120
1337
1512
1689
1853
1959
2019
2073
2127
2149
2130
2103
2075
2021
1988
1967
1916
1817
1712
1643
1575
1454
1298
1144
975
779
576
380
202
26
-156
-318
-443
-511
-546
-566
-589
-587
-544
-480
-418
-384
-353
-314
-287
-288
-315
-356
-391
-431
-479
-518
-523
-503
-470
-432
-397
-358
-295
-195
-80
0
60
117
165
201
229
244
242
209
156
100
45
11
-31
-108
-192
-256
-318
-387
-457
-539
-618
-702
-783
-852
-918
-967
-1016
-1059
-1088
-1093
-1065
-1005
-918
-803
-671
-546
-418
-259
-100
47
202
347
489
622
739
860
967
1058
1128
1146
1146
1141
1111
1049
933
817
698
532
328
90
-138
-343
-536
-754
-986
-1158
-1256
-1319
-1402
-1500
-1554
-1562
-1525
-1451
-1377
-1309
-1222
-1100
-953
-817
-691
-557
-387
-203
-20
189
401
630
865
1084
1303
1514
1713
1895
2027
2113
2175
2190
2167
2097
1981
1844
1699
1550
1387
1213
1054
916
789
669
546
429
337
261
147
3
-148
-286
-421
-608
-818
-1007
-1175
-1317
-1434
-1540
-1607
-1611
-1548
-1457
-1343
-1207
-1032
-818
-609
-418
-250
-90
65
182
269
336
387
424
434
428
424
416
395
384
367
335
310
265
212
143
44
-66
-182
-301
-418
-535
-654
-745
-812
-864
-882
-855
-791
-693
-578
-426
-245
-55
170
400
589
753
924
1075
1172
1209
1219
1209
1152
1056
961
870
779
685
592
507
409
316
230
143
32
-94
-238
-396
-550
-733
-945
-1143
-1333
-1540
-1758
-1948
-2052
-2097
-2130
-2150
-2153
-2098
-1970
-1814
-1657
-1512
-1364
-1175
-968
-790
-648
-492
-321
-142
21
172
360
565
748
927
1111
1285
1461
1640
1819
1938
2002
2050
2100
2136
2131
2078
1987
1871
1745
1627
1513
1371
1235
1117
1001
894
807
763
735
689
628
592
584
585
567
532
484
418
348
248
141
42
-75
-217
-349
-461
-564
-655
-739
-830
-916
-974
-1006
-1020
-1021
-1028
-1022
-1007
-983
-941
-929
-935
-946
-964
-978
-988
-997
-1009
-1022
-1024
-1011
-993
-965
-908
-824
-732
-640
-558
-462
-353
-247
-147
-63
-18
33
94
125
161
180
187
203
213
248
285
320
374
435
498
574
650
709
746
770
778
760
709
653
590
501
414
318
200
91
-10
-99
-191
-300
-387
-440
-491
-554
-618
-666
-679
-691
-718
-727
-708
-688
-661
-649
-630
-588
-548
-493
-420
-364
-305
-229
-140
-49
25
132
250
342
427
522
617
725
839
937
1021
1087
1136
1179
1201
1199
1186
1147
1095
1047
964
859
745
632
527
425
317
204
94
5
-69
-147
-218
-264
-300
-336
-369
-406
-424
-429
-427
-401
-387
-359
-293
-233
-168
-87
9
131
258
401
541
672
790
903
1011
1080
1137
1149
1111
1049
954
841
716
558
404
252
86
-72
-243
-419
-592
-743
-887
-1029
-1162
-1284
-1379
-1469
-1544
-1590
-1661
-1737
-1779
-1796
-1785
-1766
-1733
-1673
-1605
-1529
-1416
-1296
-1162
-1024
-901
-772
-636
-505
-385
-284
-208
-124
-56
3
82
151
218
300
377
455
536
601
669
742
807
866
894
898
912
908
866
810
749
685
607
536
480
435
384
350
328
314
322
331
352
375
405
442
469
484
486
487
489
494
506
513
538
576
632
697
751
820
903
979
1031
1050
1048
1033
1011
978
906
791
657
510
343
163
-13
-181
-347
-494
-625
-731
-819
-901
-969
-1020
-1039
-1051
-1070
-1078
-1048
-1017
-997
-974
-938
-881
-827
-752
-670
-582
-484
-374
-248
-119
1
102
194
281
344
391
428
445
450
430
381
336
282
206
139
75
17
-47
-105
-128
-134
-152
-163
-159
-160
-155
-145
-139
-145
-155
-155
-147
-153
-163
-167
-179
-183
-186
-194
-196
-185
-172
-173
-190
-202
-205
-225
-242
-263
-291
-313
-338
-343
-319
-289
-266
-233
-211
-193
-165
-161
-161
-169
-185
-187
-200
-226
-250
-275
-302
-321
-330
-315
-271
-220
-165
-92
-13
57
119
187
267
341
394
434
472
516
573
612
634
668
701
752
818
871
912
951
994
1047
1076
1073
1063
1044
1010
934
830
720
591
454
330
208
88
-22
-113
-174
-214
-234
-233
-222
-200
-160
-108
-70
-37
-12
-1
11
15
14
-1
-20
-37
-54
-82
-116
-145
-178
-193
-213
-247
-277
-302
-327
-357
-394
-441
-492
-579
-655
-708
-774
-834
-889
-936
-939
-925
-904
-864
-828
-769
-674
-591
-512
-413
-315
-222
-126
-33
45
107
160
225
277
324
381
414
444
471
495
516
510
489
479
458
413
363
310
260
214
163
104
38
-25
-69
-105
-141
-181
-220
-258
-277
-286
-309
-337
-380
-409
-420
-429
-443
-464
-476
-459
-434
-416
-389
-349
-296
-236
-169
-96
-24
38
100
165
222
269
313
344
365
383
401
417
422
432
451
467
483
504
519
548
585
601
604
604
615
625
608
577
542
488
448
426
393
364
339
320
307
297
292
309
320
324
331
337
337
318
296
275
241
199
147
91
33
-22
-78
-130
-173
-223
-260
-273
-280
-300
-327
-350
-353
-346
-346
-359
-391
-428
-447
-464
-487
-527
-574
-593
-607
-643
-654
-647
-648
-643
-631
-619
-603
-593
-582
-579
-583
-580
-568
-558
-559
-562
-558
-540
-520
-497
-461
-422
-362
-299
-243
-175
-97
-27
45
100
136
177
224
268
300
304
292
304
305
304
306
290
283
289
308
332
344
376
430
482
528
570
611
649
694
708
710
704
703
708
690
662
632
610
596
592
583
548
501
462
439
412
369
319
258
187
125
52
-33
-107
-185
-263
-333
-391
-426
-449
-484
-498
-497
-484
-453
-433
-408
-374
-330
-285
-258
-247
-228
-206
-182
-159
-149
-141
-114
-72
-28
-5
15
42
76
97
113
126
129
142
138
101
53
-11
-71
-118
-178
-232
-286
-335
-368
-393
-421
-445
-452
-447
-432
-405
-380
-343
-307
-284
-239
-204
-188
-159
-126
-102
-81
-57
-21
21
54
94
134
171
215
244
287
334
356
375
394
394
396
387
363
344
309
269
239
210
175
140
105
73
55
44
37
24
13
20
15
2
-2
-23
-45
-57
-77
-99
-116
-133
-136
-142
-150
-136
-121
-103
-93
-87
-71
-61
-66
-67
-67
-73
-75
-89
-98
-99
-97
-90
-102
-118
-108
-78
-49
-16
22
51
91
145
191
227
261
301
341
366
373
365
357
364
383
381
364
333
302
291
273
252
228
186
148
128
107
87
66
30
-10
-51
-89
-125
-173
-220
-244
-265
-282
-293
-315
-337
-353
-365
-375
-389
-405
-416
-429
-444
-444
-456
-479
-506
-530
-532
-532
-537
-511
-466
-429
-384
-321
-265
-194
-105
-30
47
111
175
249
307
355
389
406
434
458
477
494
495
489
490
496
505
504
479
462
472
473
456
427
387
338
282
231
180
109
30
-34
-97
-140
-181
-236
-276
-295
-296
-298
-299
-291
-273
-262
-255
-238
-227
-207
-181
-164
-156
-148
-128
-106
-93
-83
-61
-39
-6
42
86
126
158
194
226
241
252
271
280
264
250
221
172
123
82
45
4
-37
-62
-80
-90
-88
-82
-85
-75
-56
-44
-38
-38
-33
-39
-47
-64
-97
-140
-164
-185
-215
-240
-244
-227
-225
-232
-233
-221
-204
-172
-141
-121
-88
-66
-64
-63
-74
-92
-108
-110
-107
-127
-164
-174
-169
-161
-136
-111
-88
-68
-36
22
78
105
137
185
214
251
281
297
313
307
310
323
324
314
303
304
311
309
288
269
263
261
249
227
201
174
140
109
102
78
44
17
7
-4
-26
-48
-58
-51
-44
-28
-17
-19
-11
0
6
12
18
10
-11
-35
-43
-55
-84
-97
-105
-122
-131
-141
-147
-154
-159
-160
-158
-173
-200
-222
-245
-254
-262
-267
-266
-256
-242
-228
-219
-208
-194
-191
-181
-156
-146
-127
-95
-69
-53
-54
-47
-35
-27
-14
16
44
61
80
90
108
134
150
148
145
149
158
145
125
113
92
70
38
4
-38
-64
-72
-67
-66
-75
-67
-55
-31
14
46
68
94
131
174
211
238
265
280
294
323
329
335
361
378
397
411
420
438
449
429
411
400
367
330
293
234
172
95
16
-73
-172
-262
-346
-425
-499
-574
-638
-681
-720
-741
-755
-768
-762
-745
-721
-690
-646
-597
-550
-492
-423
-355
-288
-217
-134
-49
31
117
193
266
342
394
427
461
492
527
546
549
546
530
498
465
423
378
344
317
279
234
208
196
178
154
143
126
99
77
58
39
26
13
2
-16
-41
-52
-67
-82
-89
-83
-74
-63
-67
-81
-95
-106
-112
-120
-147
-174
-192
-213
-228
-248
-266
-273
-281
-289
-295
-302
-292
-270
-252
-222
-191
-181
-156
-114
-64
-27
-16
0
25
57
92
121
142
172
207
242
273
305
347
369
371
379
390
387
368
349
310
270
227
173
113
53
1
-41
-92
-154
-188
-218
-257
-276
-284
-298
-298
-297
-293
-299
-300
-273
-251
-228
-201
-184
-164
-142
-124
-108
-90
-69
-43
-11
27
83
124
155
183
215
243
247
248
254
262
264
266
259
237
223
189
161
142
122
112
93
71
62
48
23
1
-23
-50
-76
-97
-130
-171
-212
-238
-254
-284
-318
-337
-357
-359
-369
-390
-398
-393
-369
-341
-322
-297
-271
-248
-209
-166
-134
-105
-76
-36
14
60
118
179
236
296
362
415
462
513
546
585
638
675
704
723
717
700
666
611
563
505
450
397
334
272
205
150
110
64
20
-9
-37
-76
-114
-163
-214
-253
-299
-338
-388
-436
-460
-481
-498
-501
-494
-496
-497
-493
-480
-462
-457
-451
-432
-413
-391
-368
-372
-371
-351
-332
-309
-293
-267
-233
-212
-182
-148
-119
-69
-23
16
60
103
143
180
212
236
269
282
284
283
277
269
260
246
225
216
223
233
236
224
226
225
222
226
223
216
221
225
218
200
168
145
126
107
103
89
64
50
43
39
30
14
6
-3
-17
-31
-41
-58
-73
-93
-114
-125
-138
-153
-174
-178
-179
-177
-165
-151
-132
-116
-79
-39
-15
-6
8
48
94
115
127
141
145
146
147
149
147
150
159
159
144
124
108
85
62
47
22
-12
-47
-79
-109
-135
-160
-189
-222
-249
-266
-290
-307
-304
-297
-281
-256
-229
-211
-206
-178
-124
-80
-51
-24
-2
18
53
77
90
98
111
138
159
157
159
167
161
166
189
209
208
198
203
212
207
198
179
162
161
157
142
118
88
70
59
42
27
13
-6
-21
-22
-35
-41
-42
-59
-72
-81
-92
-87
-92
-106
-108
-112
-123
-130
-140
-154
-164
-171
-170
-179
-193
-183
-177
-173
-160
-163
-165
-143
-111
-101
-109
-108
-93
-85
-82
-73
-77
-77
-67
-58
-48
-35
-13
6
20
37
56
69
71
90
102
106
127
147
154
142
132
127
120
107
104
109
99
85
58
36
22
13
2
-16
-36
-42
-41
-49
-56
-58
-60
-52
-37
-22
-12
1
22
34
41
49
64
78
99
131
146
158
167
183
197
201
207
221
240
257
270
268
270
275
272
262
237
217
206
198
189
196
184
144
117
110
109
84
43
14
-8
-38
-71
-102
-139
-172
-204
-239
-275
-321
-364
-404
-448
-473
-492
-513
-519
-525
-531
-527
-513
-495
-481
-465
-430
-385
-344
-306
-256
-210
-161
-98
-49
-11
20
70
126
184
243
291
329
364
406
425
432
441
450
453
448
436
415
369
320
283
234
184
138
88
49
12
-33
-73
-97
-121
-146
-175
-205
-222
-244
-268
-283
-293
-292
-306
-318
-312
-304
-301
-289
-264
-237
-212
-189
-164
-132
-98
-63
-28
3
35
77
102
121
139
159
193
214
239
257
261
276
295
298
305
306
293
295
298
299
306
301
285
268
256
261
259
242
217
182
145
129
127
118
102
72
57
58
39
12
-1
-26
-41
-40
-40
-49
-82
-107
-118
-135
-157
-175
-199
-202
-197
-198
-189
-180
-177
-182
-184
-179
-159
-157
-168
-160
-155
-143
-126
-117
-112
-96
-81
-64
-58
-56
-47
-27
-6
4
5
13
25
35
37
29
27
27
22
-1
-12
-29
-57
-76
-97
-121
-150
-178
-188
-187
-193
-203
-216
-226
-225
-224
-235
-249
-250
-243
-220
-193
-170
-152
-142
-107
-69
-48
-31
-2
23
56
92
126
172
200
219
249
275
306
339
358
384
399
400
403
402
402
399
384
363
351
335
321
307
291
263
225
217
213
198
161
132
97
61
25
-16
-38
-58
-75
-100
-126
-151
-173
-203
-231
-257
-287
-309
-320
-323
-333
-342
-340
-319
-308
-315
-300
-288
-282
-259
-233
-201
-166
-141
-123
-108
-95
-67
-40
-13
24
40
57
87
118
149
163
179
198
217
218
224
226
216
214
217
201
182
171
166
165
147
130
119
103
95
91
74
63
49
45
50
45
44
36
20
12
14
5
-10
-21
-28
-22
-27
-40
-54
-87
-110
-116
-135
-153
-176
-199
-211
-217
-216
-219
-229
-231
-220
-222
-229
-225
-227
-222
-218
-200
-171
-154
-131
-99
-67
-41
-11
11
33
69
103
139
158
165
177
182
192
209
207
188
188
188
176
158
140
123
108
99
92
83
67
57
49
31
16
4
-12
-17
-20
-26
-38
-60
-64
-51
-53
-47
-34
-45
-57
-52
-32
2
25
35
51
58
52
67
72
71
102
127
128
108
84
79
59
27
2
-11
-7
-3
-17
-45
-71
-86
-89
-94
-107
-105
-116
-140
-141
-145
-159
-160
-161
-158
-148
-134
-114
-100
-94
-75
-38
-7
14
24
29
49
75
103
115
114
129
144
149
159
158
144
143
159
173
172
157
137
135
129
119
113
90
82
87
83
67
45
37
34
21
11
-1
-16
-15
-14
-16
-13
-10
-5
0
-5
-7
-2
0
-13
-18
-26
-34
-47
-75
-99
-124
-141
-147
-162
-171
-178
-203
-226
-237
-241
-245
-248
-249
-253
-259
-254
-237
-222
-217
-209
-195
-185
-171
-155
-138
-107
-75
-49
-27
-3
28
57
72
90
111
120
143
168
188
189
193
215
239
249
262
291
299
306
311
307
310
310
308
308
296
275
254
227
205
176
130
101
77
53
27
-18
-55
-81
-98
-114
-132
-159
-178
-182
-193
-206
-214
-218
-215
-215
-214
-203
-203
-211
-201
-188
-182
-165
-140
-108
-81
-53
-23
-9
4
33
58
62
63
72
87
107
124
121
107
88
81
86
91
89
70
52
51
52
48
37
22
22
22
13
7
-2
-21
-31
-37
-40
-45
-55
-54
-53
-48
-34
-7
8
5
0
-1
-2
0
7
16
20
33
49
33
20
21
7
-9
-15
-19
-14
-10
1
10
-2
-17
-13
-11
-10
-13
-27
-37
-35
-36
-36
-46
-56
-47
-43
-51
-51
-52
-46
-37
-28
-20
-26
-26
-7
12
10
18
25
20
31
48
62
70
62
64
71
65
64
60
45
40
40
28
13
-6
-6
-17
-31
-46
-59
-72
-84
-80
-70
-67
-62
-55
-53
-54
-52
-48
-45
-43
-33
-22
-11
4
2
5
15
25
36
37
46
64
80
90
101
108
104
106
113
118
99
80
80
82
78
67
42
27
21
18
9
-12
-37
-56
-68
-82
-90
-94
-108
-113
-109
-126
-145
-154
-153
-147
-136
-118
-104
-97
-91
-80
-73
-56
-34
-15
11
27
41
55
62
81
103
112
116
124
120
117
132
150
159
162
150
146
135
124
119
103
96
102
101
102
93
88
81
63
48
31
17
-3
-3
-6
-19
-26
-44
-56
-63
-69
-78
-83
-103
-110
-107
-121
-120
-110
-108
-108
-119
-103
-94
-104
-102
-94
-90
-89
-88
-86
-72
-69
-62
-55
-51
-40
-28
-21
-10
3
1
10
16
19
17
7
21
37
41
46
44
30
26
28
26
27
25
6
-12
-22
-15
-3
-9
-16
-10
-5
3
17
26
23
12
12
15
13
11
16
21
25
26
10
3
10
25
30
12
-6
-18
-29
-26
-17
-20
-23
-28
-34
-44
-64
-67
-55
-41
-36
-30
-27
-25
-16
-6
6
24
45
59
65
73
73
67
65
81
94
104
113
117
119
113
115
125
128
112
110
101
96
100
96
90
93
102
100
90
67
51
31
4
-2
-10
-23
-28
-32
-36
-56
-83
-88
-71
-67
-72
-69
-81
-92
-83
-66
-54
-65
-67
-48
-53
-59
-66
-77
-78
-73
-71
-69
-69
-82
-87
-91
-99
-102
-108
-111
-110
-105
-106
-102
-85
-83
-83
-76
-70
-63
-64
-64
-67
-69
-51
-27
-11
-1
5
16
19
24
46
70
86
93
94
94
106
117
115
106
93
80
80
77
85
93
88
87
79
74
69
54
53
51
45
42
35
20
13
21
16
14
11
1
8
9
19
29
19
5
10
15
26
34
14
7
6
8
2
-15
-20
-21
-24
-38
-45
-63
-75
-73
-61
-47
-50
-49
-43
-37
-45
-49
-43
-37
-26
-18
-11
-19
-38
-45
-40
-32
-28
-36
-44
-41
-31
-27
-27
-22
-10
-1
-2
17
41
25
25
41
40
56
75
82
84
83
90
96
89
86
87
88
91
74
54
52
54
51
52
45
37
33
23
10
-4
-27
-49
-49
-57
-72
-82
-87
-86
-75
-63
-52
-61
-73
-64
-67
-66
-68
-75
-69
-68
-61
-58
-64
-73
-64
-52
-54
-45
-29
-18
-15
-16
-2
16
23
41
62
75
83
84
75
75
79
81
69
48
44
51
54
52
35
2
-10
-1
7
9
-2
0
9
18
23
15
1
5
13
3
-3
-9
-17
-25
-40
-46
-37
-30
-30
-38
-44
-36
-24
-8
0
-1
2
3
3
4
7
6
5
7
-2
-3
-3
0
8
0
-8
-12
-21
-14
4
5
-9
-19
-22
-36
-49
-65
-64
-49
-63
-59
-48
-57
-57
-47
-46
-55
-61
-50
-39
-28
-17
-3
4
16
33
42
52
54
52
60
59
65
73
64
66
77
72
56
53
57
59
55
54
52
51
49
54
57
54
50
39
41
44
45
48
41
33
26
21
23
40
41
49
57
60
64
63
60
54
53
38
32
28
21
21
22
22
2
-31
-56
-80
-86
-82
-100
-120
-124
-125
-131
-144
-152
-151
-145
-128
-114
-107
-111
-104
-83
-66
-49
-49
-36
-21
-4
16
24
28
31
30
26
34
39
31
30
25
22
21
10
4
-4
-5
-6
-19
-31
-28
-27
-37
-46
-54
-58
-56
-55
-55
-57
-58
-41
-25
-22
-23
-17
-1
7
3
-3
9
21
30
63
83
83
87
101
113
113
113
121
121
113
110
114
117
121
111
89
73
66
66
52
35
27
7
-18
-19
-15
-24
-31
-34
-24
-17
-17
-14
-14
-29
-34
-43
-59
-49
-46
-56
-58
-60
-52
-48
-51
-54
-66
-93
-100
-86
-77
-67
-60
-51
-36
-25
-13
-1
-10
-17
-1
15
40
60
59
65
78
96
105
98
98
103
108
109
112
105
97
101
99
82
54
37
33
25
7
-15
-37
-45
-41
-44
-51
-65
-79
-82
-89
-95
-99
-109
-121
-111
-108
-118
-123
-130
-141
-135
-112
-95
-86
-78
-63
-44
-27
1
15
23
28
32
57
61
50
46
61
71
80
80
60
47
43
47
42
41
46
63
60
42
42
35
36
61
82
83
64
47
47
47
33
32
16
0
-6
-30
-37
-36
-44
-52
-63
-75
-68
-58
-56
-35
-19
-15
-6
-16
-27
-22
-15
-1
7
-8
-29
-36
-26
-16
-22
-33
-28
-17
-6
-14
-26
-23
-15
-14
-14
-25
-37
-29
-14
-1
-1
0
17
30
30
31
33
35
45
60
69
71
63
65
74
75
74
58
36
25
15
7
15
25
24
7
-6
-3
3
-10
-20
-12
-3
12
8
-9
-20
-21
-18
-22
-35
-49
-49
-45
-28
-20
-32
-42
-40
-31
-22
-33
-47
-45
-49
-40
-23
-22
-13
-7
-5
1
5
17
26
17
8
15
12
7
13
10
17
32
48
55
48
48
70
68
43
44
39
39
59
69
69
63
60
69
71
61
57
52
48
41
26
13
0
-11
-22
-36
-57
-58
-52
-56
-66
-78
-94
-105
-90
-75
-76
-87
-87
-81
-89
-85
-78
-73
-56
-49
-61
-69
-58
-49
-44
-38
-36
-26
-29
-24
-9
-7
4
15
16
9
8
22
30
18
8
4
-4
-2
11
13
10
5
6
6
-2
-11
-15
-17
-22
-17
-16
-16
-18
-15
-8
-5
4
14
33
39
54
60
55
64
67
69
80
93
102
95
89
93
85
70
72
72
55
46
43
32
13
12
24
31
28
29
31
28
28
11
-5
1
8
7
10
14
30
39
32
35
36
25
17
15
11
6
-2
-12
-15
-28
-49
-46
-46
-57
-49
-43
-34
-30
-32
-34
-45
-66
-68
-61
-58
-43
-38
-40
-37
-33
-27
-18
-12
1
3
-8
-11
-13
-18
-22
-17
-11
-11
-5
1
1
-13
-23
-11
-12
-11
-10
-16
-18
-23
-24
-34
-41
-38
-25
-37
-48
-43
-44
-44
-54
-68
-81
-80
-67
-54
-44
-29
-13
-11
-11
-2
-3
-6
-8
-3
17
23
30
32
32
41
49
34
27
18
8
14
16
28
40
53
50
44
34
27
30
28
36
42
46
49
48
44
47
45
42
41
23
7
5
18
18
2
-3
7
26
32
44
41
34
28
27
35
46
65
66
59
36
21
17
9
13
15
15
15
17
14
0
-13
-17
-5
-18
-25
-16
-19
-12
2
8
12
11
21
39
37
27
23
12
6
11
3
4
10
1
-5
-12
-19
-18
-21
-29
-33
-34
-37
-36
-30
-33
-42
-51
-49
-52
-63
-58
-62
-71
-73
-65
-59
-54
-52
-44
-45
-60
-65
-79
-82
-70
-67
-78
-76
-70
-71
-72
-77
-68
-45
-33
-25
-19
-5
16
32
35
27
27
28
35
40
56
61
50
60
71
64
60
61
54
52
48
50
58
60
63
73
77
79
86
81
77
69
56
48
35
34
35
17
-1
-11
-29
-36
-35
-40
-50
-65
-63
-53
-49
-54
-64
-75
-75
-61
-61
-56
-46
-45
-37
-41
-38
-26
-27
-10
12
10
15
24
38
47
46
36
43
51
43
56
70
58
59
71
75
72
62
59
55
57
60
58
57
61
59
53
48
34
33
36
32
28
16
3
3
0
-6
-15
-18
-14
-16
-20
-25
-27
-34
-35
-37
-49
-49
-47
-46
-40
-43
-40
-26
-25
-34
-36
-39
-44
-43
-50
-52
-57
-62
-64
-66
-57
-44
-39
-38
-30
-34
-34
-33
-28
-18
-6
-7
-7
-7
3
22
20
15
17
22
27
27
16
-3
-21
-28
-22
-20
-22
-26
-28
-25
-23
-28
-28
-26
-26
-24
-28
-29
-23
-23
-25
-20
-23
-30
-27
-20
-17
-16
-11
2
13
14
12
16
13
17
22
32
54
67
74
75
72
84
89
79
77
78
74
76
78
67
65
66
70
70
36
11
5
-16
-22
-13
-6
2
4
5
16
12
2
2
0
19
31
30
34
35
36
40
27
-1
-16
-30
-38
-37
-40
-43
-34
-32
-32
-29
-23
-23
-35
-40
-33
-26
-20
-9
-11
-12
-2
16
36
36
30
35
43
40
48
41
28
40
48
42
27
20
25
33
27
21
11
-9
-9
-23
-40
-42
-41
-38
-34
-45
-57
-65
-79
-84
-88
-101
-118
-130
-130
-130
-126
-125
-127
-131
-127
-120
-116
-108
-108
-103
-86
-72
-48
-32
-28
-13
4
9
11
29
29
37
56
62
59
60
76
91
93
86
85
80
82
96
103
106
102
109
135
141
138
135
105
95
110
114
113
100
84
70
55
48
51
40
18
21
15
-11
-23
-27
-27
-29
-33
-32
-34
-39
-48
-59
-69
-64
-72
-73
-68
-76
-72
-65
-62
-51
-46
-62
-70
-69
-62
-43
-23
-14
-7
0
12
24
24
23
27
33
48
55
47
41
42
45
52
62
76
74
48
34
30
18
12
16
19
16
3
-9
-22
-53
-71
-74
-76
-71
-65
-69
-79
-86
-90
-89
-93
-86
-76
-77
-73
-62
-53
-44
-35
-35
-35
-37
-26
-6
-5
-6
7
23
41
56
59
63
72
78
90
96
97
106
108
106
113
112
94
81
69
65
61
55
40
24
20
20
18
7
0
-18
-38
-46
-51
-48
-54
-71
-79
-84
-85
-68
-57
-64
-59
-51
-50
-58
-76
-74
-64
-75
-76
-54
-47
-45
-32
-23
-19
-24
-30
-15
-7
-3
7
9
15
30
35
41
44
54
66
65
69
71
61
64
84
83
71
61
55
54
56
57
60
59
50
60
58
47
42
35
36
48
49
44
27
0
-13
-27
-47
-65
-81
-95
-93
-93
-98
-111
-127
-123
-116
-120
-121
-112
-102
-82
-65
-53
-41
-35
-22
-11
-5
1
-1
7
23
48
61
67
72
74
68
64
71
76
71
71
87
86
95
96
88
92
96
103
98
74
55
61
64
66
64
36
17
10
3
-11
-34
-52
-65
-74
-83
-85
-91
-89
-90
-97
-97
-88
-86
-84
-81
-71
-53
-53
-53
-39
-28
-14
1
9
14
19
31
40
34
5
1
7
-2
-8
-7
0
12
17
32
32
10
5
19
25
31
31
20
25
30
34
29
7
4
14
8
-5
-20
-31
-30
-31
-36
-50
-65
-64
-57
-66
-70
-69
-85
-84
-60
-44
-37
-57
-66
-59
-53
-40
-34
-40
-43
-24
-13
-10
-9
-4
0
0
5
14
19
24
48
61
59
62
62
69
79
76
73
69
77
96
105
104
101
93
88
99
105
101
86
80
86
86
83
77
69
59
65
69
70
72
62
54
47
43
42
36
15
7
9
3
0
-10
-24
-40
-51
-53
-52
-63
-71
-66
-60
-51
-64
-82
-89
-84
-70
-71
-80
-76
-74
-87
-96
-99
-96
-93
-85
-78
-75
-80
-88
-83
-92
-96
-76
-76
-82
-68
-54
-37
-31
-28
-11
-5
-6
-6
-13
-8
8
10
16
19
24
18
6
15
32
45
41
40
34
27
23
20
16
15
14
8
7
6
4
8
13
25
23
10
12
24
30
32
30
36
35
24
41
56
53
51
51
62
63
59
67
69
56
49
49
44
47
50
42
46
50
46
42
24
17
16
2
-5
-6
-14
-13
-7
-10
-21
-38
-36
-36
-46
-48
-44
-43
-36
-31
-39
-41
-35
-21
-14
-12
-11
-5
-3
7
26
26
16
2
0
3
3
1
2
-3
-6
2
-3
-4
3
-3
-10
-10
3
17
20
19
16
10
10
23
23
26
19
6
-5
-9
-8
10
16
-9
-13
-8
-14
-8
1
1
-1
-8
-5
-3
-20
-31
-32
-35
-30
-40
-55
-47
-37
-29
-20
-29
-36
-40
-51
-56
-55
-60
-60
-44
-21
-13
-17
-24
-27
-33
-47
-45
-42
-30
-17
-17
-17
-15
-7
-6
-6
1
19
25
19
28
35
37
42
47
43
32
29
40
46
42
53
51
49
54
48
50
52
53
64
64
58
43
30
28
34
34
25
20
26
35
37
39
42
37
30
23
20
11
1
-14
-16
-7
-11
-14
-26
-33
-22
-20
-30
-41
-47
-45
-37
-30
-42
-58
-65
-59
-50
-54
-54
-50
-45
-28
-19
-30
-36
-39
-34
-24
-27
-16
-2
-10
-19
-18
-21
-8
8
8
3
-4
3
22
26
17
20
10
-1
10
15
22
31
49
66
58
55
60
57
59
65
57
56
63
57
54
40
31
36
45
44
43
35
28
29
23
18
8
7
11
2
-15
-9
-3
-7
-3
-19
-37
-30
-22
-11
-14
-31
-26
-28
-32
-27
-29
-43
-56
-53
-52
-54
-64
-65
-62
-67
-63
-59
-71
-79
-87
-91
-77
-75
-69
-73
-61
-41
-33
-48
-56
-40
-37
-33
-22
-17
-19
-21
-14
-6
-12
-18
-4
11
26
40
37
43
57
69
80
77
74
78
72
73
84
79
74
72
66
68
63
51
44
38
33
33
16
2
-6
-16
-9
-2
-1
1
-9
-1
16
8
-10
-9
-10
-7
0
1
8
12
22
42
43
18
6
-1
-12
-3
10
20
29
32
42
48
44
37
33
36
36
29
23
12
13
26
27
18
13
10
5
15
19
2
-11
-18
-16
-20
-26
-28
-33
-37
-41
-38
-40
-36
-31
-42
-49
-52
-58
-61
-66
-62
-59
-66
-64
-56
-57
-45
-32
-27
-38
-55
-55
-36
-31
-41
-41
-39
-35
-28
-29
-21
-15
-15
-6
-11
-16
-6
5
6
23
24
9
9
12
21
31
39
47
40
32
39
44
38
41
38
39
57
53
46
37
39
48
54
44
41
34
9
-1
-6
-2
-6
-13
-13
-7
-21
-30
-34
-32
-22
-27
-31
-29
-26
-28
-27
-22
-15
-15
-21
-16
-9
-11
-13
-5
7
17
20
25
32
28
29
44
39
27
29
36
34
16
7
12
12
10
13
11
8
3
-7
0
14
19
10
-8
-16
-2
16
17
17
7
4
12
17
15
2
-6
3
2
-9
-6
-8
-13
-9
-11
-13
-10
-5
1
-2
-9
1
7
-2
0
4
4
11
16
15
6
-1
-1
-6
-13
-8
-9
-18
-18
-11
-3
6
5
4
11
13
22
16
2
1
3
8
16
21
17
7
1
3
11
11
4
2
-9
-9
-13
-28
-34
-34
-35
-44
-49
-48
-47
-55
-57
-48
-43
-32
-21
-13
-14
-25
-29
-28
-31
-37
-36
-37
-35
-36
-39
-29
-20
-12
-16
-26
-18
0
6
2
4
-3
1
18
32
36
33
26
35
44
28
26
19
-12
-9
7
16
16
6
4
-1
-13
-21
-16
-6
9
14
18
35
42
49
56
55
57
53
49
55
65
59
48
48
44
35
14
15
15
7
9
20
23
21
20
11
5
-6
-10
-3
6
25
40
32
21
24
16
9
18
25
26
12
-1
-4
-14
-23
-28
-36
-37
-23
-17
-23
-28
-37
-29
-29
-32
-21
-20
-27
-16
-6
-6
3
4
-1
-11
-18
-13
-20
-36
-47
-46
-40
-30
-31
-43
-50
-47
-41
-38
-28
-18
-11
-15
-12
-8
-8
7
23
28
33
35
36
38
26
22
22
11
14
19
8
-1
-10
-12
-5
2
8
3
-7
-5
-2
-7
-12
-19
-26
-23
-21
-9
4
2
-12
-10
-17
-36
-43
-52
-53
-56
-64
-66
-78
-77
-55
-38
-24
-12
-11
5
17
21
23
7
-3
10
17
10
22