4
-7
-7
9
13
9
-7
-21
-10
4
9
0
-6
-14
-21
-23
-16
-2
9
4
-10
-21
-19
-14
-12
-11
1
2
1
2
-2
-2
-17
-22
-9
-5
-7
-4
-3
-11
-18
-25
-19
0
16
18
4
-12
-25
-31
-38
-41
-45
-27
-4
-6
-19
-12
6
3
0
-3
-14
-22
-24
-23
-19
-10
-3
5
4
-13
-18
-1
14
16
0
-8
-11
-20
-22
-24
-28
-14
4
3
-17
-27
-24
-10
-11
-25
-34
-34
-10
5
-4
-17
-22
-26
-22
-14
-17
-12
-3
-10
-20
-19
-14
-10
-7
2
13
13
4
4
7
18
30
31
29
30
37
40
38
36
36
54
77
80
74
66
62
61
71
78
78
72
62
52
46
41
17
2
17
33
39
32
34
39
22
10
18
16
4
1
3
13
13
8
13
18
9
-13
-30
-23
-6
4
9
-4
-9
-8
-7
-7
-19
-16
-13
-13
-12
-25
-46
-54
-47
-40
-37
-34
-44
-68
-71
-67
-65
-63
-55
-46
-44
-43
-26
-10
-9
-14
-25
-36
-52
-57
-35
-23
-17
-12
-15
-14
-23
-29
-18
-8
-6
-9
-14
-10
-11
-25
-32
-32
-19
-5
7
4
0
2
10
18
12
-2
-8
-5
-3
-2
1
10
16
27
34
33
18
-1
-6
5
23
32
21
10
15
28
27
12
13
25
38
35
19
6
8
17
14
7
11
15
12
-1
-9
-5
2
10
28
29
18
16
16
22
12
-11
-21
-11
-3
-8
8
16
7
12
15
6
1
-10
-8
8
21
20
7
-2
-1
10
27
30
24
12
4
0
-1
8
27
33
30
28
27
27
26
32
30
18
14
29
35
10
-6
2
35
46
22
-17
-19
9
25
11
-17
-31
-27
-29
-33
-23
-14
-4
-1
-16
-30
-22
-10
-4
1
5
1
-13
-23
-24
-19
-19
-25
-29
-22
-13
-5
-4
-7
-12
-19
-20
-30
-39
-38
-36
-37
-48
-47
-51
-54
-47
-36
-36
-36
-33
-32
-21
-19
-15
-19
-29
-22
-8
-11
-22
-18
-15
-12
-3
-9
-8
8
24
23
17
6
-9
-10
-2
-10
-17
-10
-5
-5
-1
11
16
19
29
30
22
26
32
31
20
18
13
2
0
16
24
28
36
42
41
22
-13
-31
-13
11
18
15
16
32
45
41
26
16
31
65
64
38
20
18
26
14
0
14
40
45
46
48
41
29
22
13
3
1
-6
-6
5
16
15
-1
-7
7
12
-9
-27
-41
-38
-14
-8
-5
0
-1
-7
-18
-13
0
5
10
0
-14
-28
-31
-24
-25
-27
-18
-13
-10
-16
-24
-28
-28
-27
-18
-3
-11
-29
-51
-46
-20
-16
-23
-19
-3
17
25
12
4
10
27
41
34
7
-4
3
11
15
12
20
31
27
22
17
12
11
5
0
9
10
-3
-21
-33
-41
-31
0
12
0
-24
-40
-27
-7
-14
-43
-58
-63
-57
-42
-36
-32
-34
-35
-26
-33
-47
-51
-51
-43
-42
-45
-46
-44
-40
-39
-36
-30
-22
-5
-6
-20
-16
3
17
19
20
32
40
30
23
29
37
45
50
41
36
46
51
50
63
69
55
43
37
43
55
55
48
31
10
21
44
48
40
27
30
30
27
28
30
22
12
17
35
64
69
67
63
52
43
35
33
26
23
31
33
32
14
-11
-23
-22
-6
3
-5
-18
-15
-8
-23
-46
-56
-51
-37
-39
-56
-61
-47
-42
-51
-57
-47
-26
-16
-14
-43
-71
-64
-44
-24
-14
-11
-18
-27
-46
-47
-35
-38
-44
-40
-38
-37
-35
-29
-36
-35
-14
-3
-12
-21
-11
6
4
-11
-20
-14
-3
0
-9
-19
-14
7
26
28
16
24
34
14
-7
1
22
29
25
16
20
29
42
49
54
44
23
19
19
20
26
42
51
49
26
17
38
53
47
28
16
-1
-13
-15
-21
-18
-5
-8
-32
-48
-51
-48
-37
-31
-30
-33
-30
-25
-33
-39
-31
-20
-16
-17
-19
-12
0
6
0
-5
8
27
34
26
12
0
19
44
34
13
0
12
23
14
6
4
0
2
9
13
22
18
8
7
4
1
9
11
7
9
18
23
27
19
11
13
2
-1
7
13
8
2
0
-6
-21
-15
4
14
11
-11
-25
-17
3
19
15
6
3
13
21
27
26
13
12
7
6
12
27
32
16
14
9
1
2
-2
-12
-13
-7
-5
-6
-5
-10
-16
-13
-14
-16
-17
-25
-28
-26
-23
-19
-11
-12
-33
-42
-41
-26
-8
-2
-10
-23
-31
-44
-55
-51
-19
7
-9
-31
-31
-14
8
24
22
16
-10
-35
-31
-7
14
17
3
-13
-12
3
9
-3
-9
-3
9
12
9
7
15
25
11
-15
-17
2
27
29
7
-8
-7
1
-1
-7
-7
-1
2
7
-13
-41
-35
-17
-1
-6
-18
-23
-16
-17
-18
-5
8
-3
-28
-22
-5
4
17
18
10
12
20
27
26
30
24
18
17
11
10
12
19
31
28
25
26
31
31
14
5
-1
25
50
48
50
50
54
55
48
44
46
53
64
58
26
4
16
27
29
26
22
28
24
5
-9
-4
16
23
13
-7
-13
-4
4
-4
-16
-10
-7
-9
-3
4
13
10
-7
-20
-23
-28
-25
-30
-48
-45
-31
-28
-25
-26
-34
-39
-46
-50
-61
-68
-61
-47
-28
-25
-42
-55
-53
-46
-50
-55
-44
-40
-49
-68
-83
-70
-52
-36
-31
-39
-31
-21
-11
-14
-33
-40
-29
-27
-38
-39
-28
-9
0
-5
-16
-14
-11
-27
-43
-40
-9
27
34
21
20
33
49
48
30
24
42
58
64
64
70
79
71
55
55
61
61
54
44
46
54
56
48
53
63
74
89
86
75
66
50
50
49
36
27
25
23
28
29
23
22
28
35
27
22
12
-1
-4
9
20
17
9
0
-15
-35
-38
-26
-21
-30
-24
-8
-8
-28
-50
-48
-35
-31
-39
-47
-49
-44
-30
-21
-29
-44
-62
-62
-47
-46
-41
-36
-42
-50
-46
-29
-17
-25
-39
-40
-34
-22
-15
-22
-26
-28
-24
-19
-23
-36
-38
-30
-27
-19
-2
7
12
19
17
17
7
7
1
-2
3
25
36
13
10
17
21
19
14
27
46
55
33
18
15
6
2
11
11
4
15
21
8
-3
2
17
24
15
17
33
34
26
15
-5
-17
-11
-4
-3
7
18
12
11
7
-4
-1
3
1
-7
-27
-32
-14
-12
-22
-30
-40
-24
-11
-20
-20
-13
-6
-3
0
1
8
16
16
4
-4
4
8
18
18
5
-7
-11
-14
-12
0
5
-1
-9
-5
-3
-12
-14
-6
-4
-3
-9
-8
2
15
26
22
17
10
8
17
25
29
20
8
-2
2
18
25
13
-3
2
15
18
17
18
26
41
45
39
32
32
25
19
22
32
49
39
21
10
-2
-6
-11
-22
-20
9
29
23
8
4
11
17
16
1
-23
-44
-49
-26
-1
-3
-19
-28
-27
-28
-29
-24
-28
-38
-50
-47
-27
-23
-38
-44
-48
-40
-18
5
-4
-35
-46
-31
-13
-14
-21
-22
-12
-11
-23
-38
-36
-20
-20
-21
-35
-52
-41
-19
-6
-14
-18
-15
-10
-23
-42
-36
-15
-8
-12
-13
-9
7
25
25
8
-3
-9
-9
-6
1
25
34
37
24
14
24
38
50
53
47
39
31
20
20
29
42
56
53
54
49
46
39
29
20
16
24
17
8
17
41
54
52
44
43
45
42
32
10
-3
6
20
27
17
3
3
12
6
-10
-14
-9
-13
-19
-20
-8
14
19
11
4
3
11
4
-3
-8
-22
-20
-11
-8
-16
-27
-27
-27
-22
-20
-19
-21
-29
-43
-43
-23
-13
-15
-11
-7
-11
-17
-9
-6
-21
-26
-17
-7
-5
-11
-10
-11
-16
-15
-13
-10
-11
-11
-14
-21
-22
-9
0
-10
-29
-34
-27
-20
-25
-40
-30
-15
-22
-29
-29
-34
-37
-30
-26
-24
-15
-6
-13
-16
-21
-14
-3
1
-1
-5
-5
-6
-12
-9
2
1
-3
-14
-19
-10
-5
6
10
13
13
10
9
6
5
8
21
17
11
16
33
64
71
59
57
62
74
78
60
46
47
60
73
80
70
69
83
73
41
28
36
53
66
58
32
26
28
28
15
1
8
25
30
11
-1
-7
-15
-16
-11
-9
-5
0
-1
-13
-31
-50
-53
-48
-40
-32
-32
-37
-42
-47
-53
-48
-64
-88
-88
-82
-67
-54
-51
-54
-46
-43
-50
-62
-71
-72
-69
-53
-41
-35
-27
-22
-20
-20
-35
-44
-29
-3
14
8
-8
0
23
21
6
-1
12
35
48
35
15
14
20
35
40
44
55
57
52
49
45
36
23
13
27
49
49
19
1
17
42
60
48
33
30
24
17
13
10
14
21
20
11
2
-3
7
20
28
27
12
-4
-5
-2
-18
-24
-5
16
15
-3
-26
-32
-27
-18
-15
-12
-14
-17
-18
-38
-54
-42
-22
-3
-6
-14
-19
-13
-13
-30
-39
-37
-16
-8
-21
-29
-30
-24
-26
-30
-23
-4
14
12
-9
-17
-16
-23
-23
-19
0
14
11
-8
-28
-31
-9
10
17
14
11
21
19
3
3
17
32
35
22
25
30
17
18
35
50
48
33
14
1
-2
0
9
20
6
-6
10
32
35
15
-1
8
31
27
6
-19
-22
-10
-4
-1
11
26
18
14
18
28
29
3
-25
-21
12
26
10
3
2
-4
0
7
9
-6
-23
-23
-16
-14
3
24
22
-2
-32
-43
-25
-9
-6
-7
-7
-3
-10
-17
-15
-14
-5
9
10
13
9
-9
-22
-29
-27
-20
-10
-10
-14
-16
-19
-27
-29
-30
-28
-26
-28
-22
-17
-19
-29
-29
-25
-22
-19
-20
-20
-22
-25
-24
-19
-13
-9
-15
-18
-18
-8
0
-9
-22
-22
-2
14
24
16
12
28
24
17
20
22
24
30
39
47
43
31
34
42
48
54
46
32
14
20
41
55
47
27
26
34
32
18
11
15
23
31
32
19
4
0
-7
-8
-4
-5
-4
5
1
2
-5
-10
-9
-4
-6
-23
-21
-29
-28
-23
-20
-19
-19
-19
-18
-16
-13
-10
-3
-4
-1
0
-16
-32
-38
-26
-7
0
-6
-17
-18
-8
2
0
-8
-11
-8
8
13
1
-10
-13
-10
0
11
19
17
12
12
13
13
9
4
3
12
18
25
25
5
-10
0
23
23
-1
-10
-8
-2
-4
-13
-8
-13
-24
-21
-17
-14
-9
-7
-11
-7
-3
-7
-21
-32
-31
-34
-33
-34
-37
-43
-36
-19
-12
-13
-18
-16
-12
-19
-35
-35
-34
-26
-11
-5
-13
-14
-5
4
16
15
12
14
17
12
9
15
21
16
18
38
62
67
41
20
20
32
43
35
34
43
51
37
17
24
32
40
46
42
38
41
54
68
58
35
27
33
34
13
2
5
13
16
12
-5
-30
-49
-50
-38
-29
-23
-25
-41
-47
-39
-33
-35
-35
-42
-52
-38
-23
-25
-39
-45
-33
-18
-14
-21
-31
-31
-29
-28
-27
-35
-36
-28
-15
-21
-26
-23
-14
-5
-6
-1
-2
2
7
15
18
22
9
-1
1
10
39
47
42
46
39
28
27
28
29
35
31
30
38
35
38
37
17
5
7
15
9
-8
-6
14
16
-1
-13
-4
13
21
13
-4
-17
-14
-6
2
10
4
0
-1
-10
-23
-26
-19
-11
2
2
-12
-25
-17
-2
-4
-21
-42
-44
-29
-6
1
-2
-19
-29
-13
3
8
-16
-47
-50
-22
-12
-19
-20
-14
-3
2
0
-6
-6
-6
-15
-25
-23
-9
1
5
-3
-13
-21
-19
5
27
28
12
-13
-18
-6
1
11
24
21
13
14
15
27
40
20
-13
-28
-14
3
6
0
-1
-2
10
27
41
30
10
2
9
18
16
14
11
28
47
42
23
6
11
29
39
44
44
41
36
40
45
37
20
10
11
19
27
14
-2
-5
-3
-4
-5
-6
-22
-21
7
28
23
-5
-22
-17
-3
-3
-25
-27
-17
-10
-10
-18
-18
-8
-8
-15
-17
-13
-9
-17
-19
-33
-38
-29
-40
-53
-61
-41
-15
-10
-24
-32
-28
-38
-46
-50
-41
-24
-13
-25
-39
-31
-9
14
19
2
-12
-6
7
18
11
-4
-2
-1
-1
0
-1
1
11
28
28
16
3
-15
-23
-15
-8
6
22
18
-3
4
21
21
7
-8
-10
0
28
36
24
18
17
16
11
-5
-7
17
34
28
28
28
24
12
-9
-16
-6
11
17
10
-1
-8
-7
2
-2
-16
-14
-7
-24
-34
-21
-3
-5
-21
-31
-31
-13
7
16
19
27
34
28
15
11
12
8
2
-6
-2
18
29
16
-7
-9
14
32
27
16
16
21
24
33
28
15
16
31
40
22
10
27
50
46
40
45
51
50
35
19
16
28
46
50
45
41
36
18
10
14
18
23
17
0
-30
-44
-39
-37
-50
-68
-71
-61
-61
-93
-106
-89
-74
-61
-54
-61
-80
-85
-89
-91
-79
-64
-53
-48
-45
-56
-61
-60
-71
-65
-48
-36
-33
-46
-57
-45
-25
-16
-17
-24
-19
-6
6
3
-3
6
16
32
41
38
35
36
34
34
35
37
49
58
59
57
67
91
92
80
72
64
59
53
39
37
49
63
72
73
70
47
33
29
32
20
6
8
23
27
15
16
28
38
21
2
-4
-1
-3
-14
-10
-3
0
0
2
-2
-4
-6
-24
-32
-24
-2
16
17
-3
-27
-19
-11
-21
-26
-28
-22
-17
-21
-37
-45
-36
-16
-11
-24
-32
-20
-8
-21
-45
-52
-41
-35
-33
-31
-25
-14
-12
-19
-14
1
7
13
6
-14
-11
-10
-6
13
23
27
21
14
24
29
27
24
23
31
42
41
30
21
21
8
-7
-4
5
8
4
-7
-5
3
3
-1
-3
-1
-12
-39
-56
-58
-55
-52
-50
-27
-6
-19
-37
-56
-40
-10
-2
-11
-31
-37
-25
-11
-11
-10
-5
15
28
25
-1
-25
-25
-6
-4
-16
-12
-5
6
18
31
26
11
7
-1
6
20
18
23
37
38
41
44
37
14
4
10
18
21
22
32
41
47
43
30
7
-8
0
18
28
21
17
27
40
40
41
42
23
7
-3
-17
-27
-34
-28
-13
-16
-19
-8
-13
-24
-23
-11
-9
-18
-28
-25
-12
-16
-35
-39
-24
-22
-22
-20
-27
-22
2
17
18
15
8
9
4
-18
-21
-1
17
17
1
-5
3
9
7
2
0
-4
4
15
12
6
2
3
6
-1
-9
0
18
21
5
0
21
36
36
28
11
-4
-6
-7
-18
-13
6
9
6
-18
-22
-2
2
-6
-18
-10
10
17
0
-23
-25
-1
23
23
-3
-24
-16
0
2
-5
2
4
-4
-16
-23
-23
-11
10
16
16
9
1
7
11
8
-7
-13
-8
-9
-11
-8
-8
-9
-20
-29
-19
-6
-2
-11
-18
-17
-11
-11
-18
-24
-27
-19
-10
-19
-25
-20
-21
-30
-31
-19
-9
-17
-35
-37
-31
-14
0
-4
-7
-7
-7
2
3
-9
-7
11
36
32
15
25
29
17
4
8
28
34
18
8
6
5
8
12
13
12
26
38
36
29
29
33
32
33
40
38
28
26
28
30
19
8
18
38
51
46
43
40
38
36
37
53
59
54
34
9
3
8
14
11
-3
-6
-2
7
15
16
14
14
21
5
-16
-15
-13
-22
-28
-35
-39
-36
-32
-43
-53
-48
-52
-64
-67
-66
-73
-73
-61
-61
-47
-32
-33
-43
-60
-61
-47
-36
-35
-34
-41
-37
-24
-14
-11
-7
-8
-11
-6
-3
-4
-10
-6
-2
7
25
24
5
-9
-4
14
29
38
21
9
13
17
13
-2
-10
4
24
27
9
-3
15
27
25
10
9
20
14
6
-4
-3
22
55
53
25
1
-10
-6
5
5
-5
-3
-2
-12
-7
10
24
35
30
15
11
12
6
-9
-18
-13
-1
3
-16
-16
1
2
5
10
16
28
25
1
-28
-20
5
24
25
1
-8
3
15
13
12
6
2
1
-7
-6
-4
10
27
21
-1
7
32
45
26
-6
-8
6
8
16
25
25
24
17
20
21
12
11
10
11
10
9
16
9
-12
-25
-17
-5
-6
-20
-35
-35
-10
11
10
-11
-22
-19
-19
-24
-20
-13
-21
-35
-48
-37
-6
12
7
-8
-16
-12
-16
-14
-13
-12
-9
1
2
-10
-12
4
9
4
-7
-24
-15
-1
-2
-13
-12
-2
-1
-10
-11
1
17
11
-14
-35
-36
-24
-15
-9
-19
-21
-4
6
5
-6
-25
-32
-33
-37
-27
-22
-17
-6
2
2
5
14
-2
-28
-38
-12
5
-3
-13
-20
-3
22
32
11
-14
-13
4
17
14
4
-1
0
6
12
18
21
29
46
48
46
39
32
33
42
41
42
30
17
21
28
34
25
16
17
19
24
28
14
1
5
16
34
32
14
4
5
7
6
17
36
44
28
10
7
10
9
6
-1
-3
3
9
12
-9
-17
-11
4
14
9
3
-6
-13
-18
-32
-37
-21
1
8
-10
-19
-13
-7
-8
-5
-6
-12
-38
-58
-63
-54
-24
3
9
-12
-29
-20
-11
-9
-21
-28
-18
-6
-13
-27
-33
-31
-9
-1
-9
-21
-21
-9
-4
-10
-9
-8
-4
2
11
26
26
13
-11
-22
-9
15
17
8
-11
-17
-12
-18
-34
-57
-60
-43
-24
-13
-18
-23
-7
13
8
-8
-13
-2
5
-2
-21
-27
-17
-15
-28
-32
-28
-15
-3
2
8
10
16
22
22
18
25
40
34
23
25
23
31
29
0
-1
24
46
57
44
26
35
45
35
26
37
57
63
51
42
43
57
59
56
36
21
39
56
55
33
12
10
26
30
26
11
-13
-17
-8
0
-7
-9
-4
3
5
13
7
-12
-24
-28
-21
-31
-43
-43
-29
-16
-28
-52
-61
-52
-43
-30
-35
-47
-48
-35
-43
-57
-49
-37
-26
-29
-33
-32
-34
-29
-18
-11
-12
-8
-6
-2
-18
-37
-38
-27
-18
-16
-16
-7
9
18
5
-12
-3
11
21
18
7
4
19
35
37
28
22
18
11
4
-1
9
25
33
13
-9
-5
9
21
14
-2
-3
15
21
20
13
14
18
12
-1
-1
14
24
27
12
-6
-7
-3
14
29
31
26
13
9
20
32
15
-7
-5
8
21
34
30
8
-2
11
14
-13
-40
-44
-27
-15
-18
-30
-26
-13
8
0
-39
-61
-53
-29
-17
-19
-26
-27
-30
-25
-16
-10
-2
-5
-17
-36
-41
-30
-2
7
-5
-11
-2
8
15
-2
-18
-1
15
20
34
42
31
20
17
15
18
38
46
36
33
31
36
39
35
28
19
27
39
47
48
37
20
3
-8
-11
-10
-19
-24
-16
-8
-3
2
4
-7
-18
-18
-8
17
18
-9
-21
-14
-2
-7
-18
-11
-9
-20
-23
-17
-7
-9
-24
-36
-24
-5
3
1
-8
-3
-3
7
7
-2
-6
-3
9
13
13
21
24
11
9
22
31
31
12
-11
-28
-38
-26
-2
12
14
5
-10
-9
-6
-19
-28
-29
-29
-20
-20
-40
-41
-32
-24
-24
-28
-14
-4
-6
-20
-22
-17
-17
-12
-15
-24
-29
-27
-23
-31
-41
-43
-33
-14
-8
-4
4
1
8
17
15
-4
-20
-10
6
13
18
22
18
16
28
39
51
51
49
47
43
40
44
44
49
55
52
41
32
43
46
31
16
20
24
29
33
26
23
20
27
29
11
-6
-14
-9
8
16
14
-2
-21
-29
-22
-3
1
-11
-31
-40
-23
-2
7
0
-18
-34
-31
-15
-3
-7
-12
-7
-15
-30
-20
12
20
-8
-36
-30
4
24
-5
-35
-31
0
19
15
3
-6
-7
5
-2
-13
7
24
19
12
2
3
1
-11
-14
-19
-17
-17
-16
-9
-13
-28
-35
-39
-35
-27
-20
-22
-34
-37
-34
-32
-24
-31
-42
-43
-40
-18
-7
-12
-17
-24
-27
-23
-10
-1
0
3
10
20
22
27
31
25
11
6
9
20
40
37
28
26
26
25
33
38
35
28
11
12
10
10
21
23
24
10
5
9
6
6
2
4
11
12
14
20
31
26
13
11
15
14
6
5
19
37
49
38
13
-3
-11
-7
5
13
19
21
16
6
2
0
-12
-15
-4
7
-5
-24
-30
-30
-31
-26
-7
-12
-19
-26
-22
-15
-10
-12
-19
-21
-18
-6
-4
-15
-25
-30
-43
-42
-26
-13
-7
-15
-23
-36
-46
-38
-31
-24
-12
5
14
20
14
-6
-14
-8
13
20
2
-15
-18
-6
-1
4
24
50
70
64
44
27
26
16
18
31
38
39
31
28
29
28
7
2
5
3
-5
-14
-10
-6
-2
-10
-6
-15
-36
-29
6
30
17
-8
-9
2
12
5
-15
-8
1
-15
-29
-40
-35
-14
-7
-3
-6
-13
-5
1
-5
-11
-21
-11
8
10
-7
-33
-38
-21
4
9
3
6
10
4
-11
-19
-21
-19
-23
-15
-12
-8
-1
-9
-19
-17
-13
6
15
7
-1
-11
0
17
18
17
20
21
17
6
7
13
17
19
19
17
10
-6
-22
-27
-10
2
0
9
22
19
0
-10
-5
2
0
9
19
20
18
9
-3
6
30
41
37
25
15
16
30
38
35
28
18
12
6
6
4
3
18
33
24
21
13
0
-5
-15
-26
-32
-16
5
3
-21
-35
-24
-9
3
0
0
1
-2
-14
-30
-20
10
24
10
-3
1
-5
-8
-10
-18
-28
-24
-21
-27
-22
-16
1
14
7
-15
-35
-32
-13
-9
-21
-34
-33
-26
-21
-28
-26
-18
-11
-8
-5
1
3
5
-2
-5
-2
-1
-2
-2
-7
-18
-15
-7
-4
1
16
24
13
-1
-1
-2
-6
-11
-8
-1
-4
-15
-25
-8
13
20
17
6
2
10
22
25
22
9
-2
5
17
11
10
9
8
8
4
-5
-14
-22
-16
-4
0
0
3
-1
-4
-5
6
35
48
36
12
-7
1
11
25
44
40
34
12
-2
-1
11
21
20
19
17
16
16
3
0
7
19
25
6
-17
-29
-29
-23
-15
-8
4
10
10
-9
-22
-21
-18
-7
-2
-13
-10
28
47
48
41
29
23
29
33
36
41
37
27
21
10
5
9
11
15
18
12
6
0
-21
-42
-36
-13
-4
-16
-31
-27
-24
-44
-58
-53
-35
-8
-2
-24
-49
-44
-24
-19
-27
-44
-46
-48
-51
-53
-58
-45
-30
-23
-29
-42
-43
-33
-29
-35
-47
-49
-34
-15
-13
-31
-46
-30
0
24
17
-5
-2
6
-13
-25
-9
13
34
47
38
25
15
10
19
44
64
61
38
20
31
51
49
27
10
22
56
78
71
40
19
31
46
54
52
32
33
49
39
21
6
0
1
7
6
-4
1
15
21
27
28
17
15
18
16
3
4
0
-10
-4
-6
-9
-12
0
8
12
6
-6
-10
-15
-17
-14
-19
-39
-57
-36
-18
-19
-30
-45
-34
-19
-3
7
0
-12
-12
-17
-32
-35
-26
-31
-34
-27
-25
-21
-18
-11
5
10
0
-7
-11
-14
-18
-25
-19
-3
3
5
3
1
-7
-10
1
13
13
4
3
7
17
34
38
28
11
3
4
8
8
6
16
20
15
7
6
6
2
-2
-4
-3
-11
-12
-4
0
-5
-6
-8
-1
-15
-40
-46
-33
-25
-20
-12
-15
-22
-22
-17
-11
-11
-12
-4
1
-6
-8
-4
-11
-21
-25
-18
3
32
36
14
2
11
21
17
4
-1
4
17
26
15
8
-12
-18
-1
14
18
14
18
16
15
19
22
15
0
-3
1
11
21
26
24
28
30
20
14
30
46
35
18
20
25
17
8
19
22
19
27
34
29
19
18
8
-11
-13
2
5
-3
0
9
16
12
3
-9
-19
-6
11
2
-19
-29
-34
-28
-22
-20
-16
-1
0
-29
-40
-9
5
-7
-40
-53
-42
-45
-48
-41
-32
-28
-41
-50
-40
-24
-26
-36
-36
-39
-34
-30
-16
-17
-20
-17
-4
17
20
10
-1
7
23
36
40
29
14
9
5
0
3
8
17
26
23
22
34
36
38
36
22
17
15
18
12
-2
-11
-8
4
10
2
4
3
-6
-2
4
-8
-25
-30
-4
32
36
11
-3
-2
12
22
14
-2
-19
-15
-5
4
1
1
11
14
6
-13
-28
-21
-8
-1
9
7
13
25
23
0
-31
-32
-11
6
1
-1
-1
-8
-20
-18
-12
-16
-17
-24
-20
-14
-21
-25
-22
-14
-11
0
-1
-10
-17
-5
17
37
45
31
18
14
7
5
14
11
10
8
5
14
15
0
1
18
34
46
48
52
41
31
37
36
33
24
22
24
24
26
22
15
8
6
-1
-16
-32
-36
-28
-16
-3
7
-3
-28
-44
-48
-39
-26
-10
-4
-9
-28
-45
-40
-31
-27
-28
-33
-45
-40
-23
-12
-5
-5
-9
-13
-2
7
-2
-14
-26
-21
8
16
-2
-30
-36
-16
-2
-9
-13
3
22
20
9
-13
-39
-44
-36
-16
-7
-3
4
10
14
17
32
51
67
47
9
-2
11
34
46
44
36
19
11
5
6
10
3
2
0
1
19
29
27
18
9
1
-4
-8
-5
-1
-3
-10
-16
-17
-15
-3
-2
-10
-10
-4
-7
-10
-22
-29
-19
-6
-4
-5
-16
-27
-23
-12
-4
-11
-18
-23
-28
-30
-23
-2
3
-7
-12
-11
-16
-13
-1
20
27
25
24
12
-14
-35
-34
-29
-13
17
75
131
163
148
131
107
100
112
128
115
81
51
37
19
-5
13
-16
-11
-31
-12
-23
-27
-68
-74
-129
-172
-189
-216
-167
-174
-152
-136
-73
-17
21
29
59
73
58
45
22
34
76
95
114
118
129
162
132
96
51
29
6
-24
-51
-77
-74
-58
-44
-52
-76
-101
-106
-100
-123
-145
-144
-126
-97
-82
-65
-42
-6
0
2
10
36
60
56
25
10
20
33
35
36
36
20
4
-8
-16
3
25
13
-14
-35
-41
-22
-7
-6
-9
-7
7
13
12
8
2
1
7
17
31
52
67
77
87
101
116
115
102
78
56
48
53
67
73
74
68
56
38
6
-7
2
-6
-16
-23
-20
-13
-22
-44
-53
-42
-34
-42
-46
-39
-41
-46
-52
-44
-14
1
-1
-21
-42
-23
16
28
15
-3
-3
9
14
13
0
-7
-5
-12
-35
-34
-14
-22
-37
-45
-45
-22
-3
-12
-18
-37
-29
-15
-1
-13
2
39
98
150
73
28
-46
-58
-96
-99
-102
-53
-54
-87
-114
-134
-56
-80
-40
-30
31
75
98
113
120
76
21
1
3
47
86
105
108
108
108
125
91
75
33
35
12
15
17
17
12
-26
-85
-114
-110
-107
-106
-124
-118
-135
-102
-90
-46
-10
33
41
46
38
54
61
34
27
-1
23
27
38
40
63
78
48
-11
-34
-28
-22
-7
-37
-62
-67
-43
-33
-26
-43
-50
-48
-46
-44
-28
-4
-10
-15
-51
-44
-31
2
18
25
47
37
34
29
14
11
42
48
56
36
26
22
22
21
27
37
47
50
43
36
29
23
3
-9
-1
15
24
32
2
-7
-2
16
22
17
32
41
50
43
19
13
36
38
26
18
20
17
17
4
-11
-9
15
19
8
-16
-29
-27
-24
-20
-18
-9
-7
-8
-30
-35
-29
-22
-15
-48
-71
-63
-33
-10
-40
-41
-49
-37
-34
-26
-28
-42
-24
-51
-9
-7
14
2
5
22
0
22
18
39
-6
-3
-41
-16
-10
-15
5
-16
24
15
23
17
18
-10
-32
-20
-28
1
-21
-22
-47
-53
-40
-21
-8
-15
3
-13
15
14
34
13
15
1
-27
-29
-38
2
5
6
-12
-1
25
16
3
-37
-10
-18
-5
-7
-22
2
-14
-1
-11
8
-25
4
11
33
18
34
67
44
29
-5
11
17
51
19
50
32
50
46
28
40
15
46
5
19
1
32
25
26
12
15
29
21
43
29
54
47
59
-2
9
-11
27
20
32
4
8
33
13
26
7
34
3
17
-25
2
-6
12
0
-18
-31
27
29
-24
-34
-32
-39
-32
-29
3
26
17
-12
-62
-28
-4
18
-15
-42
-41
-13
-21
14
8
-38
-50
-57
-67
-54
-67
-67
-52
-65
-46
-59
-34
-29
7
-20
-22
-44
-55
-48
-16
5
-4
-15
-32
-28
-28
-27
-47
-35
-41
-25
-2
38
27
21
-6
-13
-1
-6
24
15
1
-12
4
-7
11
20
-4
11
2
36
47
42
28
32
14
29
7
-6
2
25
42
62
35
-1
-9
0
21
1
6
0
3
-9
-1
15
47
39
32
4
8
11
42
23
15
24
29
46
48
48
40
63
44
57
44
55
51
43
8
-20
-11
-2
18
29
11
-28
-28
-26
7
27
20
-12
-4
-23
1
5
16
12
16
26
16
10
-30
-40
-37
-11
-34
-18
-31
-38
-62
-68
-78
-66
-55
-63
-39
-54
-43
-43
-30
-27
-12
-17
-55
-51
-21
9
37
9
-4
0
24
35
37
30
23
44
50
56
48
49
38
36
15
-6
4
-1
-23
-7
-17
-8
-24
-48
-56
-56
-28
-14
12
-1
13
-35
-19
-31
-24
8
-13
29
23
43
40
66
48
9
-13
-18
15
29
36
12
1
4
-9
-14
5
8
18
4
-6
-12
-21
-18
-40
-38
-66
-85
-84
-66
-45
-29
-10
-14
-15
-3
12
-36
-40
-54
-35
-26
-11
8
1
11
-9
-5
-24
-5
1
15
19
8
13
-13
-11
-4
-6
12
9
4
-7
-19
-32
-23
-14
18
45
53
33
20
25
25
46
21
46
48
57
75
75
56
55
76
65
67
67
73
63
71
82
95
96
98
63
47
44
66
75
65
41
38
35
12
1
-17
21
18
10
-46
-41
-31
-19
-34
-56
-79
-88
-68
-78
-50
-37
-24
-37
-54
-88
-66
-62
-54
-65
-71
-77
-71
-57
-60
-30
-42
-17
-24
-33
-37
-41
-33
-34
-29
-43
-26
-43
-73
-70
-69
-44
-58
-34
-23
15
7
13
-6
-1
15
2
26
29
61
22
33
24
21
21
40
55
60
51
39
10
22
32
28
31
23
31
18
9
-14
-10
-12
-33
-54
-68
-55
-39
-66
-51
-69
-37
-41
-23
-31
-20
-12
-5
-3
-27
3
26
39
23
19
14
31
15
35
26
41
32
40
47
37
31
20
66
86
96
63
55
67
59
55
43
49
56
55
49
31
35
53
63
79
53
54
50
19
-20
-33
-40
-26
1
-5
6
5
13
11
9
-10
-10
-27
-49
-53
-48
-65
-57
-28
-23
-9
-16
-15
-27
-3
-4
-32
-35
-42
-30
-32
-47
-66
-36
-31
-11
-8
-15
-4
-2
-23
-31
-21
-32
-36
-35
-29
-4
-7
11
13
2
-6
-29
-7
5
33
25
25
-6
4
23
-6
7
-24
3
-1
29
15
2
-20
-12
-43
-70
-55
-41
-26
-38
-20
-20
0
-4
-4
-32
-16
-18
-29
-49
-48
-19
-7
-2
-15
-18
-11
6
15
20
41
21
-2
-17
-25
14
63
85
58
23
21
33
52
23
60
17
1
9
13
13
19
20
20
24
12
56
50
72
41
12
-21
7
14
16
3
-17
31
14
40
-15
-2
-11
-5
0
-5
10
13
18
-4
-16
-21
5
8
-31
-35
2
22
44
-16
-28
-25
-46
-17
-27
-14
24
-11
-27
-17
-8
0
-30
-39
-17
-12
18
-6
-19
-2
-18
19
2
0
3
11
37
47
35
42
16
-5
3
1
44
59
63
54
-7
-16
-13
-31
-21
4
1
11
3
-2
13
-10
-17
-38
-7
-1
8
3
5
4
2
-19
-21
-3
18
5
0
11
27
21
13
16
11
30
9
4
-42
-13
-3
31
29
-6
-26
-66
-45
-16
-8
-22
-23
-37
-20
-12
-24
-32
-30
-62
-42
-65
-77
-75
-101
-93
-53
-34
-30
-22
-9
-31
-36
-41
-22
-18
-14
-24
-36
2
-1
21
-1
18
8
15
-6
23
15
20
11
-8
7
-16
8
-5
-1
20
25
46
71
57
12
-1
-7
3
36
16
20
25
57
55
71
51
61
46
62
69
28
41
25
55
41
37
0
33
49
107
112
67
93
76
43
24
-7
26
18
11
24
20
26
9
-3
-12
11
-13
1
4
-7
16
-15
3
-11
-35
-27
-48
-47
-59
-46
-56
5
-9
-4
-42
-59
-41
-7
-19
-28
-12
-18
-19
-59
-55
-69
-32
-24
-16
-40
-30
-23
-20
-38
-51
-44
-58
-16
-31
-43
-56
-59
-24
-58
-43
-57
-26
-25
-24
7
-32
-25
-37
-3
-10
24
33
17
-13
2
-8
12
13
1
44
26
53
34
55
31
29
26
30
50
43
52
31
56
26
4
-8
2
4
18
7
50
42
-1
-22
-43
-18
-36
-61
-84
-41
-35
-24
-21
-3
-30
-11
-18
13
-1
12
8
34
34
16
36
3
31
-6
-2
-16
30
22
15
-3
2
-1
13
20
33
21
15
0
8
26
40
36
9
-15
-11
44
36
88
73
54
21
-8
5
12
4
2
12
8
22
37
36
61
50
40
56
37
32
6
-27
-35
-26
-10
-17
20
23
24
15
-3
-25
-65
-84
-63
-44
-52
-20
-44
-22
-30
-21
-18
-33
-22
-30
-31
-50
2
-20
3
-51
-46
-15
-26
-10
-8
8
9
7
-13
-24
-34
-5
-19
-27
-24
17
13
-4
-11
-8
17
7
35
-9
-25
-9
-7
40
1
-16
-15
-10
-6
-18
-26
-25
21
23
18
-23
-32
-23
-19
-47
-48
15
-5
16
-26
7
-50
-3
30
48
61
-13
-5
-2
19
0
25
-22
26
37
53
24
46
30
29
-10
-24
-1
10
37
35
41
3
-5
-38
10
6
38
34
38
9
12
0
7
-23
-21
0
33
-15
-35
-29
-48
-22
-41
-3
-26
0
-45
1
-34
17
-2
-14
-13
-15
8
-26
-5
5
33
0
9
21
38
34
16
16
41
25
27
0
26
46
59
24
5
28
40
61
38
-16
-14
2
-38
12
51
24
33
1
-38
6
4
59
23
55
46
51
22
7
2
-39
-29
-36
4
17
0
-12
-10
-12
25
-29
19
2
1
-21
-66
7
-18
-12
-67
-78
-65
-39
12
-46
-30
-67
-45
-83
-44
-13
18
-3
-40
-12
-25
-2
-38
-11
-33
-15
-53
-11
-15
-18
-43
-50
-39
-19
-19
29
50
38
28
-18
0
-7
7
-33
11
-24
6
-9
-28
1
-14
23
53
-1
-17
-31
-53
-16
-31
17
17
18
6
-7
-15
18
26
-16
3
2
-6
5
-17
50
88
89
61
101
175
201
131
51
46
-49
-57
-145
-159
-194
-128
-111
-109
-87
-26
27
-45
-34
7
107
146
152
143
100
13
-14
-55
-19
84
137
204
217
313
412
370
239
130
-14
-139
-209
-204
-159
-222
-224
-317
-286
-264
-147
-97
-53
9
26
43
-7
32
-18
-117
-208
-133
1
138
170
239
308
290
276
203
199
193
102
5
-38
6
-21
-52
-70
-83
-90
-98
-97
-108
-89
-151
-204
-273
-226
-253
-169
-96
15
118
111
151
114
77
17
-44
-106
-81
-61
16
-34
-68
-101
-66
8
16
53
117
126
83
-19
-124
-153
-110
-90
-39
9
59
94
88
55
28
20
29
-7
-114
-72
-87
-37
-32
-1
15
75
106
112
99
60
52
-36
-81
-104
-117
-115
-61
-57
15
72
142
151
129
80
46
17
-4
-3
-26
-10
4
26
4
-17
-31
21
4
17
36
110
136
42
-3
-52
-33
-8
-4
39
78
111
93
55
-35
-55
-23
-45
-21
9
23
30
12
-15
-19
-17
30
54
59
65
10
11
-24
-31
-5
4
17
15
5
-17
-4
0
-2
41
-14
5
28
23
38
-30
-4
17
-21
-65
-70
-24
-21
-25
-47
-41
0
6
12
11
30
49
42
-11
-28
-24
25
-5
-31
-27
-40
-35
-90
-97
-122
-124
-100
-56
-12
18
42
56
84
83
64
13
-44
-24
-12
-20
-28
-48
-50
-66
-101
-114
-66
-5
26
36
67
88
55
-42
-81
-85
-74
-102
-106
-68
-26
4
9
41
62
68
54
28
23
23
-17
-10
-31
-28
-14
-13
1
14
47
49
52
49
42
9
-18
-2
-1
-41
-45
-36
1
59
61
59
57
98
114
103
65
39
52
51
55
31
5
23
46
44
28
28
39
35
21
5
-9
1
-14
-48
-50
-54
-29
-13
9
3
-1
17
24
47
51
67
35
11
-9
-27
-15
-19
-5
5
17
14
32
51
39
29
1
3
1
-26
-44
-33
-24
-31
-43
-51
-48
-56
-81
-93
-76
-54
-46
-38
-18
-8
30
59
65
77
71
42
13
-18
-36
-34
-66
-82
-82
-56
-3
26
37
21
-5
-13
-16
-15
-56
-108
-129
-124
-110
-108
-99
-81
-41
30
73
91
129
145
131
91
42
-4
-5
12
5
-22
-42
-56
-71
-71
-76
-79
-49
-25
-16
-27
-43
-45
-57
-76
-110
-139
-144
-142
-159
-182
-180
-140
-96
-70
-41
-16
9
39
95
119
119
96
78
79
95
102
105
107
114
143
194
232
251
273
300
314
350
386
361
326
310
307
287
246
202
194
188
193
198
229
242
244
247
269
334
356
345
382
489
554
462
314
242
182
0
-269
-461
-560
-732
-1043
-1273
-1312
-1291
-1386
-1499
-1473
-1305
-1162
-1144
-1095
-906
-738
-756
-824
-735
-573
-530
-586
-533
-296
-84
67
230
480
750
895
955
1010
1112
1124
1023
896
771
683
547
359
213
149
85
-19
-81
-62
-8
0
-26
18
143
238
263
334
455
587
655
673
733
832
886
832
783
782
802
775
737
761
853
940
1000
1121
1255
1376
1544
1699
1724
1614
1529
1445
1169
646
123
-217
-581
-1281
-2174
-2777
-3004
-3261
-3769
-4096
-3931
-3557
-3421
-3415
-3075
-2426
-1954
-1861
-1746
-1265
-687
-480
-515
-272
279
721
911
1101
1538
1971
2133
2080
2083
2160
2090
1777
1365
1057
746
287
-296
-767
-1033
-1269
-1597
-1869
-1895
-1774
-1695
-1621
-1383
-972
-586
-309
5
425
848
1120
1325
1600
1909
2121
2210
2294
2405
2464
2372
2222
2066
1868
1563
1196
856
558
262
-69
-362
-540
-641
-741
-727
-538
-209
95
429
925
1526
1992
2200
2396
2645
2708
2352
1845
1418
974
150
-956
-1851
-2321
-2724
-3408
-3966
-4027
-3739
-3648
-3746
-3605
-3142
-2808
-2843
-2873
-2567
-2114
-1905
-1880
-1614
-985
-395
1
449
1145
1889
2356
2568
2797
3107
3195
2867
2375
2006
1659
1103
366
-234
-628
-1058
-1623
-2078
-2207
-2187
-2242
-2305
-2149
-1774
-1432
-1218
-927
-455
-3
285
538
942
1439
1797
1978
2180
2484
2723
2779
2734
2685
2629
2417
2029
1629
1311
990
560
115
-229
-435
-610
-755
-801
-652
-391
-83
321
858
1351
1645
1929
2240
2390
2210
1914
1588
1138
357
-649
-1476
-1982
-2464
-3156
-3665
-3746
-3574
-3524
-3521
-3262
-2847
-2619
-2675
-2651
-2311
-1943
-1884
-1910
-1541
-900
-394
-19
508
1274
1986
2453
2753
3122
3453
3465
3094
2643
2306
1881
1186
396
-183
-602
-1101
-1646
-1978
-2075
-2143
-2310
-2357
-2150
-1855
-1688
-1590
-1328
-938
-612
-383
-82
356
801
1137
1437
1867
2300
2573
2697
2784
2865
2806
2552
2192
1887
1567
1127
632
259
-3
-241
-472
-613
-513
-317
-12
432
963
1357
1664
2021
2318
2402
2212
2001
1686
1165
245
-684
-1333
-1868
-2603
-3383
-3738
-3690
-3549
-3560
-3424
-2989
-2542
-2447
-2498
-2286
-1934
-1836
-2023
-2020
-1569
-1047
-667
-206
501
1310
1965
2468
2974
3503
3797
3686
3335
2877
2340
1634
794
-43
-784
-1481
-2129
-2527
-2691
-2712
-2676
-2592
-2406
-2087
-1747
-1458
-1187
-941
-764
-629
-472
-241
59
341
625
987
1441
1878
2258
2588
2890
3056
3004
2834
2650
2358
1936
1518
1082
648
240
-74
-302
-353
-316
-106
364
924
1236
1489
1969
2384
2483
2321
2221
2005
1478
479
-513
-1143
-1660
-2507
-3422
-3773
-3627
-3459
-3490
-3266
-2666
-2085
-1946
-2002
-1745
-1317
-1268
-1605
-1750
-1475
-1155
-1007
-732
-97
760
1476
2008
2597
3254
3703
3740
3498
3141
2715
2016
1007
-44
-951
-1808
-2665
-3331
-3630
-3620
-3489
-3251
-2810
-2152
-1498
-1003
-586
-217
5
38
-8
-28
-28
-26
-27
83
361
740
1145
1562
2035
2453
2687
2790
2856
2800
2536
2124
1705
1310
921
499
143
-3
41
293
725
1157
1470
1912
2456
2841
2908
2905
2860
2538
1740
642
-268
-992
-1860
-3044
-3934
-4223
-4140
-4125
-4083
-3623
-2883
-2332
-2172
-1948
-1415
-972
-1095
-1484
-1493
-1183
-1028
-1017
-801
-206
500
1106
1685
2448
3271
3791
3854
3627
3343
2978
2258
1157
-22
-1140
-2225
-3282
-4134
-4663
-4809
-4774
-4589
-4025
-3057
-2026
-1184
-456
199
728
1025
1101
1058
969
788
517
358
430
652
871
1126
1570
2071
2445
2679
2901
3051
2963
2627
2228
1883
1482
968
481
192
209
473
728
895
1194
1787
2341
2596
2711
2971
3110
2735
1764
795
115
-601
-1822
-3214
-4003
-4227
-4369
-4672
-4613
-3974
-3216
-2858
-2606
-1935
-1043
-660
-904
-1065
-728
-395
-445
-549
-329
225
745
1050
1519
2375
3234
3610
3613
3592
3623
3327
2414
1260
242
-763
-2089
-3432
-4433
-4991
-5363
-5697
-5678
-4978
-3892
-2926
-1972
-870
228
1033
1486
1762
1973
1973
1604
1153
949
870
725
560
640
977
1329
1533
1730
2073
2374
2390
2142
1925
1765
1481
955
495
256
309
517
654
717
1010
1635
2120
2311
2493
2923
3203
2923
2083
1339
902
290
-999
-2412
-3161
-3430
-3806
-4377
-4485
-3960
-3325
-3156
-3050
-2353
-1375
-962
-1157
-1159
-635
-221
-301
-464
-208
359
745
891
1283
2115
2901
3230
3294
3450
3659
3508
2761
1805
960
22
-1240
-2589
-3690
-4438
-5077
-5650
-5821
-5354
-4578
-3829
-2927
-1772
-553
424
1098
1594
1986
2108
1892
1570
1348
1143
848
585
531
654
774
913
1152
1450
1721
1872
1842
1753
1703
1583
1306
1071
913
952
1215
1360
1273
1416
1931
2246
2156
2156
2480
2705
2377
1524
901
673
179
-1034
-2217
-2694
-2821
-3276
-3905
-3942
-3417
-3018
-3107
-3086
-2407
-1528
-1270
-1474
-1281
-627
-225
-259
-303
109
774
1150
1212
1541
2284
2906
3094
3046
3153
3351
3181
2464
1650
989
196
-933
-2159
-3119
-3799
-4451
-5096
-5350
-5062
-4573
-4072
-3346
-2317
-1222
-273
458
1062
1582
1842
1800
1638
1453
1195
836
505
318
233
171
171
330
595
853
1060
1262
1423
1504
1468
1410
1441
1447
1527
1814
2088
2011
1982
2279
2565
2479
2297
2334
2413
2109
1289
575
268
-110
-1143
-2251
-2736
-2760
-3007
-3523
-3658
-3247
-2844
-2831
-2769
-2198
-1439
-1180
-1320
-1144
-533
-66
52
95
416
986
1431
1583
1819
2368
2868
2963
2789
2779
2965
2841
2144
1333
751
111
-871
-1942
-2756
-3292
-3891
-4615
-4977
-4728
-4298
-4004
-3533
-2676
-1638
-743
-28
672
1360
1768
1803
1736
1706
1578
1216
762
492
359
126
-156
-252
-119
30
121
283
616
950
1065
1062
1251
1553
1808
2073
2405
2691
2825
2984
3126
3161
3025
2847
2609
2225
1533
781
245
-196
-1015
-2067
-2690
-2875
-3059
-3465
-3675
-3482
-3143
-3078
-3047
-2589
-1869
-1503
-1536
-1365
-765
-201
51
208
575
1164
1654
1913
2201
2698
3149
3253
3097
3002
3041
2906
2314
1494
824
213
-646
-1661
-2540
-3142
-3672
-4280
-4744
-4754
-4444
-4132
-3821
-3300
-2502
-1620
-846
-186
516
1148
1499
1606
1667
1696
1536
1212
868
612
382
75
-147
-203
-246
-336
-282
-37
215
330
450
682
1002
1199
1383
1816
2377
2652
2656
2857
3219
3365
3169
2969
2901
2695
1943
1031
491
204
-553
-1673
-2401
-2532
-2573
-2954
-3259
-3108
-2727
-2660
-2716
-2415
-1782
-1378
-1377
-1315
-864
-329
-9
154
439
975
1485
1778
2050
2522
2988
3182
3137
3049
3065
2991
2527
1772
1089
502
-271
-1202
-2056
-2667
-3209
-3815
-4327
-4430
-4166
-3900
-3767
-3488
-2798
-1976
-1342
-864
-289
340
761
908
1003
1181
1243
1024
700
501
387
189
-56
-200
-207
-130
-80
-6
162
393
601
733
886
1082
1317
1649
2032
2306
2429
2620
2917
3099
3004
2935
2954
2848
2265
1374
768
454
-117
-1192
-2076
-2421
-2529
-2901
-3289
-3212
-2839
-2704
-2828
-2630
-1977
-1405
-1336
-1427
-1134
-586
-257
-124
86
526
1002
1326
1582
2020
2618
3026
3122
3105
3198
3317
3161
2663
2083
1547
891
5
-943
-1739
-2387
-3089
-3824
-4291
-4377
-4303
-4209
-4001
-3547
-2889
-2197
-1573
-932
-246
302
599
782
937
1025
983
787
561
384
275
121
-74
-122
-5
117
174
324
612
893
1011
1073
1254
1483
1681
1882
2169
2390
2486
2566
2637
2641
2551
2533
2472
2158
1461
817
498
218
-493
-1436
-2004
-2190
-2379
-2754
-2907
-2689
-2507
-2673
-2750
-2348
-1747
-1517
-1627
-1562
-1117
-640
-409
-258
39
504
906
1182
1549
2130
2693
2935
2955
3041
3271
3403
3118
2558
2067
1644
1002
142
-699
-1357
-1970
-2722
-3412
-3747
-3755
-3769
-3835
-3740
-3304
-2689
-2164
-1738
-1225
-629
-174
84
284
530
692
620
429
353
351
293
173
95
132
225
284
360
622
957
1123
1149
1261
1496
1654
1714
1872
2194
2411
2395
2345
2452
2558
2478
2285
2104
1834
1194
468
-60
-432
-1074
-1944
-2597
-2824
-2843
-2990
-3129
-2988
-2690
-2538
-2410
-2087
-1602
-1296
-1264
-1237
-945
-555
-317
-165
18
311
715
1120
1519
2018
2535
2882
3059
3197
3416
3597
3473
3055
2546
2046
1403
580
-323
-1140
-1872
-2638
-3328
-3761
-3926
-3991
-3979
-3832
-3478
-2940
-2353
-1818
-1298
-732
-235
100
321
461
539
543
483
390
359
347
262
194
278
481
661
843
1059
1351
1562
1690
1726
1803
1866
1852
1929
2190
2396
2282
2191
2278
2380
2167
1946
1818
1692
1197
426
-134
-376
-762
-1698
-2527
-2790
-2723
-2920
-3240
-3226
-2843
-2591
-2619
-2516
-1980
-1440
-1377
-1525
-1357
-832
-454
-395
-364
-5
534
924
1202
1630
2280
2841
3084
3176
3415
3740
3729
3332
2835
2425
1917
1151
204
-678
-1371
-2092
-2886
-3511
-3819
-4004
-4147
-4181
-3998
-3575
-3075
-2690
-2283
-1682
-1061
-626
-296
52
390
639
753
819
915
990
986
992
1097
1253
1405
1547
1676
1751
1796
1804
1728
1570
1412
1257
1092
1091
1212
1299
1236
1291
1529
1783
1875
1944
2099
2157
1778
1057
538
292
-212
-1270
-2182
-2506
-2536
-2800
-3135
-3080
-2680
-2459
-2522
-2379
-1810
-1334
-1386
-1616
-1527
-1179
-993
-1035
-1085
-828
-364
20
331
868
1684
2442
2937
3285
3759
4373
4671
4466
4124
3841
3378
2514
1410
319
-663
-1693
-2825
-3810
-4427
-4851
-5244
-5462
-5326
-4926
-4413
-3872
-3256
-2459
-1605
-877
-296
244
725
1089
1324
1513
1697
1809
1808
1791
1846
1981
2115
2179
2177
2147
2151
2114
1941
1675
1462
1314
1039
760
778
959
965
744
699
947
1236
1314
1300
1425
1492
1107
510
198
112
-344
-1191
-1834
-1991
-1984
-2247
-2572
-2579
-2379
-2406
-2587
-2529
-2196
-2019
-2185
-2377
-2192
-1810
-1567
-1435
-1183
-687
-74
513
1079
1787
2595
3309
3791
4163
4572
4906
4901
4517
3978
3443
2764
1769
567
-558
-1560
-2643
-3770
-4618
-5111
-5466
-5790
-5975
-5801
-5288
-4696
-4136
-3416
-2479
-1554
-804
-88
725
1532
2114
2417
2665
2977
3224
3213
3040
2926
2898
2745
2449
2168
1973
1747
1373
947
623
409
106
-262
-392
-167
92
133
150
568
1208
1562
1644
1916
2340
2449
1980
1406
1240
1198
551
-531
-1200
-1299
-1446
-2016
-2521
-2535
-2337
-2546
-2978
-3027
-2683
-2584
-2941
-3252
-3047
-2553
-2269
-2185
-1892
-1165
-308
399
1072
2005
3129
4057
4604
5011
5562
6041
6000
5433
4783
4181
3283
1933
396
-996
-2288
-3699
-5118
-6168
-6726
-7134
-7553
-7648
-7140
-6282
-5456
-4646
-3596
-2264
-984
48
975
1954
2824
3313
3532
3792
4059
4067
3757
3389
3156
3031
2779
2353
2020
1826
1539
1082
694
443
201
-166
-595
-780
-527
-263
-307
-319
111
750
1144
1390
1849
2501
2824
2496
2071
2086
2189
1587
447
-357
-618
-958
-1770
-2534
-2795
-2880
-3349
-3978
-4077
-3635
-3431
-3736
-3971
-3587
-2831
-2304
-2078
-1667
-787
194
932
1623
2582
3704
4547
4911
5155
5658
6096
5927
5231
4474
3765
2792
1447
-73
-1474
-2753
-4130
-5508
-6498
-7008
-7335
-7590
-7608
-7162
-6288
-5276
-4304
-3258
-1975
-658
445
1394
2340
3204
3753
3968
4065
4202
4207
3935
3533
3196
2908
2545
2124
1750
1500
1280
962
532
180
-32
-297
-694
-1071
-1175
-961
-720
-655
-502
121
953
1541
1959
2636
3528
4079
3921
3440
3249
3173
2472
1035
-257
-923
-1443
-2406
-3473
-3978
-4001
-4237
-4763
-4863
-4264
-3675
-3664
-3790
-3319
-2393
-1719
-1448
-1135
-374
574
1287
1794
2485
3447
4283
4699
4899
5235
5652
5640
4979
4092
3309
2443
1150
-464
-1987
-3251
-4498
-5855
-6953
-7484
-7618
-7654
-7572
-7057
-6015
-4795
-3744
-2728
-1500
-168
942
1765
2494
3223
3788
4011
4030
4053
4080
3924
3585
3202
2887
2641
2307
1887
1558
1342
1014
560
132
-151
-362
-636
-924
-1030
-762
-339
-53
166
730
1580
2266
2614
2992
3613
4119
3916
3117
2514
2301
1748
359
-1111
-1896
-2238
-2922
-3921
-4479
-4310
-4162
-4466
-4658
-4165
-3406
-3161
-3333
-3154
-2325
-1532
-1212
-1046
-442
549
1426
1991
2539
3403
4352
4902
4957
4985
5232
5248
4586
3460
2420
1547
425
-1166
-2803
-3952
-4786
-5769
-6758
-7202
-7018
-6662
-6398
-5984
-5104
-3869
-2765
-1964
-1116
8
1076
1765
2236
2806
3472
3879
3906
3879
4052
4184
3963
3509
3157
2985
2721
2225
1712
1354
1023
531
-9
-386
-623
-916
-1225
-1406
-1303
-871
-322
113
513
1165
1972
2665
3170
3616
3997
4135
3735
2980
2378
1976
1096
-386
-1712
-2391
-2736
-3329
-4043
-4335
-4141
-4048
-4198
-4091
-3491
-2983
-2993
-3145
-2811
-2111
-1611
-1398
-1123
-491
318
1015
1630
2372
3204
3876
4247
4436
4667
4881
4700
3973
2984
2068
1156
-41
-1509
-2892
-3964
-4917
-5878
-6608
-6843
-6681
-6447
-6180
-5562
-4496
-3348
-2444
-1654
-697
384
1266
1814
2293
2913
3473
3725
3798
3982
4237
4281
4041
3774
3653
3515
3153
2622
2132
1752
1310
696
38
-470
-906
-1384
-1822
-2096
-2163
-2037
-1626
-1016
-362
280
1100
2097
3014
3654
4216
4810
5110
4672
3782
3120
2650
1661
13
-1439
-2171
-2574
-3349
-4214
-4458
-4139
-4057
-4314
-4257
-3606
-3013
-3036
-3245
-2979
-2312
-1862
-1743
-1589
-1031
-258
373
876
1554
2477
3342
3858
4074
4363
4770
4830
4244
3326
2450
1548
313
-1260
-2739
-3880
-4907
-6004
-6855
-7108
-6906
-6578
-6197
-5502
-4369
-3103
-2055
-1168
-167
897
1715
2210
2630
3128
3564
3791
3910
4104
4365
4493
4437
4345
4305
4163
3777
3228
2634
1991
1237
352
-524
-1292
-1974
-2654
-3202
-3446
-3477
-3384
-3078
-2262
-1061
123
1067
2092
3394
4635
5395
5825
6292
6600
6135
4905
3747
3054
2146
380
-1547
-2665
-3062
-3673
-4610
-5106
-4873
-4657
-4890
-5037
-4554
-3894
-3853
-4248
-4263
-3663
-3068
-2823
-2686
-2200
-1334
-385
478
1384
2481
3583
4401
4835
5155
5551
5678
5125
3986
2774
1699
465
-1173
-2944
-4319
-5302
-6215
-7022
-7291
-6941
-6387
-5896
-5219
-4047
-2610
-1409
-545
331
1378
2281
2820
3203
3704
4237
4566
4698
4872
5202
5421
5314
4999
4712
4409
3831
2941
1971
1107
220
-858
-1923
-2701
-3212
-3679
-4107
-4207
-3868
-3361
-2867
-2219
-1049
536
1944
2886
3815
5119
6353
6942
7037
7233
7425
6855
5334
3799
2873
1889
-29
-2293
-3725
-4255
-4906
-6023
-6795
-6728
-6469
-6679
-6883
-6441
-5589
-5226
-5393
-5315
-4547
-3553
-2869
-2459
-1831
-725
521
1580
2506
3552
4699
5598
5936
5983
6091
6065
5434
4153
2698
1447
204
-1436
-3316
-4816
-5799
-6622
-7378
-7701
-7329
-6557
-5808
-5000
-3750
-2119
-599
565
1633
2778
3796
4456
4800
5094
5391
5512
5371
5135
5018
4937
4660
4130
3539
3019
2465
1709
769
-109
-866
-1688
-2596
-3308
-3680
-3872
-4017
-4000
-3677
-3067
-2343
-1608
-694
514
1976
3423
4658
5662
6608
7537
8133
8141
7792
7407
6817
5484
3462
1559
161
-1329
-3477
-5656
-6951
-7427
-8009
-8839
-9185
-8743
-8197
-8028
-7798
-6946
-5795
-5153
-4901
-4303
-3115
-1886
-994
-275
698
1978
3241
4270
5116
5947
6736
7171
7007
6545
6165
5651
4522
2784
989
-462
-1845
-3554
-5309
-6485
-7067
-7510
-7887
-7714
-6758
-5444
-4282
-3156
-1595
335
2007
3092
3965
4935
5741
6026
5860
5640
5561
5360
4779
4016
3493
3219
2835
2165
1495
1107
811
256
-557
-1174
-1496
-1885
-2552
-3161
-3338
-3212
-3159
-3150
-2790
-1992
-1104
-343
498
1595
2734
3614
4472
5559
6508
6825
6711
6649
6566
6017
4939
3793
2767
1319
-854
-2928
-4184
-5223
-6923
-8789
-9711
-9529
-9305
-9496
-9313
-8214
-6913
-6136
-5437
-4108
-2486
-1486
-1054
-420
718
1789
2411
2745
3181
3786
4357
4737
4880
4913
4993
4989
4548
3777
3122
2623
1818
430
-1077
-2106
-2837
-3852
-5066
-5776
-5789
-5608
-5540
-5198
-4170
-2774
-1600
-630
619
2195
3561
4350
4800
5254
5657
5709
5336
4805
4343
3862
3164
2348
1736
1364
1013
522
79
-62
24
-40
-371
-653
-688
-684
-905
-1238
-1423
-1431
-1455
-1506
-1383
-1004
-527
-120
298
846
1450
1911
2135
2228
2316
2508
2709
2646
2217
1731
1434
1137
582
-102
-592
-924
-1621
-2785
-3705
-3897
-3995
-4732
-5667
-5815
-5127
-4617
-4594
-4370
-3492
-2606
-2277
-2088
-1356
-415
-135
-393
-395
135
640
755
687
855
1269
1682
2020
2356
2717
3097
3373
3365
3218
3158
3116
2708
1811
817
125
-432
-1322
-2420
-3163
-3431
-3630
-3895
-3828
-3168
-2241
-1508
-884
35
1285
2371
2987
3408
3916
4387
4566
4387
4082
3894
3721
3286
2650
2181
1996
1815
1383
889
701
741
555
56
-358
-504
-715
-1281
-1979
-2417
-2626
-2983
-3523
-3907
-3902
-3706
-3543
-3358
-2930
-2236
-1558
-1056
-550
134
822
1275
1519
1947
2674
3251
3280
3065
3139
3400
3325
2834
2406
2222
1668
381
-922
-1550
-1977
-3071
-4589
-5459
-5353
-5240
-5597
-5770
-5214
-4429
-4045
-3788
-2984
-1806
-1105
-929
-584
253
1151
1743
2053
2420
2981
3553
4035
4408
4663
4888
5025
4816
4329
3888
3511
2850
1701
418
-515
-1225
-2136
-3201
-3927
-4190
-4295
-4361
-4106
-3337
-2321
-1428
-645
345
1567
2665
3397
3905
4357
4693
4801
4632
4320
4011
3632
3018
2223
1501
919
319
-475
-1389
-2113
-2563
-3022
-3670
-4232
-4475
-4536
-4663
-4796
-4657
-4270
-3876
-3561
-3122
-2393
-1530
-804
-200
497
1318
2068
2594
2944
3266
3567
3663
3520
3302
3086
2863
2676
2537
2346
2025
1696
1481
1280
922
526
263
-58
-865
-2029
-2840
-3071
-3457
-4473
-5364
-5315
-4629
-4234
-4095
-3447
-2208
-1205
-756
-196
921
1943
2117
1846
1930
2395
2651
2486
2246
2277
2450
2545
2603
2732
2893
2992
2903
2532
2062
1711
1365
681
-411
-1501
-2198
-2708
-3419
-4173
-4485
-4335
-4129
-3956
-3426
-2373
-1233
-416
235
1102
2109
2837
3136
3223
3251
3153
2846
2365
1846
1374
885
265
-418
-952
-1268
-1524
-1913
-2345
-2560
-2524
-2502
-2596
-2577
-2330
-2041
-1849
-1620
-1214
-678
-199
167
518
925
1303
1579
1787
1934
2010
2039
2025
1928
1790
1641
1440
1157
850
581
335
102
-127
-174
124
572
832
964
1327
1932
2402
2577
2742
3048
3029
2271
1272
778
567
-273
-1693
-2682
-2728
-2587
-2892
-3184
-2877
-2287
-2130
-2285
-2045
-1380
-1099
-1434
-1811
-1759
-1437
-1192
-1080
-911
-562
-60
575
1204
1721
2218
2732
2973
2744
2359
2154
1935
1194
-48
-1133
-1739
-2313
-3202
-4014
-4285
-4199
-4181
-4168
-3744
-2869
-1998
-1425
-919
-192
670
1388
1868
2208
2519
2839
3075
3129
3078
3088
3079
2821
2293
1750
1382
1005
339
-509
-1132
-1456
-1768
-2186
-2451
-2367
-2113
-1967
-1834
-1455
-881
-425
-184
61
463
881
1104
1230
1439
1761
2073
2288
2456
2703
3039
3321
3438
3404
3336
3264
3012
2527
1977
1499
1066
710
553
508
387
167
81
174
230
89
-92
-185
-634
-1684
-2747
-3144
-3319
-4100
-5216
-5598
-4942
-4234
-3995
-3578
-2456
-1314
-868
-726
-114
729
857
233
-322
-360
-291
-477
-744
-763
-557
-281
51
405
741
1086
1334
1216
738
269
23
-261
-960
-1905
-2476
-2567
-2646
-2827
-2691
-2065
-1322
-782
-233
609
1547
2146
2344
2435
2556
2570
2405
2182
1999
1788
1588
1496
1482
1484
1525
1582
1506
1256
942
734
584
304
-100
-348
-332
-240
-106
206
740
1271
1598
1811
2098
2387
2409
2117
1694
1327
956
510
77
-246
-480
-677
-821
-881
-886
-918
-1001
-1139
-1360
-1595
-1779
-1924
-2072
-2202
-2203
-2028
-1662
-1191
-516
552
1774
2699
3250
3756
4324
4623
4313
3641
3045
2257
686
-1348
-2826
-3575
-4487
-5918
-6990
-6888
-6119
-5703
-5568
-4912
-3842
-3240
-3212
-3028
-2413
-1949
-2041
-2186
-1743
-838
85
997
2060
3186
4212
5093
5743
6025
5940
5550
4782
3555
2075
786
-160
-1091
-2170
-2994
-3227
-3119
-3023
-2862
-2394
-1754
-1305
-1080
-750
-168
374
698
1005
1527
2217
2946
3691
4470
5206
5754
6078
6220
6115
5676
4913
3840
2466
969
-394
-1545
-2577
-3550
-4280
-4543
-4416
-4162
-3841
-3337
-2715
-2188
-1848
-1565
-1235
-969
-888
-886
-769
-484
-106
251
639
1118
1566
1846
1937
1876
1681
1330
805
115
-581
-1108
-1494
-1828
-2107
-2196
-2026
-1746
-1522
-1311
-1002
-670
-483
-308
244
976
1354
1374
1555
2088
2496
2485
2349
2421
2176
1029
-429
-1194
-1454
-2289
-3682
-4521
-4205
-3562
-3385
-3254
-2529
-1574
-1168
-1115
-687
103
498
350
299
767
1479
2059
2506
2975
3454
3859
4115
4103
3789
3329
2789
1987
863
-258
-1036
-1598
-2277
-2999
-3338
-3238
-3101
-3093
-2940
-2475
-1938
-1579
-1264
-749
-68
537
1054
1633
2277
2880
3389
3779
4008
4055
3947
3691
3208
2491
1696
942
120
-845
-1755
-2352
-2703
-3027
-3301
-3354
-3213
-3102
-3031
-2847
-2522
-2207
-2007
-1813
-1517
-1133
-743
-357
77
539
990
1436
1861
2180
2374
2456
2408
2219
1900
1554
1189
764
342
-8
-263
-500
-693
-752
-659
-537
-458
-334
-155
20
131
225
421
748
1284
2091
2885
3270
3353
3534
3756
3586
2955
2379
1969
1067
-634
-2198
-2701
-2682
-3317
-4382
-4570
-3601
-2650
-2470
-2379
-1825
-1399
-1798
-2480
-2517
-2123
-2193
-2705
-2788
-2015
-836
172
903
1499
2038
2455
2591
2323
1782
1190
543
-301
-1175
-1551
-1311
-1038
-1129
-1220
-832
-218
-24
-331
-645
-769
-1004
-1447
-1714
-1506
-999
-535
-86
605
1503
2351
2962
3275
3296
3116
2814
2370
1758
1112
646
359
70
-185
-147
152
321
184
-13
-17
25
-187
-563
-782
-798
-760
-682
-409
93
642
1034
1299
1566
1790
1843
1676
1392
1104
889
733
596
506
516
663
810
833
756
675
534
228
-249
-691
-922
-1086
-1307
-1446
-1289
-888
-518
-322
-181
23
177
133
-75
-150
177
708
943
835
906
1304
1526
1272
1003
1086
891
-390
-2187
-3146
-3156
-3490
-4713
-5689
-5338
-4323
-3835
-3749
-3283
-2608
-2628
-3312
-3586
-3041
-2515
-2616
-2776
-2178
-790
769
2037
3029
3881
4602
5032
4995
4644
4256
3772
2861
1645
845
828
1048
831
289
20
135
99
-378
-953
-1330
-1684
-2175
-2501
-2240
-1458
-633
-12
657
1623
2733
3596
4014
4066
3935
3746
3422
2931
2472
2250
2120
1821
1436
1284
1397
1395
1003
390
-117
-558
-1166
-1898
-2480
-2754
-2860
-2953
-2952
-2662
-2101
-1549
-1222
-1001
-646
-206
94
172
201
324
459
510
550
678
834
852
704
507
321
74
-308
-808
-1296
-1667
-1923
-2065
-2075
-2002
-1867
-1703
-1513
-1244
-970
-784
-715
-705
-707
-694
-597
-378
-94
339
1117
2046
2602
2670
2691
2836
2667
1996
1311
972
424
-863
-2238
-2625
-2216
-2232
-2953
-3270
-2560
-1699
-1514
-1592
-1298
-1018
-1412
-2043
-1902
-996
-251
-27
234
1083
2357
3436
3974
4094
4032
3842
3393
2720
2199
2012
1794
1189
530
421
792
941
466
-319
-906
-1324
-1891
-2513
-2833
-2798
-2725
-2667
-2248
-1218
46
894
1212
1396
1720
2027
2100
1953
1740
1558
1405
1268
1194
1240
1248
955
312
-378
-803
-1086
-1484
-1989
-2351
-2416
-2275
-2038
-1744
-1403
-1065
-825
-696
-597
-439
-218
-45
26
154
482
929
1309
1564
1790
1965
1898
1562
1150
794
441
-9
-462
-753
-859
-871
-853
-795
-710
-684
-755
-848
-891
-871
-820
-744
-611
-407
-114
246
625
938
1118
1199
1191
1055
824
611
455
345
248
272
646
1295
1794
1876
1742
1603
1266
585
-117
-523
-940
-1807
-2885
-3363
-3043
-2644
-2709
-2860
-2543
-1950
-1616
-1544
-1337
-1065
-1179
-1646
-1808
-1257
-407
121
314
620
1248
1917
2263
2243
2064
1815
1365
753
374
506
814
777
463
428
863
1282
1202
760
350
-9
-481
-952
-1096
-899
-696
-672
-582
-92
690
1294
1480
1422
1332
1221
1036
861
768
688
502
244
110
218
432
433
119
-304
-567
-638
-670
-710
-663
-509
-333
-128
229
753
1220
1406
1337
1261
1315
1380
1326
1195
1067
961
841
725
678
619
374
-126
-736
-1261
-1653
-1982
-2327
-2644
-2795
-2753
-2608
-2436
-2205
-1907
-1656
-1543
-1499
-1368
-1132
-924
-779
-581
-255
102
430
760
1064
1245
1236
1125
1036
910
637
283
3
-174
-263
-252
-136
49
216
313
426
694
979
1063
982
901
809
640
458
427
504
431
134
-157
-208
-110
-89
-198
-300
-309
-289
-291
-250
-186
-247
-494
-745
-775
-563
-289
-109
-51
18
211
471
646
670
575
385
110
-147
-175
8
173
181
135
210
418
597
620
495
256
-72
-412
-638
-704
-674
-670
-703
-637
-369
-5
303
488
533
450
299
174
135
163
183
130
46
81
284
530
677
701
674
597
451
307
254
211
46
-167
-273
-259
-231
-249
-323
-450
-609
-733
-761
-733
-752
-805
-805
-752
-679
-575
-442
-297
-177
-64
93
317
556
756
934
1086
1216
1326
1414
1438
1369
1226
1074
900
688
479
313
175
7
-205
-394
-478
-534
-652
-777
-833
-817
-808
-818
-729
-494
-253
-126
32
399
847
1130
1235
1311
1412
1428
1264
981
693
359
-109
-614
-997
-1252
-1547
-1952
-2352
-2608
-2707
-2763
-2829
-2897
-2924
-2868
-2702
-2442
-2126
-1774
-1407
-1054
-707
-289
200
617
863
995
1140
1315
1430
1457
1467
1495
1474
1377
1279
1216
1148
1020
826
638
519
455
409
366
338
342
377
434
523
650
780
854
871
917
1020
1115
1121
1079
1054
1035
976
899
897
921
865
744
619
531
466
388
278
136
0
-81
-128
-197
-244
-209
-105
-47
-61
-16
126
248
290
283
301
336
319
264
200
104
-56
-232
-348
-427
-523
-657
-791
-894
-984
-1058
-1114
-1166
-1236
-1321
-1405
-1471
-1540
-1603
-1619
-1612
-1581
-1535
-1437
-1272
-1062
-855
-685
-490
-250
-50
87
195
302
372
355
321
346
411
412
314
203
170
173
109
10
-64
-74
-90
-150
-155
-53
101
219
301
431
647
875
1009
1045
1049
1055
1022
908
732
572
429
246
27
-146
-181
-159
-204
-318
-385
-364
-339
-361
-352
-261
-160
-92
-8
149
360
541
649
715
814
948
1048
1077
1084
1091
1061
981
868
778
658
429
122
-168
-383
-608
-865
-1093
-1238
-1312
-1360
-1370
-1315
-1200
-1050
-908
-783
-649
-484
-295
-127
-5
133
332
557
714
809
894
948
936
831
697
583
448
267
113
33
-21
-106
-213
-272
-297
-340
-417
-472
-485
-510
-554
-523
-380
-203
-37
114
289
472
597
653
679
689
623
485
351
252
171
85
-7
-80
-115
-111
-114
-142
-169
-172
-159
-161
-162
-110
-11
68
147
268
399
465
450
431
387
268
95
-35
-112
-188
-271
-308
-278
-257
-281
-291
-252
-243
-341
-491
-585
-611
-611
-614
-602
-596
-641
-738
-820
-813
-753
-716
-739
-835
-954
-986
-920
-816
-749
-682
-536
-333
-157
-21
102
153
77
-59
-119
-54
53
87
83
127
250
427
615
760
824
822
778
738
744
796
791
672
528
469
503
567
618
623
582
493
399
364
376
378
365
394
473
588
777
1010
1172
1230
1234
1251
1268
1236
1150
1021
846
635
439
286
155
-31
-276
-508
-676
-803
-913
-976
-1013
-1052
-1098
-1086
-970
-839
-756
-704
-614
-476
-325
-198
-89
22
108
156
195
248
293
311
273
190
114
28
-107
-276
-445
-604
-750
-851
-902
-930
-949
-952
-931
-895
-835
-773
-712
-652
-603
-566
-513
-423
-317
-246
-170
-63
70
195
280
359
418
432
418
397
372
346
299
213
136
87
58
34
-3
-44
-65
-81
-87
-55
-23
-13
0
42
126
252
379
457
511
581
668
745
804
850
866
846
795
724
656
569
437
294
157
56
-19
-80
-118
-140
-185
-254
-307
-319
-328
-361
-386
-400
-395
-384
-353
-292
-224
-173
-155
-162
-153
-162
-216
-273
-321
-365
-429
-465
-442
-388
-348
-329
-277
-202
-155
-139
-125
-104
-80
-70
-18
94
212
300
381
469
533
559
561
568
538
470
395
333
283
254
238
225
222
210
186
162
144
133
141
141
163
237
337
414
467
539
623
686
712
731
718
652
532
415
327
233
106
-31
-155
-258
-358
-433
-493
-566
-644
-711
-760
-804
-833
-819
-790
-766
-738
-698
-640
-591
-538
-472
-415
-395
-354
-249
-126
-26
75
189
290
322
287
245
179
62
-62
-138
-199
-279
-396
-498
-562
-640
-713
-739
-747
-780
-832
-867
-858
-827
-765
-654
-490
-292
-90
111
272
368
422
441
416
334
260
274
359
447
545
691
865
993
1054
1080
1077
996
842
678
547
446
342
242
181
151
156
203
243
234
199
191
194
177
153
156
200
274
348
445
582
694
726
678
581
450
314
188
49
-78
-182
-276
-328
-351
-388
-443
-520
-608
-659
-692
-737
-757
-736
-688
-616
-519
-392
-239
-101
-12
41
72
100
112
90
48
11
-8
-13
-13
-10
-6
-32
-109
-197
-254
-302
-350
-362
-333
-298
-249
-157
-31
87
183
265
350
408
421
419
433
451
409
338
321
348
333
235
110
23
-56
-192
-371
-532
-658
-763
-841
-849
-784
-713
-649
-561
-442
-308
-183
-76
20
106
204
317
444
550
633
729
838
928
979
983
921
812
679
535
391
237
78
-49
-149
-262
-392
-519
-641
-762
-866
-941
-958
-932
-888
-814
-707
-579
-428
-243
-66
75
170
243
305
331
321
287
243
184
113
53
17
-14
-72
-156
-237
-299
-346
-406
-459
-468
-457
-445
-417
-364
-279
-198
-139
-66
49
184
296
388
487
607
728
814
871
920
970
988
957
913
876
820
732
629
548
476
402
331
287
270
259
251
239
216
180
172
171
141
80
32
34
41
17
-23
-31
-14
-24
-42
-35
0
28
6
-30
-37
-34
-84
-175
-259
-332
-410
-495
-570
-637
-730
-824
-901
-954
-970
-954
-893
-813
-742
-692
-641
-570
-495
-410
-353
-335
-305
-251
-190
-160
-147
-127
-106
-108
-104
-85
-76
-87
-123
-160
-172
-156
-131
-107
-102
-105
-98
-71
-33
-21
-8
26
70
110
162
248
343
428
520
632
737
805
847
862
850
803
726
656
605
528
435
366
320
277
211
130
62
1
-61
-110
-140
-186
-245
-254
-206
-169
-147
-104
-13
105
184
234
320
411
444
418
376
370
367
319
239
191
173
123
28
-67
-125
-191
-287
-385
-425
-417
-394
-374
-349
-298
-241
-173
-104
-54
-45
-30
17
53
44
26
23
16
-6
-50
-87
-106
-126
-177
-230
-252
-263
-277
-301
-319
-333
-340
-359
-369
-352
-334
-317
-292
-253
-210
-171
-139
-82
3
64
75
91
132
166
162
134
126
149
177
183
193
238
307
354
378
408
436
440
413
362
325
293
247
185
109
65
63
42
1
-64
-134
-195
-268
-343
-396
-432
-478
-520
-537
-525
-513
-511
-491
-439
-373
-329
-294
-241
-162
-73
19
107
184
250
291
320
358
406
448
472
476
456
395
314
255
210
158
95
39
8
-33
-77
-88
-94
-126
-177
-204
-176
-134
-122
-123
-70
3
35
48
76
110
110
87
79
110
127
107
109
150
205
260
306
358
433
481
493
492
461
395
323
262
214
170
112
62
10
-65
-155
-220
-276
-349
-430
-498
-551
-595
-598
-568
-500
-411
-319
-217
-99
19
134
239
317
379
426
443
449
472
481
453
404
357
296
190
44
-101
-220
-343
-495
-644
-764
-844
-893
-913
-908
-878
-835
-784
-724
-658
-567
-456
-359
-289
-206
-83
55
164
234
298
348
382
394
377
351
301
231
168
119
98
85
40
-20
-79
-108
-121
-151
-169
-154
-103
-27
67
185
317
451
585
707
810
886
929
949
938
916
887
836
782
710
624
533
444
346
232
107
-27
-167
-301
-390
-433
-473
-511
-528
-534
-546
-548
-511
-445
-401
-396
-389
-347
-311
-288
-266
-238
-189
-151
-140
-130
-119
-113
-124
-150
-178
-196
-190
-197
-208
-212
-209
-201
-208
-226
-245
-243
-224
-197
-160
-123
-87
-43
29
106
153
196
233
247
231
213
205
210
193
155
148
165
179
170
138
105
67
41
14
-16
-47
-87
-106
-77
-10
55
107
159
212
259
275
288
321
345
356
337
308
321
349
359
351
336
340
337
286
213
133
47
-42
-130
-196
-229
-262
-299
-334
-355
-360
-361
-349
-295
-197
-87
16
89
131
183
243
281
283
258
219
173
135
79
5
-60
-123
-197
-305
-406
-487
-546
-611
-692
-757
-781
-792
-808
-799
-757
-688
-603
-523
-465
-415
-348
-290
-250
-206
-156
-99
-30
33
96
162
208
238
257
255
243
219
192
185
176
158
149
176
237
296
337
377
428
470
497
516
554
602
627
650
687
739
784
794
790
808
827
816
762
674
582
496
415
325
235
152
77
-2
-88
-157
-232
-305
-373
-425
-460
-496
-526
-546
-560
-564
-531
-472
-419
-385
-348
-297
-247
-226
-206
-170
-136
-111
-105
-119
-151
-190
-236
-276
-300
-324
-347
-371
-383
-377
-376
-371
-338
-278
-216
-169
-127
-91
-71
-76
-75
-32
27
71
99
120
164
208
225
222
212
212
217
205
179
154
129
100
69
23
-21
-55
-76
-75
-90
-101
-97
-100
-98
-79
-44
4
60
113
156
188
238
287
320
347
371
403
412
370
324
289
267
248
197
130
84
63
31
-9
-35
-58
-93
-124
-143
-158
-166
-170
-167
-161
-144
-121
-110
-100
-81
-68
-60
-53
-45
-58
-95
-134
-159
-174
-187
-202
-217
-222
-229
-234
-220
-215
-223
-237
-248
-249
-243
-221
-200
-188
-184
-155
-113
-88
-84
-65
-13
59
125
159
189
243
293
304
295
292
300
315
315
313
323
333
337
336
345
365
379
368
337
300
258
222
184
145
105
69
41
30
28
13
-3
-16
-18
-14
-27
-30
-23
-19
-29
-53
-66
-65
-46
-41
-57
-67
-79
-85
-81
-82
-108
-125
-127
-113
-78
-59
-49
-26
14
34
36
37
43
37
18
-10
-37
-46
-56
-68
-70
-81
-105
-123
-137
-145
-155
-183
-215
-235
-256
-291
-328
-351
-355
-344
-354
-378
-396
-389
-363
-336
-321
-294
-238
-169
-106
-59
-6
44
80
87
83
91
110
115
94
87
92
96
94
91
98
119
137
147
153
158
170
181
187
179
178
189
207
237
256
253
244
244
246
241
224
192
168
142
120
104
93
76
64
64
46
31
12
-18
-52
-90
-106
-99
-97
-109
-114
-107
-90
-81
-91
-88
-71
-75
-88
-94
-87
-72
-64
-54
-39
-32
-31
-32
-18
10
33
33
15
8
23
51
88
128
153
155
149
159
181
194
199
195
193
197
202
197
185
165
137
104
95
97
92
101
100
93
103
127
156
173
161
131
98
79
58
3
-66
-120
-148
-171
-196
-204
-220
-245
-260
-262
-271
-287
-278
-250
-230
-234
-249
-241
-195
-147
-122
-105
-84
-49
-22
-12
-19
-26
-29
-30
-29
-14
-11
-27
-42
-43
-41
-66
-105
-139
-155
-182
-219
-252
-276
-292
-317
-347
-362
-339
-305
-284
-276
-272
-242
-179
-113
-87
-87
-65
-17
28
47
53
64
66
41
11
-13
-22
-22
-30
-40
-47
-48
-33
0
39
74
123
163
204
257
306
353
397
428
438
464
509
547
570
577
577
574
580
588
576
541
508
473
427
363
295
245
205
168
123
77
39
7
-17
-36
-47
-58
-72
-80
-89
-91
-70
-40
-30
-38
-48
-50
-76
-122
-174
-202
-201
-212
-244
-272
-289
-299
-300
-310
-323
-331
-314
-290
-296
-305
-290
-270
-258
-245
-253
-257
-232
-183
-149
-160
-168
-158
-128
-109
-106
-98
-95
-77
-50
-37
-47
-56
-53
-42
-41
-40
-22
0
32
57
76
102
129
152
156
145
145
148
136
119
116
127
132
120
118
129
135
118
93
72
56
30
-2
-33
-61
-84
-94
-78
-70
-62
-49
-43
-45
-48
-41
-20
10
40
59
67
75
72
78
84
70
63
59
47
25
10
9
4
-23
-43
-39
-35
-47
-84
-107
-125
-143
-161
-180
-177
-168
-190
-219
-217
-191
-141
-92
-49
-18
0
23
66
113
140
151
168
182
185
189
195
185
166
137
94
63
36
12
2
-15
-40
-47
-41
-31
-16
-6
-6
2
18
39
84
142
181
184
188
222
256
268
257
241
242
246
239
239
242
240
222
184
153
132
120
109
91
50
-14
-60
-73
-74
-82
-94
-104
-101
-84
-70
-68
-66
-56
-42
-32
-27
-25
-38
-64
-91
-104
-111
-132
-153
-179
-210
-237
-253
-248
-242
-236
-231
-235
-226
-211
-203
-182
-173
-179
-167
-129
-89
-77
-92
-104
-68
-25
-18
-32
-43
-48
-48
-56
-82
-110
-113
-90
-82
-96
-114
-96
-70
-59
-80
-105
-91
-65
-58
-67
-72
-62
-39
-25
-27
-8
24
59
80
82
86
89
91
77
60
49
50
59
55
55
80
119
141
145
162
196
225
220
208
205
206
218
229
236
243
245
236
240
263
270
264
245
215
185
144
101
77
59
15
-48
-87
-98
-100
-101
-110
-108
-102
-106
-103
-97
-79
-63
-42
-31
-25
-21
-23
-15
-9
-25
-61
-83
-93
-118
-162
-193
-185
-159
-142
-142
-151
-137
-99
-72
-49
-13
19
35
46
70
92
103
124
161
197
220
229
222
211
202
205
213
205
177
142
118
92
77
72
59
48
30
18
6
-20
-38
-55
-77
-97
-119
-125
-121
-128
-138
-139
-135
-131
-121
-119
-139
-159
-175
-196
-220
-237
-235
-229
-237
-257
-270
-259
-248
-250
-247
-231
-223
-233
-229
-219
-200
-181
-165
-143
-124
-108
-100
-84
-81
-95
-96
-69
-41
-18
4
36
81
100
113
148
199
239
250
244
241
260
277
267
258
261
258
249
247
248
253
246
195
138
91
58
38
13
-24
-40
-33
-16
-6
-20
-33
-28
1
36
46
57
104
169
195
188
183
209
255
276
268
243
243
248
242
217
186
156
140
114
72
57
45
10
-33
-71
-94
-113
-143
-175
-205
-226
-224
-213
-199
-197
-206
-214
-219
-211
-184
-173
-164
-145
-135
-137
-146
-126
-100
-78
-77
-94
-91
-74
-77
-82
-64
-53
-69
-101
-117
-115
-106
-108
-115
-110
-101
-91
-78
-62
-47
-26
0
25
44
51
62
83
92
98
106
111
107
100
91
80
75
67
47
39
31
12
-13
-35
-47
-35
4
39
52
59
70
66
62
76
93
116
138
147
145
138
126
115
106
85
57
31
11
-6
-28
-51
-65
-83
-94
-96
-108
-123
-128
-120
-115
-104
-84
-58
-40
-41
-49
-55
-54
-39
-26
-14
-5
-8
-26
-36
-28
-29
-38
-54
-62
-57
-62
-80
-83
-81
-75
-72
-67
-62
-58
-51
-27
1
-2
-13
6
50
88
93
78
90
115
132
144
136
118
106
94
85
67
50
50
52
50
38
35
50
63
58
60
76
96
113
97
68
39
34
67
102
109
95
94
106
113
120
155
183
206
206
176
142
126
132
121
96
73
58
49
22
-11
-20
-19
-32
-63
-107
-151
-175
-185
-200
-210
-223
-229
-232
-240
-237
-232
-217
-206
-192
-173
-157
-147
-154
-162
-161
-151
-140
-139
-157
-161
-135
-106
-98
-101
-95
-85
-85
-99
-110
-108
-90
-76
-59
-47
-37
-11
18
33
29
30
52
64
56
41
32
43
54
53
57
45
34
49
55
51
38
33
56
68
64
72
89
102
110
123
142
147
157
174
175
172
173
176
183
184
179
164
149
153
152
133
96
67
60
56
52
35
11
3
3
20
29
33
32
34
31
26
25
31
31
25
39
65
73
49
8
6
21
13
-2
-21
-47
-67
-67
-71
-83
-94
-114
-132
-131
-137
-149
-159
-162
-156
-149
-142
-136
-133
-117
-98
-96
-101
-91
-71
-58
-60
-73
-77
-61
-44
-40
-60
-81
-79
-71
-74
-73
-62
-38
-14
-6
-4
4
12
20
37
53
62
58
63
79
105
121
136
136
123
104
79
59
46
40
37
28
9
-1
-2
-5
-2
-1
-12
-28
-41
-54
-68
-86
-102
-105
-92
-75
-72
-88
-103
-93
-65
-49
-53
-55
-36
-9
-15
-41
-38
5
38
37
25
25
43
78
99
88
78
86
111
131
143
156
170
176
184
189
192
198
181
150
134
122
112
92
71
70
81
78
53
24
-4
-12
-11
-22
-44
-69
-95
-115
-119
-113
-104
-91
-80
-85
-110
-134
-126
-94
-75
-84
-91
-72
-48
-32
-23
-11
15
35
44
45
37
37
37
28
7
-7
-1
6
-22
-73
-94
-84
-75
-87
-109
-123
-112
-98
-87
-86
-91
-82
-61
-40
-22
-4
19
36
43
41
32
26
36
45
31
17
1
-13
-13
-5
-7
-28
-61
-98
-122
-108
-82
-80
-94
-107
-104
-90
-71
-68
-56
-21
21
61
76
80
94
119
129
135
135
135
135
132
128
122
115
103
94
90
99
113
111
105
102
106
105
97
92
81
73
60
58
62
60
60
52
39
32
29
20
14
5
-15
-37
-62
-67
-57
-67
-83
-100
-108
-89
-67
-61
-68
-88
-106
-96
-73
-58
-48
-38
-30
-29
-29
-25
-27
-30
-36
-45
-49
-52
-47
-46
-50
-60
-71
-72
-68
-73
-79
-78
-55
-24
-16
-20
-27
-20
-4
15
25
24
31
21
2
7
9
0
-7
-13
-9
-4
-14
-15
-2
-1
-3
-9
-4
0
1
7
2
4
13
38
66
80
88
103
114
106
97
94
106
132
144
134
124
134
147
141
122
115
118
131
141
128
111
106
94
65
23
-6
-4
6
-3
-37
-72
-110
-145
-160
-167
-171
-174
-193
-220
-235
-233
-209
-186
-173
-150
-136
-144
-155
-148
-134
-107
-78
-66
-55
-58
-65
-53
-42
-33
-38
-48
-53
-61
-79
-95
-70
-34
-19
-28
-38
-17
-2
8
30
51
60
63
61
63
75
112
160
164
153
161
177
189
192
196
210
218
210
202
180
152
125
104
96
89
73
55
39
28
35
30
8
12
20
-3
-19
-9
-3
-7
-13
-19
-10
-3
0
6
22
47
57
47
28
6
2
6
11
-2
-33
-42
-33
-44
-51
-42
-39
-37
-48
-58
-45
-38
-46
-58
-57
-56
-50
-45
-61
-61
-41
-33
-40
-34
-19
-12
-24
-55
-77
-67
-56
-71
-97
-120
-133
-144
-159
-165
-158
-152
-140
-130
-130
-126
-122
-118
-102
-92
-94
-83
-69
-49
-25
-10
6
23
36
46
56
61
63
68
69
73
86
90
87
76
58
45
49
56
53
51
62
73
63
48
46
57
65
69
70
70
88
100
90
67
70
88
106
111
104
108
118
126
101
79
75
70
60
29
2
-1
13
8
-11
-28
-27
-28
-38
-56
-73
-77
-74
-79
-86
-81
-59
-36
-39
-48
-51
-42
-12
11
9
-6
-17
-3
14
12
12
8
1
-5
-15
-9
-12
-12
-9
-15
-11
3
11
19
16
1
-1
17
50
62
71
81
77
90
99
92
69
56
68
89
93
59
35
26
24
12
-12
-36
-46
-54
-66
-63
-53
-54
-67
-69
-61
-49
-49
-51
-63
-70
-66
-57
-43
-46
-42
-29
-31
-35
-34
-20
-12
-19
-34
-53
-59
-65
-77
-97
-95
-82
-80
-100
-124
-115
-95
-81
-87
-102
-112
-100
-86
-88
-86
-64
-43
-40
-29
-16
-14
-11
-2
3
6
14
25
26
22
15
15
28
40
33
26
26
31
47
52
50
57
58
54
60
62
54
58
70
93
109
125
148
159
148
128
129
131
121
107
100
92
79
64
57
70
75
70
46
22
21
39
57
51
32
23
40
50
44
51
71
82
70
53
56
62
52
25
-4
-5
27
54
38
-5
-39
-33
-14
-15
-36
-66
-79
-72
-75
-83
-81
-69
-51
-56
-72
-75
-68
-66
-78
-85
-76
-65
-65
-73
-79
-83
-75
-73
-77
-82
-75
-62
-55
-62
-81
-91
-76
-67
-77
-91
-87
-68
-62
-59
-53
-55
-50
-54
-63
-58
-44
-22
2
19
15
16
14
14
20
9
8
30
48
56
58
53
47
45
35
30
40
44
36
36
43
54
65
59
50
46
46
41
36
27
23
14
11
20
21
8
-6
0
15
24
19
3
-24
-40
-27
-14
-19
-38
-42
-35
-24
-18
-18
-20
-21
-24
-35
-46
-60
-65
-66
-57
-38
-37
-42
-35
-33
-32
-27
-8
22
41
43
27
16
27
46
69
89
99
107
114
107
102
116
137
142
138
129
133
148
146
135
132
126
125
114
87
60
45
38
34
28
6
-5
-5
4
1
-20
-33
-41
-36
-28
-17
-28
-53
-64
-55
-39
-43
-55
-72
-67
-57
-61
-46
-35
-38
-41
-46
-46
-37
-31
-34
-45
-73
-93
-94
-79
-73
-59
-48
-53
-70
-85
-91
-93
-86
-84
-75
-73
-80
-77
-75
-75
-70
-68
-74
-65
-42
-45
-63
-80
-85
-71
-51
-42
-44
-46
-50
-54
-50
-36
-19
-1
4
-4
-5
2
23
40
42
35
32
31
43
44
46
55
69
88
82
72
66
69
70
73
73
69
74
82
85
88
93
81
70
79
95
92
95
96
101
94
77
74
80
89
82
68
56
53
59
60
46
33
30
27
14
0
-16
-32
-33
-27
-25
-20
-26
-37
-34
-33
-43
-63
-76
-70
-64
-57
-62
-62
-55
-63
-77
-90
-95
-83
-81
-89
-95
-104
-86
-56
-37
-29
-24
-3
13
8
-5
-1
4
19
28
31
42
56
67
76
91
104
108
90
66
65
76
75
65
50
36
31
35
38
18
-9
-21
-29
-39
-44
-45
-41
-30
-29
-33
-29
-29
-29
-18
-13
-14
-24
-28
-9
1
14
25
23
7
-14
-23
-27
-23
-26
-42
-46
-46
-46
-43
-53
-69
-67
-56
-49
-61
-72
-61
-50
-57
-56
-48
-37
-33
-32
-39
-53
-57
-42
-26
-26
-36
-36
-21
-4
-3
-15
-21
-12
5
34
43
39
30
20
24
41
64
70
67
55
49
63
70
61
62
71
64
43
17
2
4
-5
-10
1
14
17
15
1
-13
-22
-23
-2
15
14
13
27
56
52
35
45
58
67
70
60
53
52
45
41
41
51
79
94
71
48
59
67
55
42
33
37
54
47
17
-4
-4
3
-3
-6
-28
-42
-35
-35
-55
-70
-69
-69
-77
-90
-92
-88
-87
-85
-86
-89
-78
-62
-56
-63
-86
-106
-91
-68
-77
-85
-53
-14
1
-13
-27
-16
-5
8
19
24
31
49
56
44
41
53
71
91
90
64
45
46
56
58
54
54
48
36
21
-5
-10
-3
-13
-26
-28
-23
-17
-9
-9
-6
1
-3
-7
-6
6
18
18
9
1
5
15
20
6
-17
-29
-29
-27
-23
-24
-33
-41
-53
-57
-61
-59
-51
-53
-69
-89
-84
-62
-52
-60
-70
-50
-29
-28
-33
-31
-17
0
11
7
-6
-9
14
27
8
-17
-32
-15
16
32
26
12
-7
-22
-28
-16
20
43
29
2
5
33
59
70
56
33
37
63
88
95
82
63
59
64
72
77
63
45
38
50
72
95
103
90
77
71
61
45
36
37
39
60
66
59
54
48
48
44
39
37
34
21
7
5
15
14
5
-2
-11
-25
-39
-44
-51
-58
-61
-61
-52
-48
-50
-73
-91
-101
-108
-129
-150
-155
-139
-112
-88
-84
-86
-89
-92
-87
-82
-71
-62
-56
-65
-74
-63
-41
-19
-7
4
14
8
4
22
50
66
68
58
42
36
43
63
60
44
40
40
53
61
57
48
40
29
15
10
2
0
0
-19
-36
-34
-19
-10
-12
-28
-39
-44
-37
-27
-35
-38
-29
-22
-24
-26
-16
13
22
8
-9
-6
1
5
0
4
19
38
42
25
16
28
39
42
40
34
31
39
51
46
43
50
42
28
-5
-23
-4
28
39
25
22
19
10
7
8
21
25
17
12
7
3
4
-1
-18
-28
-19
3
16
-3
-25
-26
-18
-7
-10
-29
-36
-15
5
-4
-27
-32
-2
28
28
8
-4
11
28
28
14
-2
-2
21
43
41
32
29
29
33
30
18
7
7
4
3
8
14
18
18
6
-4
7
7
1
-10
-6
5
13
24
28
30
29
13
-12
-12
-8
-3
-9
-30
-38
-34
-34
-43
-59
-77
-66
-60
-76
-82
-76
-77
-86
-85
-95
-88
-65
-64
-75
-82
-77
-66
-59
-63
-62
-39
-26
-23
-31
-40
-34
-18
0
6
10
15
30
39
39
44
40
40
46
40
41
52
60
65
49
39
50
62
56
48
47
56
56
43
31
33
54
67
74
79
85
82
59
39
27
22
25
31
37
46
53
47
38
27
24
29
42
40
27
12
6
10
18
17
4
11
17
13
0
-13
-17
-18
-24
-31
-28
-12
-16
-44
-72
-74
-67
-62
-54
-57
-88
-105
-95
-77
-74
-86
-88
-89
-100
-108
-107
-107
-88
-69
-56
-47
-50
-60
-62
-55
-63
-65
-48
-25
-10
0
6
9
6
-3
-1
13
29
42
49
60
86
106
105
82
71
90
100
104
109
114
126
131
124
112
106
98
91
88
93
116
144
139
110
84
74
65
50
39
35
38
35
26
22
20
11
9
10
-7
-24
-32
-43
-54
-73
-98
-111
-110
-99
-93
-94
-96
-96
-92
-98
-115
-116
-110
-112
-114
-116
-119
-113
-106
-106
-104
-104
-87
-73
-73
-75
-71
-55
-34
-21
-25
-33
-27
-19
-19
-9
6
5
-2
3
23
37
34
22
11
22
30
30
30
35
28
29
33
26
13
8
17
22
29
17
10
29
51
61
48
33
34
32
28
33
51
67
76
71
62
52
52
57
56
68
82
88
89
86
62
43
33
19
17
33
56
72
64
37
30
41
51
55
47
38
25
11
5
2
13
24
19
2
-5
2
-2
-17
-31
-33
-34
-33
-46
-67
-74
-58
-43
-43
-60
-76
-71
-67
-66
-62
-56
-38
-18
-18
-30
-39
-42
-49
-53
-44
-28
-18
-11
-4
-4
-19
-21
-9
-13
-33
-41
-41
-45
-28
-12
-13
-17
-10
-2
10
9
-7
-22
-26
-14
7
19
17
11
-5
-6
7
8
-2
-4
4
0
-4
1
9
5
-7
-27
-49
-56
-41
-23
-21
-17
-15
-11
-11
-15
-14
-13
-8
-4
-9
-17
-10
21
44
49
49
41
36
44
43
43
53
57
50
60
70
69
67
57
49
34
24
37
48
34
-5
-22
11
39
38
25
17
24
26
-7
-39
-37
-24
-28
-37
-43
-34
-23
-24
-41
-50
-26
-3
-16
-27
-18
-22
-27
-31
-32
-12
12
27
19
-1
-4
17
31
45
55
55
52
51
51
32
22
28
35
38
28
10
10
7
8
18
14
6
-5
-20
-29
-14
4
