-28
-26
-22
-22
-28
-34
-42
-50
-51
-47
-40
-37
-33
-30
-33
-39
-42
-45
-43
-43
-38
-23
-10
-6
0
15
8
3
13
18
23
17
15
24
32
30
31
32
32
32
34
50
48
38
40
39
38
38
32
29
28
25
33
37
37
42
44
52
55
48
51
45
36
33
24
19
21
25
30
33
27
24
24
18
15
13
9
6
2
-4
-8
-13
-20
-26
-30
-29
-24
-27
-26
-25
-33
-40
-48
-52
-55
-50
-40
-43
-49
-42
-37
-37
-32
-30
-17
-12
-15
-12
-4
-1
-5
-10
-11
-8
-7
-4
8
16
25
30
26
26
28
27
32
28
19
21
20
20
19
18
13
7
7
1
-4
-13
-21
-20
-21
-22
-20
-25
-24
-20
-22
-24
-28
-31
-30
-25
-24
-25
-20
-18
-17
-13
-13
-13
-8
-9
-9
-4
-4
-2
2
5
0
5
7
6
-6
-13
-15
-21
-15
-12
-12
-11
-6
-3
2
4
3
8
7
8
3
14
16
17
18
10
4
3
6
11
20
19
24
20
22
23
13
19
17
10
8
6
7
8
16
25
27
23
27
33
35
36
35
38
41
47
41
42
50
42
39
34
27
21
9
5
-4
-15
-18
-18
-20
-24
-32
-39
-39
-45
-48
-45
-44
-39
-36
-31
-27
-26
-23
-23
-21
-17
-16
-15
-13
-8
-1
3
4
4
7
12
15
15
20
19
21
21
16
14
11
8
2
1
2
-5
-7
-5
-11
-17
-22
-30
-34
-31
-25
-21
-12
-7
-6
-2
-2
-5
-4
-7
-9
-6
-6
-2
-2
-3
-6
-7
-2
-4
2
4
9
13
10
10
11
8
0
-3
-5
-9
-14
-12
-13
-8
-2
0
3
2
-2
-5
-9
-13
-15
-15
-18
-20
-16
-18
-12
-10
-11
-7
-8
-5
-5
-9
-6
-7
-2
8
15
18
20
22
24
29
31
40
41
44
44
43
40
33
36
37
38
38
38
37
36
29
26
22
16
7
0
-8
-21
-21
-20
-23
-22
-22
-20
-18
-18
-17
-15
-18
-16
-16
-14
-7
-3
1
2
2
7
11
16
18
17
17
14
15
14
11
5
-4
-11
-21
-30
-33
-34
-36
-37
-34
-35
-37
-37
-38
-38
-35
-34
-32
-31
-25
-27
-28
-17
-12
-8
-5
1
9
7
8
14
23
28
24
31
28
24
24
24
29
29
32
23
23
25
25
26
27
22
17
11
2
-2
3
8
8
15
17
19
20
17
13
13
12
9
6
-1
0
1
5
5
-4
-14
-23
-26
-21
-23
-24
-21
-19
-18
-21
-21
-26
-26
-31
-33
-24
-26
-27
-23
-25
-19
-16
-16
-13
-15
-16
-12
-14
-18
-15
-9
-4
-2
0
6
3
7
17
14
23
25
26
32
37
35
33
28
30
32
25
22
12
4
4
5
8
10
10
13
7
1
0
3
-1
-3
-5
-11
-15
-18
-21
-21
-20
-19
-19
-16
-22
-18
-19
-23
-15
-13
-6
-5
0
1
0
5
3
5
9
7
6
4
6
14
18
17
12
12
12
8
11
14
22
21
19
18
16
19
20
23
26
29
24
23
20
16
10
3
-1
-6
-4
-2
-7
-9
-5
-1
3
8
7
7
0
-4
-6
-4
1
2
5
7
9
7
4
0
1
-8
-14
-19
-24
-22
-23
-22
-23
-25
-26
-24
-20
-23
-24
-23
-25
-21
-26
-29
-28
-34
-32
-28
-34
-36
-35
-29
-22
-15
-10
-10
-5
-4
2
-1
-1
3
10
18
15
12
6
5
8
11
11
8
6
-1
-6
-4
-1
3
7
10
13
15
19
20
19
17
16
8
8
2
-5
-3
-1
2
1
3
2
-4
-6
-4
-5
1
-7
-6
1
-3
-2
2
6
13
17
22
28
37
46
51
51
49
48
43
34
29
25
27
27
27
25
27
21
18
8
7
5
-9
-5
-8
-8
-10
-14
-16
-22
-26
-28
-27
-27
-24
-24
-25
-15
-13
-10
-4
2
10
12
11
12
12
12
13
15
13
8
9
6
-2
-7
-13
-11
-9
-15
-13
-14
-19
-19
-23
-24
-24
-21
-13
-19
-18
-21
-27
-28
-31
-27
-23
-23
-26
-23
-24
-19
-19
-19
-18
-18
-9
-12
-11
-7
-10
-7
3
8
10
11
10
6
4
8
8
6
5
0
-4
-4
-9
-12
-18
-20
-18
-18
-22
-17
-13
-9
-7
-7
-4
-6
-7
-3
-3
-4
-2
1
7
10
17
19
20
17
12
10
9
11
13
20
33
44
44
43
40
30
22
17
23
19
14
19
16
15
14
15
21
19
15
15
19
20
25
28
28
28
30
27
22
24
27
28
26
26
18
14
15
13
15
13
9
2
-7
-10
-7
-4
-1
4
8
9
10
5
1
-4
1
5
-8
-20
-10
-12
-18
-21
-28
-29
-34
-41
-42
-43
-47
-48
-43
-39
-46
-44
-42
-46
-49
-53
-54
-58
-55
-48
-39
-38
-36
-29
-25
-20
-16
-17
-13
-9
-3
1
11
15
10
12
15
17
17
16
16
18
12
15
20
16
16
23
24
20
18
9
-2
-5
-2
0
4
10
8
9
6
1
-4
3
11
4
2
6
6
10
-5
-4
2
-5
-3
2
10
10
9
9
16
14
13
13
17
22
25
28
29
29
27
27
20
18
16
14
15
10
6
3
0
1
1
-5
-5
-9
-8
-6
-7
-6
-6
-4
-10
-16
-16
-12
-3
3
5
2
3
3
2
8
7
13
13
15
16
19
24
16
11
13
13
11
10
14
15
13
13
10
9
2
-1
-6
-12
-18
-19
-18
-14
-12
-17
-17
-20
-16
-14
-17
-12
-8
-6
-6
-8
0
9
15
23
20
19
13
2
1
-7
-8
-10
-14
-14
-11
-7
-5
-1
0
0
-4
-6
-13
-16
-22
-26
-26
-19
-18
-23
-23
-29
-33
-33
-35
-37
-37
-41
-37
-36
-31
-24
-24
-20
-20
-19
-12
-9
-9
-3
-6
-12
-14
-10
-11
-7
2
1
7
9
11
10
11
17
14
16
13
11
10
4
7
4
3
4
14
19
15
16
18
29
34
30
27
21
15
17
19
21
20
14
12
8
9
13
15
21
17
16
15
16
25
36
46
49
50
44
39
37
31
29
34
34
29
29
23
19
17
15
11
8
4
5
7
2
-1
-8
-5
-4
-10
-13
-17
-13
-13
-16
-15
-13
-19
-18
-20
-20
-14
-14
-12
-10
-8
-7
-7
-9
-10
-15
-15
-17
-20
-20
-27
-31
-34
-36
-30
-30
-30
-26
-26
-24
-26
-26
-29
-25
-22
-19
-19
-23
-25
-20
-9
-4
-1
0
4
1
-8
-6
-5
4
0
-6
-13
-13
-12
-13
-9
-10
-11
-15
-18
-13
-5
-1
-1
0
-3
1
4
10
13
19
21
14
10
1
-3
-5
-10
-11
-10
-11
-7
-4
-3
-3
-2
0
-2
-1
-4
-2
-2
-6
-3
-2
6
14
12
8
18
21
26
30
33
36
35
37
38
41
40
37
33
31
26
29
26
24
24
15
10
13
12
10
10
9
8
8
7
6
8
11
12
15
14
13
5
5
9
9
11
11
9
1
6
8
7
4
1
2
-3
-5
0
1
8
6
8
8
7
5
1
1
-3
-9
-13
-19
-24
-25
-32
-23
-19
-21
-18
-27
-33
-27
-31
-35
-39
-37
-38
-41
-37
-39
-37
-28
-21
-17
-12
-9
-7
-5
-3
7
9
10
12
11
12
13
14
18
19
14
12
11
11
7
3
4
-2
-9
-18
-22
-20
-25
-28
-28
-28
-28
-30
-27
-27
-27
-22
-20
-12
-9
-8
-8
-9
-2
1
7
11
4
9
7
5
4
4
11
12
17
21
25
23
24
27
28
19
17
10
8
2
-6
-5
-6
-2
-5
-8
-4
-1
0
-3
-5
-7
-9
-10
-8
-9
-10
-10
-5
-3
0
4
12
16
20
21
22
24
27
32
34
35
37
37
34
35
34
27
24
23
23
26
23
21
16
15
12
13
18
10
13
13
6
9
4
6
9
10
12
14
15
13
7
2
1
-2
-2
1
7
8
9
11
8
8
7
8
9
2
5
-2
-10
-12
-18
-21
-26
-26
-27
-24
-24
-23
-19
-21
-18
-25
-29
-26
-27
-30
-36
-43
-46
-48
-43
-39
-44
-44
-44
-44
-41
-43
-37
-29
-25
-17
-14
-6
-4
-1
-1
-6
-10
-6
-2
-1
2
-3
-2
-1
-1
5
2
4
0
-6
-6
-7
-8
-9
-10
-14
-15
-14
-14
-11
-10
-14
-15
-9
-4
-2
6
1
6
7
11
14
11
9
9
13
13
12
12
23
19
25
30
32
38
41
39
36
40
42
46
45
46
40
36
29
25
28
29
30
30
22
14
8
3
1
-5
-8
-11
-10
-1
-1
3
8
7
9
6
7
8
10
16
14
13
14
9
9
8
11
12
12
15
19
15
13
14
10
13
11
10
11
9
3
-2
-5
-8
-13
-10
-10
-10
-11
-16
-14
-16
-20
-21
-26
-25
-22
-23
-21
-20
-22
-21
-26
-25
-24
-21
-14
-14
-13
-10
-8
-7
0
1
10
10
5
7
3
9
6
7
11
6
1
-7
-15
-16
-15
-22
-22
-24
-27
-33
-33
-36
-37
-40
-47
-49
-48
-49
-50
-44
-42
-36
-31
-35
-30
-28
-19
-15
-19
-14
-7
-9
-10
-5
3
6
6
11
11
7
7
1
-2
-5
-12
-19
-25
-22
-22
-12
-3
-13
-10
6
11
12
17
20
24
19
18
27
33
34
37
44
45
40
42
49
49
50
54
54
51
50
50
57
55
53
49
44
49
42
47
44
41
46
47
52
47
45
44
38
34
31
29
25
23
20
19
15
14
13
6
6
-1
-2
-7
-11
-8
-7
-4
-8
-14
-17
-23
-26
-29
-29
-18
-14
-25
-24
-20
-23
-23
-29
-21
-23
-25
-27
-29
-29
-34
-45
-48
-49
-56
-60
-57
-52
-48
-49
-50
-44
-42
-36
-43
-44
-40
-39
-32
-30
-29
-26
-25
-25
-21
-18
-17
-13
-17
-17
-6
0
4
6
5
5
3
1
7
11
12
12
12
7
1
3
4
6
4
2
2
2
3
0
-9
-12
-9
-9
-12
-10
-3
-3
-8
-11
-17
-22
-20
-19
-12
-2
-1
1
5
5
4
5
6
13
12
19
19
25
23
23
26
29
33
42
49
48
51
48
40
37
32
32
34
32
33
36
40
42
37
32
28
22
19
14
15
19
19
23
26
31
31
31
33
35
37
37
36
34
32
20
16
18
15
14
14
15
15
15
12
11
15
16
9
3
-4
-6
-11
-19
-20
-23
-23
-25
-33
-38
-39
-44
-47
-46
-46
-48
-48
-55
-61
-62
-61
-58
-54
-54
-53
-48
-43
-38
-40
-42
-38
-41
-42
-34
-28
-19
-9
-4
-1
-4
-10
-15
-12
-7
0
7
10
9
3
9
7
14
13
10
14
12
13
12
12
8
7
1
2
1
-1
1
3
-1
-3
-5
-9
-5
-9
-6
-9
-5
-9
-2
3
0
1
-2
3
5
7
9
8
8
2
-8
-5
3
6
5
-3
-4
-7
-6
-8
-8
-7
-9
-12
-17
-18
-19
-20
-14
-12
-8
-5
-9
-4
3
9
19
22
21
24
27
29
33
39
42
40
41
45
50
51
57
61
60
58
51
49
50
51
44
40
39
28
23
19
22
23
23
21
17
7
3
2
0
9
13
6
0
-5
-12
-10
-8
-7
-7
-11
-12
-14
-8
-4
-4
1
0
-2
-8
-12
-12
-10
-13
-11
-4
0
-2
-7
-9
-7
-9
-14
-17
-17
-21
-27
-30
-31
-35
-42
-42
-44
-44
-43
-41
-37
-34
-40
-43
-41
-43
-44
-40
-35
-30
-32
-28
-22
-19
-18
-15
-11
-9
-8
-2
1
4
3
6
14
10
7
6
2
-4
-9
-16
-18
-17
-19
-16
-11
-8
-9
-13
-12
-6
-9
-19
-18
-19
-27
-28
-30
-30
-29
-25
-21
-23
-17
-18
-15
-12
-6
3
9
16
15
13
18
19
21
31
41
46
49
54
56
53
51
52
50
52
46
49
51
53
51
50
50
49
44
38
38
42
40
30
30
31
23
23
26
24
31
29
25
26
13
13
9
3
10
14
13
13
15
17
23
24
23
21
19
14
10
7
0
-2
-10
-14
-18
-23
-25
-29
-29
-27
-28
-31
-28
-24
-32
-36
-33
-38
-43
-46
-44
-35
-30
-28
-24
-16
-16
-17
-15
-17
-17
-23
-25
-25
-23
-16
-14
-12
-8
-8
-6
-4
1
3
0
-4
-7
-14
-16
-11
-10
-10
-10
-9
-10
-7
-9
-9
-4
-9
-9
-6
-12
-8
-7
-13
-11
-15
-18
-17
-24
-26
-32
-34
-34
-37
-36
-33
-31
-28
-24
-24
-21
-22
-24
-22
-20
-14
-17
-16
-14
-14
-14
-17
-17
-16
-10
-11
-10
-5
0
4
8
7
7
10
15
18
15
15
18
26
30
36
40
39
43
43
43
41
43
42
42
43
51
58
64
68
64
67
64
58
55
55
64
63
59
57
53
50
44
46
44
42
47
49
47
43
39
35
27
18
12
8
7
4
5
1
-3
-4
-10
-8
-9
-14
-10
-10
-14
-16
-21
-21
-23
-29
-30
-32
-34
-32
-30
-36
-36
-39
-42
-36
-33
-33
-31
-34
-33
-33
-32
-32
-33
-33
-37
-39
-41
-50
-54
-54
-60
-62
-68
-69
-68
-66
-54
-47
-38
-36
-36
-33
-37
-30
-26
-26
-20
-15
-9
-7
-6
-11
-7
-1
-4
-3
-3
1
3
1
1
7
9
9
8
9
12
9
12
11
9
9
2
-1
0
1
-3
-5
-3
0
2
6
12
23
26
26
28
29
28
34
38
37
34
30
28
25
25
27
33
34
37
36
38
33
37
47
45
44
45
44
34
26
21
23
22
22
23
27
29
24
23
20
17
15
13
12
6
5
2
-6
-8
-11
-10
-8
-8
-11
-9
-9
-9
-7
-6
-2
3
7
12
7
3
1
0
-3
-10
-11
-7
-9
-15
-15
-16
-15
-17
-12
-5
-6
-8
-15
-21
-26
-30
-33
-27
-25
-37
-31
-22
-22
-25
-26
-17
-12
-10
-2
10
14
18
13
12
18
12
13
20
19
18
23
15
9
-4
-10
-14
-20
-17
-7
-4
-3
-2
-4
-5
-11
-15
-23
-29
-35
-42
-35
-37
-37
-38
-44
-42
-46
-46
-40
-37
-24
-19
-21
-19
-20
-18
-18
-21
-20
-16
-12
-6
-4
3
5
4
7
8
19
27
22
18
28
30
30
29
32
36
25
26
30
35
32
29
27
18
18
12
10
16
17
18
14
14
14
13
10
5
9
5
5
5
4
8
5
2
3
5
3
6
9
12
10
7
9
9
11
3
-4
-14
-18
-19
-18
-17
-8
-6
-6
-3
-5
0
3
1
-1
0
0
6
6
10
10
5
9
11
16
14
13
13
11
11
9
7
10
10
6
10
17
14
13
11
15
14
10
7
5
17
20
18
22
17
15
18
19
23
28
28
22
20
14
6
7
9
6
8
10
6
-5
-9
-16
-18
-16
-15
-12
-11
-15
-13
-5
-9
-15
-23
-23
-33
-40
-42
-44
-41
-41
-38
-38
-37
-38
-41
-36
-31
-31
-29
-32
-35
-40
-45
-46
-46
-46
-42
-39
-44
-46
-50
-51
-50
-48
-46
-44
-38
-34
-30
-28
-27
-24
-23
-24
-23
-22
-21
-13
-7
-4
2
5
10
13
17
26
33
41
40
42
47
48
48
49
49
52
62
65
71
76
72
72
65
66
64
62
56
46
41
36
32
26
26
25
24
29
32
31
31
37
36
38
31
21
17
13
12
4
6
4
8
12
12
17
21
19
15
15
15
16
7
3
5
1
-4
-4
-9
-10
-9
-11
-12
-21
-22
-24
-29
-29
-32
-31
-27
-26
-22
-25
-22
-16
-15
-7
-7
-7
-8
-8
-7
-10
-7
-1
-3
-6
-4
-9
-13
-12
-12
-12
-18
-26
-32
-37
-37
-43
-48
-39
-36
-36
-39
-42
-40
-39
-42
-39
-41
-43
-43
-46
-38
-32
-28
-19
-16
-11
-9
-12
-12
-7
-6
0
3
-1
-4
-7
-8
-6
-3
-4
-6
-3
-4
-1
3
7
18
19
21
22
13
18
17
11
11
14
18
14
10
10
10
5
8
10
12
8
9
13
23
26
22
23
21
17
14
20
26
32
34
37
39
36
33
34
31
28
26
18
19
20
15
15
10
4
4
-3
-1
-9
-13
-9
-12
-12
-10
-3
-5
0
1
5
10
16
17
28
35
39
42
40
45
49
47
45
50
47
49
49
44
42
35
31
23
16
18
12
8
3
-4
-12
-18
-22
-22
-23
-29
-28
-37
-43
-43
-49
-55
-54
-49
-49
-43
-38
-33
-25
-19
-21
-19
-25
-24
-19
-20
-24
-24
-21
-21
-22
-29
-38
-45
-50
-54
-49
-45
-45
-42
-45
-41
-39
-40
-35
-29
-28
-23
-18
-18
-22
-23
-25
-30
-33
-34
-29
-27
-26
-21
-19
-14
-12
-10
-8
-8
-1
6
11
13
14
16
21
22
26
28
34
41
46
47
45
53
59
62
63
68
70
68
69
67
69
70
64
62
58
53
45
42
33
25
20
10
9
0
-5
-8
-12
-13
-15
-14
-21
-32
-32
-33
-34
-33
-29
-24
-25
-26
-24
-24
-26
-27
-27
-26
-29
-26
-19
-14
-3
-1
-2
4
4
7
9
13
15
19
21
24
27
31
36
34
30
30
33
36
35
37
33
29
26
25
22
21
19
22
23
22
26
25
17
14
11
2
1
-1
-10
-10
-10
-9
-10
-10
-7
0
-7
-12
-7
-9
-9
-10
-15
-14
-20
-29
-30
-35
-33
-31
-31
-31
-31
-33
-38
-42
-48
-54
-54
-56
-54
-49
-54
-53
-43
-41
-46
-46
-44
-38
-31
-34
-34
-35
-36
-36
-35
-38
-36
-27
-26
-24
-20
-18
-21
-22
-26
-22
-23
-23
-16
-10
-3
-8
-5
4
5
3
7
11
15
18
20
31
37
44
47
54
63
62
66
72
72
74
74
74
72
69
67
63
63
62
66
64
58
61
55
52
53
47
47
48
41
34
31
32
38
38
40
44
41
27
17
15
4
-4
-12
-10
-17
-21
-23
-32
-26
-29
-30
-30
-31
-32
-34
-35
-39
-43
-46
-53
-55
-53
-59
-60
-54
-53
-43
-37
-34
-33
-30
-25
-25
-27
-28
-27
-29
-30
-29
-25
-19
-18
-16
-12
-8
-7
-10
-5
-2
1
4
6
19
25
27
33
34
34
33
32
31
23
15
14
16
20
21
20
19
17
12
15
15
14
11
7
0
-9
-11
-17
-20
-22
-24
-23
-24
-29
-29
-28
-30
-34
-34
-29
-28
-27
-27
-25
-21
-22
-19
-16
-16
-20
-20
-14
-11
-8
-5
3
-2
-11
1
9
7
1
-3
1
-2
-7
-5
-3
-2
-12
-8
0
-5
-9
-4
1
-5
2
7
5
1
5
6
2
-2
-6
-5
-7
-1
3
8
15
15
13
18
25
31
38
38
35
35
32
28
26
36
37
47
52
51
51
53
64
69
72
69
71
64
57
57
53
48
44
41
39
28
26
32
22
12
14
11
6
-8
-16
-12
-17
-20
-16
-17
-21
-29
-36
-30
-26
-22
-25
-23
-28
-34
-42
-52
-56
-56
-52
-45
-39
-41
-37
-36
-34
-36
-32
-30
-35
-38
-37
-39
-35
-31
-33
-30
-30
-30
-32
-33
-30
-34
-37
-36
-33
-31
-37
-41
-42
-42
-38
-39
-37
-32
-29
-22
-18
-15
-15
-6
-1
-2
-2
-2
5
15
21
16
26
30
27
28
27
26
23
20
17
21
17
15
13
10
8
8
15
19
14
15
16
19
21
16
14
10
11
13
21
25
27
33
39
42
41
42
38
36
35
40
38
33
30
26
31
32
33
34
35
38
41
38
42
35
26
17
7
3
-2
-9
-14
-16
-17
-15
-13
-8
-8
-3
2
5
1
-4
-3
-6
-3
-5
-8
-10
-11
-12
-19
-17
-11
-15
-10
-7
-9
-8
-6
-8
-9
-10
-12
-19
-20
-20
-14
-6
-9
-9
-8
-6
-6
-12
-12
-11
-19
-18
-17
-16
-20
-23
-28
-29
-26
-24
-14
-8
-6
-11
-14
-4
-4
2
4
1
1
0
-3
-7
-14
-22
-21
-18
-15
-14
-11
-6
-7
-4
-3
-3
-7
-13
-11
-5
-1
-1
1
-1
-3
-6
-6
-3
-6
-6
1
5
9
11
7
7
11
10
6
8
5
2
3
1
-5
-10
-14
-13
-16
-13
-12
-17
-17
-14
-8
-4
-3
-5
-4
-1
5
3
1
-2
-7
2
9
14
16
14
13
12
13
18
22
19
14
13
14
15
12
6
2
4
6
4
6
5
3
9
9
13
10
10
13
17
18
23
24
24
22
26
26
27
34
30
32
31
30
27
23
28
31
32
43
41
34
25
22
14
7
1
-3
-6
-10
-5
5
7
6
10
8
7
3
3
5
4
-3
-5
-6
-4
5
4
5
7
8
4
4
0
-9
-6
-15
-11
-4
-6
-11
-18
-21
-25
-23
-22
-23
-25
-20
-20
-22
-22
-24
-31
-35
-34
-40
-48
-55
-38
-33
-21
-14
-19
-16
-22
-21
-26
-21
-20
-20
-19
-16
-13
-6
-7
-12
-9
-16
-18
-22
-30
-37
-53
-62
-72
-82
-86
-95
-102
-105
-113
-130
-139
-149
-164
-165
-175
-177
-174
-169
-163
-156
-146
-141
-129
-114
-102
-81
-66
-55
-30
-10
13
39
62
90
121
144
177
209
238
261
278
293
313
333
340
350
354
356
360
355
346
343
338
330
327
315
305
296
283
269
249
237
215
203
184
162
143
127
107
86
73
54
34
21
6
-11
-26
-37
-59
-80
-94
-112
-128
-150
-171
-183
-196
-221
-235
-254
-266
-281
-311
-324
-342
-359
-371
-393
-418
-437
-458
-481
-495
-517
-530
-539
-548
-547
-544
-545
-542
-533
-522
-497
-460
-432
-401
-368
-327
-275
-226
-171
-126
-82
-40
6
63
112
153
190
222
259
303
344
379
414
439
466
500
528
556
573
590
606
616
630
632
630
621
616
618
613
594
574
544
511
490
466
443
411
386
362
341
314
287
260
230
200
169
144
114
82
49
21
-8
-39
-75
-109
-137
-161
-188
-209
-236
-267
-292
-311
-328
-343
-359
-384
-395
-408
-410
-408
-405
-405
-420
-427
-423
-409
-397
-394
-397
-402
-408
-403
-399
-401
-405
-421
-433
-449
-457
-452
-453
-464
-479
-492
-488
-472
-453
-436
-427
-406
-370
-324
-277
-235
-194
-159
-110
-41
33
95
142
182
232
291
350
399
441
476
508
544
579
604
624
634
636
646
666
668
653
632
608
599
590
573
546
511
474
446
434
415
385
354
324
302
290
272
242
214
192
175
165
154
128
99
70
54
42
26
3
-26
-57
-71
-88
-106
-133
-167
-194
-224
-238
-254
-271
-299
-323
-335
-348
-353
-368
-388
-393
-395
-390
-380
-372
-368
-352
-338
-320
-305
-298
-282
-263
-241
-220
-197
-190
-181
-167
-160
-137
-125
-116
-103
-98
-88
-80
-75
-72
-67
-63
-51
-47
-48
-53
-52
-47
-47
-51
-73
-99
-125
-145
-153
-161
-168
-184
-204
-216
-213
-206
-204
-211
-222
-226
-220
-203
-190
-168
-158
-137
-105
-72
-17
25
63
104
150
206
260
309
340
364
402
439
476
507
516
523
525
534
542
553
553
543
524
506
491
480
460
433
408
383
361
341
325
303
281
264
250
239
225
211
195
184
168
154
153
134
114
85
62
46
24
1
-11
-26
-54
-72
-97
-112
-136
-160
-180
-193
-208
-233
-235
-266
-276
-287
-300
-302
-312
-325
-338
-338
-363
-348
-363
-363
-352
-358
-359
-354
-348
-344
-333
-330
-320
-317
-307
-287
-282
-278
-270
-265
-268
-258
-250
-239
-223
-214
-198
-180
-169
-161
-151
-149
-132
-121
-115
-104
-112
-103
-97
-117
-119
-116
-116
-119
-129
-137
-136
-143
-150
-152
-153
-157
-158
-145
-129
-114
-94
-71
-46
-14
18
48
80
116
161
208
258
307
355
388
422
452
480
512
536
560
583
605
616
626
631
624
617
606
595
590
582
577
563
544
527
506
480
457
430
403
381
344
326
302
271
242
202
187
157
131
114
96
75
45
32
-8
-17
-58
-67
-84
-122
-130
-163
-174
-190
-201
-231
-236
-266
-291
-301
-339
-354
-376
-396
-405
-427
-447
-454
-474
-485
-476
-486
-490
-485
-510
-512
-496
-516
-500
-493
-491
-476
-467
-455
-434
-422
-414
-385
-374
-360
-329
-325
-306
-280
-278
-242
-221
-200
-186
-165
-145
-118
-88
-73
-49
-44
-27
-13
-8
4
9
15
33
39
47
63
71
85
100
103
112
120
121
143
153
179
203
216
237
249
260
270
290
312
336
358
377
394
407
421
433
437
446
453
458
470
470
472
471
459
442
422
407
390
371
358
344
328
320
304
290
266
247
224
220
204
187
194
174
168
152
128
118
110
82
78
71
54
56
27
27
17
-5
-28
-48
-82
-106
-112
-148
-139
-179
-183
-209
-225
-250
-265
-278
-308
-297
-325
-330
-355
-351
-362
-362
-362
-386
-368
-399
-389
-395
-393
-378
-386
-383
-384
-377
-380
-353
-360
-348
-334
-332
-319
-309
-310
-293
-281
-257
-236
-222
-201
-191
-175
-148
-135
-116
-111
-107
-101
-94
-62
-66
-44
-43
-31
-26
-26
-7
-7
4
5
10
17
28
27
33
37
45
53
60
75
90
106
127
147
168
188
202
222
233
246
260
283
307
327
347
363
378
383
398
404
403
410
415
413
424
411
411
406
381
396
384
379
369
363
355
333
331
314
303
295
288
275
268
257
230
238
214
207
203
174
145
136
93
93
66
34
30
-1
-20
-35
-56
-96
-103
-158
-159
-197
-227
-241
-288
-290
-331
-356
-366
-401
-409
-420
-434
-456
-460
-490
-487
-506
-505
-494
-494
-497
-471
-485
-453
-436
-416
-387
-386
-361
-351
-308
-296
-276
-249
-240
-212
-184
-168
-148
-133
-110
-101
-77
-66
-52
-41
-49
-9
-27
1
5
-15
4
-15
-9
8
5
24
34
35
44
50
52
66
80
88
108
118
123
137
142
156
163
169
186
186
202
219
232
252
267
286
297
304
303
321
317
327
344
332
346
342
347
354
358
344
367
339
364
353
352
361
311
359
298
328
331
288
302
286
254
264
261
240
243
193
178
173
148
136
130
68
71
24
-4
10
-58
-52
-114
-92
-155
-145
-205
-247
-254
-346
-289
-385
-343
-392
-418
-437
-485
-437
-515
-446
-497
-501
-474
-502
-488
-443
-458
-429
-422
-442
-382
-418
-358
-343
-337
-282
-284
-259
-265
-208
-207
-145
-141
-107
-132
-106
-74
-86
-16
-50
-17
-18
-12
31
0
56
28
46
64
43
86
58
70
76
76
74
105
98
111
122
98
134
116
123
141
122
145
163
155
183
175
168
181
173
189
212
194
210
216
197
230
202
250
214
241
226
219
266
195
301
216
278
247
248
277
236
288
241
303
241
283
245
237
270
224
276
227
261
223
216
220
207
224
182
183
141
149
96
136
110
87
92
23
33
3
4
-24
-27
-55
-98
-79
-169
-118
-216
-178
-222
-263
-223
-338
-287
-382
-319
-373
-346
-374
-402
-377
-453
-340
-446
-365
-424
-456
-400
-459
-398
-404
-410
-380
-381
-379
-338
-364
-350
-304
-364
-253
-321
-262
-257
-255
-216
-231
-174
-191
-146
-142
-136
-98
-90
-80
-62
-40
-53
-3
-24
13
35
8
84
38
98
82
111
125
125
149
150
164
173
202
180
222
208
232
243
267
278
272
295
272
284
300
259
346
282
351
330
351
365
328
413
279
439
319
413
399
361
435
331
450
332
463
348
441
410
361
456
289
452
264
443
277
374
293
299
311
225
339
136
327
71
188
92
60
64
-9
-1
-76
-14
-211
-26
-265
-167
-224
-326
-207
-365
-298
-379
-400
-447
-424
-516
-455
-502
-549
-496
-588
-532
-560
-532
-571
-524
-552
-569
-526
-574
-529
-515
-525
-535
-469
-546
-471
-456
-494
-379
-449
-390
-408
-335
-353
-294
-307
-298
-220
-311
-190
-237
-127
-175
-80
-125
-23
-36
-13
84
44
133
102
170
169
224
183
266
270
246
346
273
355
365
341
401
387
357
438
361
430
428
384
464
403
452
443
423
467
431
446
431
430
407
441
374
414
388
355
379
336
351
309
302
292
290
265
280
242
208
223
155
222
160
181
148
136
104
105
126
93
124
66
43
102
15
32
77
-20
4
-15
-30
-101
-4
-195
-32
-172
-124
-102
-210
-135
-263
-165
-300
-178
-348
-245
-315
-367
-232
-398
-208
-422
-285
-385
-319
-373
-362
-381
-377
-320
-431
-289
-483
-306
-440
-377
-319
-415
-287
-405
-307
-365
-324
-351
-329
-339
-317
-308
-327
-220
-321
-188
-270
-183
-195
-233
-103
-210
-102
-112
-86
-30
-35
-45
0
-10
-8
76
20
92
87
107
160
160
178
179
218
185
228
257
191
282
247
253
286
276
300
304
309
297
367
297
354
348
301
384
271
355
282
299
301
308
261
313
224
273
225
204
251
160
238
187
226
216
199
176
209
168
224
188
207
185
156
192
172
175
173
183
168
160
155
160
157
133
168
138
158
135
58
100
15
41
49
28
21
-35
-48
-64
-81
-112
-78
-244
-146
-260
-231
-276
-288
-224
-324
-238
-353
-267
-360
-314
-360
-319
-410
-360
-391
-392
-352
-462
-335
-457
-317
-432
-359
-399
-386
-376
-375
-387
-371
-375
-328
-319
-312
-227
-286
-256
-242
-265
-220
-228
-189
-176
-171
-130
-129
-77
-88
-34
-72
-30
-7
-20
63
15
69
64
109
89
152
82
169
109
212
194
202
228
168
270
195
321
220
288
262
297
300
304
336
282
345
275
387
297
358
308
321
274
331
292
256
336
148
318
167
295
198
242
213
215
249
167
284
153
264
196
230
239
203
220
192
245
124
183
119
127
109
158
117
75
180
12
185
22
106
78
29
27
-11
15
-71
31
-150
-32
-149
-104
-95
-195
-132
-296
-109
-326
-169
-291
-330
-262
-370
-275
-339
-352
-383
-321
-433
-327
-409
-394
-365
-419
-362
-388
-318
-395
-355
-393
-397
-310
-268
-263
-209
-277
-314
-258
-385
-260
-189
-222
-49
-197
-200
-155
-266
-110
-60
-100
81
20
4
-114
-136
-130
-34
-108
40
136
182
318
127
96
41
147
213
233
252
292
271
184
93
97
226
248
379
311
283
342
218
289
141
165
225
168
222
252
335
330
340
192
182
176
265
331
323
248
203
232
141
176
97
150
192
257
273
215
141
76
93
109
109
117
134
119
63
112
99
164
69
79
57
44
119
85
130
74
5
-46
21
0
52
61
73
-7
17
-66
-2
-11
-189
-109
-322
-128
-235
-184
-200
-205
-244
-260
-392
-509
-400
-412
-264
-385
-311
-417
-345
-473
-439
-353
-325
-241
-278
-313
-332
-337
-332
-365
-364
-237
-285
-231
-248
-225
-208
-191
-248
-210
-165
-139
-41
-221
-82
-200
-40
-154
24
-66
33
41
122
204
92
201
7
141
71
188
237
204
167
173
207
328
411
382
416
349
332
314
126
168
94
120
261
228
460
329
386
286
251
295
328
363
370
360
182
251
32
125
98
170
251
306
321
230
201
18
105
-142
48
-23
67
144
-11
112
35
154
87
106
66
166
120
152
31
-145
-132
-218
-107
-130
-76
-32
40
-35
-37
-137
-175
-129
-206
-167
-214
-240
-219
-278
-199
-218
-169
-165
-83
-159
-164
-199
-316
-224
-328
-163
-208
-228
-230
-339
-248
-238
-195
-182
-162
-227
-262
-386
-394
-331
-288
-169
-183
-156
-158
-191
-80
-109
-78
-43
-59
-70
-41
-51
-16
29
-51
117
18
103
151
142
195
237
116
115
70
-36
143
-19
165
184
106
219
127
187
265
143
161
87
-42
-43
-66
-43
141
111
213
208
97
148
56
62
28
33
34
85
27
81
9
58
190
231
409
345
361
272
106
72
-13
14
102
90
209
248
219
293
223
235
294
196
199
153
35
9
7
20
86
69
111
257
172
239
192
173
163
112
64
-55
-46
-76
-51
-37
-18
41
33
12
-21
-153
-163
-264
-267
-240
-367
-345
-389
-362
-274
-234
-141
-107
-136
-174
-252
-321
-241
-286
-267
-338
-392
-343
-356
-263
-223
-187
-134
-165
-156
-192
-207
-206
-186
-174
-170
-123
-106
-4
42
70
85
45
55
-34
-22
-30
-83
-94
-233
-277
-312
-313
-241
-275
-301
-235
-294
-315
-309
-342
-308
-341
-313
-274
-195
-137
-46
-24
89
187
229
319
326
446
402
518
537
556
620
568
670
675
710
761
732
667
649
602
536
564
471
442
429
318
355
303
304
356
297
250
173
94
139
86
53
108
103
143
98
128
114
113
14
21
-21
-37
8
-57
5
-71
-41
-10
-36
-59
-131
-125
-187
-165
-224
-227
-221
-302
-322
-374
-302
-249
-262
-224
-213
-268
-277
-382
-419
-419
-439
-368
-321
-251
-201
-199
-181
-193
-223
-161
-74
0
-31
-103
-127
-84
-21
73
73
-14
-88
-80
-10
-18
-54
-181
-267
-420
-545
-606
-626
-684
-765
-816
-857
-802
-816
-777
-791
-844
-865
-829
-774
-685
-586
-518
-401
-299
-161
44
136
206
330
453
607
744
830
907
983
991
1084
1173
1252
1282
1232
1225
1264
1234
1196
1152
1034
982
838
757
749
644
555
406
296
248
217
128
101
46
3
-16
-120
-115
-132
-142
-193
-200
-111
-97
-83
-49
-90
-65
-26
-11
92
122
107
45
-12
4
51
78
39
-39
-74
-55
-44
-24
-55
-79
-149
-276
-333
-376
-391
-394
-527
-474
-478
-499
-420
-402
-339
-370
-401
-253
-103
-54
-29
-74
-50
16
51
195
202
58
-50
-88
4
49
-114
-229
-398
-640
-830
-911
-867
-953
-1187
-1368
-1422
-1461
-1436
-1404
-1343
-1358
-1436
-1346
-1188
-1005
-891
-836
-744
-576
-363
-97
123
264
382
547
739
932
1196
1339
1381
1336
1347
1488
1688
1779
1770
1701
1585
1539
1438
1359
1346
1210
1053
894
789
717
555
367
156
43
-34
-8
-44
-85
-161
-335
-391
-389
-264
-172
-151
-127
-59
34
93
78
86
117
193
307
387
506
502
420
289
290
349
361
358
267
212
170
81
4
-47
-135
-200
-308
-310
-273
-243
-332
-425
-494
-508
-445
-414
-300
-144
-47
-65
-164
-126
48
147
195
258
241
26
-221
-192
-58
-211
-426
-556
-669
-970
-1304
-1411
-1439
-1619
-1965
-2074
-2047
-1983
-2019
-2030
-1977
-2034
-2032
-1887
-1558
-1356
-1223
-1049
-809
-601
-392
-98
145
369
571
894
1136
1305
1523
1681
1757
1762
1864
2043
2200
2225
2205
2071
1961
1797
1652
1595
1535
1425
1213
972
760
552
304
161
66
2
-72
-197
-337
-460
-565
-606
-605
-513
-336
-176
-148
-180
-178
-83
38
125
288
399
536
509
505
566
563
569
551
583
671
682
602
499
325
235
143
81
52
-20
-93
-222
-278
-283
-281
-305
-331
-322
-195
19
124
89
-71
-65
160
319
432
460
301
-28
-305
-206
71
60
-266
-592
-913
-1347
-1690
-1756
-1663
-1886
-2330
-2581
-2588
-2544
-2638
-2680
-2629
-2586
-2502
-2258
-1930
-1704
-1598
-1437
-1159
-813
-429
-55
223
403
608
938
1240
1518
1762
1942
2050
2089
2170
2336
2402
2379
2281
2139
2072
1899
1723
1606
1527
1416
1170
905
668
404
120
-149
-264
-275
-326
-454
-632
-718
-718
-676
-564
-420
-263
-150
-147
-100
6
165
317
466
651
826
895
894
933
963
996
987
1004
1010
940
784
633
503
442
344
214
87
-63
-170
-278
-394
-442
-468
-489
-443
-366
-130
94
110
-133
-248
-70
389
718
804
658
168
-294
-314
174
544
383
-155
-679
-1202
-1736
-1799
-1548
-1498
-2018
-2664
-2870
-2838
-2889
-2947
-2854
-2789
-2821
-2773
-2429
-2129
-2058
-2039
-1735
-1221
-769
-367
-41
149
228
440
874
1360
1692
1899
1921
1894
2042
2326
2503
2467
2321
2212
2213
2183
2078
1694
1264
1035
1035
1103
1012
744
362
-180
-590
-576
-289
-103
-292
-672
-965
-1013
-816
-512
-182
39
79
2
-21
196
470
632
756
964
1239
1332
1158
1017
962
1040
1144
1263
1377
1252
843
368
120
179
345
363
226
-80
-404
-671
-802
-725
-453
-237
-91
-6
18
-61
-339
-301
129
713
998
877
475
-94
-445
-200
512
865
612
-51
-670
-1297
-1811
-1769
-1403
-1362
-2041
-2765
-2985
-2942
-3051
-3042
-2793
-2553
-2650
-2769
-2520
-2244
-2145
-2045
-1556
-948
-540
-360
-140
142
309
602
1046
1529
1826
1908
1889
1866
1964
2221
2476
2509
2309
2116
2000
1872
1636
1338
1150
978
819
583
340
73
-312
-676
-892
-790
-625
-654
-909
-1230
-1364
-1246
-922
-521
-124
82
58
-23
62
425
854
1191
1397
1485
1566
1533
1428
1434
1563
1696
1720
1610
1485
1250
898
557
394
448
450
307
48
-263
-625
-880
-929
-802
-587
-450
-258
-134
-173
-408
-608
-406
192
951
1354
1195
425
-424
-676
-40
959
1377
1021
175
-713
-1598
-1955
-1512
-809
-825
-1775
-2696
-3103
-3174
-3127
-2833
-2391
-2215
-2553
-2803
-2709
-2524
-2350
-2041
-1357
-759
-519
-485
-398
-222
53
555
1214
1768
1982
1901
1632
1427
1593
2230
2937
3116
2624
1989
1574
1429
1487
1680
1764
1357
574
-67
-192
-96
-213
-535
-780
-928
-1063
-1199
-1356
-1457
-1578
-1544
-1248
-765
-303
-105
-225
-360
-204
343
1046
1486
1596
1455
1374
1456
1662
1913
2101
2126
1978
1746
1571
1456
1299
1060
827
652
525
381
140
-160
-544
-875
-959
-842
-679
-581
-517
-399
-413
-667
-892
-649
8
728
1005
790
115
-638
-837
-124
939
1372
899
-8
-834
-1602
-1871
-1367
-626
-683
-1773
-2829
-3212
-3095
-2914
-2542
-2047
-1957
-2415
-2803
-2675
-2323
-2046
-1668
-1009
-504
-455
-570
-450
-90
313
810
1451
1897
1935
1719
1489
1463
1731
2363
2986
3021
2446
1773
1388
1354
1533
1780
1858
1438
646
-60
-356
-330
-268
-357
-549
-820
-1037
-1210
-1394
-1481
-1461
-1224
-903
-598
-338
-261
-330
-435
-263
332
1090
1522
1501
1303
1195
1289
1498
1823
2110
2095
1788
1408
1160
1096
1057
999
878
716
495
240
-27
-301
-503
-636
-667
-674
-720
-760
-817
-792
-569
-227
-84
-268
-316
48
681
959
817
362
-220
-557
-246
680
1230
892
-92
-964
-1576
-1903
-1655
-1036
-900
-1879
-3136
-3699
-3453
-3092
-2724
-2325
-2177
-2571
-3052
-2913
-2319
-1834
-1473
-930
-446
-333
-437
-266
197
651
1127
1706
2202
2342
2145
1945
1906
2126
2619
3068
3068
2572
1972
1587
1448
1430
1454
1369
1058
594
91
-261
-501
-658
-844
-1064
-1151
-1106
-1089
-1323
-1616
-1652
-1269
-733
-302
-38
113
106
-25
56
558
1282
1718
1757
1656
1634
1627
1651
1773
1961
2025
1848
1523
1208
905
628
419
328
267
187
46
-237
-629
-1002
-1100
-980
-770
-708
-754
-840
-745
-476
-117
6
-97
-7
466
1148
1419
1218
554
-136
-418
131
1059
1478
953
-125
-1099
-1899
-2178
-1754
-1023
-1125
-2301
-3557
-4030
-3810
-3457
-3035
-2613
-2525
-2960
-3285
-3016
-2470
-1983
-1540
-901
-362
-233
-197
92
548
953
1377
1987
2520
2654
2457
2175
2017
2093
2543
3110
3262
2701
1866
1229
931
972
1263
1507
1038
-23
-930
-1109
-839
-668
-764
-992
-1315
-1654
-1715
-1475
-1135
-923
-793
-604
-310
103
509
732
771
873
1235
1776
2187
2258
2147
2020
1984
2033
2133
2167
1964
1573
1186
904
704
558
374
68
-327
-640
-751
-739
-807
-1007
-1241
-1376
-1387
-1271
-1042
-699
-206
171
194
-171
-276
260
1234
1939
1984
1458
517
-240
-268
707
1691
1700
736
-465
-1490
-2290
-2349
-1748
-1211
-1873
-3207
-4151
-4251
-4043
-3823
-3374
-2900
-2893
-3261
-3271
-2827
-2367
-2038
-1422
-556
-14
86
199
615
1062
1398
1896
2579
3028
2967
2609
2380
2324
2393
2658
3015
3000
2382
1494
864
552
505
655
765
333
-720
-1638
-1823
-1448
-1192
-1215
-1311
-1424
-1688
-1895
-1660
-1075
-520
-234
-43
261
691
1071
1318
1500
1742
2095
2477
2724
2729
2539
2315
2220
2166
2142
1994
1674
1251
854
554
269
16
-241
-526
-869
-1136
-1161
-1036
-1007
-1217
-1473
-1516
-1349
-1021
-625
-92
464
703
470
140
344
1180
2104
2506
2278
1471
514
-40
378
1348
1793
1181
-24
-1112
-2076
-2686
-2656
-2103
-2085
-3041
-4194
-4690
-4567
-4419
-4171
-3713
-3351
-3374
-3409
-2999
-2423
-2050
-1668
-886
0
480
686
1052
1502
1755
1943
2430
3063
3362
3138
2755
2471
2360
2447
2669
2639
2079
1293
598
161
-114
-228
-339
-715
-1379
-1933
-2063
-1919
-1789
-1839
-1847
-1819
-1623
-1307
-957
-615
-310
76
490
980
1544
2140
2512
2596
2504
2558
2879
3164
3209
3058
2861
2603
2220
1767
1438
1191
919
553
192
-114
-472
-865
-1181
-1348
-1410
-1351
-1164
-1020
-1139
-1390
-1487
-1205
-576
319
1192
1532
1087
517
597
1452
2486
3026
2744
1543
166
-331
404
1340
1420
631
-461
-1760
-3084
-3608
-3036
-2343
-2861
-4185
-5030
-4965
-4692
-4464
-4039
-3480
-3280
-3322
-3009
-2261
-1554
-1104
-533
185
741
1100
1585
2188
2534
2527
2589
2912
3209
3254
3028
2644
2119
1723
1738
1897
1619
761
-207
-859
-1167
-1246
-1171
-1337
-1944
-2688
-2984
-2658
-2120
-1705
-1521
-1538
-1598
-1360
-749
-10
498
841
1200
1586
2013
2483
2951
3143
2982
2761
2822
3100
3217
2910
2398
1923
1521
1206
964
758
449
18
-459
-881
-1094
-1095
-1077
-1148
-1253
-1293
-1159
-938
-711
-587
-540
-328
249
1166
1985
2298
1930
1395
1368
2167
3200
3588
2939
1561
283
-276
93
777
965
252
-1140
-2757
-3983
-4311
-3858
-3428
-3865
-4813
-5496
-5454
-5050
-4482
-3829
-3246
-2947
-2710
-2070
-1092
-211
315
798
1397
1955
2407
2897
3425
3663
3467
3212
3175
3262
3131
2681
2041
1349
779
472
339
55
-672
-1682
-2547
-2972
-2915
-2624
-2455
-2624
-3097
-3424
-3237
-2573
-1723
-1034
-540
-152
185
548
993
1512
2042
2415
2683
3012
3399
3624
3371
2804
2335
2165
2187
2201
2008
1542
757
-94
-615
-727
-630
-618
-761
-1001
-1305
-1484
-1346
-1002
-698
-547
-399
-118
170
393
712
1202
1915
2616
3002
2908
2538
2475
2829
3394
3657
3309
2149
480
-761
-804
-45
206
-545
-1771
-3028
-4348
-5393
-5481
-4846
-4666
-5355
-5953
-5726
-5088
-4622
-4089
-3225
-2405
-1871
-1129
55
1168
1770
2169
2790
3343
3594
3880
4372
4660
4335
3709
3329
3115
2673
1964
1149
309
-547
-1192
-1466
-1633
-2048
-2829
-3692
-4296
-4404
-3995
-3274
-2762
-2576
-2507
-2233
-1621
-876
-105
659
1396
2092
2636
2958
3124
3160
3180
3167
3189
3335
3457
3225
2468
1467
692
228
-86
-289
-435
-659
-1155
-1757
-2124
-2194
-2135
-1974
-1600
-1064
-593
-279
18
258
387
574
1012
1674
2214
2468
2601
2825
3322
3876
4083
3596
2773
2331
2552
3071
3127
2324
586
-1433
-2684
-2575
-1812
-1564
-2124
-3186
-4530
-5947
-6669
-6249
-5427
-5290
-5747
-5698
-4792
-3677
-2789
-2071
-1398
-908
-339
757
2240
3430
4058
4404
4504
4250
3879
3964
4367
4401
3769
2889
2225
1557
644
-397
-1345
-2163
-2773
-3008
-2946
-2975
-3340
-3791
-4192
-4322
-3948
-3052
-1972
-1249
-873
-433
311
1097
1633
2019
2497
3057
3550
3859
3925
3799
3451
2849
2181
1694
1496
1377
981
268
-539
-1178
-1665
-2108
-2397
-2408
-2195
-1969
-1872
-1813
-1660
-1451
-1188
-784
-204
544
1297
1902
2256
2346
2331
2340
2386
2377
2427
2672
2991
3372
3704
3642
2838
1641
874
954
1562
1778
1194
-268
-2022
-3244
-3363
-2767
-2483
-2709
-3266
-3921
-4728
-5232
-5006
-4555
-4637
-5161
-4953
-3712
-2205
-1165
-531
-63
163
419
1042
2152
3139
3736
4128
4357
4246
3757
3272
2869
2353
1624
1086
885
681
97
-873
-1940
-3015
-3756
-3876
-3415
-2892
-2721
-2706
-2676
-2543
-2229
-1616
-838
-185
277
866
1810
2730
3198
3208
3083
3034
3062
3074
2939
2671
2349
1928
1446
944
438
-72
-696
-1403
-1875
-1913
-1685
-1601
-1815
-2048
-2065
-1837
-1478
-1066
-644
-281
51
410
807
1241
1612
1796
1818
1841
2018
2274
2361
2061
1620
1274
1079
1093
1298
1697
1953
1798
1106
408
275
599
998
867
250
-825
-1925
-2524
-2368
-1792
-1633
-2029
-2658
-3064
-3396
-3643
-3785
-3910
-4183
-4446
-4049
-3053
-1871
-994
-448
-147
77
490
1254
2210
2739
2832
2892
3284
3645
3668
3370
2792
2018
1043
273
-29
8
-134
-749
-1651
-2577
-3166
-3401
-3303
-3014
-2658
-2284
-1935
-1505
-1038
-484
96
591
993
1310
1674
2111
2562
2891
3058
3098
3004
2758
2342
1843
1283
753
274
-48
-211
-312
-485
-843
-1292
-1687
-1861
-1759
-1447
-1148
-960
-767
-458
-54
260
434
570
774
999
1150
1333
1617
1941
2147
2057
1744
1367
1016
715
513
428
443
489
494
601
880
1061
843
457
270
422
708
745
320
-579
-1507
-1987
-1850
-1574
-1545
-1631
-1783
-2191
-2903
-3362
-3414
-3413
-3825
-4340
-4221
-3447
-2409
-1403
-404
441
1024
1377
1594
1691
1687
1848
2297
2832
3084
3103
2995
2616
1883
930
81
-573
-1138
-1672
-2064
-2321
-2482
-2526
-2438
-2289
-2249
-2261
-2162
-1870
-1422
-808
30
951
1676
2066
2261
2453
2654
2703
2557
2427
2421
2522
2501
2239
1741
1156
577
-19
-543
-859
-916
-981
-1200
-1428
-1381
-1119
-923
-849
-763
-523
-189
148
510
887
1140
1268
1428
1636
1778
1778
1668
1510
1336
1169
1057
982
855
583
192
-263
-682
-904
-984
-1013
-1098
-1046
-675
-102
307
436
553
683
861
909
819
467
-86
-559
-706
-613
-673
-767
-777
-765
-1137
-1718
-2209
-2636
-3248
-4040
-4391
-4083
-3296
-2439
-1524
-685
-27
455
837
1124
1069
789
629
817
1163
1480
1764
1925
1837
1462
986
602
267
-182
-806
-1434
-1880
-1943
-1612
-1136
-705
-402
-187
-63
6
72
153
250
324
430
704
1196
1723
2035
1991
1685
1322
1032
760
469
269
176
124
73
91
178
234
148
-40
-199
-249
-231
-131
70
332
607
857
1106
1300
1411
1409
1307
1095
824
633
546
487
383
316
345
369
261
-1
-302
-588
-885
-1148
-1239
-1166
-1062
-1056
-1110
-1120
-1034
-773
-412
59
556
1001
1227
1291
1388
1680
2111
2296
2061
1421
714
157
-97
-328
-700
-1150
-1527
-1803
-2089
-2287
-2425
-2599
-3111
-3781
-4227
-4217
-3935
-3518
-2910
-2182
-1355
-545
265
856
1090
1007
930
990
1090
1255
1497
1766
1872
1895
1923
1989
1932
1641
1217
713
181
-319
-682
-960
-1219
-1380
-1283
-954
-581
-319
-169
-132
-256
-446
-473
-258
13
166
280
523
913
1376
1835
2184
2259
2030
1649
1358
1210
1124
1078
1034
969
849
780
787
789
718
593
456
247
-24
-243
-354
-416
-463
-460
-404
-382
-431
-463
-410
-319
-270
-307
-399
-529
-642
-594
-438
-285
-137
62
232
255
156
78
151
220
156
-5
-50
5
143
391
772
1189
1399
1462
1431
1470
1402
1148
595
-194
-1014
-1533
-1692
-1929
-2293
-2666
-2757
-2763
-2795
-2804
-2705
-2722
-3099
-3536
-3666
-3382
-2907
-2233
-1387
-436
464
1311
2141
2749
2918
2749
2535
2303
1987
1606
1264
973
690
438
342
398
368
92
-382
-918
-1385
-1651
-1760
-1802
-1866
-1895
-1712
-1177
-332
580
1354
1887
2170
2236
2261
2295
2297
2194
1978
1788
1748
1812
1882
1931
1913
1796
1535
1169
765
352
-87
-579
-1022
-1254
-1252
-1093
-870
-594
-272
-27
34
-79
-252
-425
-541
-615
-602
-475
-284
-52
176
389
572
717
754
627
420
255
145
57
-46
-104
-77
23
147
247
284
223
93
-127
-386
-582
-597
-386
-45
277
433
510
603
731
881
940
789
248
-591
-1368
-1728
-1878
-2112
-2460
-2640
-2622
-2507
-2297
-1977
-1695
-1797
-2149
-2400
-2351
-2242
-2114
-1870
-1444
-906
-268
556
1371
1916
2075
2117
2097
1940
1621
1184
654
47
-461
-671
-550
-306
-54
182
361
393
346
257
66
-222
-504
-656
-577
-210
359
1082
1802
2392
2829
3097
3185
3105
2900
2592
2177
1656
1094
545
143
-87
-230
-303
-298
-274
-313
-461
-654
-849
-1074
-1336
-1542
-1581
-1471
-1213
-827
-334
173
594
893
1112
1293
1395
1353
1132
823
574
459
396
306
289
371
452
423
293
158
34
-212
-602
-985
-1264
-1449
-1571
-1573
-1415
-1167
-937
-799
-701
-594
-434
-118
306
620
734
867
1118
1499
1855
2127
2138
1689
876
57
-496
-1115
-1867
-2576
-2923
-3073
-3127
-3029
-2789
-2698
-2989
-3256
-3249
-3018
-2917
-2808
-2571
-2137
-1556
-713
387
1388
2032
2427
2883
3251
3355
3179
2879
2392
1735
1160
935
1008
1083
1081
1043
994
846
677
518
300
-72
-523
-857
-1044
-1102
-1047
-818
-453
-44
410
940
1464
1855
2029
1984
1815
1599
1308
913
482
117
-103
-150
-86
40
198
276
270
253
246
175
24
-212
-512
-787
-955
-917
-712
-449
-199
67
325
520
601
559
399
111
-270
-616
-826
-917
-883
-730
-516
-298
-61
124
255
347
388
346
200
-30
-292
-479
-603
-632
-512
-314
-167
-151
-227
-324
-430
-585
-594
-407
-203
-176
-97
209
681
1110
1357
1368
959
251
-394
-677
-969
-1461
-1977
-2228
-2340
-2401
-2236
-1807
-1474
-1632
-1911
-1933
-1711
-1610
-1476
-1191
-749
-276
337
1233
2118
2726
3094
3507
3758
3687
3359
2932
2362
1614
868
304
-95
-490
-791
-940
-1035
-1150
-1178
-1111
-1105
-1241
-1398
-1414
-1296
-1109
-821
-392
105
611
1168
1780
2350
2838
3200
3366
3336
3141
2761
2181
1428
594
-138
-683
-1066
-1334
-1509
-1669
-1779
-1834
-1835
-1777
-1725
-1732
-1777
-1793
-1734
-1508
-1167
-782
-392
63
614
1236
1806
2168
2331
2261
1971
1559
1142
736
334
-83
-488
-764
-904
-963
-970
-932
-941
-999
-1092
-1196
-1286
-1393
-1495
-1552
-1527
-1367
-999
-474
62
502
814
1096
1488
1914
2180
2238
2313
2414
2526
2575
2579
2374
1717
746
-122
-685
-1335
-2114
-2794
-3166
-3485
-3752
-3720
-3389
-3187
-3324
-3344
-3042
-2594
-2303
-1907
-1317
-639
-3
843
1957
2935
3500
3828
4203
4380
4188
3740
3261
2678
1917
1134
551
105
-392
-835
-1149
-1379
-1583
-1669
-1664
-1713
-1899
-2111
-2180
-2097
-1911
-1564
-1025
-422
172
791
1474
2116
2623
2971
3190
3241
3075
2733
2267
1700
1060
457
-71
-510
-881
-1148
-1303
-1406
-1500
-1602
-1652
-1713
-1808
-1880
-1859
-1762
-1612
-1413
-1156
-827
-446
-2
490
952
1314
1543
1644
1595
1419
1218
1036
858
689
598
618
673
680
649
628
612
516
349
136
-108
-356
-583
-714
-769
-735
-627
-486
-382
-290
-154
-37
4
-121
-320
-378
-136
270
586
745
929
1144
1332
1450
1573
1417
705
-345
-1085
-1462
-1895
-2435
-2755
-2693
-2623
-2557
-2205
-1570
-1233
-1353
-1500
-1430
-1338
-1354
-1133
-632
-70
390
1112
2092
2816
3065
3184
3369
3212
2586
1810
1179
459
-417
-1144
-1504
-1703
-1948
-2003
-1767
-1513
-1421
-1327
-1151
-1113
-1306
-1489
-1421
-1203
-969
-572
119
903
1551
2106
2649
3022
3049
2814
2483
2052
1496
895
343
-142
-548
-782
-803
-699
-640
-612
-553
-521
-645
-848
-1011
-1110
-1121
-999
-674
-193
350
890
1425
1901
2230
2415
2498
2405
2108
1739
1389
1053
707
405
266
261
281
304
312
244
46
-213
-474
-735
-1018
-1301
-1525
-1664
-1701
-1591
-1323
-1027
-775
-550
-370
-266
-240
-275
-369
-526
-730
-881
-909
-768
-503
-94
483
1102
1527
1662
1747
1830
1888
1793
1623
1231
541
-308
-852
-1003
-1274
-1754
-2105
-2067
-2041
-2184
-2262
-2076
-2075
-2565
-3051
-3062
-2739
-2514
-2177
-1511
-632
154
953
1930
2730
2969
2872
2894
2812
2335
1639
1089
632
14
-624
-873
-791
-861
-1127
-1286
-1329
-1508
-1850
-2061
-2033
-1972
-1952
-1686
-1088
-426
170
843
1680
2455
2998
3364
3616
3641
3393
3060
2765
2435
1998
1573
1280
1066
790
517
314
86
-224
-544
-763
-920
-1079
-1218
-1198
-1002
-703
-359
18
422
787
1088
1324
1515
1604
1558
1388
1138
861
620
455
309
151
-21
-212
-400
-591
-824
-1073
-1317
-1558
-1770
-1885
-1890
-1791
-1643
-1496
-1329
-1092
-824
-588
-398
-262
-158
-101
-94
-73
-2
64
84
96
129
184
175
126
53
-70
-281
-492
-468
-228
28
83
123
276
529
755
931
959
609
-68
-729
-1005
-1195
-1537
-1874
-1907
-1756
-1686
-1583
-1281
-951
-1054
-1441
-1630
-1465
-1319
-1277
-1083
-613
-64
428
1065
1864
2461
2639
2673
2707
2535
2060
1468
998
565
59
-324
-339
-148
-88
-118
-70
17
-27
-193
-330
-401
-525
-660
-551
-161
258
562
875
1288
1695
1993
2208
2350
2290
1975
1601
1364
1180
915
611
398
257
126
75
153
291
299
127
-73
-199
-305
-425
-531
-595
-632
-639
-559
-386
-187
-82
-127
-268
-447
-623
-805
-1022
-1244
-1410
-1478
-1463
-1377
-1198
-973
-758
-597
-488
-385
-261
-157
-110
-136
-172
-126
-16
69
148
287
443
499
387
174
-28
-223
-449
-685
-880
-1033
-1128
-1126
-1057
-911
-714
-528
-395
-339
-289
-180
-12
96
221
545
1058
1460
1654
1868
2196
2533
2664
2640
2412
1841
952
194
-270
-771
-1451
-2001
-2131
-2103
-2173
-2177
-1874
-1565
-1678
-1993
-2024
-1740
-1521
-1436
-1197
-614
126
822
1543
2268
2783
2983
3008
2945
2712
2244
1631
1027
510
59
-305
-493
-509
-505
-565
-634
-638
-622
-679
-802
-924
-1026
-1108
-1049
-773
-316
208
716
1232
1711
2050
2207
2207
2069
1761
1331
903
523
139
-249
-558
-753
-863
-937
-977
-974
-984
-1068
-1188
-1266
-1274
-1238
-1186
-1105
-975
-751
-450
-105
241
541
740
801
767
665
522
344
149
-25
-118
-128
-82
-5
63
97
88
72
33
-44
-164
-302
-454
-589
-656
-630
-514
-371
-214
-22
177
334
440
506
513
461
372
284
214
170
182
254
345
416
475
514
448
260
40
-151
-348
-576
-763
-852
-880
-824
-554
-45
403
599
721
941
1201
1337
1358
1239
872
255
-297
-542
-682
-950
-1210
-1233
-1142
-1116
-1121
-1000
-868
-1016
-1387
-1654
-1662
-1557
-1460
-1297
-955
-458
87
645
1165
1572
1820
1905
1846
1676
1470
1235
949
631
323
95
5
30
88
99
42
-41
-172
-364
-598
-814
-979
-1123
-1220
-1204
-1031
-742
-396
-43
291
576
802
984
1112
1148
1100
1018
922
826
753
730
717
691
637
591
592
603
568
466
305
138
7
-75
-120
-146
-135
-91
-15
88
184
224
185
54
-117
-268
-408
-527
-613
-670
-724
-747
-674
-526
-341
-170
-54
2
22
45
88
112
71
11
-18
-20
0
51
119
156
151
123
91
17
-161
-397
-602
-759
-862
-887
-829
-721
-644
-590
-499
-406
-380
-414
-406
-354
-312
-296
-273
-212
-155
-116
-40
91
228
362
527
702
793
781
750
757
780
783
741
614
325
-90
-463
-708
-929
-1188
-1405
-1478
-1428
-1352
-1244
-1048
-778
-565
-447
-362
-245
-98
57
203
391
646
952
1272
1540
1755
1912
2005
1982
1804
1514
1180
838
471
78
-274
-506
-614
-682
-718
-683
-592
-487
-388
-274
-143
-20
48
82
101
91
129
265
466
648
802
981
1173
1301
1315
1258
1157
972
703
406
126
-142
-406
-640
-818
-919
-942
-873
-767
-697
-652
-590
-493
-405
-342
-265
-152
-43
59
183
335
436
428
342
216
66
-122
-336
-540
-726
-894
-1042
-1138
-1156
-1099
-982
-873
-805
-737
-635
-528
-434
-356
-263
-160
-74
0
64
110
153
183
178
135
80
40
-11
-110
-249
-352
-366
-359
-362
-342
-291
-233
-179
-126
-66
2
64
105
129
156
199
262
321
382
471
595
706
774
848
979
1150
1283
1341
1377
1402
1403
1391
1364
1298
1135
870
568
270
-25
-319
-583
-789
-947
-1057
-1125
-1114
-1043
-979
-943
-937
-912
-831
-721
-606
-456
-265
-30
217
477
770
1078
1334
1477
1512
1448
1296
1085
830
526
175
-191
-521
-785
-990
-1157
-1291
-1401
-1473
-1474
-1417
-1307
-1191
-1065
-937
-814
-691
-551
-372
-180
13
204
398
591
766
912
1015
1080
1121
1116
1045
862
607
348
126
-60
-239
-381
-473
-519
-531
-503
-414
-309
-239
-229
-238
-200
-139
-95
-117
-197
-281
-334
-325
-257
-157
-52
36
83
118
172
250
307
294
218
144
110
118
136
142
168
213
273
328
383
446
495
500
446
368
297
248
151
18
-110
-184
-212
-229
-205
-149
-56
31
97
171
268
351
376
349
306
271
224
177
132
83
48
25
28
38
38
24
0
-29
-62
-51
4
77
126
136
147
199
281
380
475
528
499
372
201
27
-163
-394
-649
-896
-1132
-1356
-1535
-1626
-1674
-1694
-1686
-1625
-1501
-1345
-1174
-987
-805
-622
-399
-145
134
391
613
818
996
1138
1216
1219
1149
1011
827
606
347
73
-188
-429
-672
-883
-1021
-1066
-1034
-975
-884
-754
-576
-394
-219
-21
199
437
657
862
1065
1266
1459
1626
1769
1884
1957
1976
1920
1792
1603
1374
1111
836
547
256
6
-215
-399
-535
-608
-640
-671
-685
-670
-602
-492
-376
-245
-104
26
144
258
384
497
599
676
721
727
687
624
530
378
164
-59
-248
-421
-599
-769
-910
-1025
-1125
-1200
-1232
-1214
-1175
-1125
-1060
-968
-885
-796
-688
-567
-430
-294
-161
-25
90
162
196
207
209
192
146
74
-10
-98
-180
-258
-350
-429
-483
-516
-560
-606
-614
-571
-490
-406
-302
-145
29
195
343
497
681
831
923
949
962
989
988
932
838
711
538
313
58
-177
-386
-604
-842
-1067
-1259
-1409
-1518
-1562
-1525
-1442
-1341
-1209
-1014
-765
-486
-189
105
388
664
930
1189
1416
1601
1749
1853
1895
1869
1791
1677
1508
1274
1019
773
537
299
53
-158
-318
-437
-510
-532
-512
-462
-389
-292
-184
-73
61
210
357
489
612
748
880
954
980
1007
1030
1014
956
880
790
650
424
156
-78
-275
-469
-655
-805
-924
-1055
-1164
-1207
-1216
-1217
-1212
-1191
-1140
-1071
-980
-847
-693
-565
-477
-391
-283
-163
-62
5
40
56
57
46
26
-11
-42
-59
-75
-100
-141
-181
-211
-247
-285
-332
-357
-365
-379
-387
-394
-385
-367
-351
-341
-325
-292
-252
-204
-155
-105
-50
11
59
91
129
176
237
279
292
295
296
308
320
338
368
399
412
395
386
403
410
399
386
379
390
428
478
528
559
554
544
546
545
539
517
462
363
232
76
-84
-234
-357
-453
-542
-602
-627
-637
-642
-620
-552
-441
-322
-204
-89
19
105
182
273
380
465
514
546
562
565
548
522
460
356
215
68
-55
-166
-280
-397
-504
-592
-651
-676
-653
-598
-534
-464
-384
-294
-198
-106
-21
55
120
206
301
390
464
494
499
472
435
402
367
328
286
242
195
144
79
13
-50
-102
-150
-181
-191
-188
-181
-178
-173
-153
-114
-62
-21
9
36
46
44
25
6
-14
-40
-68
-100
-132
-166
-189
-207
-221
-235
-235
-190
-139
-111
-92
-67
-40
-32
-39
-54
-44
-19
-22
-29
-17
4
36
62
67
75
94
104
104
94
96
100
125
175
230
279
311
350
371
366
325
262
148
-30
-224
-365
-432
-506
-622
-742
-820
-852
-846
-804
-721
-626
-556
-517
-468
-390
-288
-198
-151
-108
-40
80
216
321
392
448
490
495
468
434
398
339
227
88
-21
-91
-150
-218
-282
-312
-317
-302
-282
-241
-179
-116
-49
29
120
220
315
402
478
542
618
705
784
834
851
854
845
827
804
763
724
672
591
492
397
321
240
133
19
-88
-168
-235
-295
-334
-344
-336
-315
-281
-232
-163
-95
-36
2
34
66
76
72
53
20
-15
-45
-88
-115
-121
-108
-107
-145
-201
-262
-324
-384
-429
-443
-441
-435
-434
-422
-384
-324
-243
-139
-37
48
117
170
210
224
224
211
188
145
90
35
-16
-52
-98
-155
-233
-304
-376
-460
-548
-629
-704
-762
-804
-831
-814
-771
-714
-652
-568
-450
-313
-192
-92
8
116
219
299
362
416
462
490
485
480
483
474
448
397
341
286
237
187
126
71
26
-13
-46
-76
-91
-82
-59
-29
5
61
146
233
307
374
452
518
549
543
531
517
480
409
336
267
212
148
67
-10
-83
-144
-211
-265
-316
-353
-372
-391
-426
-460
-463
-433
-352
-248
-136
-13
109
230
340
445
545
605
626
605
567
542
523
502
466
411
352
297
234
161
98
33
-34
-97
-159
-202
-215
-212
-233
-266
-277
-251
-202
-161
-152
-126
-86
-48
-23
-5
26
46
35
-13
-66
-112
-160
-234
-316
-395
-443
-471
-519
-566
-608
-634
-637
-634
-610
-560
-497
-428
-359
-286
-189
-75
24
97
142
186
232
271
291
290
308
327
322
295
253
235
217
170
98
43
24
11
-14
-41
-47
-31
-7
-11
-13
-5
13
39
60
101
154
205
225
239
266
299
334
354
365
355
332
312
298
271
226
159
91
22
-52
-128
-200
-295
-401
-497
-571
-597
-604
-608
-601
-585
-555
-502
-433
-347
-269
-197
-130
-54
27
109
195
272
329
360
384
408
424
414
373
316
238
140
47
-38
-112
-171
-229
-265
-276
-271
-248
-214
-180
-139
-90
-19
57
116
160
201
246
292
337
387
447
488
490
464
430
407
374
317
261
227
187
133
92
64
53
39
17
5
3
11
15
17
10
10
28
46
61
75
104
139
164
175
175
172
167
139
96
44
-12
-52
-89
-119
-142
-161
-190
-221
-248
-258
-259
-272
-296
-320
-332
-341
-348
-339
-310
-255
-213
-190
-164
-132
-93
-57
-24
-6
-2
-21
-55
-80
-102
-125
-156
-196
-237
-260
-275
-298
-320
-343
-365
-381
-381
-363
-327
-285
-242
-193
-146
-99
-41
23
79
122
152
185
230
265
278
272
251
230
193
150
118
85
45
0
-63
-134
-184
-224
-241
-246
-239
-216
-190
-163
-136
-95
-31
43
106
164
229
296
338
357
368
382
391
388
382
379
370
339
306
276
251
228
209
182
157
142
126
115
112
122
139
166
196
227
268
311
342
356
361
368
371
361
349
328
308
281
237
198
162
136
103
59
14
-30
-74
-120
-155
-179
-200
-237
-268
-289
-303
-311
-321
-332
-340
-339
-332
-316
-296
-260
-226
-215
-219
-219
-209
-207
-223
-244
-262
-272
-282
-289
-290
-287
-292
-296
-298
-281
-244
-202
-179
-176
-170
-154
-127
-109
-89
-53
-13
23
54
87
116
133
125
112
98
92
71
38
-1
-40
-79
-120
-148
-161
-150
-137
-125
-115
-105
-89
-74
-56
-38
-24
-5
10
24
39
63
92
112
122
124
122
118
111
94
67
51
53
57
62
71
90
116
120
116
126
129
135
147
155
184
219
251
271
281
298
311
310
298
288
279
263
238
225
217
199
188
178
167
155
135
119
93
48
7
-26
-46
-71
-94
-93
-75
-53
-46
-39
-22
0
5
-4
-12
-18
-29
-48
-73
-90
-107
-125
-151
-166
-174
-181
-190
-200
-208
-215
-217
-214
-213
-210
-204
-199
-183
-150
-112
-72
-39
-2
20
27
46
61
66
64
69
92
106
109
116
126
126
96
59
31
4
-19
-55
-83
-104
-129
-140
-150
-152
-155
-155
-134
-118
-125
-133
-134
-138
-134
-126
-103
-67
-34
-8
17
48
80
99
110
113
115
107
95
78
63
49
34
23
12
-5
-25
-44
-57
-68
-83
-98
-97
-98
-97
-83
-62
-42
-30
-24
-12
8
31
45
59
86
108
124
134
134
142
147
145
143
147
153
143
127
109
80
44
0
-34
-50
-61
-91
-117
-127
-134
-140
-153
-150
-142
-134
-136
-126
-101
-81
-76
-63
-31
1
32
54
82
107
128
138
133
139
139
140
140
140
139
148
163
172
171
170
173
165
156
147
136
122
96
57
37
22
16
28
37
52
60
71
80
90
111
126
129
110
74
42
10
-27
-50
-53
-54
-63
-87
-112
-124
-130
-156
-189
-220
-255
-285
-301
-294
-281
-257
-237
-212
-183
-150
-105
-47
8
43
74
114
139
146
152
153
161
149
124
103
91
75
43
1
-35
-57
-87
-123
-150
-168
-177
-183
-202
-217
-224
-222
-207
-188
-170
-158
-145
-121
-106
-94
-69
-36
-8
11
21
36
54
65
66
52
41
30
16
-7
-30
-42
-54
-67
-84
-93
-104
-115
-119
-119
-109
-83
-55
-30
-3
21
53
93
135
170
196
220
235
245
252
266
279
275
258
230
216
213
206
187
167
147
127
115
106
98
87
82
83
84
101
125
140
144
131
121
116
115
106
98
99
98
89
88
87
84
70
38
14
-6
-34
-71
-94
-106
-127
-147
-149
-133
-117
-99
-92
-77
-60
-48
-48
-55
-55
-58
-57
-66
-70
-66
-65
-79
-100
-114
-119
-118
-136
-164
-194
-218
-244
-273
-289
-286
-279
-276
-272
-259
-230
-202
-173
-143
-105
-65
-34
-8
27
60
80
97
110
123
120
104
88
66
48
25
-3
-28
-58
-77
-82
-86
-81
-77
-68
-56
-51
-43
-31
-19
-10
1
23
57
102
146
181
202
216
223
231
241
251
253
247
234
208
188
167
144
110
67
25
-12
-44
-67
-79
-98
-119
-138
-144
-138
-125
-107
-88
-67
-47
-30
-12
11
30
47
65
80
86
97
108
119
123
132
143
144
133
114
101
91
75
62
49
42
27
11
6
-1
-10
-24
-33
-35
-47
-51
-55
-53
-52
-57
-55
-31
-12
-2
17
40
67
84
106
125
136
134
118
107
93
81
55
24
-3
-32
-65
-90
-108
-128
-143
-167
-189
-201
-205
-206
-222
-240
-254
-262
-257
-243
-227
-203
-173
-154
-134
-110
-81
-60
-55
-49
-36
-25
-15
-10
1
3
0
4
1
11
11
5
1
6
21
34
54
78
96
114
136
158
176
190
194
204
204
193
184
167
164
153
136
117
106
101
90
61
32
1
-32
-61
-90
-108
-125
-145
-159
-160
-161
-156
-145
-133
-119
-108
-93
-75
-54
-39
-37
-28
-17
-14
-18
-22
-19
-17
-25
-28
-29
-25
-23
-33
-37
-33
-19
-7
6
20
46
76
97
123
148
169
190
199
199
202
204
198
181
166
160
147
127
106
90
69
48
29
7
-10
-27
-46
-52
-57
-54
-41
-24
-5
2
5
15
24
29
22
28
43
56
59
59
68
77
77
66
60
50
33
11
-13
-36
-54
-79
-109
-136
-155
-161
-167
-162
-163
-166
-163
-163
-163
-162
-157
-159
-157
-149
-139
-121
-101
-81
-68
-53
-40
-26
-15
-4
1
0
1
-6
-14
-13
-18
-24
-26
-40
-57
-70
-82
-85
-89
-86
-77
-69
-54
-40
-16
4
25
45
58
73
88
96
104
109
111
112
111
113
105
95
85
79
70
52
32
8
-18
-47
-70
-86
-91
-98
-104
-98
-81
-64
-41
-18
2
23
40
64
86
100
112
121
129
130
131
134
137
132
122
107
90
72
49
26
9
-9
-28
-41
-45
-47
-36
-23
-13
2
11
24
40
50
65
83
107
129
144
164
183
204
218
217
215
216
207
185
154
129
107
79
51
21
-2
-28
-61
-93
-119
-138
-164
-188
-204
-206
-202
-203
-188
-165
-141
-120
-96
-82
-74
-56
-42
-37
-37
-38
-31
-33
-45
-51
-57
-68
-87
-108
-124
-147
-172
-190
-212
-228
-242
-251
-241
-229
-211
-192
-177
-150
-119
-97
-67
-35
-13
2
18
42
56
68
91
104
97
89
86
89
83
72
76
79
74
71
69
73
69
71
77
81
86
91
94
90
96
96
98
97
104
109
104
98
93
85
74
66
56
49
45
46
47
53
43
30
21
14
11
8
14
21
24
16
7
15
17
14
14
11
14
11
5
-2
-5
-17
-42
-74
-93
-107
-120
-125
-128
-136
-135
-115
-100
-77
-61
-29
0
24
49
80
113
130
138
147
166
180
186
190
192
193
185
177
158
140
117
89
63
37
19
1
-25
-52
-77
-105
-127
-142
-147
-141
-136
-129
-115
-99
-80
-61
-41
-22
-10
0
17
26
35
43
46
53
52
46
39
24
15
6
-18
-44
-75
-103
-133
-163
-193
-219
-237
-252
-259
-258
-243
-231
-214
-195
-177
-160
-138
-109
-81
-56
-30
-7
10
34
53
71
95
117
132
140
148
152
153
141
125
111
99
92
72
51
34
24
11
2
-10
-21
-26
-38
-44
-43
-38
-23
-13
-5
8
25
45
55
64
79
97
102
96
87
84
80
75
65
58
53
39
20
6
-6
-12
-19
-31
-41
-47
-51
-53
-56
-50
-38
-36
-30
-22
-5
11
26
37
53
68
76
82
89
91
93
90
83
82
78
75
63
58
47
40
41
36
35
24
24
24
26
26
26
30
40
42
37
33
25
24
22
30
43
46
45
43
43
36
28
17
5
-9
-21
-35
-46
-55
-66
-73
-78
-80
-83
-90
-94
-96
-106
-111
-115
-110
-113
-118
-115
-111
-109
-105
-103
-102
-100
-103
-101
-109
-112
-112
-117
-113
-107
-97
-79
-68
-59
-52
-47
-36
-32
-31
-22
-17
-13
-7
-9
1
15
27
44
52
57
64
75
81
84
89
89
87
84
86
91
90
88
84
82
84
82
79
79
72
59
49
47
42
38
34
34
28
15
11
-4
-7
-6
-16
-18
-25
-29
-31
-41
-53
-56
-62
-71
-78
-83
-87
-88
-87
-86
-78
-60
-42
-21
-4
8
22
29
35
39
41
42
40
42
42
33
26
26
29
32
40
47
58
63
70
69
66
63
59
66
78
92
101
109
117
129
142
151
155
155
145
131
122
106
101
100
87
74
62
57
48
38
26
15
-2
-26
-45
-67
-85
-97
-112
-121
-122
-120
-117
-115
-114
-121
-122
-121
-124
-122
-118
-115
-114
-114
-108
-92
-79
-73
-66
-66
-65
-68
-64
-61
-55
-59
-68
-69
-70
-72
-64
-53
-47
-42
-47
-47
-42
-51
-58
-63
-61
-56
-60
-49
-36
-21
-11
-1
9
16
29
35
40
50
58
61
64
66
62
59
58
56
52
39
32
25
23
14
-8
-19
-28
-35
-38
-48
-49
-49
-55
-59
-71
-70
-59
-57
-49
-39
-20
4
14
31
51
66
73
76
84
90
94
97
99
101
109
111
112
110
97
88
82
77
68
50
42
31
28
28
32
48
59
71
85
94
108
121
125
126
122
118
109
103
95
96
97
97
90
86
81
70
60
41
22
6
-10
-26
-39
-48
-52
-51
-50
-53
-55
-60
-63
-67
-64
-68
-73
-74
-79
-78
-71
-71
-68
-65
-63
-64
-66
-63
-66
-75
-82
-81
-85
-97
-104
-114
-120
-123
-130
-133
-132
-134
-135
-136
-136
-126
-124
-119
-115
-115
-108
-100
-83
-77
-75
-74
-67
-64
-58
-50
-44
-34
-27
-23
-15
-11
-12
-9
-10
-4
1
7
11
11
19
33
43
50
55
60
66
67
72
82
98
101
101
99
97
98
96
99
105
111
115
118
124
123
116
115
111
106
104
109
106
103
100
98
101
93
93
90
88
93
90
87
84
83
74
62
47
32
20
3
-11
-25
-45
-58
-68
-77
-79
-82
-80
-84
-88
-88
-85
-82
-74
-67
-65
-56
-50
-44
-31
-17
-5
6
14
25
28
29
35
35
31
32
24
15
10
-2
-8
-11
-15
-25
-34
-39
-48
-54
-60
-62
-62
-67
-64
-62
-63
-63
-60
-54
-49
-44
-36
-32
-23
-13
-13
-9
-10
-8
-9
-14
-17
-16
-22
-35
-42
-53
-52
-63
-70
-66
-69
-60
-58
-44
-33
-25
-15
-13
-10
-9
-4
-2
10
18
22
34
49
54
57
64
72
77
77
74
67
62
51
39
32
25
21
23
20
14
15
14
13
11
5
0
5
10
12
20
27
34
35
38
42
44
38
36
37
36
32
25
23
16
7
2
-6
-11
-18
-30
-32
-33
-42
-43
-51
-56
-54
-56
-54
-49
-36
-31
-23
-25
-22
-16
-14
-5
-6
-3
-6
-8
-6
-3
4
12
18
24
29
27
19
17
19
15
13
10
8
3
-3
-5
-4
-1
-10
-4
2
-11
-9
3
14
14
15
15
24
28
29
39
42
45
42
49
51
45
46
53
56
56
64
66
66
64
55
52
41
33
26
18
9
4
1
-8
-4
-5
-10
-11
-17
-17
-24
-32
-40
-47
-47
-51
-52
-49
-51
-50
-46
-49
-48
-46
-48
-48
-48
-46
-39
-38
-37
-36
-36
-40
-41
-37
-38
-42
-37
-46
-59
-64
-66
-63
-58
-53
-43
-35
-30
-28
-16
-5
-6
5
8
13
12
15
17
15
11
13
18
16
17
19
23
21
17
14
13
9
6
5
-1
-5
-12
-11
-16
-25
-29
-36
-43
-45
-47
-50
-47
-48
-43
-41
-38
-32
-27
-18
-10
-1
13
29
36
42
55
65
74
84
93
101
108
113
119
124
123
129
128
123
117
111
106
103
97
91
85
70
59
49
44
36
30
31
30
33
29
34
41
42
42
47
47
43
39
27
14
13
-2
-19
-23
-40
-53
-62
-76
-89
-99
-99
-100
-108
-118
-119
-118
-121
-123
-118
-114
-108
-105
-101
-93
-83
-72
-67
-57
-48
-43
-37
-36
-34
-31
-32
-27
-20
-13
-11
-10
-8
-3
1
4
4
6
1
-2
4
3
6
9
7
3
3
-6
-16
-21
-21
-13
-12
-11
-14
-13
-16
-21
-19
-9
-2
6
12
8
5
-1
-4
-1
3
1
0
9
13
17
18
19
24
31
32
38
48
48
53
59
64
68
68
69
68
70
75
81
83
84
86
84
79
68
65
62
54
49
45
41
31
24
13
3
-6
-22
-28
-37
-39
-41
-42
-40
-42
-45
-49
-52
-50
-43
-43
-38
-33
-30
-33
-27
-27
-31
-38
-44
-36
-36
-31
-31
-27
-24
-22
-16
-14
-7
0
0
5
5
8
12
12
18
20
29
32
33
32
28
30
28
25
24
28
24
21
20
14
13
14
12
5
-1
-5
-3
-5
-2
-2
4
11
8
5
-3
-6
-6
-9
-9
-7
-15
-14
-15
-14
-21
-31
-35
-42
-42
-47
-48
-47
-43
-40
-36
-31
-25
-21
-22
-16
-5
6
12
11
8
13
15
16
9
7
11
9
5
1
-3
1
-3
-10
-13
-13
-9
-15
-23
-28
-36
-35
-27
-24
-27
-25
-27
-27
-26
-23
-16
-13
-5
-2
0
6
12
19
27
28
30
29
28
35
31
25
16
10
5
-2
-7
-8
-13
-23
-20
-12
-4
2
13
15
15
13
13
16
19
29
41
55
64
69
76
80
79
75
69
71
73
64
53
45
34
26
15
7
-3
-12
-21
-25
-27
-25
-23
-18
-11
-14
-15
-15
-13
-14
-15
-9
-4
-1
3
6
7
7
9
7
2
4
7
11
4
1
0
2
-5
-17
-10
-8
-8
-14
-22
-22
-23
-21
-18
-15
-11
-13
-17
-15
-9
-8
-11
-8
-7
-13
-15
-9
-9
-12
-13
-17
-18
-19
-22
-29
-32
-38
-48
-52
-55
-54
-65
-70
-65
-67
-64
-63
-65
-62
-59
-54
-52
-49
-40
-31
-34
-32
-21
-16
-6
-9
-6
5
6
10
13
22
27
31
34
43
50
52
56
55
57
55
52
53
54
61
60
58
53
56
60
56
52
48
48
46
48
45
42
42
37
31
30
29
24
23
21
18
12
9
11
8
4
-2
6
8
9
4
-1
0
-4
-3
-7
-9
-16
-20
-23
-27
-32
-37
-37
-35
-34
-39
-41
-41
-43
-36
-31
-25
-18
-13
-2
7
20
27
42
53
57
56
54
49
46
45
43
43
28
21
11
-2
-8
-17
-22
-19
-17
-16
-15
-22
-29
-39
-45
-48
-53
-58
-58
-61
-59
-60
-59
-55
-48
-35
-34
-27
-24
-22
-20
-21
-23
-24
-26
-23
-23
-19
-10
-8
-11
-15
-15
-10
-13
-20
-19
-18
-10
-3
-2
8
14
19
26
29
33
38
43
46
43
40
39
35
41
40
42
51
55
56
50
41
43
41
36
28
18
12
1
-5
-13
-15
-17
-21
-20
-18
-16
-21
-28
-30
-28
-29
-26
-26
-23
-18
-13
-12
-6
0
0
-2
-11
-7
-8
-4
7
8
7
5
1
-3
-2
-4
-3
-1
3
-2
-4
-2
-9
-9
-7
-4
-5
-3
0
2
5
6
3
6
10
6
6
12
12
10
9
12
15
14
17
16
12
17
12
6
4
4
9
12
18
16
15
19
12
12
15
18
27
35
40
41
35
25
21
21
24
21
18
17
11
14
16
10
4
1
-1
0
3
3
2
0
5
5
5
3
2
2
-2
-4
-6
-10
-12
-10
-14
-22
-27
-34
-43
-48
-54
-58
-62
-67
-68
-69
-71
-72
-66
-64
-66
-67
-66
-58
-57
-53
-50
-47
-42
-42
-35
-33
-43
-43
-27
-25
-21
-15
-11
1
-4
-2
1
2
-1
-7
2
6
1
4
8
13
20
26
33
31
33
41
43
50
54
57
64
64
56
52
57
56
59
55
51
50
51
53
49
47
43
44
40
37
36
32
33
32
30
27
18
12
9
6
5
9
15
17
16
12
10
11
8
7
14
26
30
17
21
22
26
25
14
14
15
4
-8
-14
-13
-19
-25
-24
-28
-31
-41
-40
-35
-32
-24
-20
-18
-16
-17
-11
-4
2
-1
-2
0
-3
-1
-1
-7
-11
-13
-16
-18
-21
-30
-33
-28
-27
-21
-19
-25
-28
-34
-46
-53
-59
-58
-60
-66
-66
-64
-63
-60
-54
-48
-39
-29
-23
-21
-21
-24
-18
-16
-16
-10
-2
-2
2
2
5
9
10
20
26
25
16
6
0
-6
-10
-10
-4
-1
-1
-2
1
4
7
8
9
2
2
2
0
7
15
19
26
30
32
34
38
41
42
41
49
50
50
50
46
46
43
42
45
42
41
39
34
37
28
24
24
23
25
23
21
22
20
14
15
18
15
6
6
11
11
16
19
21
21
20
20
14
11
13
17
22
23
18
14
4
2
6
0
1
-3
-3
-6
-10
-12
-16
-16
-20
-26
-39
-37
-37
-44
-37
-38
-36
-37
-39
-39
-36
-39
-38
-34
-30
-28
-23
-16
-16
-13
-12
-14
-13
-16
-19
-24
-30
-31
-38
-41
-44
-44
-41
-37
-36
-33
-29
-26
-23
-26
-18
-16
-18
-15
-15
-9
-9
-9
-9
-8
-5
-8
-2
4
7
7
9
11
6
6
-3
1
-1
3
8
12
15
4
-1
-3
-5
-5
-5
-2
0
0
8
11
16
17
19
22
26
30
32
31
36
39
39
47
48
55
60
67
72
65
61
63
57
51
47
39
34
29
19
21
15
4
3
-1
2
-2
-3
-3
-9
-11
-16
-19
-23
-24
-27
-31
-35
-32
-30
-27
-26
-23
-18
-15
-13
-13
-12
-5
2
7
10
10
14
11
6
1
-1
-2
-5
-9
-8
-8
-12
-11
-15
-19
-18
-11
-3
1
10
18
22
19
17
13
13
16
8
2
1
8
7
2
1
-7
-13
-18
-22
-25
-29
-24
-26
-27
-30
-28
-26
-32
-37
-40
-40
-40
-34
-30
-25
-18
-16
-5
0
3
9
11
10
9
10
8
8
7
8
8
7
4
-1
-3
-6
-12
-16
-14
-5
-2
-3
0
3
2
6
11
10
11
15
16
22
18
12
5
-1
1
-1
8
12
13
13
13
14
9
5
-4
-7
-8
-13
-18
-19
-25
-25
-21
-19
-14
-10
-1
5
8
13
18
14
19
18
13
19
18
18
17
18
24
26
26
26
22
15
15
14
11
11
14
13
10
8
4
7
16
12
12
13
4
-9
-17
-13
-14
-16
-6
-5
5
15
15
19
15
12
6
-1
-4
-15
-20
-20
-29
-31
-26
-19
-21
-24
-19
-13
-17
-17
-13
-9
-5
-11
-10
-1
-1
3
11
15
19
20
26
28
26
27
26
22
20
19
14
13
3
-4
-4
-6
-10
-11
-9
-9
-7
-6
-3
-3
4
4
6
8
9
13
11
16
18
25
29
27
26
20
14
12
2
-4
-10
-14
-13
-23
-28
-28
-34
-33
-33
-33
-36
-33
-33
-39
-39
-41
-38
-36
-35
-31
-33
-26
-22
-28
-30
-32
-31
-33
-36
-32
-30
-29
-30
-29
-32
-32
-28
-27
-30
-31
-32
-31
-26
-26
-24
-18
-12
-8
-2
10
18
23
37
43
47
52
51
53
56
55
55
52
49
49
40
39
38
37
34
31
31
31
31
31
29
28
32
33
31
29
30
33
33
32
35
44
50
57
59
61
59
53
48
43
42
37
39
35
29
20
12
4
-3
-8
-10
-12
-13
-12
-14
-16
-18
-22
-29
-30
-30
-30
-30
-29
-20
-22
-24
-25
-27
-23
-19
-21
-24
-18
-18
-20
-24
-23
-31
-31
-28
-31
-33
-40
-48
-52
-52
-52
-51
-51
-49
-46
-50
-52
-46
-39
-30
-24
-24
-22
-21
-27
-24
-14
-11
-10
-7
-9
-11
-14
-11
-12
-10
-2
1
3
1
3
5
-3
-5
-7
-8
-8
-11
-10
-13
-13
-12
-19
-19
-18
-18
-11
-1
3
5
-3
0
1
-3
-3
1
8
11
15
24
31
34
41
37
38
44
48
51
51
52
48
47
50
54
53
58
57
57
53
49
44
40
39
39
37
35
35
29
30
27
29
24
17
17
13
11
9
6
9
9
10
12
12
17
18
11
7
0
-4
-9
-18
-17
-15
-13
-7
-5
-2
-3
-11
-15
-17
-16
-18
-18
-10
-12
-22
-10
-2
-4
-5
-6
0
-6
-18
-17
-13
-16
-16
-17
-7
-8
-14
-11
-18
-24
-33
-34
-33
-35
-30
-23
-21
-27
-32
-39
-47
-49
-54
-58
-56
-57
-51
-42
-43
-37
-32
-33
-31
-30
-29
-29
-32
-30
-25
-27
-25
-15
-13
-4
2
5
6
9
2
-3
-1
-7
-4
-6
-6
-4
-6
-6
0
11
4
7
15
17
23
21
26
30
29
23
27
37
38
32
33
37
37
35
32
38
45
44
48
45
41
42
41
41
38
39
38
34
32
29
28
29
27
23
25
23
22
24
23
26
30
31
19
9
5
0
-4
-3
-2
1
0
-5
-10
-10
-10
-10
-10
-13
-20
-21
-18
-17
-16
-17
-11
-6
-7
-6
-3
3
9
5
3
3
1
0
-4
-5
-7
-6
-12
-10
-12
-23
-26
-31
-31
-35
-31
-29
-33
-33
-38
-42
-42
-41
-35
-31
-30
-32
-31
-32
-29
-25
-21
-18
-13
-9
-6
-2
2
11
13
14
15
13
14
14
9
10
16
21
29
21
14
15
13
10
7
8
7
9
8
6
2
-1
-8
-6
-10
-14
-15
-13
-12
-9
-9
-10
-7
-9
1
2
1
5
2
4
2
-4
2
8
8
11
15
17
17
21
18
13
7