0
-19
-40
-36
-28
-17
-13
-22
-21
-18
-16
-29
-44
-39
-23
-9
-15
-9
5
18
24
25
30
40
49
50
53
48
49
41
25
17
22
50
62
56
51
49
44
44
38
30
40
45
40
34
35
40
34
17
4
10
27
38
27
11
7
29
57
54
40
24
7
-7
-17
-17
-12
-6
12
2
-14
-14
-14
-13
-19
-36
-35
-7
16
15
8
1
15
34
37
23
13
23
35
33
8
2
16
16
10
18
32
45
38
2
-24
-26
-9
1
-1
-18
-43
-41
-23
-9
-11
-32
-45
-43
-45
-41
-24
-16
-11
-6
0
-8
-14
-20
-31
-40
-41
-30
-26
-33
-29
-20
-20
-22
-28
-14
0
-13
-28
-37
-45
-54
-61
-66
-58
-43
-32
-17
-12
-24
-37
-28
3
8
-18
-38
-12
10
-4
-9
-1
-1
-7
-10
-7
-3
-3
2
3
-8
-12
-1
15
18
20
25
37
44
44
29
14
12
2
-10
5
15
12
1
-11
-8
0
8
11
9
5
8
17
17
17
22
39
53
48
31
21
22
21
25
15
5
7
23
32
30
21
15
18
25
31
40
43
39
42
37
35
53
63
65
51
35
35
41
42
26
11
10
20
28
13
1
7
23
30
30
19
2
-3
-15
-25
-27
-18
-5
1
-8
-28
-41
-42
-40
-47
-49
-48
-42
-26
-20
-21
-22
-25
-35
-45
-37
-17
1
1
-11
-19
-10
-8
-27
-42
-24
5
12
1
-22
-50
-65
-63
-45
-30
-40
-50
-47
-42
-28
-13
-7
-8
-17
-39
-42
-21
-15
-19
-14
-8
1
3
-7
-9
-14
-30
-31
-20
-2
3
-3
-3
-3
-6
-7
-2
8
21
21
14
2
4
28
59
68
42
13
4
13
30
18
-3
-3
3
19
30
18
-7
-7
-1
-12
-11
4
15
28
30
14
-6
-13
-4
15
25
20
18
10
-1
-3
-10
-8
-2
0
7
18
29
41
45
41
25
19
30
30
12
5
23
37
45
33
35
43
40
30
16
6
3
13
17
16
8
-2
-4
-5
5
26
35
16
-9
-30
-31
-6
27
37
22
2
-7
-1
-3
-9
-8
-1
-19
-42
-25
9
41
34
4
-14
-24
-16
-9
-15
-30
-37
-22
-20
-32
-38
-36
-39
-50
-47
-24
-24
-31
-26
-29
-26
-11
-4
-4
-7
1
13
5
-2
-3
-3
-8
-14
-17
-13
-2
4
-2
-24
-40
-37
-19
-12
-19
-14
-15
-11
-12
-20
-15
-15
-17
-14
-1
-2
-19
-16
4
16
-5
-21
-16
-22
-48
-58
-24
5
9
3
10
26
22
10
-2
-9
3
21
31
28
7
-3
20
38
27
1
-4
0
7
15
26
32
40
34
18
12
15
20
27
23
21
32
21
-2
-4
3
4
5
-7
-10
9
17
3
-10
-12
9
31
30
19
21
32
38
23
-6
-15
-5
-3
-6
13
34
35
21
14
0
-18
-13
16
22
15
8
12
23
21
15
19
22
5
-7
-6
-4
8
26
32
23
11
13
15
12
9
6
3
2
-10
-24
-16
-12
-13
-18
-31
-39
-32
-24
-21
-21
-24
-22
-15
-12
-20
-19
-15
-15
-11
-4
16
27
20
-1
-31
-34
-24
-10
-17
-37
-35
-16
-2
-11
-16
-15
-9
2
-1
-19
-27
-16
-10
-23
-35
-24
-7
-13
-25
-19
1
19
18
-3
-13
-12
-22
-39
-37
-22
-5
6
-4
-22
-24
-22
-19
-42
-45
-18
6
8
-22
-40
-37
-20
-7
-14
-26
-23
-7
13
27
21
23
45
66
67
56
49
44
41
44
49
54
53
45
23
3
2
7
9
9
10
8
7
13
10
4
-8
-10
8
17
7
-11
-18
-17
-14
-18
-9
9
19
21
25
45
44
27
26
30
46
46
25
10
10
32
50
60
49
29
6
3
11
13
17
20
21
13
4
-8
-8
-5
-18
-32
-48
-51
-27
-9
-11
-13
-10
-10
-14
-13
2
9
9
2
-8
-1
3
4
4
-6
-16
-20
-18
-21
-28
-32
-36
-47
-56
-55
-38
-23
-17
-18
-20
-15
-12
-14
-29
-42
-38
-33
-35
-23
-10
2
-4
-16
-19
-14
-10
-8
-2
8
18
36
49
35
9
-5
-4
1
4
1
-1
4
12
10
-1
-8
-6
-2
-16
-26
-23
-24
-22
-10
4
7
1
-9
-16
-19
-13
-18
-31
-36
-28
-8
-13
-33
-33
-18
1
13
20
9
-6
-18
-28
-18
10
19
3
-4
-1
8
17
34
52
59
44
30
34
44
40
41
30
17
31
40
43
49
44
35
29
34
39
42
38
24
14
7
12
8
2
13
21
25
16
6
6
23
55
57
39
31
30
27
16
4
-5
4
23
31
20
-3
-24
-29
-13
-4
-12
-16
-18
-25
-41
-39
-8
8
-1
-24
-37
-38
-23
-23
-45
-61
-60
-41
-32
-19
-24
-22
-21
-36
-41
-39
-13
3
-3
-19
-29
-26
-22
-22
-24
-28
-34
-27
-17
-24
-24
-12
-16
-25
-17
-4
7
3
-10
-12
-2
11
14
11
10
15
10
-2
3
5
5
10
17
13
9
12
-4
-20
-30
-19
8
28
21
0
-7
-3
14
14
4
0
-9
-4
5
5
1
3
4
-2
-14
-35
-36
-19
9
15
0
-11
-6
-1
-9
-7
0
10
15
9
1
-8
-7
-2
4
13
29
37
23
-1
-9
5
26
44
47
40
41
39
26
13
4
11
34
44
48
51
49
48
41
33
14
3
15
34
37
24
13
-1
-15
-12
1
3
-9
-14
-9
-1
0
-14
-15
-7
-1
9
12
12
12
12
21
21
14
12
5
-9
-27
-35
-38
-30
-21
-13
-2
-1
-3
-23
-43
-44
-24
-6
-15
-31
-42
-30
-4
2
-5
-2
-1
-13
-18
-16
-16
-28
-34
-36
-40
-36
-32
-22
-15
-13
-10
-2
13
18
22
22
9
-2
-14
-18
-23
-36
-36
-31
-18
-4
-2
-13
-21
-28
-25
-15
-7
-9
-15
-4
1
4
11
6
-2
-2
7
15
24
21
14
8
9
7
-2
-11
-16
-11
-5
-11
-6
-5
-19
-12
1
5
4
-2
3
12
11
4
-1
9
24
31
29
18
22
45
56
49
18
1
10
21
13
10
31
49
50
41
39
32
41
46
22
-4
-15
-7
16
27
21
9
-7
-11
-9
11
28
30
18
-4
-14
-3
11
8
0
-5
4
18
26
13
-8
-15
-15
-13
-4
-1
-4
12
10
-13
-24
-15
-11
-22
-33
-29
-14
-6
4
8
5
1
-4
-18
-38
-38
-24
-18
-19
-17
-15
-18
-17
-17
-16
-19
-29
-25
-24
-28
-29
-16
2
13
5
-9
-5
-1
-2
2
14
27
32
14
-10
-21
-16
1
3
-12
-13
14
36
27
-6
-18
-12
4
-4
-26
-21
-7
8
1
-13
-18
-18
-14
-21
-36
-34
-17
0
12
18
11
-6
-6
-9
-10
-4
-16
-13
-3
-1
0
7
15
18
1
-15
-7
15
13
-2
9
15
3
3
9
6
-4
-20
-22
-5
16
28
26
19
23
18
10
0
-2
4
-8
-12
-13
2
22
22
14
13
11
13
22
31
21
5
0
0
7
17
22
24
31
40
43
38
21
14
29
46
50
51
34
20
30
21
-4
-15
-12
-13
-15
-19
-20
-30
-42
-29
-6
-4
-6
-1
7
3
-10
-13
-4
16
33
24
-6
-19
-7
7
7
-5
-12
3
16
8
-21
-34
-21
-10
-7
-15
-16
-12
-9
-12
-22
-35
-37
-17
1
-6
-19
-23
-19
-14
-18
-15
-4
10
10
4
1
9
8
-6
-18
-29
-24
-11
-17
-42
-52
-41
-30
-21
-12
-18
-31
-29
-27
-39
-37
-29
-28
-33
-25
-15
-13
-14
-24
-26
-11
4
9
1
-19
-25
-19
-7
5
8
8
22
35
33
31
17
-2
-6
-3
8
25
44
54
51
51
50
40
33
39
45
43
40
36
25
19
36
52
53
28
12
22
28
21
19
26
27
31
15
-9
-3
12
16
11
2
6
22
27
20
12
14
26
37
38
28
12
-1
-3
-4
-13
-14
-15
-15
-19
-30
-37
-31
-27
-36
-46
-37
-22
-10
-23
-32
-32
-15
10
1
-24
-45
-47
-34
-27
-40
-25
3
3
-11
-24
-5
26
41
21
-10
-26
-28
-26
-27
-28
-15
5
3
0
5
15
18
2
-16
-13
1
13
12
2
0
2
1
1
8
12
2
-4
-3
15
20
6
-8
-10
-5
-6
-5
-6
-17
-29
-24
-12
-7
-2
7
11
10
-5
-24
-34
-25
-21
-33
-40
-40
-29
-14
-8
-1
-1
-12
-11
-9
-9
-19
-22
-2
12
15
10
6
13
21
28
32
32
17
-2
-16
-19
-12
-6
-9
-10
10
34
45
35
18
14
19
20
32
39
37
30
31
38
32
18
24
40
47
50
46
38
26
18
10
14
16
3
-9
-13
-8
13
25
1
-23
-27
-4
29
30
1
-30
-39
-23
-14
-11
-7
-3
10
4
-6
-2
7
23
34
34
18
-1
-2
0
-5
-7
-13
-9
8
12
4
-18
-30
-17
10
6
-17
-19
-19
-21
-25
-32
-46
-47
-22
0
0
-16
-21
-21
-21
-13
-5
-4
-6
0
-3
-11
-22
-27
-10
5
3
-12
-21
-28
-29
-32
-31
-9
13
2
-34
-61
-53
-31
-28
-36
-37
-31
-28
-33
-27
-3
13
19
14
-3
-11
8
45
50
23
0
-8
8
31
36
35
34
27
17
14
17
7
-2
-1
3
1
9
23
26
9
-9
-11
-8
-9
-18
-25
-27
-17
-14
-5
8
33
42
25
14
22
48
49
32
21
35
51
40
16
3
5
18
15
13
5
0
17
25
22
14
2
-1
7
4
-7
-8
-7
-20
-25
-8
19
53
59
41
27
16
13
5
7
20
25
19
19
13
3
8
13
9
8
3
-5
-16
-13
-7
-15
-26
-26
-23
-25
-25
-20
-22
-26
-31
-25
-22
-17
-12
-13
-4
2
0
-8
-19
-28
-31
-35
-29
-18
-17
-11
-20
-33
-31
-25
-32
-49
-53
-44
-29
-13
-15
-21
-21
-18
-16
-15
-16
-10
-5
-3
-14
-16
-11
-13
-1
-8
-15
-7
3
13
29
27
5
8
31
33
9
8
20
24
29
40
34
21
26
24
24
19
24
20
14
10
10
11
10
9
-2
-2
-4
2
0
-10
-16
-12
-13
-10
-6
-3
-3
-12
-25
-34
-20
-3
7
-2
-2
20
31
30
21
10
4
-7
-7
2
20
31
18
4
2
15
27
24
12
-5
-23
-27
-21
-17
-20
-6
9
11
7
17
24
27
36
40
31
14
14
17
-3
-9
7
32
42
31
21
22
32
32
16
9
-1
7
27
18
-6
-31
-39
-32
-36
-37
-19
11
22
-3
-20
-14
-3
-3
-1
5
7
4
-1
13
30
45
49
31
13
5
10
3
-9
-9
-3
0
-9
-13
-20
-28
-27
-20
-20
-25
-21
-16
-19
-39
-51
-47
-45
-45
-45
-48
-47
-41
-42
-39
-45
-59
-57
-48
-42
-37
-28
-8
9
4
-7
-17
-18
-13
-15
-18
-32
-45
-47
-51
-50
-30
-6
5
-7
-17
-12
-3
2
1
-7
-14
-12
-7
-1
9
27
46
51
40
36
45
43
28
23
22
28
43
61
73
55
40
40
38
50
58
70
86
81
55
29
36
48
35
12
4
33
68
59
29
10
14
21
15
15
28
51
58
49
33
22
30
50
48
35
21
8
6
-6
-5
12
20
10
-17
-34
-37
-44
-49
-53
-50
-40
-26
-24
-45
-65
-65
-50
-29
-31
-38
-40
-54
-72
-73
-47
-43
-38
-28
-38
-43
-29
-9
-4
-23
-30
-25
-23
-26
-38
-38
-24
-11
4
4
-18
-30
-19
-1
4
4
17
45
63
51
21
5
5
2
2
-1
15
37
37
17
-1
-6
-7
-7
-4
6
18
11
6
3
2
-4
-11
-19
-34
-35
-34
-36
-36
-31
-27
-31
-28
-35
-32
-14
-6
-4
-14
-17
-10
-2
-12
-16
-1
11
20
4
1
21
35
22
2
-2
-2
0
0
5
17
27
20
5
-3
-6
13
45
71
65
40
31
23
20
16
2
5
28
48
43
25
28
36
45
47
31
26
41
50
41
29
22
26
29
19
5
9
26
29
12
-2
-8
-2
5
6
-5
-10
-6
2
6
3
3
13
22
20
18
15
10
-5
-11
-6
-8
-10
-17
-25
-29
-28
-36
-37
-27
-25
-32
-40
-42
-40
-37
-35
-32
-26
-17
-18
-21
-32
-39
-36
-15
0
-5
-18
-29
-24
-11
-6
-6
2
7
7
4
-2
-10
-10
2
13
19
8
-17
-34
-31
-20
-16
-20
-23
-22
-27
-34
-27
-12
-10
-23
-33
-35
-32
-28
-28
-21
-14
-17
-22
-30
-35
-30
-7
9
-5
-18
-8
19
27
19
9
3
9
28
44
38
33
9
-4
-1
-3
7
24
36
18
3
0
19
29
20
6
-2
12
21
16
7
11
34
34
21
28
47
48
44
46
49
56
50
38
30
26
35
59
59
41
35
37
33
19
11
14
26
22
8
-1
6
17
8
-8
-24
-12
9
8
0
-9
-14
-7
3
15
26
27
17
2
-8
-13
-25
-29
-22
-19
-13
-8
-10
-23
-32
-25
-15
-23
-38
-50
-51
-45
-48
-53
-47
-29
-4
2
-19
-43
-51
-35
-22
-20
-25
-18
-4
-1
-8
-9
-10
-15
-8
-2
8
0
-12
-13
-3
7
13
17
5
-12
-18
-18
-11
-4
-18
-23
-15
-2
10
8
-11
-16
-8
-4
-7
-4
8
12
11
7
4
4
2
-5
-29
-46
-43
-25
-8
-11
-14
-4
-3
3
6
3
4
3
-11
-24
-19
-7
2
1
-10
-2
20
27
20
2
-4
8
25
26
22
28
24
12
-4
-14
0
23
35
38
44
42
39
36
19
17
22
30
27
16
18
18
27
37
36
31
20
13
5
0
10
16
14
8
1
10
39
44
29
22
20
17
7
1
7
13
9
0
-10
-5
5
4
-5
-6
-2
-4
-7
-7
-6
-9
-4
2
1
-6
-13
-19
-29
-39
-50
-46
-30
-8
4
-10
-22
-7
9
-2
-8
-6
-7
-13
-21
-28
-14
6
4
7
15
20
31
26
-2
-25
-29
-20
-4
6
-11
-22
-12
-5
0
2
-4
-13
-17
-20
-22
-17
-18
-22
-26
-26
-34
-39
-38
-31
-20
-12
-14
-19
-8
2
-13
-29
-28
-22
-17
-16
-18
-18
-19
-24
-21
-7
-7
-20
-25
-21
-17
-19
-26
-27
-8
6
5
5
-4
-9
6
20
15
-10
-28
-21
-10
-2
8
9
17
17
13
23
35
47
44
19
14
35
37
17
4
18
30
42
54
47
44
52
52
44
28
18
14
13
27
38
42
31
12
16
27
38
33
27
43
57
58
46
29
24
24
30
38
35
18
3
4
4
17
30
33
30
18
8
1
-3
1
10
7
4
4
2
-2
-8
-13
-12
1
6
4
-6
-22
-31
-43
-55
-55
-47
-39
-34
-48
-61
-63
-51
-32
-19
-22
-42
-47
-39
-26
-27
-35
-38
-42
-35
-32
-38
-46
-51
-53
-53
-40
-40
-48
-60
-69
-65
-50
-36
-35
-40
-43
-35
-31
-35
-26
-15
-4
-9
-15
-11
11
22
8
-4
-2
8
14
35
39
35
38
23
19
30
46
52
45
44
48
52
52
52
47
39
29
20
25
30
33
35
28
22
30
37
34
33
29
16
13
15
5
-3
-14
-19
-19
-13
-1
-2
-11
-12
-9
2
-9
-27
-20
3
5
-8
3
13
12
-2
-5
19
46
62
53
26
9
15
34
48
43
19
16
26
22
7
-1
11
26
25
5
-7
-1
0
-1
-12
-16
-1
3
-6
-10
-7
-7
-15
-14
-12
-15
-13
-12
-15
-18
-14
-5
-3
-13
-37
-38
-22
-2
6
6
14
13
20
18
-3
-12
-5
-2
-10
-18
-25
-18
-7
-9
-21
-24
-21
-21
-17
-14
-18
-17
-18
-22
-10
-1
6
3
-15
-30
-19
-13
-22
-30
-26
-16
2
-3
-25
-29
-26
-18
-11
-8
-4
-12
-22
-19
-13
-7
-11
-12
-9
-7
-14
-15
-12
-11
-9
-16
-9
-12
-15
-8
-4
0
-14
-25
-22
-20
-14
-13
-8
9
14
12
-1
-2
35
46
26
11
3
4
18
43
43
28
17
23
30
18
-13
-36
-26
-10
8
13
6
3
2
12
14
4
1
8
14
25
31
32
24
23
39
60
75
68
59
56
51
52
52
51
44
34
35
29
20
19
18
17
7
16
38
38
30
29
21
13
14
5
-9
-18
-25
-17
9
17
6
-3
8
19
-6
-33
-38
-22
-18
-24
-21
-18
-24
-31
-26
-10
2
0
-18
-40
-53
-54
-45
-33
-27
-31
-56
-63
-44
-34
-39
-42
-39
-38
-29
-31
-18
0
-3
-25
-51
-51
-32
-13
-8
-15
-15
-14
-14
-5
0
-3
-5
3
6
15
17
-5
-18
-19
-26
-37
-58
-62
-48
-32
-17
-11
-18
-13
-10
-12
-10
-5
-5
6
23
27
23
6
2
20
36
40
30
17
18
22
26
16
0
-1
2
-1
-14
-15
8
38
56
46
31
26
19
7
5
21
32
21
-2
-8
7
19
19
17
31
40
34
37
49
56
53
37
16
1
-5
-3
10
17
15
19
30
37
44
43
31
23
14
-2
-5
11
22
27
25
18
13
23
30
12
-9
-24
-19
-9
-6
-15
-25
-19
-11
3
9
20
23
6
-4
-4
-1
3
14
14
3
-2
-3
-9
-15
-34
-41
-34
-23
-24
-39
-45
-36
-24
-25
-34
-28
-18
-15
-17
-34
-44
-28
-1
1
-9
-18
-12
-1
-16
-43
-56
-45
-29
-33
-54
-55
-38
-22
-20
-31
-35
-29
-14
-18
-33
-30
-11
0
-4
-21
-26
-12
-5
2
5
3
1
-1
2
3
8
10
3
0
-1
3
7
26
50
51
32
21
32
40
25
14
13
17
8
2
14
24
20
13
11
-2
-20
-40
-31
-6
9
3
-17
-28
-21
-9
-8
-12
-7
11
35
41
29
24
32
40
37
28
24
29
39
46
40
42
47
46
43
45
40
29
26
20
15
21
35
39
22
9
7
23
40
29
0
-28
-28
-8
17
22
5
-8
-18
-18
-15
-11
9
12
-3
-25
-44
-40
-22
-8
-2
6
-2
-16
-13
-8
2
15
16
13
4
-4
1
-4
-37
-60
-65
-44
-23
-17
-21
-29
-29
-39
-34
-28
-27
-28
-27
-16
-13
-12
-1
7
-4
-10
-6
-3
2
0
2
8
1
-1
6
-2
-18
-34
-39
-29
-8
6
-2
-11
-12
0
2
-7
-19
-26
-24
-20
-22
-17
2
14
6
-3
-8
-15
-3
-7
-8
-9
-16
-12
-3
9
1
-13
-17
-8
8
21
10
-8
-4
8
22
28
25
16
9
7
10
27
36
21
0
-20
-23
-18
-15
-11
-9
-8
-12
-22
-18
7
20
18
12
6
14
26
38
43
50
62
74
72
61
55
61
68
61
49
33
22
18
26
33
29
13
-9
-21
-14
-15
-16
-10
-8
-20
-29
-11
16
32
18
-2
5
14
11
-9
-24
-13
-3
2
6
8
1
-22
-40
-46
-31
-8
7
7
-7
-8
3
-3
-27
-47
-53
-35
-11
2
11
21
20
11
0
-15
-15
-21
-30
-32
-25
-11
9
-2
-19
-24
-21
-17
-9
-11
-12
1
16
16
2
-10
-15
-21
-15
0
13
21
17
1
-16
-22
-17
-12
-14
-21
-29
-18
-6
-16
-30
-34
-30
-34
-45
-46
-22
5
14
3
-17
-21
-11
-14
-22
-19
-1
20
24
14
-5
-14
-8
0
3
-14
-19
1
21
21
-1
-11
-3
16
24
7
-1
12
18
4
4
25
34
30
35
26
18
17
6
2
7
18
25
25
15
4
5
7
11
15
28
25
20
10
7
12
16
25
34
37
28
26
38
44
39
27
20
25
30
23
16
11
7
6
4
-2
-6
-7
-8
0
-2
-2
5
16
15
2
2
12
8
-14
-34
-30
-13
-2
-1
-11
-29
-50
-54
-40
-14
4
19
23
2
-12
-16
-8
-12
-30
-20
-5
-2
-13
-20
-11
-7
-23
-49
-44
-19
1
-7
-9
20
30
17
-9
-29
-22
-8
-10
-11
-12
-10
-2
1
3
0
5
11
11
-1
-15
-22
-25
-22
-21
-16
3
10
0
-8
-16
-22
-21
-25
-28
-31
-27
-16
-12
-18
-33
-42
-25
-14
-25
-33
-15
25
39
21
-7
-28
-27
-23
-30
-21
6
29
27
10
14
36
55
41
10
1
8
25
29
11
-1
5
18
21
20
13
0
1
12
19
35
49
37
10
-6
-2
16
26
35
48
43
34
18
14
13
11
12
13
11
17
30
27
24
21
18
13
14
14
-5
-23
-26
-12
-9
-17
-17
-2
6
9
9
1
5
12
3
-17
-21
2
19
15
1
-17
-20
-6
7
18
17
15
5
-13
-12
3
12
16
4
-12
-14
-9
5
9
-1
-4
5
18
12
-22
-31
-24
-20
-13
-19
-26
-28
-24
-20
-22
-32
-29
-27
-29
-16
-1
-3
-13
-25
-38
-31
-20
-16
-20
-23
-26
-28
-13
-8
-25
-38
-37
-31
-31
-36
-24
0
14
15
15
10
9
-1
-14
-18
-19
-11
7
14
6
-3
7
37
43
19
6
19
31
30
17
20
21
11
14
8
-6
-27
-31
-10
6
9
8
17
24
18
22
13
-1
1
10
16
16
19
21
12
13
23
31
35
38
41
34
21
16
18
12
6
1
8
14
7
-11
-23
-4
24
25
4
-9
-2
4
5
-3
-13
-11
-7
-17
-16
-9
3
0
-13
-33
-41
-35
-23
-3
9
7
-3
-3
-9
-15
-11
18
39
36
23
13
16
7
-4
-11
-11
-11
-14
-7
-10
-18
-24
-13
-6
-20
-22
-13
-8
-17
-19
-1
34
59
36
-2
-27
-14
22
39
22
-12
-13
5
16
17
7
3
7
2
-21
-35
-20
-1
-1
-12
-14
-3
8
14
18
14
9
2
0
-7
-29
-37
-34
-20
-2
8
10
4
-11
-20
-18
-4
-4
-24
-35
-27
-4
23
34
21
-3
-18
-9
15
22
27
30
23
2
-28
-42
-40
-37
-32
-24
-22
-16
-11
-15
-16
-8
4
12
-2
-14
0
17
17
-2
-18
-4
22
23
18
-2
-18
-13
-5
6
-5
-18
-18
-14
-15
-11
6
9
13
13
5
-4
-4
-9
-5
9
18
22
12
-7
-22
-23
-10
-2
1
8
16
19
8
2
14
22
31
30
21
27
35
35
34
39
56
66
67
52
28
34
51
51
54
57
41
31
16
10
19
26
12
-11
-13
-13
5
25
24
8
-11
-18
-16
-26
-40
-35
-26
-32
-37
-25
-12
-19
-30
-32
-25
-14
-21
-19
-9
3
12
-11
-33
-35
-24
-17
-26
-48
-53
-42
-37
-53
-70
-64
-51
-29
-20
-21
-22
-16
-10
-9
-13
-9
0
0
-22
-38
-29
-26
-25
-17
-7
0
1
-2
3
5
-3
-6
6
9
2
7
14
29
35
31
39
39
40
29
17
14
23
30
29
24
6
1
6
6
3
6
13
18
7
4
0
-5
0
8
27
32
24
17
24
30
23
33
42
44
30
5
-7
-7
-3
-5
-12
-16
-7
10
17
3
-5
-4
-15
-32
-39
-23
-9
-6
-22
-29
-9
-4
-10
-15
-20
-7
16
32
20
5
-4
-1
14
18
5
-8
-7
-5
-1
15
33
25
11
-6
-7
2
9
8
-2
3
15
30
35
20
0
-14
-14
2
10
7
8
0
-10
-17
-14
-2
6
-6
-24
-34
-37
-31
-19
-20
-31
-10
16
10
-1
-8
-6
-3
-6
4
11
16
13
11
10
0
-13
-24
-14
5
21
28
29
20
5
0
4
3
-9
-30
-43
-38
-23
-5
23
42
27
-12
-32
-19
3
3
-6
-9
2
21
17
-4
-8
2
15
12
-15
-34
-33
-17
-10
-8
-11
-11
-4
2
-19
-42
-41
-26
-11
3
-12
-39
-46
-49
-51
-48
-22
1
4
-11
-30
-27
-25
-21
-7
-6
-14
-9
3
5
11
20
28
35
25
14
20
41
54
53
49
54
57
46
22
-13
-18
13
36
35
27
17
20
33
38
28
27
19
-3
0
8
28
38
40
31
23
31
44
48
24
8
9
25
32
21
-2
-18
-3
26
36
40
40
22
-2
-19
-16
3
8
-8
-17
-12
-16
-25
-42
-54
-43
-32
-32
-37
-42
-31
-25
-25
-28
-30
-29
-26
-29
-27
-11
-2
-4
-19
-29
-38
-38
-35
-36
-35
-21
7
31
23
-13
-36
-32
-24
-19
-14
-15
-7
-2
-12
-15
-4
16
34
23
2
2
18
38
31
8
2
-9
-6
16
14
0
0
-6
-18
-25
-10
9
7
-3
-19
-29
-35
-36
-28
-33
-33
-23
-12
-12
-7
2
13
12
4
-6
-21
-16
2
9
9
11
15
23
27
16
7
8
9
-1
8
18
19
27
25
25
16
9
4
-5
-2
11
27
43
36
27
30
30
26
24
15
7
7
8
18
26
21
24
44
55
41
21
12
-5
-5
4
28
47
43
18
7
21
31
18
-7
-5
9
7
-2
-2
-11
-25
-37
-40
-12
20
17
-1
2
15
22
13
-9
-33
-49
-46
-39
-35
-31
-29
-17
-8
-16
-24
-31
-28
-16
-17
-29
-31
-25
-26
-25
-20
-9
-11
-21
-25
-18
-16
-9
-1
-2
-17
-28
-22
-9
9
4
6
1
-2
-3
-10
-5
4
18
19
17
20
16
0
-9
-15
-11
3
13
15
4
2
10
-9
-28
-35
-27
-7
-11
-26
-31
-43
-39
-22
-14
-21
-34
-40
-35
-27
-22
-12
-7
-6
-8
0
13
15
12
12
28
46
44
33
24
17
13
12
10
17
25
40
48
42
30
21
24
21
11
17
42
54
46
34
27
30
35
25
1
-21
-12
10
25
24
21
9
-11
-16
-9
-2
-6
-5
10
11
-7
2
20
35
36
24
35
38
28
4
-16
-15
-1
12
15
3
-5
2
28
45
41
33
4
-21
-23
-17
-6
11
12
-1
-31
-44
-23
0
-7
-21
-25
-12
-8
-12
-23
-46
-51
-41
-34
-38
-49
-56
-46
-33
-26
-21
-28
-35
-31
-30
-33
-37
-30
-15
-6
4
14
20
21
21
15
6
-1
-9
-7
-12
-11
-17
-16
3
0
-26
-40
-37
-21
-12
-15
-9
4
7
-7
-23
-34
-28
-12
-5
-8
-5
10
14
6
-11
-18
-1
17
14
-2
-10
-12
0
19
21
15
21
26
26
24
22
34
33
15
0
-4
-1
0
15
24
18
23
38
33
6
-8
-9
-5
-7
-8
6
27
42
43
39
44
63
69
53
23
16
31
29
28
32
39
50
50
40
20
13
14
10
-6
-22
-21
-4
-3
-13
-15
-16
-8
-6
-7
-1
10
15
11
4
5
15
25
23
0
-18
-26
-6
22
18
6
8
13
12
1
-21
-25
-30
-36
-40
-60
-72
-64
-45
-33
-22
-14
-8
-16
-43
-56
-42
-13
6
3
0
-6
-18
-25
-37
-47
-41
-38
-42
-41
-48
-57
-61
-61
-57
-41
-22
-12
-8
-5
1
10
19
23
14
12
22
16
7
5
21
36
26
9
4
12
18
8
-19
-29
-28
-17
-12
-9
0
7
6
-2
4
25
41
43
39
41
32
25
17
12
17
22
22
24
25
12
-1
-10
-2
15
21
26
21
10
8
17
30
46
50
36
19
10
22
27
10
-2
-3
3
11
13
13
1
-13
-8
-4
3
8
10
6
-13
-18
-17
-8
-10
-24
-27
-3
27
32
19
-4
-19
-6
36
54
42
13
-9
-5
6
4
-7
-20
-39
-41
-25
-11
-6
-10
-14
-5
10
26
25
2
-23
-32
-24
-24
-18
0
21
40
45
19
2
15
29
26
3
-12
-2
11
3
-13
-24
-17
-16
-16
-15
-22
-36
-47
-30
-10
-9
-16
-18
-19
-10
-4
4
-8
-20
-25
-14
-9
-18
-21
-16
-3
0
-6
-25
-29
-22
-26
-20
-15
-1
17
10
-4
-27
-37
-29
-16
-10
-5
-2
6
5
1
-16
-19
-21
-31
-31
-36
-39
-34
-31
-35
-30
-20
-5
5
8
3
8
9
7
6
20
35
42
47
47
48
53
58
51
44
32
23
22
27
30
29
22
29
39
33
5
-21
-18
-3
-1
-5
-14
-16
0
19
11
10
20
28
26
26
34
27
12
-14
-17
3
26
37
48
50
39
26
25
28
35
49
51
45
31
26
21
34
28
11
5
16
27
6
-5
-13
-20
-17
-14
-20
-21
-35
-41
-33
-19
-17
-22
-24
-21
-42
-55
-47
-35
-13
0
0
-21
-20
-16
-11
-19
-23
-19
-5
3
-1
1
-15
-20
-11
-8
-10
-20
-20
-8
5
-17
-30
-45
-36
-12
-1
-30
-45
-43
-28
-26
-44
-55
-62
-46
-43
-38
-59
-59
-54
-26
-25
-12
-20
-24
-29
-21
-25
-12
-3
-10
-7
-14
-13
4
19
15
15
-7
-5
8
13
9
6
0
15
26
40
39
30
18
28
13
27
31
21
3
1
9
19
29
17
28
24
50
50
26
16
44
63
54
56
50
62
65
70
59
76
99
103
96
62
72
53
63
47
48
56
62
67
39
17
-22
-14
-19
-2
-19
-44
-37
-21
8
-11
-3
-15
-2
-4
-35
-36
-28
-21
-27
-31
-43
-14
18
26
17
-17
-2
-37
-22
-43
-24
-15
-18
-24
-42
-54
-43
-31
-56
-59
-88
-83
-90
-77
-55
-29
-47
-58
-94
-83
-80
-70
-80
-89
-77
-53
-16
-16
8
2
20
-2
-1
-5
-14
11
0
2
-9
-1
5
13
-1
-20
-14
3
35
20
21
8
27
35
37
29
25
36
39
29
14
17
53
68
52
25
18
28
33
47
62
53
56
48
50
9
-6
-15
-7
25
4
29
1
2
-9
9
-19
-2
-14
-8
10
-21
0
5
19
12
6
-10
7
0
2
-2
1
24
16
10
3
-2
3
-28
-29
-39
-22
-24
-27
-26
-29
-12
-9
-14
-20
2
4
17
23
23
32
14
32
51
30
41
17
23
15
30
23
44
39
46
34
-10
13
-14
14
-20
0
-1
-1
-32
-33
-2
7
2
-46
-20
-10
-13
-54
-50
-14
-17
0
-25
-10
-14
12
-5
17
-3
3
12
18
7
-4
40
24
36
1
31
9
37
10
38
-7
-10
-33
-38
-34
-38
-18
-58
-27
-55
-22
-21
12
-15
-3
-14
-15
-9
-68
-57
-39
18
36
7
-58
-61
-20
-10
-21
-14
10
9
-7
-44
-35
-8
-17
-50
-61
-56
-35
-8
3
6
-4
-42
-35
8
-11
4
-12
15
-21
8
-2
36
37
49
17
-12
-9
8
46
46
57
31
32
-10
15
-18
28
-22
12
14
25
25
-7
17
9
42
21
34
-3
40
-13
10
19
18
7
13
43
20
42
38
31
48
59
52
36
27
-12
37
42
60
65
50
57
46
40
50
25
45
28
5
-43
-3
4
11
5
-4
31
13
-13
-49
-27
-21
-11
-16
0
-17
-22
-48
-55
-53
-23
-39
7
-11
48
17
17
-46
-38
-39
-20
-23
-28
-14
-29
43
-19
-6
-80
-50
-65
-40
-86
-65
-67
6
-13
-25
-47
-63
-38
-61
-48
-92
-11
-24
25
-14
14
-50
-4
-24
-20
-16
34
36
46
-9
-33
-10
-29
0
11
-2
-20
-1
8
38
11
4
-16
-2
-11
-8
-23
16
40
69
64
76
70
36
-25
-33
-1
26
43
39
30
-3
-14
-60
-49
-1
39
37
50
-2
-46
-41
-54
-38
-17
-22
-18
-10
-36
-70
-54
-4
62
97
64
30
4
52
19
50
67
111
135
70
-11
-3
25
11
27
42
92
92
41
28
0
10
2
13
-24
6
-58
-72
-71
-49
-8
-54
-35
-30
28
9
13
7
-2
-16
-54
-25
38
70
57
35
54
90
91
49
96
69
21
-4
-20
47
49
33
-33
-64
-41
-16
-29
-9
-2
-6
-12
-76
-44
-12
-9
-16
-75
-91
-72
-107
-51
-33
-12
7
-33
-31
-52
-127
-57
-40
-15
6
16
87
55
48
-5
-11
-53
28
-5
9
-4
-31
-19
-54
-16
-38
-19
-27
-44
-56
-62
-68
-65
-66
-76
-46
-43
-14
-2
-2
13
-16
-3
-3
-14
-12
-14
-27
-38
23
-8
24
28
27
8
30
25
18
68
-1
4
-16
-26
-5
46
57
124
74
62
36
56
32
39
111
56
70
-15
24
-28
58
-11
22
7
-7
-14
-41
-3
8
28
-43
-27
-37
30
10
-7
-28
11
41
80
93
66
45
-18
17
-23
54
57
129
117
83
38
31
19
-11
41
42
95
67
63
-14
-42
-50
-7
-7
-31
-9
16
20
-24
-66
-65
-92
-63
-45
-36
46
61
29
-13
-56
-79
-72
-11
-14
1
-17
7
23
-41
-61
-84
-37
-57
-13
-9
24
16
-21
-24
-12
-63
-129
-121
-107
-29
16
24
28
157
245
174
32
-65
-119
-209
-248
-312
-160
-58
-64
-52
-122
-51
-52
33
4
32
-32
7
32
95
74
-35
-91
-119
-27
19
111
157
219
241
223
84
49
-5
-63
-95
-55
-50
13
19
52
73
-6
-93
-115
-138
-142
-142
-192
-103
-49
0
36
87
149
205
181
99
56
31
-12
-48
-39
-47
-8
59
29
139
140
98
151
136
120
93
-20
15
-2
-46
2
-50
77
65
-22
-16
1
46
103
54
159
265
158
24
-107
-165
-180
-218
-127
-7
124
99
-106
-178
-190
-176
-115
-85
13
169
149
55
83
23
-15
-68
-85
-24
95
152
51
161
156
116
106
115
55
27
-93
-95
-41
-25
-50
-70
23
-97
-203
-282
-197
-142
-74
-115
-135
-82
-70
-36
-58
-17
20
64
84
61
56
47
33
-45
-44
30
53
101
125
114
68
-12
-117
-113
-76
-8
86
163
117
89
54
79
85
-36
-165
-269
-211
-160
-203
-297
-226
-124
-151
-246
-313
-208
-151
-65
-33
81
246
298
240
242
188
210
205
228
276
300
229
213
186
100
80
77
75
109
82
-66
54
-41
-48
-33
-159
-167
-248
-443
-465
-380
-289
-143
-64
-55
-28
-51
-21
-101
90
98
56
138
95
244
285
240
119
155
45
128
143
111
46
-35
-34
-90
102
81
102
58
25
-25
35
-29
19
-14
-81
-113
-121
-4
74
54
2
-48
-76
-12
-48
57
76
101
37
68
49
91
-2
-48
-144
-116
-98
-58
-6
-45
54
17
-11
-7
81
34
64
-96
-69
-152
-119
-50
-81
-51
5
-17
27
107
-4
99
1
-27
-18
-63
-43
-10
-42
-54
-60
-14
7
61
50
24
-36
0
-43
-37
-6
15
2
15
-6
5
90
110
149
29
7
-82
-113
22
109
78
97
46
-118
-138
-295
-284
-165
-181
-71
-108
-102
-142
-48
-28
57
128
148
191
203
134
28
7
-43
22
49
7
18
27
0
59
127
95
106
102
-61
-105
-97
2
-40
111
140
162
127
15
2
-44
-84
-129
-184
-282
-232
-224
-104
-51
36
37
115
63
42
15
-98
-64
-41
-27
11
63
27
59
23
4
-31
82
108
49
56
20
35
59
125
119
143
24
-2
33
94
93
71
61
29
-23
-118
-90
-49
54
53
106
96
58
-1
15
66
131
116
109
24
-85
-84
-65
-48
28
99
76
138
38
58
143
157
73
-21
-83
-127
-149
-182
-95
-115
5
10
-21
-82
-177
-173
-163
-159
-100
-16
2
21
-55
-128
-139
-61
8
46
22
20
59
5
-6
-16
-37
-42
-47
-59
-46
-20
44
72
74
71
10
-28
-43
-137
-215
-256
-181
-12
98
73
49
33
1
-32
-4
38
76
93
17
19
-49
-38
-64
-70
-95
-93
-45
19
123
153
144
54
26
-2
0
-38
-49
-38
-47
58
103
139
157
91
34
36
15
-25
-28
-51
-9
9
74
150
142
149
117
94
64
53
21
-10
-34
-35
-86
-100
-118
-120
-63
-82
-57
17
52
64
29
-40
-56
-4
18
7
24
9
-12
-4
28
61
113
95
51
31
-17
4
-3
-20
-8
33
-11
5
51
43
56
33
52
42
34
-39
-125
-169
-155
-94
1
57
94
76
42
19
21
27
31
56
-7
-43
-64
-98
-121
-53
-5
-14
-35
-25
37
33
-2
-18
-16
-8
4
-30
-81
-78
-56
-55
-48
-54
-40
-17
-15
-1
1
5
53
131
161
149
133
107
33
-32
-93
-152
-178
-160
-112
-40
17
63
107
95
49
8
-7
-17
-31
9
18
-27
-55
-55
-48
-49
-34
-32
-4
29
67
44
-4
-18
-16
6
11
-35
-14
4
-16
-58
-74
-52
-40
-27
-35
-60
-26
20
35
76
42
-10
-41
-40
-59
-44
11
41
65
60
-13
-49
0
16
29
2
45
82
68
21
-13
-30
-69
-67
-31
8
23
12
-3
67
72
29
9
1
-9
0
-25
-33
2
-11
-51
-51
8
60
104
120
141
194
198
205
208
186
128
61
20
44
67
25
-3
1
21
3
-39
-46
-17
1
-42
-91
-93
-68
-69
-108
-109
-80
-49
-67
-81
-43
20
22
25
58
73
51
39
38
82
108
56
18
21
19
-26
-73
-100
-111
-103
-115
-137
-101
-82
-117
-134
-122
-85
-56
-66
-54
-46
-40
-29
-17
12
17
-18
-30
-11
10
30
34
57
71
74
67
33
-18
-21
-33
-60
-71
-49
-32
-52
-68
-60
-30
-7
3
8
21
2
-11
-27
-52
-42
-35
-64
-93
-93
-81
-54
-2
40
67
54
57
45
42
22
3
18
33
42
29
31
19
26
7
17
53
84
83
67
78
114
154
159
121
115
147
151
125
88
105
151
194
217
230
259
297
306
291
273
259
276
248
195
168
210
258
261
243
247
285
310
298
216
130
46
-72
-242
-439
-641
-866
-1101
-1323
-1479
-1559
-1606
-1594
-1514
-1376
-1212
-1065
-899
-687
-497
-377
-285
-163
-41
31
78
146
263
389
499
623
759
875
998
1084
1126
1148
1108
1006
876
759
652
533
411
306
231
173
89
35
-1
7
50
101
151
193
253
326
409
485
574
650
733
776
790
820
840
854
888
924
957
1016
1104
1261
1390
1378
1246
1161
1070
820
374
-57
-420
-846
-1470
-2143
-2601
-2878
-3163
-3518
-3710
-3636
-3369
-3135
-2938
-2617
-2162
-1783
-1598
-1414
-1088
-735
-559
-477
-245
120
447
694
979
1344
1651
1820
1953
2108
2194
2109
1818
1445
1086
717
280
-186
-596
-909
-1153
-1365
-1470
-1428
-1291
-1175
-1031
-764
-417
-106
146
424
736
1021
1201
1365
1584
1792
1929
2006
2056
2117
2131
2021
1868
1724
1521
1226
886
583
332
70
-202
-412
-522
-550
-552
-480
-295
-37
232
485
828
1316
1761
1956
2004
2145
2251
2016
1440
934
620
183
-652
-1543
-2083
-2391
-2797
-3364
-3741
-3762
-3627
-3620
-3658
-3508
-3149
-2882
-2846
-2787
-2480
-2064
-1835
-1649
-1246
-665
-133
314
862
1504
2051
2370
2606
2858
2997
2914
2622
2213
1763
1262
681
89
-465
-943
-1345
-1711
-1958
-2035
-1955
-1869
-1792
-1592
-1256
-905
-613
-273
131
506
750
996
1346
1703
1960
2095
2223
2390
2525
2526
2432
2334
2227
2022
1693
1374
1121
856
522
177
-69
-224
-313
-380
-337
-205
-32
268
708
1077
1264
1473
1701
1760
1488
1126
837
504
-173
-1068
-1739
-2125
-2456
-2928
-3348
-3455
-3280
-3139
-3140
-3044
-2673
-2333
-2264
-2278
-2072
-1717
-1524
-1482
-1296
-841
-351
32
468
1056
1609
1985
2263
2556
2808
2876
2723
2419
2038
1613
1131
549
-93
-662
-1119
-1518
-1877
-2060
-2045
-1985
-1922
-1797
-1499
-1134
-865
-648
-358
-10
259
450
691
996
1279
1493
1658
1852
2034
2133
2182
2187
2114
1950
1738
1521
1298
1062
813
560
383
289
224
202
215
353
659
999
1157
1302
1608
1820
1716
1391
1118
882
398
-470
-1282
-1791
-2189
-2707
-3231
-3506
-3466
-3270
-3126
-2977
-2689
-2310
-2092
-2066
-1998
-1745
-1454
-1330
-1263
-1017
-620
-204
189
717
1301
1776
2128
2434
2682
2800
2750
2505
2125
1654
1155
609
26
-582
-1125
-1567
-1958
-2266
-2373
-2305
-2222
-2136
-1935
-1566
-1173
-863
-612
-324
-27
221
447
716
996
1213
1379
1525
1699
1874
1978
1985
1961
1940
1868
1741
1576
1415
1257
1064
817
636
570
570
573
601
819
1140
1346
1393
1583
1844
1881
1591
1274
1103
805
69
-848
-1507
-1956
-2467
-3085
-3494
-3584
-3444
-3297
-3149
-2867
-2423
-2068
-1907
-1774
-1530
-1238
-1099
-1041
-846
-485
-131
191
598
1123
1594
1954
2273
2586
2735
2681
2485
2126
1621
1037
462
-182
-865
-1472
-1915
-2242
-2498
-2631
-2556
-2376
-2197
-1934
-1535
-1120
-803
-512
-171
144
355
494
684
902
1048
1164
1276
1399
1521
1601
1602
1595
1581
1524
1403
1243
1093
982
851
703
636
659
745
802
905
1192
1591
1818
1897
2107
2426
2490
2219
1950
1840
1594
839
-128
-831
-1288
-1893
-2677
-3300
-3527
-3482
-3481
-3510
-3332
-2897
-2550
-2421
-2282
-1935
-1552
-1415
-1366
-1109
-667
-268
76
537
1099
1609
1992
2332
2665
2883
2898
2687
2272
1733
1189
584
-198
-1072
-1824
-2387
-2845
-3237
-3405
-3321
-3126
-2952
-2690
-2172
-1567
-1094
-766
-392
3
348
586
802
1048
1249
1354
1404
1548
1716
1778
1732
1700
1691
1647
1594
1537
1399
1235
1076
929
880
892
917
963
1131
1496
1879
2024
2072
2357
2690
2631
2246
2032
2010
1697
808
-142
-701
-1108
-1818
-2693
-3276
-3435
-3428
-3563
-3670
-3478
-3031
-2748
-2731
-2608
-2150
-1682
-1549
-1492
-1117
-533
-70
327
890
1565
2122
2553
2990
3393
3606
3609
3399
2971
2347
1651
886
-43
-1069
-2015
-2775
-3445
-3995
-4270
-4220
-4051
-3855
-3463
-2818
-2118
-1548
-1055
-538
-30
362
659
940
1199
1406
1568
1685
1801
1913
1992
2004
1973
1909
1800
1645
1444
1221
996
754
523
357
247
189
179
332
705
1146
1361
1449
1775
2228
2405
2212
2101
2202
2128
1434
531
-30
-362
-947
-1823
-2503
-2766
-2781
-2926
-3129
-3084
-2741
-2478
-2482
-2463
-2148
-1770
-1661
-1672
-1455
-986
-541
-184
282
864
1478
2081
2622
3063
3408
3646
3648
3324
2779
2239
1658
807
-300
-1315
-2072
-2769
-3514
-4058
-4217
-4151
-4052
-3835
-3300
-2555
-1926
-1482
-976
-372
128
420
615
866
1123
1251
1290
1400
1592
1705
1687
1653
1687
1679
1605
1475
1337
1199
994
758
588
512
489
467
468
744
1263
1630
1658
1811
2233
2529
2383
2147
2150
2145
1606
658
-8
-315
-761
-1596
-2350
-2713
-2744
-2787
-2919
-2909
-2600
-2273
-2199
-2189
-1941
-1557
-1406
-1464
-1385
-1038
-646
-339
32
563
1101
1598
2131
2699
3129
3391
3519
3390
2973
2437
1936
1301
352
-760
-1693
-2427
-3142
-3806
-4201
-4279
-4215
-4060
-3663
-2995
-2250
-1596
-1024
-461
63
500
807
993
1114
1199
1230
1229
1249
1302
1329
1260
1132
1051
987
871
739
623
463
266
111
50
38
77
179
360
758
1345
1849
2087
2342
2756
3070
2976
2737
2668
2596
2019
1034
285
-137
-666
-1508
-2279
-2709
-2846
-2943
-3065
-3058
-2809
-2522
-2386
-2322
-2107
-1739
-1477
-1430
-1357
-1019
-561
-156
258
786
1333
1847
2408
2982
3415
3712
3880
3746
3309
2799
2277
1560
515
-609
-1541
-2337
-3213
-4035
-4452
-4531
-4564
-4525
-4125
-3406
-2650
-2017
-1384
-658
33
527
842
1117
1363
1494
1458
1374
1383
1445
1414
1244
1094
1052
995
797
560
451
391
212
-37
-166
-141
-74
-19
64
405
1047
1648
1916
2137
2638
3162
3234
2985
2932
3046
2747
1800
877
363
-87
-894
-1839
-2491
-2775
-2918
-3111
-3253
-3146
-2845
-2671
-2672
-2589
-2225
-1824
-1680
-1627
-1361
-880
-378
80
613
1174
1709
2256
2829
3279
3577
3839
3927
3658
3115
2610
2122
1331
197
-874
-1682
-2450
-3317
-4026
-4381
-4500
-4576
-4501
-4092
-3401
-2695
-2110
-1486
-757
-29
514
846
1113
1408
1549
1466
1357
1400
1462
1330
1066
897
870
757
481
250
173
77
-129
-323
-375
-338
-333
-341
-237
103
699
1304
1639
1908
2446
3045
3249
3086
3054
3227
3088
2297
1390
880
522
-195
-1165
-1895
-2213
-2339
-2565
-2817
-2839
-2583
-2376
-2384
-2375
-2087
-1681
-1504
-1524
-1380
-949
-464
-91
309
837
1421
2007
2560
3033
3396
3687
3810
3618
3208
2795
2371
1698
726
-309
-1167
-1852
-2564
-3298
-3813
-4061
-4180
-4171
-3957
-3583
-3094
-2579
-2082
-1541
-920
-334
117
425
662
884
1038
1042
990
1011
985
811
604
525
496
380
206
83
47
2
-75
-81
-20
11
23
148
370
713
1232
1749
2053
2297
2719
3132
3196
2987
2920
2986
2734
1920
1076
606
246
-464
-1409
-2107
-2381
-2496
-2787
-3049
-2942
-2592
-2482
-2605
-2518
-2094
-1721
-1689
-1697
-1366
-840
-449
-129
377
954
1448
1933
2499
3020
3370
3628
3751
3632
3321
2969
2583
1950
1020
76
-704
-1422
-2196
-2880
-3338
-3634
-3874
-3938
-3727
-3319
-2893
-2505
-2039
-1462
-885
-434
-84
225
468
547
538
600
709
722
602
466
472
565
558
469
448
471
387
252
197
223
229
130
38
48
171
299
545
1028
1535
1804
2038
2509
2996
3135
3006
3015
3148
2955
2157
1307
808
391
-425
-1448
-2202
-2513
-2621
-2856
-3072
-2982
-2656
-2507
-2554
-2463
-2074
-1722
-1693
-1769
-1580
-1194
-865
-591
-205
248
725
1275
1895
2471
2940
3375
3654
3666
3509
3395
3227
2691
1783
882
193
-506
-1376
-2213
-2823
-3226
-3550
-3753
-3690
-3387
-3026
-2722
-2382
-1941
-1422
-984
-709
-521
-295
-80
15
64
205
386
484
506
613
858
1096
1197
1223
1302
1375
1328
1205
1129
1027
799
533
312
172
54
-38
142
590
982
1151
1485
2116
2642
2742
2724
2940
3122
2687
1710
929
502
-49
-1035
-2031
-2589
-2730
-2836
-3071
-3181
-2905
-2521
-2414
-2441
-2236
-1829
-1655
-1825
-1944
-1755
-1488
-1309
-1045
-601
-146
351
1044
1860
2590
3216
3802
4244
4406
4383
4358
4145
3482
2535
1656
835
-146
-1213
-2103
-2758
-3350
-3870
-4108
-4011
-3808
-3684
-3518
-3173
-2736
-2328
-1980
-1631
-1255
-947
-707
-435
-44
358
642
894
1242
1669
1995
2175
2312
2480
2557
2438
2241
2060
1811
1415
950
491
120
-165
-418
-633
-747
-535
1
520
825
1290
2060
2693
2807
2783
3056
3313
2938
1964
1142
724
242
-656
-1613
-2240
-2492
-2664
-2942
-3165
-3081
-2822
-2799
-2985
-3006
-2767
-2627
-2778
-2951
-2843
-2530
-2202
-1787
-1185
-508
247
1201
2277
3233
4069
4867
5428
5566
5455
5346
5090
4340
3150
1969
948
-179
-1485
-2662
-3568
-4333
-5028
-5498
-5608
-5447
-5241
-5020
-4648
-4068
-3355
-2677
-2099
-1542
-877
-177
412
945
1593
2275
2732
3010
3343
3766
4035
4022
3895
3756
3498
3034
2489
1976
1409
659
-133
-815
-1341
-1761
-2106
-2300
-2284
-1925
-1237
-461
180
936
1919
2850
3389
3697
4084
4417
4218
3390
2562
2015
1426
401
-807
-1755
-2263
-2637
-3127
-3600
-3771
-3734
-3859
-4119
-4196
-3986
-3828
-3913
-3957
-3642
-3098
-2527
-1857
-1001
-65
931
2070
3314
4430
5350
6133
6667
6786
6576
6277
5732
4614
3074
1568
162
-1353
-2975
-4395
-5461
-6317
-7028
-7383
-7264
-6867
-6418
-5887
-5127
-4152
-3123
-2161
-1250
-344
554
1357
2063
2785
3493
4009
4306
4524
4770
4939
4884
4642
4330
3933
3323
2615
1925
1200
374
-507
-1355
-2060
-2620
-3074
-3402
-3554
-3447
-3086
-2339
-1270
-134
866
1936
3197
4372
5082
5469
5854
6049
5599
4523
3461
2586
1544
85
-1439
-2647
-3453
-4109
-4731
-5185
-5323
-5270
-5256
-5217
-4982
-4530
-4167
-3967
-3681
-3096
-2349
-1598
-761
190
1155
2146
3250
4379
5282
5934
6450
6708
6534
6043
5442
4591
3249
1525
-172
-1668
-3135
-4615
-5875
-6784
-7384
-7700
-7666
-7265
-6555
-5684
-4738
-3711
-2579
-1345
-159
819
1613
2380
3082
3620
4026
4394
4678
4773
4706
4589
4492
4289
3876
3349
2780
2117
1417
752
66
-703
-1480
-2174
-2730
-3159
-3453
-3577
-3473
-3216
-2765
-2068
-1079
184
1558
2767
3805
4945
6056
6751
6885
6809
6598
5984
4631
2972
1565
360
-1110
-2824
-4202
-5015
-5434
-5807
-6075
-6022
-5615
-5221
-4938
-4520
-3860
-3243
-2908
-2672
-2216
-1538
-893
-303
396
1153
1857
2612
3494
4321
4897
5257
5410
5237
4758
4150
3385
2245
703
-873
-2227
-3497
-4812
-5942
-6634
-6971
-7125
-6988
-6373
-5429
-4441
-3503
-2491
-1330
-155
840
1621
2259
2815
3256
3542
3723
3895
4059
4079
3974
3871
3837
3759
3482
3051
2587
2079
1481
810
111
-585
-1254
-1871
-2320
-2562
-2669
-2700
-2560
-2202
-1732
-1226
-617
174
1013
1878
2812
3746
4397
4843
5299
5669
5595
5124
4695
4321
3520
2077
625
-422
-1314
-2505
-3813
-4780
-5237
-5480
-5748
-5887
-5690
-5242
-4923
-4741
-4385
-3716
-3068
-2713
-2414
-1838
-1113
-463
156
901
1622
2200
2808
3505
4065
4352
4506
4514
4177
3530
2871
2225
1265
-108
-1495
-2562
-3475
-4475
-5368
-5858
-6014
-6052
-5901
-5369
-4523
-3606
-2733
-1793
-697
479
1507
2300
2972
3595
4108
4430
4605
4756
4871
4795
4502
4176
3923
3581
3047
2409
1760
1124
469
-196
-808
-1328
-1801
-2257
-2594
-2737
-2727
-2612
-2461
-2189
-1698
-1083
-463
179
977
1874
2782
3732
4669
5378
5815
6134
6312
6142
5584
4909
4163
3090
1467
-270
-1670
-2850
-4200
-5644
-6761
-7336
-7549
-7678
-7666
-7332
-6697
-6077
-5525
-4836
-3895
-2955
-2257
-1658
-883
30
866
1599
2341
3020
3562
4089
4646
5014
5019
4807
4460
3866
2973
1980
985
-192
-1639
-3062
-4159
-4989
-5752
-6372
-6606
-6428
-5982
-5313
-4325
-3067
-1749
-517
661
1855
3026
4023
4714
5104
5343
5490
5488
5322
5090
4832
4429
3877
3300
2798
2287
1636
895
193
-444
-1058
-1608
-2064
-2460
-2805
-3021
-3057
-2897
-2585
-2198
-1709
-1087
-382
337
1084
1815
2479
3015
3427
3812
4128
4406
4627
4676
4375
3941
3604
3198
2390
1335
453
-267
-1285
-2738
-3989
-4734
-5306
-6144
-6952
-7288
-7065
-6635
-6240
-5789
-5036
-4030
-3133
-2413
-1672
-772
-3
447
767
1189
1612
1896
2094
2278
2331
2294
2397
2617
2652
2442
2227
2018
1591
953
404
-46
-694
-1596
-2377
-2806
-3086
-3396
-3575
-3467
-3112
-2600
-1940
-1117
-161
780
1565
2216
2831
3406
3801
3894
3734
3547
3370
3083
2695
2358
2074
1740
1364
1056
882
753
555
258
-5
-187
-320
-444
-584
-700
-735
-704
-655
-563
-372
-118
70
179
299
507
715
778
717
663
600
496
335
184
108
71
166
393
549
570
702
969
1078
843
569
487
365
-282
-1281
-2055
-2471
-2954
-3708
-4397
-4681
-4570
-4405
-4293
-4017
-3411
-2794
-2403
-2113
-1681
-1170
-855
-767
-644
-360
-81
177
573
1068
1505
1973
2628
3316
3782
4108
4379
4424
4083
3537
2995
2305
1245
-19
-1108
-1959
-2751
-3481
-3956
-4085
-3930
-3571
-2984
-2168
-1186
-231
570
1271
1968
2620
3082
3281
3298
3296
3288
3212
3093
3042
3032
2980
2852
2712
2622
2488
2153
1616
1042
498
-91
-796
-1535
-2184
-2717
-3179
-3537
-3688
-3636
-3461
-3228
-2931
-2528
-1992
-1409
-890
-492
-149
202
513
748
924
1069
1201
1309
1387
1629
2053
2338
2300
2253
2349
2379
2038
1511
1107
709
-141
-1402
-2455
-3088
-3641
-4429
-5194
-5549
-5353
-4945
-4590
-4169
-3411
-2502
-1771
-1233
-613
170
780
1059
1228
1533
1862
2119
2407
2675
2778
2856
3120
3466
3564
3395
3209
2996
2503
1783
1128
519
-332
-1400
-2264
-2728
-3043
-3363
-3507
-3279
-2792
-2205
-1463
-531
475
1364
2106
2725
3267
3720
3991
4004
3795
3468
3096
2709
2248
1721
1183
618
19
-530
-1016
-1494
-1994
-2517
-3036
-3479
-3782
-3981
-4081
-4035
-3855
-3545
-3062
-2384
-1550
-720
-18
630
1283
1839
2200
2410
2531
2541
2361
2039
1747
1563
1322
969
638
495
457
400
461
741
980
891
759
920
1139
933
492
328
335
-130
-1053
-1702
-1813
-1928
-2422
-2914
-2929
-2512
-2086
-1813
-1516
-1047
-607
-364
-268
-133
16
-4
-201
-361
-318
-183
-18
287
670
991
1370
1969
2619
3004
3144
3236
3230
2896
2315
1791
1289
524
-498
-1400
-1960
-2352
-2725
-3006
-3050
-2860
-2529
-2096
-1583
-1030
-529
-144
62
173
304
422
394
185
-47
-155
-155
-109
-57
61
247
398
511
657
831
921
825
572
319
139
-63
-354
-617
-785
-873
-874
-770
-558
-278
-12
190
370
563
735
787
703
552
438
384
288
204
217
282
312
391
590
869
1151
1366
1716
2290
2799
2913
2882
3090
3366
3184
2596
2140
1949
1445
284
-949
-1667
-2092
-2789
-3687
-4313
-4397
-4216
-4086
-3957
-3592
-3049
-2563
-2201
-1833
-1350
-845
-457
-190
96
437
830
1266
1687
1943
2089
2328
2591
2629
2400
2085
1730
1163
359
-436
-1095
-1811
-2691
-3498
-3994
-4267
-4433
-4435
-4199
-3767
-3227
-2562
-1737
-794
143
995
1719
2344
2884
3310
3585
3700
3708
3604
3358
3016
2693
2376
1923
1383
858
408
2
-419
-844
-1220
-1519
-1756
-1922
-2004
-1962
-1809
-1569
-1300
-939
-431
140
658
1131
1587
1997
2305
2521
2693
2786
2759
2612
2431
2284
2108
1861
1593
1349
1093
811
522
237
-18
-269
-434
-376
-171
-128
-254
-200
82
207
-26
-236
-115
-59
-651
-1588
-2095
-2124
-2319
-2936
-3513
-3554
-3200
-2926
-2844
-2660
-2217
-1807
-1666
-1681
-1576
-1344
-1254
-1376
-1448
-1313
-1084
-808
-427
-57
201
515
1022
1479
1627
1588
1601
1537
1166
657
350
140
-319
-934
-1319
-1390
-1381
-1385
-1246
-886
-452
-60
307
692
1089
1437
1626
1656
1664
1717
1727
1581
1337
1205
1226
1219
1088
1029
1149
1290
1319
1279
1316
1430
1459
1333
1199
1146
1108
1016
903
849
882
926
884
842
890
966
945
835
721
605
426
153
-187
-524
-839
-1173
-1522
-1786
-1922
-1960
-1951
-1935
-1861
-1706
-1493
-1286
-1047
-730
-425
-168
265
969
1634
1926
2056
2401
2741
2604
2079
1720
1535
868
-485
-1779
-2489
-3000
-3842
-4858
-5453
-5416
-5116
-4896
-4637
-4072
-3336
-2778
-2424
-2015
-1480
-980
-610
-275
135
569
1061
1713
2388
2795
3054
3477
3928
4035
3801
3527
3213
2583
1637
767
115
-601
-1474
-2189
-2524
-2616
-2610
-2465
-2104
-1567
-960
-330
326
1020
1698
2275
2679
2964
3236
3487
3599
3537
3408
3272
3077
2747
2355
1986
1599
1098
523
-11
-456
-911
-1416
-1857
-2115
-2247
-2377
-2483
-2425
-2216
-2002
-1797
-1524
-1123
-700
-375
-91
226
530
737
842
895
876
784
633
411
115
-234
-575
-877
-1175
-1485
-1709
-1776
-1718
-1636
-1503
-1237
-890
-525
-149
305
987
1800
2362
2534
2654
2907
2967
2529
1918
1594
1302
398
-978
-1984
-2361
-2687
-3368
-4084
-4310
-3979
-3550
-3308
-3086
-2581
-1934
-1486
-1230
-929
-492
-37
360
833
1467
2137
2816
3567
4213
4531
4704
4937
4961
4453
3617
2811
1969
830
-479
-1537
-2279
-3005
-3735
-4150
-4165
-4026
-3849
-3538
-3030
-2400
-1770
-1178
-579
46
662
1247
1791
2287
2754
3167
3464
3618
3638
3519
3269
2897
2388
1699
874
51
-674
-1315
-1900
-2352
-2599
-2698
-2719
-2612
-2359
-2111
-1935
-1758
-1511
-1252
-1059
-917
-698
-362
19
415
828
1271
1641
1910
2083
2132
2019
1729
1308
830
323
-219
-720
-1073
-1284
-1391
-1366
-1161
-813
-417
-43
294
650
995
1258
1527
2015
2628
2967
2920
2940
3239
3302
2701
1967
1737
1559
575
-975
-2062
-2396
-2714
-3519
-4347
-4508
-4012
-3514
-3329
-3137
-2633
-2027
-1678
-1572
-1403
-1093
-869
-752
-467
48
574
1105
1718
2194
2372
2482
2728
2781
2260
1447
802
227
-624
-1575
-2212
-2579
-3010
-3407
-3401
-3050
-2669
-2354
-1961
-1418
-805
-238
230
610
982
1426
1893
2279
2593
2939
3286
3449
3405
3286
3141
2806
2177
1405
702
96
-531
-1146
-1590
-1789
-1830
-1774
-1598
-1294
-929
-623
-437
-308
-147
6
48
52
157
403
724
1057
1389
1802
2253
2567
2688
2679
2576
2310
1855
1293
742
249
-204
-622
-904
-1017
-1014
-922
-769
-618
-542
-511
-443
-394
-449
-629
-789
-844
-743
-340
303
808
998
1240
1682
1858
1429
854
642
382
-624
-2076
-3018
-3206
-3306
-3766
-4215
-4061
-3265
-2421
-1965
-1737
-1412
-1098
-1100
-1352
-1526
-1576
-1703
-1908
-1891
-1506
-913
-199
531
1016
1152
1307
1707
1903
1502
800
277
-61
-469
-813
-806
-583
-472
-371
56
737
1284
1508
1516
1474
1482
1523
1486
1351
1232
1266
1449
1680
2007
2478
2843
2904
2845
2782
2590
2176
1591
911
187
-492
-967
-1165
-1199
-1155
-995
-678
-285
108
481
767
872
798
628
476
367
204
-46
-249
-274
-150
13
146
235
270
251
156
32
-111
-367
-695
-940
-1071
-1150
-1139
-1030
-940
-894
-786
-613
-466
-401
-406
-443
-487
-523
-533
-511
-495
-494
-467
-444
-257
315
921
989
722
757
976
731
-5
-453
-406
-698
-1773
-2768
-2883
-2536
-2585
-3031
-3240
-2871
-2186
-1663
-1463
-1340
-1170
-1157
-1335
-1427
-1267
-1043
-916
-730
-222
585
1512
2461
3203
3464
3443
3612
3877
3679
2997
2298
1748
1150
562
302
279
78
-350
-598
-509
-367
-367
-476
-674
-892
-922
-712
-458
-231
78
500
920
1352
1955
2612
2953
2905
2763
2689
2566
2252
1793
1267
680
108
-287
-504
-736
-1059
-1384
-1625
-1767
-1855
-1897
-1947
-2063
-2192
-2197
-2006
-1728
-1455
-1157
-806
-431
-12
459
898
1209
1343
1352
1356
1387
1343
1199
983
702
413
180
-27
-308
-662
-1029
-1330
-1521
-1668
-1805
-1878
-1856
-1795
-1706
-1552
-1298
-942
-583
-330
-160
67
418
766
1125
1740
2518
2949
2971
3116
3495
3479
2813
2155
1896
1384
124
-1240
-2001
-2346
-2822
-3461
-3934
-4009
-3712
-3303
-3043
-2905
-2690
-2427
-2312
-2271
-2022
-1536
-1053
-630
-40
814
1787
2776
3637
4067
4098
4129
4214
3975
3341
2651
2050
1319
480
-78
-345
-744
-1387
-1915
-2171
-2347
-2491
-2538
-2589
-2690
-2615
-2233
-1705
-1183
-593
104
741
1275
1925
2709
3310
3526
3555
3600
3569
3389
3138
2834
2360
1721
1073
533
64
-446
-1011
-1600
-2131
-2450
-2544
-2575
-2632
-2636
-2527
-2331
-2067
-1686
-1190
-761
-465
-155
265
678
946
1097
1203
1260
1265
1302
1420
1522
1477
1311
1130
978
839
684
474
171
-189
-468
-621
-737
-881
-1060
-1236
-1361
-1392
-1300
-1141
-1040
-1012
-926
-774
-654
-568
-497
-437
-427
-457
-450
-334
-39
351
575
571
625
841
924
711
487
443
279
-277
-885
-1153
-1186
-1260
-1416
-1543
-1495
-1240
-879
-633
-563
-526
-485
-539
-688
-712
-575
-444
-313
-19
424
902
1407
1929
2257
2319
2349
2470
2467
2222
1918
1650
1276
862
691
715
632
406
278
264
163
-20
-147
-281
-555
-840
-962
-997
-1032
-965
-764
-610
-519
-291
77
353
449
514
595
559
432
386
425
383
216
119
151
212
248
265
278
204
44
-75
-157
-291
-474
-695
-885
-985
-1007
-971
-877
-762
-673
-571
-437
-289
-176
-134
-174
-249
-308
-329
-323
-291
-236
-207
-209
-156
-34
74
118
89
12
-70
-127
-138
-153
-252
-385
-472
-534
-610
-673
-676
-656
-666
-658
-537
-326
-121
78
293
514
749
969
1148
1266
1317
1331
1298
1229
1171
1145
1125
1093
1104
1174
1181
1124
1087
1012
794
499
299
192
-48
-457
-783
-912
-970
-1052
-1062
-974
-875
-781
-599
-406
-302
-267
-281
-333
-446
-542
-544
-517
-537
-587
-596
-548
-465
-402
-419
-522
-617
-690
-794
-900
-965
-1012
-1079
-1103
-1000
-778
-525
-270
-25
164
295
439
596
654
591
526
499
442
388
448
573
622
620
692
837
931
971
1034
1061
962
866
908
980
942
871
862
851
801
785
823
802
673
503
333
164
5
-137
-306
-511
-671
-739
-765
-764
-751
-750
-757
-731
-651
-566
-494
-396
-260
-143
-24
203
509
738
853
956
1070
1121
1094
1039
959
817
640
467
268
36
-198
-416
-666
-930
-1136
-1269
-1393
-1541
-1648
-1684
-1672
-1601
-1477
-1342
-1202
-1022
-824
-651
-486
-284
-78
77
177
258
341
376
350
303
243
162
72
-34
-167
-310
-405
-456
-515
-584
-615
-592
-548
-525
-500
-432
-324
-210
-110
-30
55
169
310
448
569
700
848
967
1033
1060
1053
1003
897
757
604
451
284
147
84
93
130
158
205
320
470
593
686
773
860
910
945
982
1028
1043
1038
1046
1069
1084
1089
1065
959
795
622
459
254
-1
-272
-530
-776
-983
-1109
-1196
-1277
-1338
-1371
-1360
-1305
-1211
-1121
-1063
-996
-883
-733
-577
-422
-278
-119
57
221
367
487
535
527
499
455
372
225
29
-180
-361
-523
-677
-790
-830
-849
-848
-810
-739
-653
-576
-510
-438
-356
-271
-155
-9
158
311
461
599
709
832
953
1006
971
892
801
669
489
291
121
-57
-261
-465
-621
-753
-876
-917
-882
-833
-796
-713
-559
-383
-204
19
276
543
819
1112
1378
1536
1586
1606
1587
1468
1259
1002
743
477
211
-26
-252
-485
-717
-903
-1040
-1133
-1206
-1271
-1319
-1344
-1351
-1330
-1234
-1078
-913
-746
-561
-335
-57
228
474
651
791
912
975
974
894
770
619
408
158
-69
-260
-435
-584
-711
-818
-866
-840
-787
-735
-672
-580
-479
-385
-248
-51
158
350
561
822
1090
1309
1482
1632
1701
1709
1702
1638
1459
1229
993
751
489
240
69
-58
-215
-372
-448
-456
-474
-522
-549
-536
-507
-468
-389
-277
-130
30
184
368
548
654
726
796
842
821
741
668
572
425
231
28
-150
-325
-498
-655
-819
-983
-1107
-1181
-1246
-1298
-1328
-1338
-1337
-1306
-1228
-1117
-984
-860
-712
-558
-422
-295
-178
-106
-57
-14
6
-21
-68
-90
-83
-86
-119
-144
-146
-149
-143
-106
-95
-117
-141
-133
-98
-96
-124
-151
-175
-209
-221
-204
-181
-141
-71
36
139
208
297
442
556
590
587
616
677
712
695
639
582
534
512
516
516
502
501
523
540
549
554
558
531
473
426
410
402
381
374
375
373
394
428
453
451
434
437
459
448
413
402
401
370
343
355
328
234
127
36
-55
-181
-349
-504
-620
-717
-829
-966
-1095
-1158
-1153
-1148
-1154
-1121
-1043
-943
-845
-751
-649
-548
-444
-340
-231
-95
46
180
301
379
457
579
677
696
661
636
635
602
497
358
241
131
6
-127
-233
-307
-387
-457
-474
-445
-426
-418
-382
-346
-339
-347
-314
-260
-212
-173
-97
38
149
221
299
380
430
427
407
409
397
335
250
164
56
-48
-108
-152
-201
-254
-284
-273
-248
-223
-196
-178
-188
-213
-203
-169
-132
-107
-74
-30
11
38
66
97
119
133
130
117
111
97
46
-26
-62
-81
-112
-141
-160
-184
-208
-198
-178
-174
-182
-163
-102
-30
39
99
157
217
289
358
395
408
418
434
413
363
322
309
292
252
183
119
89
60
26
-31
-86
-124
-153
-166
-165
-130
-92
-56
-15
28
78
156
256
351
431
505
595
674
717
741
764
767
705
599
517
446
360
254
137
22
-107
-218
-298
-360
-418
-475
-519
-558
-582
-572
-549
-549
-547
-521
-463
-383
-306
-245
-198
-161
-133
-127
-137
-168
-210
-249
-291
-345
-404
-451
-487
-508
-528
-533
-551
-578
-592
-580
-559
-552
-521
-428
-320
-256
-201
-99
41
151
217
272
353
436
497
547
576
568
564
582
590
565
542
519
476
403
314
222
130
24
-84
-158
-226
-283
-321
-342
-366
-364
-333
-292
-258
-224
-190
-128
-48
22
117
233
342
433
504
572
651
719
739
728
715
679
606
506
412
330
241
152
84
15
-59
-108
-148
-206
-270
-304
-312
-344
-405
-439
-409
-364
-356
-354
-324
-263
-194
-132
-100
-109
-98
-56
-20
-24
-57
-71
-75
-95
-145
-179
-183
-180
-183
-184
-158
-126
-90
-63
-38
16
63
70
67
90
114
112
97
87
120
143
147
154
151
181
241
279
272
259
239
208
179
132
95
76
58
51
45
48
45
46
78
114
158
192
212
243
269
271
241
194
166
153
123
55
-14
-82
-156
-243
-344
-434
-507
-560
-611
-654
-639
-570
-487
-433
-391
-315
-220
-141
-111
-102
-65
-16
13
25
50
99
127
138
156
173
173
139
72
-10
-90
-160
-233
-332
-425
-483
-503
-509
-519
-502
-445
-371
-314
-263
-192
-86
12
78
142
209
269
306
336
385
458
507
517
529
541
538
512
472
422
347
264
187
138
109
86
77
72
64
61
62
67
75
102
148
199
239
263
281
295
301
295
268
276
324
361
354
325
306
270
217
177
155
109
45
-13
-52
-64
-94
-150
-200
-239
-260
-258
-257
-249
-233
-209
-173
-150
-130
-102
-58
-30
-36
-52
-53
-18
-16
-59
-115
-168
-230
-292
-336
-378
-426
-487
-506
-504
-528
-573
-610
-630
-646
-642
-600
-545
-511
-483
-424
-338
-232
-130
-33
73
165
245
322
390
424
451
465
443
397
371
362
326
267
194
148
118
72
8
-59
-107
-141
-171
-184
-181
-150
-100
-56
-14
43
123
210
290
346
388
441
488
511
516
529
541
540
504
442
365
309
254
180
94
-1
-71
-131
-205
-301
-393
-452
-478
-489
-484
-431
-341
-271
-234
-180
-110
-50
-3
48
80
103
136
196
253
278
293
317
355
353
322
295
274
267
232
174
129
72
-5
-80
-132
-163
-175
-167
-157
-147
-141
-148
-156
-170
-204
-220
-205
-174
-135
-114
-92
-64
-52
-46
-40
-20
1
9
16
9
-3
-3
-8
-31
-39
-16
-4
-13
-34
-53
-73
-98
-127
-169
-213
-266
-314
-340
-380
-400
-388
-370
-372
-367
-321
-255
-212
-175
-106
-11
76
135
197
263
329
383
422
454
472
470
456
425
363
279
182
79
-13
-104
-192
-281
-359
-406
-434
-441
-439
-445
-437
-421
-400
-371
-327
-280
-226
-151
-46
88
232
358
459
550
624
685
740
761
748
710
657
585
489
411
366
310
245
181
149
148
136
115
99
93
74
44
9
-18
6
57
93
105
135
183
217
215
182
174
194
216
216
199
160
110
75
23
-62
-161
-221
-246
-272
-320
-367
-389
-406
-447
-508
-530
-524
-522
-520
-530
-532
-530
-545
-568
-599
-627
-633
-631
-622
-610
-592
-559
-494
-402
-331
-278
-221
-153
-108
-104
-98
-58
6
36
41
66
132
194
218
242
274
301
322
333
323
282
222
159
97
57
25
-16
-66
-103
-100
-56
0
50
97
136
183
235
274
305
342
404
464
489
499
520
565
616
625
605
603
620
628
612
593
571
535
492
447
415
390
344
281
228
180
107
43
11
-7
-34
-70
-91
-72
-36
-29
-30
-22
-11
-1
-19
-58
-85
-93
-99
-113
-150
-179
-210
-252
-310
-381
-442
-516
-582
-632
-654
-663
-658
-656
-670
-684
-670
-629
-586
-549
-516
-481
-459
-447
-422
-380
-354
-346
-340
-312
-260
-193
-122
-83
-56
-29
1
3
-39
-72
-71
-50
-38
-46
-43
-3
57
98
123
160
238
350
441
499
525
555
605
652
678
675
674
684
673
641
594
548
490
391
280
187
117
72
35
-14
-52
-64
-60
-74
-83
-72
-57
-39
-53
-85
-111
-120
-125
-110
-87
-71
-51
-48
-39
-37
-45
-57
-64
-92
-140
-171
-182
-209
-264
-315
-337
-319
-306
-292
-246
-171
-90
-19
34
98
150
180
189
189
218
245
258
269
291
296
265
243
220
169
106
59
31
13
-23
-87
-144
-176
-212
-262
-292
-295
-293
-289
-268
-237
-198
-152
-115
-97
-83
-47
19
87
127
145
150
161
166
160
141
123
107
76
65
77
84
74
53
21
-2
-7
7
20
23
53
97
143
162
158
166
172
172
181
188
184
177
176
170
151
123
88
64
29
-30
-77
-128
-180
-215
-250
-310
-360
-381
-399
-408
-422
-431
-426
-406
-383
-379
-385
-389
-383
-340
-284
-240
-198
-167
-128
-82
-31
1
1
-4
4
21
14
5
-10
-5
10
9
-15
-38
-26
0
4
2
30
82
126
145
169
224
280
329
371
399
420
426
427
425
417
390
341
289
254
228
192
139
99
80
68
53
44
50
37
-10
-49
-46
-45
-75
-100
-91
-62
-33
-8
11
37
51
51
70
77
91
119
143
158
175
192
202
196
177
163
149
141
130
120
104
85
85
68
35
-13
-55
-69
-76
-92
-114
-117
-132
-170
-212
-236
-236
-264
-310
-327
-312
-299
-291
-291
-298
-300
-287
-253
-218
-205
-187
-164
-143
-117
-97
-101
-114
-131
-139
-143
-150
-151
-133
-104
-95
-90
-81
-74
-73
-61
-32
12
48
71
97
124
145
138
117
119
150
178
190
196
208
216
205
177
147
125
115
106
96
89
80
63
25
-18
-43
-59
-81
-128
-171
-177
-171
-182
-186
-167
-138
-114
-101
-87
-80
-54
-25
1
20
23
41
56
41
11
2
16
27
21
3
-1
15
34
26
16
14
20
39
46
41
59
92
134
171
190
220
258
282
291
282
284
302
308
307
295
282
272
261
257
251
231
214
203
176
129
85
59
27
-20
-69
-104
-118
-125
-133
-135
-140
-159
-173
-163
-159
-169
-175
-151
-107
-76
-73
-92
-94
-80
-85
-103
-112
-98
-80
-74
-73
-74
-83
-102
-118
-115
-103
-125
-160
-182
-188
-196
-203
-218
-233
-238
-237
-210
-175
-156
-147
-136
-126
-118
-114
-113
-110
-106
-105
-83
-51
-28
-26
-41
-48
-55
-62
-82
-100
-117
-127
-116
-95
-75
-65
-50
-39
-26
10
52
77
89
116
158
207
255
314
360
386
417
457
474
458
453
469
485
470
433
406
365
306
242
198
176
147
105
49
-4
-41
-92
-138
-165
-177
-160
-124
-89
-75
-74
-84
-90
-90
-97
-124
-143
-148
-152
-163
-183
-186
-186
-187
-199
-227
-239
-235
-227
-230
-249
-272
-269
-242
-226
-221
-203
-153
-101
-89
-83
-63
-15
34
57
72
93
117
137
137
133
134
130
114
81
59
42
13
-34
-93
-142
-150
-133
-118
-109
-99
-72
-28
3
22
67
134
189
238
284
306
317
350
387
387
373
370
371
361
314
267
234
196
144
85
34
-1
-31
-61
-108
-155
-175
-192
-215
-238
-240
-224
-195
-169
-139
-95
-58
-12
31
59
86
125
188
246
256
234
217
205
178
125
91
71
31
-25
-77
-112
-142
-178
-210
-233
-270
-316
-345
-357
-370
-375
-377
-364
-358
-351
-319
-278
-251
-244
-220
-181
-135
-105
-71
-46
-32
-20
-15
-10
-4
4
6
-6
-50
-86
-84
-64
-47
-50
-66
-64
-49
-35
-11
14
23
42
77
108
120
143
177
211
238
275
312
341
344
332
320
318
317
308
296
275
253
224
202
169
134
105
76
45
11
-15
-36
-50
-66
-82
-84
-70
-49
-52
-65
-61
-32
-1
10
18
31
38
38
37
34
39
53
65
62
46
45
69
73
58
43
26
15
-9
-44
-84
-97
-88
-82
-67
-77
-108
-114
-100
-91
-96
-94
-82
-71
-69
-74
-66
-50
-49
-58
-62
-72
-68
-64
-63
-55
-44
-34
-21
-15
-10
12
34
41
27
33
66
95
86
51
26
16
-2
-39
-81
-96
-88
-94
-105
-111
-102
-91
-94
-103
-96
-83
-63
-49
-44
-27
8
35
39
39
39
50
55
47
35
27
10
1
-1
-15
-29
-34
-44
-45
-54
-71
-57
-34
-13
-9
-9
-8
-19
-34
-43
-28
-4
-6
-24
-40
-29
-9
3
12
7
-14
-23
-11
-15
-44
-76
-93
-105
-116
-130
-143
-145
-121
-99
-79
-56
-37
-18
11
59
118
167
196
229
280
314
338
369
396
418
421
395
359
325
280
250
231
205
169
145
134
109
64
6
-37
-56
-49
-53
-81
-80
-70
-74
-98
-128
-134
-117
-109
-124
-120
-90
-63
-63
-86
-113
-111
-91
-85
-98
-129
-147
-160
-178
-201
-206
-197
-184
-174
-170
-176
-176
-149
-121
-99
-75
-43
-20
-5
-6
-6
22
51
73
81
74
78
89
92
79
67
58
58
57
42
24
19
21
17
-2
-16
-9
-10
-20
-29
-29
-24
-14
3
22
27
27
21
3
0
8
12
1
-27
-47
-60
-59
-68
-84
-74
-51
-26
-11
-4
11
39
64
90
101
105
106
98
110
126
151
178
190
187
179
154
127
106
77
49
34
25
3
-44
-105
-138
-148
-152
-175
-201
-214
-207
-178
-155
-154
-158
-147
-131
-115
-109
-93
-66
-33
-15
-26
-23
-1
23
29
15
-3
-8
-11
-33
-58
-72
-79
-82
-78
-81
-82
-71
-74
-82
-74
-44
-9
17
30
42
69
102
144
188
219
226
224
228
247
270
281
272
254
231
215
216
224
216
183
151
152
159
139
98
56
41
44
45
45
47
47
37
14
-1
5
15
16
-1
-1
24
33
12
-26
-61
-86
-101
-93
-84
-108
-149
-170
-161
-157
-179
-211
-220
-219
-217
-198
-163
-141
-145
-153
-146
-134
-130
-128
-128
-121
-105
-88
-87
-81
-67
-65
-73
-72
-66
-64
-50
-43
-47
-73
-98
-97
-88
-86
-94
-94
-81
-73
-72
-69
-69
-55
-57
-68
-61
-37
-9
14
26
30
43
75
106
123
120
111
126
147
149
127
100
84
67
57
49
32
40
55
55
50
58
83
103
120
122
126
144
167
181
191
202
204
195
176
156
148
143
129
109
99
108
133
145
129
104
98
103
90
71
57
49
34
12
-11
-36
-49
-46
-48
-72
-107
-124
-125
-136
-146
-149
-134
-152
-186
-185
-160
-126
-106
-95
-98
-95
-85
-78
-73
-70
-63
-56
-43
-34
-28
-21
-13
2
14
18
11
-14
-27
-33
-49
-55
-55
-64
-64
-40
-26
-28
-47
-61
-64
-55
-41
-28
-34
-38
-18
12
16
11
0
-10
-15
-25
-9
13
15
-1
-8
1
13
8
-5
-4
7
34
57
65
44
19
18
37
50
49
37
22
30
39
41
50
46
44
38
17
4
14
40
48
31
10
10
15
13
14
12
4
8
12
14
21
11
-3
6
24
45
45
44
54
61
63
39
16
15
21
9
-14
-38
-44
-49
-60
-70
-78
-82
-81
-83
-98
-103
-100
-109
-108
-90
-68
-61
-51
-23
0
-9
-27
-12
25
58
61
46
43
64
77
79
77
71
64
70
76
66
64
76
88
81
50
20
11
13
6
-16
-38
-42
-31
-17
-3
1
3
22
42
53
60
79
101
109
102
89
75
62
39
3
-33
-58
-84
-107
-108
-101
-96
-99
-98
-95
-96
-92
-67
-20
6
18
30
36
48
50
55
53
63
84
97
105
107
116
112
94
101
126
118
75
34
14
14
-3
-29
-49
-62
-76
-98
-122
-156
-186
-186
-185
-195
-199
-173
-137
-125
-123
-125
-118
-96
-80
-62
-39
-31
-22
-4
3
6
-2
-13
-24
-31
-36
-25
-9
0
-9
-30
-38
-30
-27
-30
-38
-42
-36
-12
7
23
40
47
42
34
36
43
55
58
53
53
70
77
59
50
47
39
39
35
22
20
27
47
53
37
28
41
55
34
17
37
57
52
41
46
56
66
69
64
62
73
77
92
109
100
81
76
83
85
78
69
62
54
43
42
50
61
64
51
45
44
46
73
86
73
61
40
42
60
70
82
96
91
88
83
66
47
12
-28
-52
-51
-55
-75
-102
-127
-143
-156
-173
-193
-199
-199
-202
-212
-226
-219
-198
-185
-194
-207
-194
-178
-179
-176
-154
-116
-67
-41
-48
-60
-56
-45
-33
-29
-26
-15
-24
-58
-82
-92
-98
-91
-86
-101
-102
-81
-51
-40
-43
-34
-11
22
29
35
55
72
74
97
127
144
158
165
164
135
106
100
101
86
52
38
48
58
40
9
-12
-11
1
9
15
35
73
102
107
117
149
188
193
179
168
178
202
228
239
235
231
210
192
165
145
128
114
105
90
74
65
50
19
-22
-60
-67
-50
-45
-53
-65
-71
-70
-80
-90
-105
-119
-130
-145
-141
-118
-98
-100
-118
-128
-125
-119
-125
-134
-145
-155
-155
-153
-162
-165
-151
-139
-123
-108
-90
-80
-62
-52
-55
-39
-16
-2
7
11
12
15
21
28
30
17
7
8
12
12
11
14
0
-22
-36
-43
-49
-39
-24
-12
0
10
30
39
31
11
0
10
35
69
80
54
27
28
56
75
67
46
34
39
42
44
34
22
11
9
15
15
18
11
9
18
23
31
33
22
8
-15
-12
9
25
39
54
46
46
60
68
64
44
43
56
63
54
30
13
15
24
29
35
29
25
19
5
10
16
10
-19
-41
-51
-69
-78
-69
-58
-64
-72
-68
-56
-54
-62
-67
-51
-34
-23
-21
-29
-40
-57
-55
-38
-33
-19
-10
-19
-37
-44
-34
-7
6
-6
-10
8
34
45
41
40
56
74
77
63
49
59
85
104
97
87
90
87
63
45
49
61
60
42
27
20
17
0
-24
-44
-49
-31
-17
-21
-34
-39
-40
-47
-53
-51
-40
-31
-30
-40
-47
-42
-28
-11
-16
-38
-45
-30
-7
-10
-31
-52
-56
-42
-37
-34
-27
-24
-41
-50
-38
-22
-11
-12
-14
-17
9
30
25
10
-6
-6
-8
-10
-17
-14
5
19
22
12
-1
-12
-19
-35
-50
-58
-54
-32
-15
-9
-10
-29
-62
-74
-57
-39
-29
-20
-11
-16
-13
8
28
33
31
35
57
81
99
106
110
113
103
90
77
69
64
66
59
56
56
49
31
8
-1
12
10
-5
-20
-28
-18
4
24
15
3
-5
-13
-10
5
16
30
48
39
19
-3
-5
5
18
21
15
20
26
17
4
-4
-6
-7
-28
-51
-58
-45
-35
-48
-75
-79
-63
-53
-58
-64
-59
-57
-55
-33
-4
9
14
12
4
10
26
33
38
32
30
38
42
47
55
53
45
46
42
36
24
17
20
15
11
14
27
32
18
6
8
20
18
12
8
26
42
37
19
3
5
5
-2
-18
-29
-30
-17
-12
-27
-51
-75
-95
-110
-120
-127
-125
-113
-105
-104
-103
-107
-105
-99
-109
-114
-89
-61
-55
-65
-63
-47
-28
-19
-14
-11
-11
-14
-22
-16
-6
-11
-24
-26
-16
-3
0
6
3
-22
-32
-19
1
31
41
48
63
75
82
91
116
142
151
141
130
133
141
147
148
142
140
140
134
115
97
103
108
103
74
38
25
39
54
41
20
15
17
19
17
4
-6
10
38
45
37
28
38
40
13
-26
-42
-34
-11
-8
-17
-20
-19
-14
-28
-59
-76
-89
-102
-106
-102
-90
-78
-85
-88
-74
-62
-54
-61
-56
-45
-33
-22
-23
-38
-59
-65
-70
-60
-50
-47
-49
-55
-53
-57
-66
-78
-80
-83
-92
-84
-64
-47
-23
-10
-1
15
36
42
21
10
18
26
43
55
41
38
38
31
19
19
31
30
28
26
27
25
10
-8
-17
-8
6
8
-2
-9
5
13
15
30
30
17
6
-1
-2
16
27
29
27
9
-5
-4
-8
-21
-32
-40
-25
7
28
14
-15
-12
-2
1
3
-3
7
30
46
57
56
51
46
46
58
71
72
66
59
53
42
31
29
38
43
34
3
-30
-35
-33
-27
-18
-25
-45
-64
-74
-66
-57
-64
-71
-47
-7
15
10
0
12
40
46
22
13
27
44
37
39
38
47
62
49
28
8
0
6
10
5
4
7
4
0
1
14
25
21
15
19
31
37
44
38
12
8
31
49
44
31
24
25
36
47
60
54
23
8
7
1
-13
-34
-55
-71
-91
-104
-98
-93
-98
-113
-120
-105
-81
-68
-67
-70
-77
-76
-82
-93
-94
-84
-77
-65
-53
-44
-39
-44
-58
-58
-46
-63
-74
-55
-32
-16
-6
-9
-16
-21
-17
-15
-20
-32
-32
-19
-6
5
4
5
16
33
42
39
34
25
23
35
46
47
40
35
33
34
48
62
65
52
46
57
63
61
54
53
66
83
81
56
37
59
93
101
93
84
86
91
97
81
70
84
99
101
89
71
59
51
45
52
51
59
58
39
10
-13
-4
8
7
-6
-28
-36
-31
-30
-43
-44
-44
-53
-67
-86
-83
-69
-55
-65
-64
-51
-58
-77
-86
-81
-64
-35
-21
-31
-36
-32
-27
-22
-26
-14
16
29
16
-5
-23
-28
-29
-30
-21
-8
-8
-31
-59
-68
-56
-31
-7
-8
-25
-37
-28
-1
5
-19
-32
-22
-15
-19
-22
-7
19
36
35
24
11
4
5
5
21
35
32
25
13
-2
-19
-28
-36
-42
-58
-67
-74
-68
-58
-45
-31
-24
-17
-12
-10
-1
5
-1
-8
-16
-22
-17
-16
-25
-24
-21
-18
-22
-37
-46
-39
-35
-43
-47
-38
-20
1
9
20
37
46
36
33
50
56
51
46
48
62
80
92
94
92
91
108
126
121
99
92
113
128
121
106
93
92
92
91
96
90
73
61
59
57
45
30
6
-19
-26
-6
23
33
17
-3
-7
8
25
25
7
-30
-71
-79
-67
-59
-69
-88
-94
-88
-87
-100
-118
-108
-82
-66
-62
-46
-30
-29
-30
-29
-9
5
-7
-27
-35
-28
-8
4
-2
-12
-22
-34
-54
-59
-38
-19
-10
-3
-13
-26
-41
-55
-60
-71
-73
-65
-44
-25
-29
-41
-49
-40
-35
-32
-33
-34
-42
-39
-12
13
27
19
-4
-16
-10
-14
-25
-20
-4
-1
-14
-22
-17
-2
-2
-3
14
33
30
21
22
25
30
49
73
84
83
79
91
109
109
95
80
64
62
68
66
59
52
50
48
44
42
49
39
5
-14
-12
0
8
4
-13
-31
-40
-44
-50
-52
-55
-58
-57
-55
-36
-18
-19
-33
-52
-48
-20
9
12
11
13
12
14
20
17
14
12
-15
-34
-23
-8
-2
2
11
20
21
27
26
44
54
53
48
30
14
13
24
44
61
57
49
40
39
41
25
0
-16
-10
7
14
-5
-37
-51
-40
-22
-27
-35
-31
-35
-41
-41
-29
-8
-6
-14
-19
-17
-6
0
-4
-7
1
15
28
26
14
17
36
47
55
42
21
16
17
14
-1
-5
-11
-25
-27
-32
-41
-42
-43
-45
-48
-59
-63
-70
-83
-88
-88
-80
-64
-58
-71
-75
-66
-51
-33
-32
-51
-56
-47
-40
-42
-50
-39
-32
-36
-47
-45
-30
-16
-15
-26
-24
-15
1
5
-2
-14
-24
-4
36
73
87
81
82
88
94
86
75
61
60
62
66
87
109
120
99
71
55
57
56
48
42
47
45
31
20
20
31
40
51
47
46
49
50
50
43
43
42
24
8
5
19
34
20
-16
-52
-68
-57
-55
-70
-68
-63
-57
-60
-63
-58
-49
-48
-65
-75
-68
-45
-42
-53
-58
-40
-17
0
12
0
-12
-6
5
9
9
17
30
34
27
27
34
31
27
26
38
34
18
12
20
29
27
27
37
36
31
44
58
60
44
31
27
20
26
40
37
33
18
-8
-34
-61
-68
-47
-37
-34
-32
-44
-45
-40
-19
-17
-36
-51
-52
-43
-36
-21
-11
-7
-16
-23
-25
-32
-53
-70
-56
-28
-14
-18
-29
-31
-38
-48
-34
-27
-20
-12
-23
-51
-80
-80
-57
-40
-46
-67
-74
-51
-26
-17
-32
-44
-36
-32
-23
-12
-12
-18
-20
-30
-43
-51
-45
-43
-40
-33
-28
-10
7
14
14
25
41
58
77
90
88
89
94
110
124
134
146
140
113
87
76
81
92
88
83
87
92
98
116
117
100
85
84
98
92
78
72
64
65
83
97
92
60
38
35
41
49
55
52
35
9
-6
4
26
26
-9
-42
-57
-55
-52
-62
-73
-82
-79
-71
-88
-100
-104
-96
-81
-81
-88
-101
-111
-114
-112
-113
-107
-97
-98
-95
-84
-82
-96
-95
-69
-56
-72
-100
-109
-98
-78
-55
-36
-31
-38
-37
-30
-19
-21
-27
-34
-33
-21
-13
-13
-10
-6
4
19
26
20
21
22
18
17
14
27
46
49
26
10
3
6
15
19
11
-8
-8
14
43
50
46
56
64
59
59
68
64
56
57
61
79
94
86
79
60
45
64
78
77
71
67
67
53
28
9
2
2
7
0
-7
-11
-10
-8
-9
-16
-22
-21
-33
-54
-56
-41
-24
-25
-37
-42
-27
1
15
6
-16
-36
-43
-15
-3
-14
-29
-28
-9
-7
-21
-16
5
3
-15
-25
-4
25
41
31
18
22
31
43
61
71
64
52
30
33
48
50
33
10
2
4
11
12
10
-1
-7
-12
-6
-6
-19
-25
-19
-18
-27
-30
-34
-38
-48
-54
-49
-49
-48
-39
-32
-37
-49
-50
-30
-6
-2
-20
-47
-52
-17
15
19
-11
-38
-37
-28
-27
-29
-14
-4
-11
-25
-29
-22
-20
-19
-22
-24
-10
16
45
64
47
27
15
14
16
6
10
31
49
47
45
42
37
32
19
3
3
11
12
1
-4
-13
-21
-22
-22
-13
-7
-6
-12
-4
16
8
-18
-29
-27
-33
-38
-36
-22
-7
-7
-19
-30
-30
-31
-30
-26
-12
0
-1
-12
-15
-13
0
14
17
9
-6
-8
8
25
26
8
-2
4
4
0
8
26
48
54
39
33
33
36
30
15
11
20
32
43
42
30
21
2
-19
-32
-26
-12
-9
0
1
-5
2
18
30
29
22
22
22
19
9
8
15
15
3
-10
-12
8
33
31
12
1
16
51
64
49
39
42
47
45
40
40
49
60
70
65
54
48
41
37
37
31
18
0
-3
-3
-5
-8
-28
-55
-64
-58
-46
-42
-60
-86
-106
-107
-99
-95
-103
-109
-100
-77
-63
-54
-44
-43
-57
-69
-61
-52
-52
-47
-51
-50
-52
-47
-30
-22
-23
-29
-22
-21
-36
-45
-28
-13
-22
-28
-21
-9
-7
-12
-20
-20
-12
-6
5
12
11
9
14
23
36
42
40
38
38
42
48
53
35
7
-5
1
7
12
-4
-29
-24
-11
-2
-3
-5
12
41
57
50
37
42
52
58
72
70
70
85
102
101
88
86
83
91
105
93
71
61
61
69
64
54
45
42
45
44
33
17
1
-5
-12
-33
-41
-26
-10
-7
-3
6
12
7
-2
-19
-31
-25
-26
-31
-42
-63
-69
-64
-46
-42
-66
-79
-70
-67
-70
-70
-62
-47
-37
-26
-19
-17
-17
-28
-20
-2
-10
-31
-33
-17
-22
-31
-29
-27
-19
-10
2
12
16
15
4
2
0
-13
-21
-14
-2
1
-5
-13
-8
3
-5
-7
-1
-3
-7
-4
9
12
-2
1
17
30
31
17
5
5
23
39
36
20
15
19
11
3
5
19
13
-13
-31
-27
-17
-19
-15
-21
-36
-43
-28
-9
-13
-38
-59
-53
-49
-48
-58
-66
-53
-35
-20
-15
-22
-11
1
-10
-23
-21
0
18
21
16
9
15
21
20
38
46
46
42
42
51
52
42
32
38
50
66
77
73
56
38
34
28
18
18
27
38
26
24
30
36
39
31
22
22
41
60
57
45
37
41
37
22
16
17
17
13
15
3
-4
-9
-16
-23
-41
-38
-21
-14
-18
-13
8
8
-17
-39
-48
-39
-25
-18
-16
-14
-2
9
15
3
-18
-34
-33
-26
-23
-25
-29
-23
-26
-44
-54
-52
-44
-37
-54
-74
-70
-49
-34
-35
-51
-57
-50
-41
-25
-18
-1
21
34
25
10
4
1
9
8
2
2
11
20
27
30
19
18
12
12
14
7
6
6
11
13
12
2
-6
-9
-15
-8
4
19
39
49
40
31
30
15
-7
-10
0
2
-2
-7
-20
-35
-46
-41
-27
-28
-45
-70
-82
-67
-50
-45
-47
-51
-41
-17
-3
0
-5
-11
0
7
3
6
13
28
29
18
18
29
46
49
44
42
46
41
34
31
28
10
1
7
11
23
33
42
38
35
29
27
36
32
29
38
59
69
74
63
63
72
65
46
27
22
22
18
-1
-20
-25
-8
5
-8
-25
-26
-6
11
14
8
3
-6
-2
8
0
-8
-15
-19
-18
-9
8
18
24
22
21
19
7
-14
-18
-21
-26
-21
-14
1
5
-2
-10
-9
-15
-40
-57
-58
-55
-39
-31
-36
-34
-30
-17
-11
-12
-19
-28
-32
-42
-44
-32
-32
-30
-39
-63
-79
-79
-74
-72
-69
-76
-90
-85
-64
-41
-35
-57
-80
-73
-41
-8
2
-12
-24
-18
-9
-4
8
16
22
27
26
23
23
26
18
6
-12
-6
19
39
49
56
56
50
57
56
50
47
44
49
64
73
75
71
62
48
42
43
49
64
72
91
93
79
80
95
96
71
51
40
37
25
13
13
19
16
13
16
4
-22
-47
-49
-32
-24
-24
-19
-35
-49
-45
-41
-41
-41
-33
-31
-51
-59
-39
-19
-20
-35
-24
-14
-18
-11
-6
-27
-38
-28
-13
-2
-6
-13
-8
-3
-24
-33
-20
8
19
13
10
-6
-9
-2
9
12
7
14
17
20
14
11
21
29
23
7
-4
-10
-7
-15
-20
-13
-2
6
-2
-24
-37
-35
-33
-34
-32
-10
10
10
-3
-9
-21
-36
-33
-8
22
31
27
32
41
31
9
0
-3
-13
-8
17
28
12
3
8
15
-4
-28
-40
-33
-14
-1
16
28
37
33
3
-40
-66
-51
-9
12
-2
-17
-27
-31
-38
-45
-34
-28
-28
-25
-33
-48
-52
-47
-20
-9
-18
-15
-13
-14
-13
-7
-4
-12
-8
6
25
14
-14
-14
3
21
29
30
32
34
33
28
25
22
10
0
20
37
27
20
24
28
19
16
28
37
37
37
23
16
29
37
36
21
16
15
18
24
33
48
51
48
38
27
34
41
39
34
27
28
28
16
1
2
23
41
39
33
21
9
2
-6
-10
-17
-10
4
12
0
-15
-20
-6
15
11
-12
-33
-31
-11
4
2
6
16
33
25
-12
-26
-7
13
3
-19
-35
-28
-16
-20
-30
-43
-46
-55
-63
-77
-86
-83
-67
-53
-52
-42
-21
-21
-51
-86
-92
-66
-35
-40
-58
-54
-39
-27
-31
-38
-38
-45
-57
-76
-79
-61
-46
-26
-24
-33
-27
-25
-43
-49
-34
-9
9
21
25
10
7
18
37
52
50
46
47
48
42
45
62
75
75
66
52
41
36
42
49
49
43
42
46
43
40
40
34
15
3
13
30
50
57
41
31
30
26
29
35
49
66
69
61
52
51
49
45
52
44
16
-6
-5
8
17
18
11
14
25
30
16
-1
-8
0
10
9
0
-15
-16
-1
4
-2
-16
-25
-17
1
7
3
1
-4
2
9
-3
-21
-21
-18
-22
-21
-32
-33
-24
-27
-38
-59
-74
-64
-46
-40
-46
-60
-54
-45
-53
-67
-78
-75
-62
-59
-64
-61
-51
-47
-53
-59
-44
-28
-23
-26
-25
-18
-21
-21
-25
-17
-7
-2
-6
-14
-15
-11
-1
2
5
15
20
15
-3
-20
-10
16
25
16
13
26
55
69
55
32
24
24
30
41
40
40
45
41
39
27
10
14
33
40
47
58
59
46
34
33
30
17
8
13
25
23
18
29
37
25
14
16
9
-6
-29
-15
22
27
0
-22
-15
-9
-16
-30
-42
-45
-27
-11
-19
-35
-35
-34
-43
-44
-28
-14
-3
8
6
4
1
1
14
21
31
30
22
26
25
28
29
27
27
17
6
4
-3
-11
-7
6
9
-3
-23
-37
-34
-18
-21
-44
-44
-41
-36
-38
-45
-33
-16
-10
-8
1
9
12
12
8
2
-5
2
14
29
37
39
51
60
56
57
58
45
30
21
26
38
43
36
32
32
37
31
22
12
3
13
34
31
22
14
0
-13
-24
-24
-29
-47
-65
-74
-78
-79
-68
-56
-49
-55
-69
-68
-55
-51
-62
-65
-61
-53
-57
-63
-51
-34
-33
-49
-61
-57
-31
-21
-20
-18
-20
-12
1
19
17
1
6
19
16
13
11
18
29
32
27
18
16
15
10
8
8
14
13
13
25
31
32
30
31
29
31
28
11
13
24
29
24
18
20
24
23
15
6
4
8
10
23
37
39
43
44
39
36
34
27
23
22
23
21
19
15
19
26
30
36
41
33
28
35
46
54
50
55
55
42
18
2
4
14
5
-5
-5
-2
-5
-16
-13
9
18
-5
-34
-41
-18
0
-2
-1
0
-19
-42
-61
-59
-55
-60
-57
-53
-47
-54
-61
-59
-63
-69
-57
-44
-40
-44
-52
-58
-47
-37
-37
-42
-36
-31
-30
-38
-49
-33
-23
-26
-24
5
41
53
45
26
24
27
26
26
21
23
22
3
-6
12
29
29
12
-7
-7
-4
0
-3
7
20
25
23
19
17
6
4
4
-2
-20
-47
-50
-47
-32
-11
-1
-8
-22
-34
-37
-23
-1
28
25
-3
-19
-2
21
7
-16
-24
-14
-11
-17
-5
23
43
42
40
46
53
50
41
37
45
47
30
23
18
7
15
33
35
30
27
19
15
40
53
57
58
39
16
10
15
15
21
21
19
27
20
0
-9
-8
-9
-10
-21
-37
-44
-22
-5
-3
-5
-12
-11
7
27
16
-19
-35
-22
-5
0
7
27
39
40
34
30
30
28
16
3
4
5
-10
-33
-47
-46
-35
-26
-23
-46
-52
-30
-9
-16
-22
-14
-5
11
7
-19
-27
-12
-2
-3
-21
-27
-26
-26
-34
-61
-71
-60
-42
-38
-52
-60
-52
-50
-55
-67
-63
-31
-10
-15
-16
-22
-29
-24
-22
-24
-22
0
28
19
5
4
21
43
36
33
27
10
3
5
13
27
38
22
-2
-17
0
14
9
5
10
14
20
30
25
18
19
44
62
59
43
31
33
38
28
24
35
42
22
-5
-17
-14
11
28
17
-15
-32
-20
17
46
51
27
13
26
43
48
27
12
17
20
7
-2
0
10
26
29
12
-6
10
27
22
-1
-29
-32
-16
5
19
21
15
-10
-18
-9
-14
-20
-22
-25
-23
-13
-16
-16
4
35
46
20
-7
-5
3
-6
-32
-42
-31
-16
-22
-48
-49
-33
-20
-24
-40
-50
-42
-32
-26
-25
-10
2
8
11
5
7
16
29
26
1
-10
0
16
15
1
-1
3
1
4
-2
-20
-22
-18
-21
-19
-23
-25
-22
-9
6
7
12
10
-8
-14
-10
-6
-5
-3
-8
-4
3
-2
-14
-24
-25
-25
-23
-25
-12
3
5
-5
-28
-48
-58
-53
-38
-36
-35
-21
-15
-19
-19
-12
2
11
8
11
18
33
36
31
32
48
72
69
55
44
34
33
40
40
38
33
27
22
19
9
0
0
9
20
18
18
24
31
24
27
40
52
38
18
14
16
9
-6
2
6
10
11
11
4
-5
-12
-12
11
20
7
-5
-6
-19
-29
-24
-13
-1
-3
-13
-17
-16
-11
4
16
25
14
9
6
6
16
13
10
5
5
3
-5
-14
-17
-18
-23
-16
-5
-13
-29
-30
-15
-16
-30
-31
-16
-1
-9
-23
-18
-5
-12
-24
-16
-18
-23
-27
-34
-35
-36
-22
-4
-8
-18
-22
-21
-20
-23
-23
-13
4
11
5
-12
-21
-15
-19
-12
-15
-22
-19
-11
0
18
24
15
8
2
-2
5
12
1
-4
-12
-13
3
19
18
7
-7
-1
22
19
1
-22
-25
-7
16
23
15
8
6
17
31
42
31
25
31
21
8
-8
-7
-3
-9
-11
-12
-6
0
10
19
16
2
-9
-1
4
-9
-30
-38
-21
-11
-5
0
11
30
40
50
52
48
36
24
24
32
33
27
34
45
44
55
75
82
79
55
14
-6
-8
-10
-15
-18
-9
-5
2
4
-10
-23
-26
-18
-13
-8
-20
-17
2
-2
-15
-24
-23
-20
-27
-39
-31
-29
-31
-37
-24
-8
-4
-16
-40
-41
-36
-30
-22
-22
-31
-40
-48
-42
-34
-26
-23
-26
-15
-11
-11
-14
-18
-21
-23
-15
9
27
23
14
15
23
25
20
3
-6
4
8
11
20
31
30
19
9
-10
-23
-20
-7
3
13
7
8
17
22
25
18
11
9
8
5
7
15
19
18
3
-10
1
5
-11
-18
-9
-6
-3
0
-4
-11
2
13
3
-15
-20
-1
18
26
21
7
10
14
6
3
0
0
4
9
10
9
9
13
8
2
7
15
17
20
23
16
9
1
-23
-51
-57
-54
-38
-33
-38
-30
-14
4
1
-8
-13
-19
-32
-32
-27
-25
-23
-24
-8
-1
-2
-1
4
10
28
44
29
2
-2
10
27
39
30
33
42
61
72
63
52
45
45
39
37
28
23
28
47
56
45
38
34
24
14
14
19
13
-4
-7
-5
1
-3
-5
-8
-15
6
27
23
-1
-28
-38
-24
-22
-24
-34
-49
-47
-40
-34
-32
-40
-50
-58
-63
-57
-53
-57
-65
-68
-60
-63
-70
-75
-72
-52
-40
-37
-36
-28
-15
-5
4
-4
-14
-9
12
24
21
6
6
8
-3
-7
-5
-8
-8
-11
-18
-6
14
29
36
30
28
29
30
16
-4
3
31
63
65
39
14
15
30
35
34
32
21
14
21
17
13
-1
-17
-8
6
14
14
15
16
23
23
16
14
14
8
4
14
39
64
65
62
55
49
36
23
15
19
26
30
35
39
37
25
16
7
-3
-4
-6
-19
-23
-15
-7
3
11
5
-13
-31
-41
-43
-40
-39
-22
-12
-29
-47
-36
-21
-35
-54
-57
-49
-43
-43
-48
-51
-50
-49
-55
-55
-45
-45
-39
-37
-29
-24
-15
2
11
1
-14
-12
-6
9
31
