-38
-35
-39
-45
-30
-20
-21
-19
-13
-15
-23
-18
-21
-21
-14
-13
-16
-20
-12
-12
-14
-10
-15
-13
-13
-12
-16
-17
-15
-25
-24
-29
-30
-18
-19
-19
-19
-24
-20
-15
-13
-8
5
6
13
18
11
10
13
16
20
21
14
10
10
12
17
19
20
25
22
33
36
29
26
15
6
16
17
9
16
18
11
17
16
8
20
21
11
14
19
5
12
23
13
19
19
21
28
18
17
21
17
6
-1
4
12
16
19
17
19
22
6
4
2
-6
-6
-10
-17
-16
-18
-25
-21
-29
-33
-21
-9
-10
-12
-11
-22
-10
-9
-13
3
2
4
1
-1
-6
-2
5
-9
-5
-1
-10
-8
-6
-12
-9
0
6
2
1
-2
-12
-18
-16
-17
-7
-1
0
8
9
7
16
19
12
12
6
5
2
2
-9
-15
-8
-18
-19
-26
-29
-23
-11
-2
1
10
9
-1
1
-2
-15
-14
-7
-7
-2
-5
-9
-1
2
0
3
0
1
7
-2
-5
1
-2
1
2
0
-2
-1
-3
-11
-2
4
1
9
2
2
4
-3
-11
-12
-12
-17
-6
3
8
4
-2
-6
-12
-5
3
8
15
20
20
27
34
26
19
16
6
3
5
1
-8
-3
-12
-15
-5
5
5
-5
-11
-19
-14
-17
-16
-8
-14
-15
-19
-18
-12
-5
-3
-4
-1
5
8
8
18
31
38
44
37
29
34
31
25
27
24
19
20
29
26
28
29
20
22
20
15
10
8
1
-5
1
2
0
-7
-14
-18
-19
-20
-15
-11
-7
1
3
10
7
6
5
0
-9
-18
-28
-23
-20
-22
-15
-17
-17
-21
-23
-19
-17
-12
-9
-17
-30
-36
-35
-31
-21
-16
-15
-14
-13
-8
-9
-11
-19
-23
-20
-24
-23
-20
-16
-11
-14
-18
-14
-7
-12
-12
-9
-15
-7
0
6
14
19
22
27
26
26
30
23
29
28
21
19
9
7
10
14
17
14
7
5
6
6
2
-1
2
4
6
13
16
18
17
7
8
6
-4
1
1
6
7
3
6
6
10
16
14
10
17
21
14
18
15
-6
-10
-10
-15
-13
-8
-10
-5
-1
-5
-6
-10
-15
-17
-15
-9
-7
1
-2
-4
11
14
12
13
9
5
2
3
-1
1
5
0
-1
3
6
11
21
20
25
33
32
26
16
13
5
1
9
7
-2
-1
-4
-10
-7
-9
-9
-1
-8
-21
-14
-16
-13
-5
-18
-30
-23
-15
-27
-32
-36
-43
-41
-48
-50
-36
-29
-24
-17
-14
-18
-14
-10
-11
-13
-11
-11
-12
-11
-13
-6
0
3
0
0
4
4
12
17
12
12
17
17
18
18
21
19
17
15
12
25
24
16
11
11
10
6
13
26
24
26
24
18
23
21
19
25
25
23
18
11
5
-1
-6
-8
-4
-6
-3
5
6
12
9
7
11
4
0
-6
-8
-8
-13
-9
-8
-11
-12
-13
-15
-19
-17
-18
-18
-14
-15
-12
-7
-12
-15
-8
-3
2
-2
3
7
-3
4
5
5
4
-1
-4
-11
-11
-4
0
-1
-7
-10
-1
2
-5
-2
2
-6
-10
-7
-5
-6
-5
-7
-6
-11
-11
-3
0
-4
-1
-1
5
7
12
15
11
10
8
7
7
5
8
17
21
13
0
-4
-4
-5
-1
2
5
10
13
16
23
21
16
9
-1
-1
9
12
5
-5
-5
-4
-6
-3
-4
-3
-2
-3
0
3
-3
-8
-2
6
11
17
26
25
25
15
6
7
2
-5
-9
-8
-6
-14
-16
-12
-10
-2
-6
-16
-10
-14
-24
-21
-15
-7
-9
-8
-7
-7
-4
-7
-18
-25
-25
-36
-40
-39
-34
-20
-17
-20
-12
-12
-20
-24
-23
-19
-19
-16
-17
-7
0
0
9
11
7
5
5
9
17
21
18
22
26
24
16
14
16
11
10
14
23
32
34
24
24
25
20
24
25
22
20
14
9
7
10
10
16
19
22
30
31
33
36
29
28
24
17
10
2
5
2
1
-2
0
2
2
0
-1
2
7
7
3
3
-7
-17
-21
-20
-19
-19
-17
-13
-13
-16
-18
-13
-15
-15
-7
-8
-13
-17
-25
-32
-25
-19
-12
-10
-14
-26
-34
-34
-43
-42
-39
-31
-20
-13
-16
-19
-21
-22
-28
-32
-27
-12
-5
-17
-20
-23
-19
-11
-7
-9
-12
-9
-1
2
14
22
10
11
14
13
12
21
29
32
36
25
22
22
16
16
12
4
13
21
19
20
25
26
33
32
28
24
19
19
11
10
3
6
14
14
18
21
18
13
26
21
12
12
13
10
2
2
-4
1
15
23
23
19
13
12
19
17
7
2
-2
-2
-1
-4
-6
-15
-14
-6
4
15
15
7
-8
-14
-24
-40
-43
-44
-39
-31
-31
-34
-41
-42
-30
-26
-23
-23
-27
-35
-37
-37
-40
-36
-36
-33
-17
-5
-4
2
5
-8
-10
-14
-4
14
15
14
9
5
-2
-8
-8
-6
-4
-3
-1
-4
-8
-8
-5
-4
4
16
26
40
43
36
32
23
23
26
19
17
23
15
5
6
4
7
19
24
23
27
31
28
28
27
18
14
8
6
13
17
15
22
25
17
8
3
3
8
3
-1
0
5
5
1
4
5
-1
-3
-6
-13
-12
-19
-23
-22
-30
-32
-27
-23
-22
-19
-13
-12
-10
7
16
20
19
10
4
-1
-7
-1
6
-8
-16
-26
-31
-33
-31
-29
-33
-39
-43
-38
-43
-46
-46
-42
-32
-28
-25
-19
-10
0
5
4
3
6
2
-2
-5
-7
-6
8
25
37
43
43
40
39
31
22
15
7
7
10
14
20
20
25
25
12
8
4
-4
1
1
-3
4
5
3
7
7
13
10
-1
-4
-2
5
19
32
40
35
24
25
24
17
11
13
14
15
14
6
7
16
12
11
22
23
22
22
12
4
2
-10
-14
-9
0
12
15
13
6
-7
-20
-28
-28
-23
-14
-19
-25
-24
-29
-22
-21
-14
-10
-14
-18
-30
-40
-52
-52
-44
-34
-24
-21
-22
-16
-18
-27
-22
-27
-38
-38
-34
-29
-20
-21
-29
-26
-18
-21
-16
-5
-5
-5
1
1
5
6
2
-5
-9
3
9
12
17
15
16
19
22
23
23
21
11
10
12
16
20
22
30
31
30
29
27
31
33
28
32
35
36
40
37
35
31
25
30
31
31
32
37
43
41
34
27
29
30
27
17
13
-1
2
5
-5
-5
-11
-13
-20
-20
-22
-20
-11
-10
-10
-5
-11
-16
-11
-19
-33
-43
-50
-50
-44
-36
-26
-22
-18
-23
-35
-37
-41
-38
-29
-25
-25
-22
-21
-22
-24
-30
-29
-19
-13
-4
0
-7
-12
-22
-25
-25
-21
-6
0
3
6
2
3
4
2
2
-1
3
10
18
20
25
26
13
5
3
7
10
7
5
14
16
10
10
10
7
5
16
25
25
34
42
48
45
41
37
30
30
33
33
27
20
12
6
5
8
10
14
15
13
13
13
11
15
11
4
6
-1
-10
-10
-6
-9
-14
-21
-21
-26
-28
-24
-20
-17
-17
-14
-9
-7
-16
-26
-30
-25
-31
-34
-33
-35
-40
-36
-39
-43
-39
-34
-24
-16
-11
-7
-2
-3
2
5
9
12
5
0
2
2
3
6
7
6
7
11
11
6
11
14
11
3
2
3
4
-1
-2
2
4
7
0
4
10
10
8
14
15
14
15
15
18
11
0
0
6
15
18
19
24
29
29
23
21
20
15
14
19
23
21
23
19
14
9
4
4
11
11
1
-2
-11
-21
-16
-11
-3
-8
-9
-11
-21
-26
-21
-22
-28
-17
-7
0
-6
-11
-5
2
12
8
13
17
-1
-8
-9
-18
-14
-11
-2
8
6
-2
-8
-7
-14
-21
-15
-10
-17
-12
-11
-10
-4
3
10
7
3
-3
-5
-10
-21
-31
-34
-30
-19
-10
-6
-7
-13
-17
-19
-17
-14
-15
-17
-21
-21
-20
-18
-10
-7
2
11
9
16
21
29
26
13
3
0
2
0
1
6
9
12
19
15
9
9
19
18
11
9
9
11
7
-3
4
16
15
15
23
26
18
11
8
10
17
24
32
43
42
39
29
30
31
34
37
32
34
27
20
13
14
18
17
11
10
14
10
6
3
-1
-14
-29
-36
-37
-30
-30
-33
-30
-29
-27
-23
-13
-15
-19
-21
-24
-38
-55
-53
-54
-43
-32
-27
-31
-35
-36
-38
-42
-48
-47
-49
-54
-57
-50
-38
-31
-22
-12
-1
20
32
27
24
20
10
9
10
10
17
28
33
31
32
35
36
27
13
10
13
23
31
31
20
8
3
-1
2
10
17
23
28
30
35
40
43
38
26
18
21
19
17
20
20
24
21
24
26
26
20
10
5
-3
-6
-1
4
10
12
9
4
-5
-13
-16
-19
-20
-20
-19
-17
-26
-26
-23
-30
-33
-26
-22
-16
-15
-21
-19
-16
-20
-25
-28
-27
-21
-17
-16
-20
-22
-22
-21
-22
-31
-31
-18
1
10
15
8
-3
0
0
0
4
3
0
2
-1
-3
-3
3
2
5
3
-4
-4
0
5
4
12
12
11
10
11
7
-2
1
2
7
3
-9
-21
-27
-25
-19
-13
-13
-4
3
6
14
18
22
29
29
30
26
29
30
17
16
16
14
19
24
20
15
17
19
21
32
40
37
30
15
6
1
-4
-2
1
4
9
9
8
14
16
21
24
21
21
12
11
10
4
-1
-8
-9
-4
-5
-17
-15
-13
-10
-7
-3
2
4
-13
-23
-26
-21
-21
-24
-27
-32
-27
-29
-24
-20
-22
-26
-26
-25
-32
-36
-34
-32
-37
-41
-43
-47
-50
-47
-39
-33
-35
-34
-31
-33
-21
-11
-9
0
3
0
8
7
0
4
6
-3
-9
-6
-2
7
7
-1
-2
3
8
21
35
38
39
38
36
36
38
42
41
40
35
29
30
35
37
37
42
53
56
62
60
56
49
38
26
13
2
-7
-11
-14
-9
-2
2
7
7
5
2
-5
-9
-5
5
3
-2
-1
2
10
7
1
4
-5
-15
-18
-25
-26
-22
-21
-17
-12
-12
-10
-7
-9
-13
-31
-35
-38
-42
-38
-31
-23
-15
-8
-1
1
-6
-4
-3
0
-6
-13
-16
-15
-4
-3
1
6
11
15
9
-1
-5
-6
-7
-13
-15
-11
-2
4
-3
-5
-3
-5
-8
-7
-2
4
4
-2
2
2
1
1
-2
-10
-18
-22
-20
-12
-13
-14
-19
-16
-16
-14
-6
-5
-3
1
1
5
12
10
5
5
7
5
2
-2
-8
-5
2
6
9
13
15
15
18
19
15
13
12
7
15
23
23
24
23
21
20
18
17
9
-1
-1
3
8
15
21
24
28
24
22
21
21
26
24
22
23
25
18
14
12
5
2
-7
-13
-14
-11
-7
-4
-2
4
3
-1
4
-2
-5
-6
-15
-14
-16
-23
-31
-44
-47
-39
-29
-13
5
13
12
1
-9
-16
-20
-18
-13
-9
-8
-8
-9
-7
-8
-11
-18
-23
-28
-28
-20
-16
-13
-17
-23
-21
-14
-15
-14
-11
-9
-5
-4
0
-2
-3
3
-2
-6
-4
0
5
11
11
16
18
21
21
26
40
36
31
28
30
35
36
32
32
31
24
21
13
14
12
9
10
5
-4
-2
2
5
7
5
-3
-6
-2
-5
-11
-21
-24
-23
-27
-28
-24
-26
-22
-24
-31
-29
-28
-23
-19
-17
-18
-16
-12
-8
1
4
6
1
-3
-6
-8
-4
-2
4
1
-1
-4
-7
-20
-20
-18
-15
-9
-5
7
12
19
18
13
6
5
5
4
10
8
6
4
14
27
28
31
30
26
20
12
7
8
19
30
31
26
28
30
29
25
17
11
5
1
-1
3
1
4
2
1
5
2
8
4
-5
-8
-8
-7
-1
-3
-13
-13
-16
-14
-8
-4
1
5
8
1
-1
7
5
4
4
1
-2
-5
-8
-5
-8
-13
-16
-22
-21
-16
-17
-22
-26
-25
-24
-18
-7
2
-3
-10
-14
-16
-24
-30
-20
-16
-9
-6
-6
-2
-2
-4
-9
-14
-14
-17
-26
-28
-26
-21
-17
-15
-5
1
0
0
0
0
6
9
8
7
7
8
15
12
0
-8
-9
1
9
20
27
26
25
25
19
15
16
5
-6
-10
-9
-9
-1
-4
0
3
6
13
20
29
24
20
24
20
15
10
8
9
3
-2
4
7
8
10
1
-4
-13
-13
-7
-5
-6
-8
-4
0
5
14
15
14
13
10
12
6
3
4
6
12
10
22
28
29
28
24
20
16
16
15
13
15
18
19
16
13
8
-1
-7
-12
-19
-17
-17
-19
-13
-9
-9
-11
-15
-12
-13
-11
-10
-1
0
-18
-24
-25
-22
-21
-26
-26
-22
-27
-30
-28
-19
-18
-12
-8
-5
-3
-11
-17
-21
-22
-15
-13
-9
-8
-12
-14
-22
-16
-6
7
10
5
7
4
2
1
-3
-9
-14
-24
-21
-10
-11
-1
2
-7
-10
-15
-19
-15
-6
0
8
10
8
8
15
16
17
21
20
18
16
19
21
25
25
30
33
31
23
13
4
-2
1
7
11
16
18
6
-2
-3
-12
-17
-12
-9
-4
5
6
4
3
-2
-4
0
0
2
10
8
9
17
18
20
14
8
8
10
16
19
16
18
22
25
23
15
13
7
-2
-1
7
14
18
14
13
14
4
-8
-13
-11
-17
-19
-22
-30
-28
-33
-29
-19
-13
-7
-12
-10
-7
-1
2
-2
-10
-19
-21
-21
-19
-18
-12
-10
-12
-17
-20
-19
-13
-11
-1
4
6
15
9
10
3
-6
-9
-9
-9
-14
-22
-17
-8
-10
0
9
19
21
15
12
6
-3
0
9
10
10
3
-3
-1
0
3
7
9
2
-2
-2
3
12
13
17
18
16
15
14
15
18
14
16
15
12
16
14
14
8
-4
-3
-2
1
1
-5
-10
-8
-2
-4
-8
-18
-26
-26
-32
-35
-45
-48
-42
-37
-33
-28
-31
-26
-30
-38
-33
-33
-30
-28
-28
-28
-26
-21
-16
-8
-13
-17
-17
-20
-13
-7
-5
-5
-2
2
10
17
25
32
33
34
36
36
40
36
40
45
55
66
73
83
82
78
74
73
75
75
72
71
73
69
75
79
73
72
63
49
43
36
33
25
17
8
4
1
-4
-2
-3
-8
-17
-20
-26
-27
-28
-38
-42
-48
-58
-62
-59
-60
-63
-66
-68
-70
-76
-87
-96
-100
-99
-104
-103
-89
-83
-82
-79
-76
-72
-76
-80
-78
-79
-74
-69
-68
-62
-61
-61
-53
-48
-44
-38
-30
-26
-23
-11
0
7
11
9
22
34
47
53
59
56
55
60
65
68
69
73
72
75
78
85
89
86
78
75
75
68
73
68
65
73
73
71
73
77
80
74
73
75
79
81
78
82
79
69
63
57
52
55
50
42
34
25
27
27
25
22
20
12
3
-6
-17
-23
-32
-38
-42
-46
-46
-46
-47
-50
-56
-66
-81
-87
-95
-97
-97
-105
-111
-113
-117
-122
-122
-116
-109
-111
-110
-108
-106
-102
-97
-97
-90
-81
-71
-66
-64
-54
-49
-50
-47
-41
-28
-20
-15
-13
-18
-19
-14
-10
-6
-5
-1
5
11
17
21
32
46
49
49
45
38
44
47
47
50
53
58
62
66
69
71
72
68
64
70
75
81
84
78
76
70
64
64
67
74
78
77
77
67
59
62
67
68
65
59
53
52
50
49
44
38
35
26
27
25
25
28
30
33
36
38
34
25
13
4
-2
-7
-5
-2
3
1
-4
-9
-12
-14
-24
-31
-43
-49
-53
-64
-64
-64
-67
-71
-75
-73
-71
-75
-79
-83
-94
-103
-107
-106
-100
-92
-84
-80
-66
-62
-57
-50
-51
-49
-54
-53
-50
-43
-34
-33
-33
-28
-30
-27
-21
-17
-13
-18
-22
-27
-33
-35
-33
-32
-20
-13
-12
-7
-7
-6
-10
-14
-13
-10
-3
0
1
7
3
1
0
1
4
7
13
15
20
25
26
27
29
26
24
25
25
29
40
44
54
53
45
41
43
47
53
66
70
73
76
71
69
74
79
81
74
75
75
70
68
73
78
80
78
78
80
74
71
69
67
65
58
59
55
48
44
36
36
30
28
28
23
15
13
6
3
3
-1
-5
-9
-13
-15
-16
-17
-22
-22
-24
-26
-27
-28
-25
-27
-29
-29
-29
-28
-32
-37
-46
-50
-52
-55
-56
-57
-53
-54
-55
-56
-63
-67
-70
-76
-78
-84
-86
-84
-86
-88
-92
-94
-96
-94
-97
-102
-102
-103
-103
-104
-105
-102
-98
-89
-87
-87
-78
-65
-57
-51
-45
-46
-43
-38
-33
-32
-27
-23
-19
-13
-12
-8
-2
9
14
14
18
25
33
34
37
44
53
65
72
85
95
101
108
115
122
118
117
111
113
113
115
114
108
105
104
106
104
100
95
89
86
82
78
79
74
77
75
69
68
64
55
49
37
24
14
3
1
3
5
17
20
12
4
-1
-1
-8
0
2
-13
-10
-13
-23
-30
-39
-40
-41
-47
-46
-41
-45
-47
-57
-58
-56
-58
-54
-54
-58
-58
-60
-60
-55
-51
-41
-36
-32
-25
-15
-12
-10
-3
-5
-6
-10
-12
-10
-4
-6
-9
-10
-9
-6
-3
4
7
2
3
3
-2
-5
-11
-7
4
14
21
20
25
29
24
20
13
6
2
0
2
-5
-3
7
1
-7
-14
-20
-23
-28
-33
-37
-42
-53
-56
-50
-44
-47
-51
-51
-54
-50
-54
-59
-58
-58
-59
-56
-51
-50
-50
-56
-56
-56
-60
-60
-67
-66
-56
-55
-53
-45
-42
-46
-42
-41
-32
-24
-22
-20
-13
-9
-5
4
2
10
18
23
31
39
49
58
67
76
79
79
79
81
88
92
102
110
120
119
111
110
110
119
124
121
113
107
100
99
100
103
111
108
107
102
101
97
93
90
81
74
65
60
56
53
53
50
45
41
38
36
36
28
27
30
27
26
15
5
-4
-14
-17
-22
-26
-29
-32
-38
-50
-51
-50
-57
-69
-78
-81
-91
-94
-94
-104
-110
-120
-129
-136
-144
-154
-161
-162
-154
-147
-151
-153
-151
-150
-149
-145
-141
-132
-125
-118
-113
-114
-105
-100
-98
-91
-85
-73
-59
-50
-38
-29
-17
-6
3
12
17
19
24
29
36
46
48
51
53
52
55
59
67
70
69
70
71
74
77
79
86
92
91
98
102
105
103
97
92
88
79
76
74
79
87
87
93
88
82
80
74
75
68
60
51
42
38
37
43
46
38
29
25
19
15
2
-9
-14
-19
-14
-11
-11
-22
-28
-27
-33
-33
-36
-37
-35
-46
-54
-59
-67
-62
-60
-58
-57
-59
-55
-47
-40
-38
-38
-34
-38
-38
-30
-23
-19
-23
-22
-25
-35
-37
-30
-23
-18
-12
-9
-5
-4
-7
-3
3
0
-5
-2
1
4
0
-3
6
8
13
13
17
18
14
14
15
24
33
44
50
47
45
47
48
50
59
63
73
83
93
94
92
88
77
69
65
58
52
47
44
45
40
35
24
10
8
8
5
-5
-15
-22
-25
-31
-37
-44
-47
-51
-59
-63
-66
-71
-80
-86
-91
-97
-100
-103
-101
-101
-106
-108
-106
-100
-95
-95
-96
-97
-105
-110
-112
-110
-110
-104
-96
-87
-75
-72
-61
-53
-46
-43
-40
-33
-27
-17
-10
-1
2
10
18
30
42
45
48
49
55
57
57
51
46
48
47
43
44
52
61
68
69
70
65
56
53
51
58
69
69
69
68
66
66
69
68
67
62
64
66
64
61
59
58
53
55
62
62
68
74
67
65
66
62
62
59
51
47
45
49
52
50
54
53
41
46
50
51
51
41
36
31
31
30
28
31
23
14
3
-7
-13
-14
-14
-13
-11
-9
-7
-2
-5
-16
-25
-33
-38
-47
-58
-65
-67
-65
-62
-58
-64
-71
-76
-81
-84
-81
-78
-79
-83
-86
-86
-87
-90
-93
-97
-99
-103
-101
-102
-100
-102
-105
-109
-115
-112
-112
-114
-109
-105
-104
-99
-99
-99
-99
-102
-103
-93
-82
-70
-55
-39
-30
-25
-21
-15
-9
-8
-8
-9
-5
0
8
14
18
28
33
40
43
45
54
49
53
58
59
63
62
69
74
75
77
83
91
98
103
106
109
113
118
117
123
122
118
118
118
124
125
118
113
112
110
106
106
111
115
115
114
118
111
105
98
88
80
72
67
54
45
37
31
28
28
29
22
21
22
16
13
9
3
-1
-10
-13
-17
-27
-27
-37
-43
-46
-53
-50
-53
-57
-56
-56
-66
-66
-61
-59
-61
-70
-74
-81
-88
-89
-87
-90
-92
-92
-95
-91
-81
-82
-87
-92
-94
-90
-89
-89
-86
-79
-75
-69
-69
-65
-61
-67
-71
-75
-67
-67
-73
-67
-67
-67
-62
-64
-60
-54
-50
-47
-47
-50
-53
-56
-46
-37
-29
-21
-17
-12
-13
-15
-20
-12
-6
-8
-2
4
17
27
33
31
31
32
35
44
48
54
56
57
61
63
63
62
68
66
70
77
81
80
81
73
66
68
76
85
92
95
86
80
77
71
70
68
61
54
55
53
57
73
72
78
75
69
65
66
70
75
81
82
80
75
74
72
70
68
68
61
47
37
29
14
9
2
-4
-8
-16
-19
-23
-28
-34
-30
-33
-32
-38
-45
-47
-62
-69
-77
-78
-77
-73
-72
-71
-62
-61
-72
-79
-77
-78
-71
-67
-66
-72
-74
-74
-81
-80
-77
-73
-64
-57
-55
-45
-44
-52
-55
-62
-54
-44
-41
-41
-41
-41
-36
-38
-41
-31
-42
-37
-41
-43
-34
-37
-34
-22
-10
-7
1
2
7
12
9
0
8
5
14
19
15
25
17
3
5
17
13
12
3
14
12
6
11
11
13
16
16
24
37
27
32
27
23
16
17
21
30
31
28
41
39
39
39
36
48
46
43
46
40
51
59
69
81
83
81
72
66
63
60
51
49
42
42
51
48
60
60
47
54
33
37
34
19
36
24
23
23
18
23
16
13
5
17
6
4
1
-6
-3
-25
-23
-28
-25
-28
-34
-38
-27
-43
-32
-24
-48
-49
-73
-67
-67
-57
-57
-69
-75
-61
-61
-64
-63
-56
-40
-54
-51
-57
-46
-28
-40
-43
-33
-17
-27
-17
-29
-17
-1
-19
-21
-23
-23
-29
-15
-37
2
-9
-1
4
-10
-3
-4
-8
-7
6
-10
10
3
40
23
22
26
36
38
36
11
19
20
2
0
-4
7
3
28
4
27
-1
3
-7
-10
-23
-33
-21
-52
-47
-43
-50
-44
-37
-54
-46
-36
-38
-12
-4
-24
-12
-27
-23
-4
-8
15
23
5
-1
26
21
43
42
15
50
45
74
63
73
68
40
57
40
61
40
46
34
33
39
25
53
54
54
66
51
31
67
71
86
82
86
60
45
39
33
38
60
59
71
65
31
22
-5
23
27
43
39
39
34
-8
12
-8
5
-26
-23
1
-16
-42
-34
-29
-98
1
-36
-35
29
-62
-19
-26
-49
-25
-40
-98
-80
-88
-105
-36
-95
-1
-83
-60
-105
-153
-101
-152
-55
-149
-34
-132
-84
-115
-199
-54
-125
-61
-59
-74
-57
-30
-91
-18
-69
-25
-47
-19
0
14
54
7
73
-40
93
-13
-12
85
-10
29
46
28
34
57
-15
28
10
35
60
97
66
59
62
5
52
28
92
60
99
41
34
126
39
130
69
88
76
101
94
59
150
7
111
17
60
59
14
72
-43
15
-3
34
-16
101
-10
9
2
-31
27
-28
22
-85
-9
-110
23
-68
6
22
-68
3
-10
-36
20
48
-96
54
-53
0
-2
12
-42
-60
-2
-82
15
22
-13
4
-34
-28
-1
10
21
-59
22
-89
-20
-49
-28
-10
-27
-22
-70
62
-23
8
50
-6
-43
71
-64
45
-25
-42
-12
-47
-31
-45
-3
-65
9
-97
-10
2
46
40
11
-17
-11
-17
-54
8
-34
-5
-21
-13
-36
5
-25
39
-16
57
78
75
79
-19
70
-76
85
-35
39
39
-22
85
-74
91
-47
-1
5
-47
55
81
-69
93
-44
33
7
-75
54
-53
39
-93
75
-96
27
-2
-166
117
-132
-4
14
-147
69
-94
-78
-31
-54
5
-35
-69
-12
-63
-28
-48
-46
-48
-86
-68
-112
50
-79
23
-39
-5
42
-33
45
-76
-20
-36
-79
51
25
44
50
-55
84
-33
48
72
13
152
45
59
94
-19
71
34
66
35
120
44
96
58
-19
162
-9
170
37
111
44
130
48
143
100
126
195
24
203
28
171
57
48
32
200
-1
217
11
-29
146
-100
104
-59
21
24
49
-75
68
-92
20
-78
-78
-95
-48
-119
-28
-95
-200
40
-298
64
-240
-137
-77
-217
-52
-98
-170
-58
-183
-145
-84
-163
14
-147
-16
-130
-46
-72
-69
-62
-157
-4
-164
-9
-108
-57
-4
-105
-86
-92
-62
32
-22
-84
6
-150
115
-144
80
-76
10
95
-36
114
-11
196
7
115
-27
11
95
79
73
58
66
106
57
73
46
11
96
28
103
10
127
55
81
-18
-36
6
2
71
-35
114
33
76
-6
86
11
129
59
10
101
50
79
-17
21
-14
-6
-35
72
-83
53
72
-75
14
12
-118
124
-109
5
41
15
104
5
100
-105
158
-91
111
4
112
-8
35
-14
-108
89
-132
98
-5
127
14
195
-73
98
34
-100
146
-85
134
-11
40
-66
28
-118
137
-119
69
82
-87
170
-135
80
-49
70
-110
40
-74
-98
-2
-168
-65
-126
-97
-123
-56
-24
-26
-62
29
-165
-18
-146
-104
-62
-56
-5
-79
-35
-160
-125
-84
-153
-130
101
-138
126
-109
-5
-38
-50
-36
50
-50
32
105
-125
43
-105
-84
-57
1
-96
191
-143
214
4
-37
61
-26
92
-22
199
-110
210
-166
91
14
-73
128
-60
84
35
65
106
3
121
-44
28
32
54
94
-12
15
-10
18
-57
69
-60
73
-26
93
-45
84
58
-13
-9
41
117
-46
120
-32
-72
72
-70
9
101
-124
117
-31
30
27
47
-29
-3
-11
37
87
-70
129
-26
-9
75
-81
0
92
-105
91
-38
35
134
-76
116
-90
56
12
29
141
60
145
-41
65
-99
12
2
-39
144
-81
244
-50
129
20
-119
132
-166
133
-45
148
-84
92
-139
-102
-158
-50
-59
-28
14
-79
112
-225
120
-297
102
-214
-32
-76
-41
109
-193
101
-224
-10
-132
-22
-200
192
-221
148
-129
-139
-77
-169
-58
-120
5
-87
167
-140
213
-288
81
-123
-100
148
-89
153
99
-24
116
-154
148
-64
54
150
-46
229
-152
261
-178
137
-121
8
5
-61
72
48
-17
75
-64
-36
47
-104
214
-47
89
40
15
42
20
-8
21
-68
208
-8
78
82
-3
151
-160
59
-157
56
55
47
-43
96
-52
39
-65
1
-29
32
15
-142
231
-282
137
-127
-64
157
-166
287
-129
75
91
-161
137
-58
-28
-10
22
-26
93
10
-128
99
-169
169
24
-53
178
-133
41
43
-108
151
-68
0
12
-18
120
-3
77
-12
99
-94
165
-91
143
-28
-29
82
-96
231
29
89
46
21
-130
172
-172
207
20
-29
196
-240
69
-105
116
-57
107
-179
86
-177
-74
-23
-250
43
-188
-74
-108
-23
-22
83
-159
3
-65
-34
-7
-36
-21
-29
-58
-119
-36
-128
61
-103
-27
-58
53
34
28
-31
-132
66
-142
65
-27
12
10
-38
-126
-51
-30
26
110
-29
-66
-17
-6
-2
192
-49
185
-100
95
47
-108
117
-48
53
157
-62
51
65
-119
129
-101
170
-23
154
7
29
-50
34
3
-115
233
-296
321
-151
-4
-65
9
58
161
-46
-28
78
-150
211
-191
174
-131
14
-178
54
-102
84
-4
-43
162
-198
229
-201
163
-106
104
3
-57
36
34
15
21
-54
-78
255
-186
262
-136
53
12
-98
73
-87
202
44
250
-135
273
-103
51
40
35
146
85
-18
97
19
-154
305
-237
344
-214
139
-35
50
167
-138
35
-192
145
-178
15
-128
-18
42
2
-21
-78
69
-81
69
-118
-7
88
-100
-134
-218
-127
-97
-63
-158
-17
-55
-54
32
-57
39
26
-97
-181
-189
-187
-66
-93
5
-85
-47
69
-151
-47
-54
-136
171
-60
148
8
59
-140
-157
58
-159
193
186
157
-62
-83
-97
21
84
-3
298
3
110
-56
-117
160
80
135
99
-42
18
99
-131
143
30
5
254
-39
187
114
-35
-52
37
-106
252
-95
152
-80
64
42
-42
296
-231
316
-297
107
-6
71
-5
-138
-168
-29
-90
-29
111
-26
67
19
59
-91
56
-259
96
-247
103
44
-78
-26
-186
-110
-99
7
-86
122
37
8
0
151
-186
196
-108
-45
74
-148
166
-42
179
-5
-11
67
-46
95
73
101
84
67
-47
82
15
-24
120
-4
32
-13
95
-36
-11
41
-53
-97
14
-49
17
19
-83
91
62
65
114
-66
-5
-50
-104
118
-33
11
-54
-80
-167
82
-85
32
108
-30
48
-95
-139
-13
-134
-24
-95
-189
-35
-170
39
-176
-26
-201
-135
-39
-210
71
21
255
-63
-41
-221
-65
71
59
152
-13
179
50
-13
30
-34
76
220
23
305
130
135
28
3
18
42
119
48
27
-89
32
-213
44
-138
41
-6
-24
56
-28
-38
2
-1
-125
67
-171
60
-152
-83
-166
-148
-56
-74
68
-18
11
-11
-18
-40
39
-3
70
54
-17
-40
17
-173
35
-26
14
198
24
212
58
119
78
-3
-54
29
-39
121
7
-98
98
-211
71
109
111
195
161
124
60
-74
-22
-42
-43
40
-59
38
-26
-15
-37
-30
78
135
112
135
162
185
89
-58
17
28
-6
101
-42
71
142
-40
50
-41
77
8
62
46
147
92
58
-78
-164
-157
-260
-192
-145
-48
-84
-115
-67
-203
-115
-146
-227
11
-9
25
-59
-33
-182
-204
-161
-135
53
106
97
-4
-54
-83
-118
-109
-46
-13
26
-46
-27
-31
-104
-190
-155
-5
-30
36
42
-7
-23
-38
-105
17
30
119
117
37
77
-5
36
66
26
46
70
-16
103
130
24
58
-7
6
71
152
160
183
158
112
88
0
58
8
102
66
34
95
56
-59
-67
-89
-144
-51
-24
-2
35
55
-11
-43
-135
-142
-28
35
39
86
32
69
-2
-89
1
-19
6
104
61
110
270
59
81
-18
11
103
18
104
45
5
-20
-88
-214
-22
-58
-24
133
-2
62
12
-100
2
-69
-63
67
31
94
125
93
56
8
-75
-17
-3
76
153
43
25
-64
-108
-113
-77
-118
-90
-114
-102
-69
-86
-35
-41
-42
-135
-12
-56
-10
-22
-137
-64
-96
-94
-32
-66
-41
-12
-137
-89
-105
-52
20
-37
7
39
-53
33
8
-97
-15
-98
-55
6
17
72
46
-56
-35
-63
49
154
128
107
55
40
18
75
-1
58
61
9
16
81
55
56
31
5
27
98
104
127
58
-29
-20
-179
-44
-89
-32
-91
-193
-163
-185
-128
-209
-78
-76
-60
-63
-89
-15
-14
-49
-108
-62
-19
-19
28
9
34
36
56
102
174
253
287
257
288
319
376
396
390
436
503
588
673
805
821
855
744
818
957
1063
1096
1003
992
821
521
192
44
-66
-285
-628
-904
-1104
-1378
-1724
-2018
-2207
-2307
-2468
-2542
-2513
-2469
-2490
-2619
-2593
-2465
-2226
-1931
-1542
-1180
-849
-485
-150
326
721
1040
1363
1605
2007
2236
2407
2486
2458
2367
2220
2200
2172
2123
1925
1625
1369
1136
1141
1507
1780
2113
2141
2201
1802
1373
1136
1213
1514
1449
1432
1341
1126
564
3
-114
46
-67
-352
-625
-729
-1199
-2125
-3039
-3551
-3952
-4241
-4287
-4070
-3800
-3973
-4240
-4544
-4332
-3842
-3279
-2603
-1732
-876
-310
-61
75
284
383
503
941
1904
2781
3167
2953
2644
2266
1891
1557
1534
1880
1993
1747
1272
798
172
-674
-1403
-1639
-1516
-1118
-796
-597
-561
-853
-1236
-1363
-1125
-544
40
495
967
1227
1342
1126
1209
1787
2917
4010
4772
5033
4878
4563
3998
3730
3874
4425
4446
3663
2446
1738
1481
1133
243
-614
-1132
-1577
-2457
-3408
-4000
-4536
-5475
-6635
-6963
-6489
-5732
-5780
-6175
-6396
-6257
-5807
-5202
-4244
-3065
-2062
-1467
-900
-73
752
1185
1428
1863
2735
3664
4343
4671
4693
4222
3387
2725
2652
2893
3011
2716
2214
1542
628
-275
-978
-1379
-1597
-1678
-1650
-1399
-1349
-1449
-1957
-2428
-2556
-2218
-1478
-640
154
796
1229
1644
2438
3232
3740
3679
3792
4301
4979
5309
5591
5597
4914
3339
1994
1917
2597
2760
1982
1106
235
-890
-2546
-3774
-4189
-4462
-5018
-5526
-5384
-5011
-5347
-6413
-7295
-7308
-6528
-5485
-4198
-2914
-2168
-2097
-2297
-1933
-951
88
914
1657
2593
3352
3542
3369
3118
2834
2450
2118
2431
3005
3229
2605
1570
654
-60
-623
-858
-747
-567
-586
-1073
-1295
-1534
-1543
-1931
-1873
-1095
165
1713
2660
3494
3316
2810
2334
2660
3809
5075
5920
5934
5093
3726
2677
2383
2704
2800
2476
1919
1235
176
-1291
-2731
-3758
-4761
-5343
-5447
-4880
-4480
-5178
-6345
-7376
-7452
-6826
-5589
-4060
-2904
-2466
-2509
-2406
-1939
-1085
-333
551
1569
2600
3455
3799
3709
3257
2650
2290
2448
3031
3568
3442
2540
1347
316
-402
-745
-841
-792
-994
-1361
-1677
-1874
-1997
-2229
-2418
-2403
-1972
-1386
-595
385
1281
1988
2450
3124
3672
3974
4315
4882
5706
6090
6314
6194
5537
4279
3154
2968
3431
3564
2910
1840
667
-785
-2565
-3895
-4455
-4735
-5169
-5786
-6029
-6074
-6757
-7695
-8161
-7643
-6430
-5275
-4276
-3579
-3261
-3181
-2967
-2109
-761
485
1308
1907
2552
3117
3400
3428
3410
3379
3278
3188
3249
3321
2973
2072
1087
462
169
-144
-574
-983
-1431
-1812
-2112
-2057
-1891
-1868
-2084
-2272
-2082
-1555
-842
20
889
1587
2321
3237
3971
3935
3722
4116
5285
6100
6392
6489
6258
5066
3192
2352
3214
4285
3822
2342
989
-67
-1653
-3427
-4300
-4275
-4428
-5197
-5866
-5988
-6213
-7091
-8090
-8197
-6861
-5153
-4074
-3730
-3541
-3262
-3094
-2526
-1029
815
1987
2122
2120
2718
3330
3534
3548
3720
3863
3584
3111
3012
2842
2127
1044
265
63
-235
-917
-1614
-2161
-2591
-2891
-2874
-2466
-2317
-2624
-3071
-2992
-2301
-1427
-559
349
1209
1754
2330
3272
3988
4213
4335
4991
6032
6559
6588
6442
5866
4568
3261
3326
4556
5002
3729
1823
491
-549
-1968
-2950
-2977
-2964
-3808
-5166
-5895
-6044
-6393
-6992
-7299
-6673
-5381
-4411
-4128
-4250
-4161
-3724
-3035
-1752
-46
1174
1338
879
998
1911
2768
3262
3438
3618
3408
2685
2193
2190
2186
1558
752
440
219
-492
-1492
-2277
-2551
-2610
-2647
-2507
-2363
-2457
-2949
-3335
-3005
-2094
-1150
-347
375
986
1579
2200
3124
3678
4005
4564
5466
6147
6158
6053
6070
5657
4553
3904
4460
5356
4851
3056
1592
868
3
-1311
-2047
-1927
-2295
-3672
-5143
-5632
-5525
-5769
-6225
-6370
-5775
-4949
-4625
-4821
-4807
-4127
-3237
-2570
-1715
-396
448
273
-174
420
1896
2864
2999
2929
3041
2813
2207
2002
2421
2596
1985
1094
586
301
-201
-878
-1427
-1756
-1966
-2131
-2225
-2293
-2468
-2832
-2983
-2544
-1852
-1322
-1193
-762
-220
368
1072
2449
3848
4019
3385
3390
4740
5820
5887
5753
6040
5761
4407
3535
4357
5422
4700
2782
1549
1171
416
-945
-1857
-2204
-2883
-3984
-4930
-5254
-5483
-6007
-6698
-6856
-6260
-5262
-4751
-4936
-5056
-4693
-3746
-2730
-1561
-446
39
-205
-187
793
2242
3120
3267
3329
3361
3138
2794
2805
3124
2924
2163
1525
1196
850
65
-720
-1254
-1586
-1900
-2061
-2136
-2275
-2532
-2907
-2988
-2814
-2302
-1883
-1627
-1074
-312
524
1153
2028
3083
3477
3277
3466
4755
6148
6483
6191
6073
5747
4720
3955
4532
5715
5525
3825
2130
1196
397
-766
-1640
-1925
-2322
-3401
-4675
-5457
-5923
-6465
-7044
-7203
-6666
-5851
-5381
-5599
-5903
-5622
-4653
-3532
-2508
-1461
-765
-589
-588
176
1685
2825
3091
3031
3188
3315
3155
3096
3383
3522
3055
2390
1882
1462
832
140
-289
-544
-824
-1196
-1645
-2114
-2424
-2558
-2587
-2537
-2365
-2144
-1892
-1780
-1348
-513
250
776
1363
2547
3473
3500
3351
4118
5423
5950
5661
5647
5987
5588
4651
4515
5510
5866
4506
2562
1577
1333
644
-408
-1027
-1531
-2717
-4400
-5429
-5632
-5708
-6108
-6590
-6755
-6673
-6489
-6540
-6605
-6262
-5367
-4320
-3640
-3109
-2499
-1968
-1638
-962
341
1689
2250
2102
2080
2375
2688
2833
3138
3493
3308
2621
1990
1751
1568
1266
1020
793
371
-300
-901
-1266
-1397
-1358
-1225
-1173
-1387
-1597
-1685
-1426
-1043
-500
344
1170
1759
2117
2624
3138
3299
3407
4171
5499
6283
6003
5271
4917
4663
4267
4244
4865
5330
4345
2420
981
502
188
-660
-1485
-2103
-2877
-4074
-5187
-5675
-5831
-6033
-6389
-6597
-6493
-6236
-6041
-6034
-5823
-5186
-4328
-3686
-3258
-2732
-2168
-1678
-1147
-275
657
1111
1042
986
1245
1602
1827
1965
2069
1926
1560
1271
1193
1139
974
678
525
403
330
174
-14
-113
-112
10
143
340
450
479
466
753
1274
1703
1673
1794
2282
2981
3413
3747
4223
4247
3767
3439
4111
4933
4913
4152
3481
3038
2403
2107
2438
2845
2158
638
-644
-1136
-1400
-1862
-2274
-2683
-3307
-4218
-4939
-5162
-5226
-5322
-5448
-5416
-5151
-4817
-4539
-4538
-4439
-4039
-3330
-2765
-2338
-1886
-1510
-1328
-1161
-540
198
520
365
303
509
754
838
949
1035
832
436
260
455
647
632
554
537
529
571
687
821
857
920
1158
1468
1720
1869
1850
1801
1781
2113
2461
2662
2675
2612
2797
2974
3299
3474
3615
3345
2889
2586
2672
3025
3094
2769
1919
1065
445
482
863
1132
901
61
-936
-1807
-2027
-1907
-1786
-2068
-2683
-3357
-3853
-3960
-3795
-3592
-3627
-3817
-3917
-3800
-3528
-3291
-3097
-2895
-2739
-2671
-2566
-2272
-1915
-1695
-1635
-1446
-1141
-894
-830
-809
-714
-536
-346
-178
4
123
167
167
260
548
871
1074
1101
1108
1289
1620
1963
2213
2369
2387
2405
2496
2722
2933
3054
2983
2852
2744
2704
2661
2636
2558
2326
1972
1677
1683
1773
1889
1794
1568
1024
448
171
465
906
1016
723
53
-594
-982
-717
-52
412
140
-634
-1267
-1510
-1494
-1327
-1055
-1066
-1602
-2416
-2817
-2754
-2584
-2562
-2600
-2657
-2920
-3255
-3382
-3227
-2952
-2742
-2683
-2805
-2975
-2929
-2590
-2152
-1824
-1574
-1467
-1428
-1258
-758
-106
327
469
540
764
1009
1327
1709
2046
2232
2235
2320
2500
2724
2890
2995
3037
3011
3058
3081
3030
2829
2654
2472
2191
1897
1657
1555
1370
1143
984
866
567
206
-40
-145
-351
-538
-534
-507
-541
-625
-447
-297
-358
-518
-378
-138
3
49
202
213
-182
-579
-467
147
555
447
53
-263
-616
-950
-993
-670
-461
-868
-1590
-2125
-2241
-2126
-2046
-2056
-2153
-2349
-2608
-2789
-2730
-2367
-1968
-1876
-2056
-2219
-2119
-1862
-1549
-1170
-777
-543
-516
-443
-42
581
1012
1152
1191
1431
1764
2082
2340
2577
2645
2441
2191
2152
2311
2362
2216
2015
1873
1717
1528
1304
1167
1063
906
679
551
494
340
60
-199
-238
-266
-332
-350
-238
-82
-26
-39
8
58
79
107
196
308
322
201
69
7
-61
-126
-166
-168
-288
-420
-515
-548
-533
-590
-565
-579
-756
-1013
-1051
-795
-538
-493
-572
-667
-789
-937
-931
-687
-396
-338
-502
-680
-707
-618
-557
-515
-441
-324
-283
-310
-276
-191
-96
-90
-20
146
346
531
626
737
776
725
592
537
573
592
586
505
377
195
44
-12
54
101
70
-45
-221
-382
-456
-418
-361
-322
-358
-415
-472
-454
-340
-190
-70
-27
-19
-12
30
115
236
282
235
176
125
104
104
122
157
146
55
-16
-15
4
2
-4
17
-16
-97
-128
-68
13
71
99
148
219
246
328
454
615
750
869
938
971
1015
1053
1129
1225
1331
1408
1391
1292
1224
1199
1170
1101
1048
968
768
460
193
45
-71
-254
-490
-717
-923
-1159
-1355
-1402
-1426
-1466
-1568
-1679
-1749
-1742
-1643
-1536
-1453
-1371
-1261
-1132
-1033
-961
-853
-721
-654
-621
-548
-461
-442
-474
-526
-518
-530
-609
-690
-760
-767
-804
-869
-949
-1052
-1143
-1145
-1066
-917
-756
-670
-622
-571
-422
-190
127
406
598
746
910
1155
1454
1774
2030
2182
2214
2209
2295
2494
2696
2815
2818
2709
2538
2353
2248
2200
2166
2031
1800
1515
1226
953
733
588
433
273
69
-170
-383
-558
-661
-727
-776
-794
-816
-850
-864
-820
-747
-661
-651
-664
-643
-592
-507
-425
-358
-347
-435
-549
-597
-581
-556
-600
-699
-858
-1050
-1235
-1344
-1420
-1488
-1591
-1767
-1931
-2061
-2149
-2203
-2206
-2165
-2137
-2113
-2060
-1953
-1805
-1660
-1478
-1269
-1019
-771
-524
-260
34
306
501
704
926
1185
1378
1547
1728
1851
1899
1884
1915
1955
1934
1857
1799
1746
1685
1548
1416
1317
1179
1036
873
802
762
677
561
462
384
355
346
397
488
529
534
501
520
582
656
721
746
722
653
585
544
549
539
513
452
333
193
40
-70
-175
-278
-389
-531
-723
-923
-1086
-1204
-1251
-1294
-1339
-1399
-1474
-1560
-1600
-1525
-1411
-1331
-1289
-1234
-1139
-1041
-912
-709
-533
-415
-352
-278
-112
28
147
233
308
382
422
505
585
637
568
445
373
374
390
396
387
315
207
80
24
28
49
17
-57
-122
-163
-177
-181
-185
-211
-223
-222
-210
-160
-102
-63
-97
-150
-147
-88
5
68
146
215
222
180
156
218
283
307
333
374
379
353
342
346
338
319
294
287
259
213
189
143
81
21
24
11
-42
-86
-104
-82
-103
-122
-93
-82
-88
-89
-59
14
83
134
154
149
155
186
208
252
306
357
361
313
295
324
330
293
252
214
207
156
94
62
35
-18
-108
-169
-194
-223
-310
-361
-364
-350
-372
-433
-462
-454
-461
-473
-416
-342
-288
-298
-302
-218
-149
-97
-30
61
169
232
269
320
374
421
464
507
545
534
495
429
364
322
280
235
183
115
21
-80
-186
-283
-378
-453
-508
-527
-534
-566
-619
-691
-738
-755
-698
-616
-553
-513
-503
-469
-432
-364
-271
-163
-65
-8
25
49
101
150
179
172
162
165
196
228
229
207
150
73
-8
-42
-39
-42
-106
-190
-259
-323
-380
-416
-390
-388
-409
-392
-350
-294
-251
-197
-95
6
102
222
380
543
652
752
869
984
1065
1127
1201
1293
1341
1365
1386
1368
1299
1169
1050
963
909
833
733
604
435
255
102
2
-75
-171
-282
-376
-444
-500
-538
-577
-609
-652
-655
-597
-517
-446
-423
-416
-435
-427
-365
-261
-166
-133
-143
-144
-152
-169
-161
-129
-123
-180
-246
-302
-350
-448
-555
-608
-635
-661
-723
-784
-860
-921
-964
-980
-938
-899
-871
-895
-901
-857
-782
-694
-590
-487
-382
-287
-201
-95
3
77
130
190
265
352
443
528
576
590
567
568
562
567
585
612
606
535
500
496
508
520
544
553
524
483
498
570
632
656
646
625
601
621
679
740
743
687
596
514
472
468
477
439
346
246
181
133
87
34
-29
-133
-245
-299
-301
-271
-262
-290
-341
-392
-418
-381
-314
-254
-234
-264
-309
-348
-334
-279
-218
-190
-200
-231
-266
-272
-239
-199
-196
-226
-262
-307
-348
-382
-355
-331
-364
-429
-489
-511
-519
-506
-472
-472
-487
-508
-520
-491
-435
-353
-298
-274
-234
-158
-83
-18
51
134
219
267
304
390
474
523
539
564
601
604
597
608
616
571
483
425
402
365
303
226
147
46
-55
-99
-99
-91
-105
-150
-196
-223
-208
-135
-48
15
45
73
109
162
259
377
478
535
543
533
541
567
618
664
672
605
498
380
273
205
154
79
-46
-198
-335
-446
-553
-645
-734
-820
-909
-990
-1001
-960
-943
-953
-989
-1025
-990
-902
-768
-629
-519
-448
-407
-374
-279
-137
18
141
206
238
255
287
347
403
405
390
346
294
253
229
219
174
93
26
-22
-45
-65
-70
-42
-24
-32
-30
31
96
136
164
221
324
412
491
589
686
749
786
843
931
996
1024
1043
1053
1038
994
942
887
804
713
627
548
435
273
105
-43
-166
-273
-356
-446
-576
-730
-854
-918
-924
-921
-932
-936
-971
-989
-980
-925
-848
-798
-760
-707
-651
-578
-493
-416
-360
-328
-302
-271
-234
-205
-202
-220
-238
-258
-258
-266
-279
-294
-315
-344
-373
-392
-386
-362
-322
-269
-231
-194
-159
-125
-65
33
175
320
409
460
517
586
685
807
940
1056
1113
1141
1146
1165
1185
1194
1199
1196
1168
1114
1035
939
840
734
645
548
449
352
238
115
-8
-97
-146
-200
-287
-365
-426
-471
-498
-495
-463
-438
-451
-489
-508
-510
-492
-468
-429
-403
-414
-467
-532
-577
-606
-622
-648
-684
-739
-812
-896
-960
-1010
-1047
-1076
-1099
-1100
-1069
-1028
-990
-944
-892
-827
-739
-629
-496
-331
-172
-38
72
198
331
486
642
794
944
1054
1145
1185
1236
1299
1341
1364
1363
1376
1361
1306
1220
1138
1067
987
901
816
736
637
511
372
260
193
159
127
74
27
-6
-41
-58
-55
-23
-18
-48
-65
-50
-5
12
16
12
-4
-38
-89
-106
-113
-147
-213
-289
-348
-409
-482
-582
-693
-794
-883
-951
-982
-997
-1037
-1110
-1175
-1198
-1182
-1139
-1082
-1014
-943
-886
-832
-738
-615
-486
-354
-201
-42
97
217
323
436
539
628
705
776
823
853
872
879
854
797
738
683
661
628
569
489
399
302
202
105
55
33
-18
-94
-167
-194
-205
-220
-220
-177
-142
-134
-121
-74
4
61
114
166
202
216
215
245
287
294
286
251
215
173
121
92
72
42
-19
-91
-155
-201
-243
-282
-297
-302
-314
-340
-355
-352
-338
-304
-269
-215
-152
-90
-26
65
169
262
326
376
435
500
567
647
714
749
748
719
683
650
626
572
510
421
317
198
80
-12
-134
-255
-370
-457
-529
-626
-730
-807
-857
-883
-889
-869
-840
-828
-816
-792
-730
-660
-591
-539
-483
-438
-402
-361
-303
-217
-158
-119
-110
-118
-124
-129
-123
-108
-86
-87
-121
-177
-215
-231
-230
-210
-185
-157
-135
-119
-97
-58
-1
75
167
255
346
452
559
645
739
865
988
1091
1166
1241
1326
1384
1413
1428
1440
1434
1413
1388
1356
1300
1208
1091
969
841
704
569
431
282
131
-20
-161
-298
-419
-527
-644
-762
-877
-953
-999
-1049
-1082
-1100
-1110
-1128
-1142
-1127
-1109
-1089
-1075
-1053
-1037
-1029
-1010
-981
-970
-979
-983
-985
-979
-965
-940
-910
-887
-894
-890
-871
-838
-802
-756
-701
-651
-580
-494
-409
-340
-248
-145
-36
81
222
387
542
662
760
892
1028
1158
1278
1404
1522
1607
1656
1706
1765
1795
1799
1785
1778
1753
1704
1644
1563
1471
1361
1227
1104
995
879
758
620
494
356
222
90
-41
-148
-239
-307
-379
-448
-527
-603
-689
-759
-799
-819
-828
-878
-928
-970
-1019
-1070
-1100
-1098
-1085
-1097
-1121
-1142
-1175
-1197
-1214
-1187
-1141
-1122
-1122
-1130
-1141
-1125
-1081
-1011
-926
-850
-779
-716
-650
-552
-422
-277
-128
-2
125
238
351
481
630
780
898
969
1025
1087
1142
1206
1280
1340
1343
1301
1234
1178
1129
1091
1049
986
893
785
686
590
511
438
373
311
247
194
148
98
55
30
16
18
7
-4
-4
-9
-11
-18
-17
-32
-77
-122
-154
-181
-207
-241
-300
-383
-491
-579
-643
-700
-757
-831
-907
-1000
-1094
-1162
-1193
-1200
-1204
-1200
-1183
-1151
-1111
-1049
-966
-868
-764
-660
-544
-403
-241
-81
78
229
370
495
607
729
857
996
1101
1177
1229
1255
1267
1247
1232
1217
1195
1144
1074
991
898
786
656
547
462
395
321
242
162
83
4
-55
-73
-61
-68
-98
-109
-114
-102
-81
-64
-29
-14
-20
-28
-22
-19
-31
-49
-80
-117
-176
-235
-297
-354
-412
-493
-591
-693
-777
-853
-923
-978
-1018
-1053
-1084
-1112
-1125
-1116
-1076
-1023
-953
-861
-757
-634
-521
-408
-265
-118
24
147
289
444
588
712
821
926
1003
1058
1090
1129
1163
1159
1128
1086
1031
969
894
800
708
608
509
402
288
184
88
-3
-84
-152
-200
-226
-250
-260
-269
-273
-270
-262
-242
-207
-167
-135
-108
-93
-78
-71
-67
-52
-43
-46
-60
-89
-136
-182
-245
-301
-362
-433
-488
-540
-582
-623
-669
-704
-733
-743
-737
-716
-670
-617
-567
-518
-451
-366
-264
-153
-50
66
186
299
411
514
604
687
774
844
907
941
951
952
951
943
912
870
812
738
652
573
503
437
359
273
175
79
-3
-67
-103
-141
-189
-230
-261
-293
-317
-319
-303
-283
-264
-235
-205
-186
-186
-182
-172
-159
-153
-159
-164
-194
-237
-290
-333
-370
-399
-422
-458
-510
-568
-629
-680
-714
-726
-724
-722
-718
-706
-687
-650
-594
-518
-441
-360
-265
-173
-61
57
173
287
387
487
587
679
768
848
911
953
987
1009
1017
1011
988
962
928
880
828
762
684
616
532
461
388
296
208
134
79
23
-25
-82
-145
-204
-250
-270
-278
-272
-272
-287
-314
-336
-341
-338
-337
-334
-337
-337
-346
-361
-375
-402
-441
-476
-500
-521
-551
-592
-632
-678
-725
-761
-764
-753
-756
-761
-754
-742
-730
-687
-618
-534
-441
-361
-285
-209
-119
-19
95
210
332
446
536
600
664
759
849
928
996
1044
1069
1058
1049
1052
1058
1047
1010
957
890
820
764
720
681
633
568
493
416
357
314
265
210
148
95
48
-1
-50
-99
-135
-166
-190
-204
-225
-258
-297
-337
-369
-397
-438
-477
-531
-591
-642
-683
-716
-751
-794
-856
-918
-971
-989
-995
-1007
-1025
-1047
-1058
-1058
-1027
-971
-897
-834
-786
-731
-655
-568
-472
-362
-245
-120
-4
105
208
307
405
491
589
691
782
855
909
941
974
1005
1029
1043
1047
1043
1030
1005
970
929
888
852
814
772
734
692
636
570
511
466
436
414
392
349
300
241
189
164
139
123
95
61
18
-35
-75
-108
-152
-205
-269
-337
-387
-435
-490
-544
-607
-672
-733
-776
-814
-855
-883
-912
-935
-955
-959
-955
-952
-942
-933
-908
-867
-817
-756
-686
-620
-554
-491
-426
-347
-259
-166
-72
14
87
145
194
248
307
366
427
473
510
542
562
573
581
578
574
579
583
574
565
561
548
531
512
511
512
510
495
487
482
468
456
452
455
445
434
423
415
400
377
357
349
325
287
251
211
170
112
47
-8
-60
-104
-149
-206
-264
-321
-376
-431
-480
-514
-545
-575
-601
-618
-633
-644
-654
-649
-629
-600
-569
-535
-499
-468
-436
-396
-354
-307
-272
-248
-205
-153
-95
-42
-4
15
33
49
75
114
149
166
160
158
160
168
177
181
196
201
200
205
199
199
196
190
203
215
229
237
234
238
235
243
253
248
248
248
238
231
219
208
193
163
130
95
68
46
24
8
-16
-52
-91
-122
-145
-167
-182
-190
-200
-214
-234
-243
-242
-238
-230
-210
-185
-175
-168
-159
-140
-134
-126
-106
-78
-56
-38
-8
25
49
53
54
61
69
65
79
114
138
149
142
137
147
158
166
178
193
202
205
207
211
213
213
209
203
199
202
196
178
166
152
127
98
72
60
44
4
-26
-57
-96
-134
-176
-215
-240
-264
-293
-319
-344
-369
-384
-390
-395
-393
-395
-408
-413
-410
-399
-384
-365
-336
-298
-256
-213
-172
-132
-91
-60
-35
1
47
85
118
135
160
185
181
188
213
231
234
223
217
219
219
219
225
225
215
210
209
218
226
233
235
245
258
268
281
288
305
321
331
340
347
352
351
353
355
352
329
305
275
245
210
166
125
81
29
-23
-72
-124
-177
-224
-277
-333
-381
-417
-447
-492
-528
-556
-585
-592
-586
-581
-587
-596
-585
-558
-521
-484
-449
-413
-394
-381
-353
-306
-242
-188
-151
-120
-100
-80
-48
0
47
90
114
126
141
160
186
214
240
254
266
272
286
319
347
368
387
400
414
427
442
468
495
519
525
521
517
517
521
524
514
498
476
438
402
387
372
339
287
222
158
95
44
1
-45
-100
-164
-228
-279
-317
-349
-384
-426
-470
-502
-527
-542
-546
-549
-565
-580
-589
-583
-565
-549
-542
-538
-532
-523
-515
-505
-482
-441
-406
-387
-357
-325
-294
-272
-237
-196
-154
-116
-86
-45
-18
9
44
86
131
178
221
262
295
325
363
399
438
475
510
539
566
599
632
656
678
695
714
717
701
693
697
692
669
638
599
555
501
441
390
335
270
202
133
79
20
-45
-101
-157
-206
-255
-299
-339
-372
-408
-447
-484
-509
-526
-534
-542
-548
-554
-562
-566
-570
-573
-565
-559
-547
-528
-513
-500
-489
-469
-458
-443
-423
-394
-367
-344
-314
-286
-258
-236
-209
-175
-139
-116
-96
-60
-16
24
57
104
150
190
238
280
328
371
408
449
496
532
558
578
595
619
643
662
675
674
657
642
618
591
562
533
504
467
434
391
335
269
215
179
141
99
47
-2
-58
-114
-154
-173
-177
-195
-230
-271
-308
-337
-352
-351
-347
-357
-382
-411
-416
-407
-398
-384
-381
-379
-373
-376
-380
-374
-363
-353
-350
-338
-322
-312
-304
-300
-288
-272
-255
-234
-218
-207
-189
-170
-148
-114
-84
-51
-31
-17
18
55
95
125
160
196
230
256
285
317
342
357
363
374
384
392
397
396
396
385
367
354
324
300
277
258
241
214
190
157
125
96
84
78
69
42
3
-29
-54
-76
-83
-75
-75
-81
-92
-98
-100
-102
-116
-113
-111
-118
-110
-109
-99
-99
-105
-104
-106
-102
-98
-98
-101
-107
-111
-111
-108
-105
-102
-101
-92
-81
-69
-53
-39
-38
-42
-39
-29
-13
10
36
62
82
94
108
116
127
130
140
155
167
167
155
145
134
125
122
115
100
72
38
-2
-37
-64
-92
-127
-165
-188
-208
-226
-252
-272
-301
-330
-336
-327
-314
-304
-298
-279
-258
-241
-218
-200
-162
-144
-124
-96
-70
-41
-21
4
24
39
55
70
88
113
125
128
133
139
152
158
166
171
165
156
140
148
165
158
144
145
168
199
231
255
257
257
270
290
313
337
361
377
390
400
389
355
326
311
315
316
294
263
235
203
168
122
69
20
-27
-72
-114
-164
-222
-278
-319
-352
-380
-416
-442
-457
-471
-477
-493
-503
-514
-512
-497
-483
-476
-477
-459
-419
-376
-346
-324
-301
-270
-228
-191
-155
-133
-117
-101
-87
-70
-52
-31
-7
26
55
71
85
90
100
118
140
156
169
187
200
219
238
258
283
309
338
366
390
400
401
407
422
439
456
466
470
466
455
447
439
423
404
375
347
303
261
218
176
142
102
63
17
-20
-62
-106
-153
-203
-242
-284
-322
-358
-383
-403
-422
-437
-455
-469
-479
-487
-490
-496
-503
-496
-483
-462
-442
-418
-386
-362
-338
-317
-288
-256
-227
-202
-177
-152
-125
-100
-65
-28
13
53
83
107
126
148
169
196
214
232
256
285
312
330
336
342
346
340
345
361
378
392
394
395
392
387
385
384
386
382
358
333
314
294
273
250
230
201
164
140
121
85
44
7
-27
-64
-101
-131
-155
-191
-237
-277
-313
-345
-378
-407
-421
-432
-445
-454
-457
-458
-464
-474
-475
-464
-450
-430
-410
-390
-360
-335
-307
-282
-261
-230
-197
-162
-125
-86
-53
-23
5
32
58
82
112
146
171
193
213
227
250
276
302
318
330
346
359
373
392
406
412
407
406
416
421
423
426
434
425
407
393
385
367
340
315
289
259
230
204
173
142
106
72
40
2
-38
-77
-109
-138
-173
-213
-251
-285
-314
-338
-363
-387
-405
-418
-429
-437
-443
-444
-449
-454
-449
-437
-428
-423
-405
-389
-368
-352
-341
-322
-296
-281
-273
-248
-234
-225
-210
-184
-166
-148
-132
-109
-77
-51
-20
7
27
45
65
89
115
145
182
217
249
278
304
335
358
380
403
422
442
456
471
475
475
474
470
462
454
441
422
400
374
339
312
292
271
250
224
191
154
118
90
60
30
-1
-38
-63
-87
-112
-137
-152
-161
-171
-174
-172
-170
-170
-180
-196
-213
-220
-221
-232
-234
-234
-240
-246
-250
-246
-236
-248
-268
-282
-284
-285
-288
-292
-287
-285
-295
-294
-276
-257
-238
-222
-204
-182
-159
-134
-107
-81
-51
-19
15
48
80
112
131
155
184
205
216
218
220
230
228
221
221
228
224
217
204
189
184
181
169
142
121
102
86
78
74
68
63
54
41
29
25
19
13
16
22
22
31
30
38
35
37
34
30
34
21
42
21
212
73
-154
93
-40
-162
-24
-56
-29
20
-199
-224
4
-72
-123
29
-136
-150
49
-86
-185
-62
-95
-194
-34
39
-13
88
49
-80
281
100
48
191
-74
-3
57
-35
104
261
-101
-106
84
-27
-21
68
-80
-41
63
-177
-216
-124
-157
-42
-59
-120
-104
-135
-161
-241
-179
-51
-92
-203
-199
-63
-15
-33
14
-147
-66
30
-10
54
21
1
-17
111
46
67
141
-18
53
97
113
149
91
17
40
11
-7
102
16
12
31
71
125
62
74
50
96
123
137
190
114
165
145
153
194
160
214
198
193
180
224
182
203
180
210
180
138
139
47
22
56
56
6
25
-65
-49
-100
-164
-74
-152
-203
-131
-287
-203
-198
-262
-210
-249
-248
-232
-228
-269
-188
-217
-275
-211
-197
-241
-151
-242
-210
-200
-190
-160
-212
-94
-192
-136
-128
-152
-58
-125
-131
-56
-43
-106
-3
-6
-58
62
16
54
166
102
89
161
187
122
271
288
203
287
265
241
319
309
359
392
321
308
315
285
274
300
224
236
211
219
199
180
156
140
115
90
80
63
-42
-32
-53
-65
-111
9
-185
-204
-41
-319
-10
-194
-162
-148
-325
-269
-233
-226
-263
-237
-348
-253
-239
-270
-160
-245
-244
-147
-313
-231
-200
-248
-263
-293
-271
-242
-144
-84
-205
-62
-88
-110
-25
50
20
133
150
-93
167
43
185
225
156
223
197
310
275
347
324
275
423
308
434
354
324
373
264
334
292
331
205
232
174
256
196
216
125
133
61
154
149
2
88
-78
-13
-61
19
-166
-129
-109
-247
-38
-134
-235
-163
-223
-282
-213
-159
-361
-166
-311
-423
-227
-372
-358
-302
-331
-409
-318
-297
-370
-274
-287
-422
-142
-349
-258
-253
-330
-111
-288
-59
-170
-42
-144
-100
113
-108
193
104
94
146
259
196
230
260
177
322
342
302
384
415
208
378
457
245
365
399
226
413
323
363
111
363
119
131
469
155
304
142
157
-49
301
44
138
252
-51
84
3
55
-9
-107
67
-118
-33
3
-253
12
-236
-66
-187
-283
8
-394
-81
-274
-354
-240
-431
-223
-380
-104
-441
-361
-390
-499
-204
-348
-184
-322
-349
-217
-395
-49
-188
-191
-119
-205
63
-90
52
-87
46
-69
172
186
38
325
-108
154
252
222
325
118
154
219
151
267
112
150
201
180
192
183
230
200
54
227
152
267
96
140
190
101
162
-32
198
24
179
118
17
162
11
203
140
19
174
-104
109
19
-1
165
-166
-55
-37
-141
-55
-6
-293
-119
-172
-28
-137
-66
-165
-333
-156
-260
96
-206
-71
-182
-245
-75
-295
-52
-301
-28
-7
-158
218
-181
-56
13
-121
13
86
69
69
40
-84
-65
-1
63
-99
116
171
25
-42
176
-117
-79
175
-248
194
-101
286
-170
125
25
-341
155
3
-99
35
80
-171
78
132
-283
184
-8
-111
202
-115
146
-160
45
-75
-148
52
-28
132
86
-52
69
-81
8
42
4
95
15
-83
17
71
-6
140
25
-110
146
59
106
179
77
-59
77
83
64
185
17
272
-37
163
203
196
201
-4
33
93
20
126
220
229
-85
-5
144
-150
315
-12
-31
-52
-58
-99
-26
5
-300
5
-216
-241
74
-192
-133
-164
-138
-210
32
-43
-271
-49
-307
-230
46
-215
-84
-50
-261
-117
-125
-169
-188
-46
-131
6
-63
-285
-132
-95
-76
19
-10
-122
77
-141
30
-15
202
-76
-28
8
18
347
7
116
-36
255
-47
362
346
40
275
219
263
217
195
240
-136
197
227
132
501
50
244
8
167
107
49
216
-126
144
67
72
129
-214
-77
-214
152
-5
58
43
-77
-56
-29
-45
-231
16
-313
-30
-89
-52
0
-176
-286
-265
-128
6
-236
44
-326
-91
-204
-235
-133
-389
-25
-487
-1
-189
-262
55
-492
-236
-174
-272
182
-229
165
-116
-29
-58
-94
149
-217
517
-203
391
-78
165
230
-210
590
-127
667
138
273
429
-19
411
-117
399
118
339
377
11
456
-218
353
83
75
306
183
77
189
84
-208
197
-195
87
27
361
-170
301
-316
-124
97
43
244
-277
196
-354
234
-197
-202
-41
-42
-194
-116
117
-309
-65
-345
-268
-97
-335
-113
-292
-182
-337
-232
-273
-168
-351
-180
110
-305
-46
-423
-88
-106
-93
83
64
-33
-112
-154
-36
223
12
63
197
-68
381
8
146
-1
-17
380
-36
329
159
77
-25
27
164
267
203
79
40
215
198
211
72
-69
10
143
98
144
111
33
110
170
-13
158
2
-175
70
-56
158
78
31
-158
-69
43
-88
56
181
-339
115
177
-396
158
-83
-241
-213
-55
-128
21
-91
-97
-232
55
-128
-190
-4
-195
-69
-123
-188
-337
-56
-156
-113
-267
124
-313
131
-3
-178
376
-282
294
-227
37
211
-94
282
-114
33
39
79
149
77
126
33
288
-191
263
84
23
93
29
86
30
223
-29
105
-121
155
-95
285
-86
136
98
-79
144
93
173
-95
312
-147
225
224
-23
323
-288
153
61
-220
213
126
-51
-43
255
-418
292
-59
-9
-209
133
-101
-87
116
-371
8
-47
-233
-136
160
-301
184
-129
-163
-238
18
-72
-102
-8
-145
-36
-132
-259
1
-202
160
-223
-101
10
-198
200
-342
194
-288
131
109
-312
221
-221
1
-175
78
-94
12
30
-166
310
-241
169
-13
-75
36
-57
178
80
-47
-22
-78
-38
24
150
-48
188
2
-115
290
-59
149
-163
183
154
195
291
50
-220
358
-199
-4
338
-158
409
-179
143
-209
539
-116
81
54
93
272
54
249
-135
182
-156
-110
296
164
-61
272
-323
1
160
2
29
75
203
-204
-14
-4
-172
98
-280
-45
-81
-76
-47
-132
131
-357
268
-134
-139
123
-134
-5
-141
-48
-367
-67
-186
18
-130
6
-76
-238
175
-381
64
32
-215
-93
57
-287
-148
45
-526
68
-16
-189
234
-78
-17
82
-97
254
-125
-17
32
86
88
14
39
-70
21
66
394
93
355
41
-104
312
-104
193
204
-149
151
-143
-14
185
33
-28
259
53
-5
284
-81
106
160
-46
0
150
-91
-142
39
-18
-44
194
-105
180
-13
278
-296
106
-47
-117
327
-107
160
-34
68
-142
30
18
116
-26
-289
20
-193
-124
160
-279
-114
-100
-284
67
-45
24
-106
-68
-359
-114
-143
-224
-74
-97
251
-301
329
-162
-29
136
-165
99
69
156
-215
128
-103
54
152
-387
350
-175
250
-109
136
-145
-113
-99
-133
170
33
158
-364
43
-46
120
159
117
-40
367
-321
241
100
-211
251
-21
35
434
-160
417
-102
-6
152
164
230
113
317
-416
368
-187
167
-72
146
-181
272
142
-100
123
-88
-10
-40
187
-66
93
144
-425
35
115
-272
-5
-51
-68
-209
36
-165
-144
-28
-107
-263
91
-264
-94
6
-114
-30
12
-14
-231
-74
-96
-147
80
-8
-164
-34
147
-299
21
60
-184
191
-128
-139
175
-125
-130
-202
55
-105
169
-76
-58
126
-168
295
-189
346
135
72
31
81
15
192
51
128
98
203
221
124
202
-80
300
-379
539
-162
254
276
-339
263
-149
35
-66
58
148
26
-101
294
-60
52
-13
4
-120
91
-231
148
-94
-91
-20
-237
-47
-122
132
70
-81
-74
-50
-112
-103
151
-335
-209
-48
-323
-87
-19
-60
-228
-66
-306
52
-204
38
-93
0
-91
-175
207
-426
190
-257
35
98
-162
164
-174
123
74
101
325
-167
448
-42
105
476
-366
420
59
-118
220
200
74
133
155
-44
410
233
24
345
-44
120
-125
156
118
297
167
-139
137
79
-78
70
84
14
138
-269
-11
43
-20
-135
45
-50
27
232
-294
116
-215
-164
-122
-261
19
-180
-260
-180
1
-257
74
-443
99
-386
1
-264
-326
136
-409
-195
-279
-16
-256
154
-426
110
-162
-36
-105
-145
44
-30
-61
-147
98
-104
288
41
-39
329
110
83
292
-155
216
38
259
117
207
48
178
64
106
168
159
449
-114
507
36
193
75
4
-29
140
109
213
285
-176
264
-19
290
-95
137
71
-65
45
-80
54
75
-86
-277
263
-327
264
-55
-18
36
-199
-140
-63
-245
-152
-4
-184
-97
-164
-240
58
-248
-234
211
-386
155
-338
-113
-100
-231
-121
-257
-11
-295
74
-261
-72
-55
-27
134
-95
75
10
-83
1
-156
280
2
204
85
21
12
-157
64
-24
352
71
456
71
147
-80
44
79
98
270
116
148
118
281
-107
-46
-80
226
-62
310
34
141
58
82
205
-43
56
-253
287
-110
133
98
198
-199
-394
-111
-194
-4
136
-76
128
-158
111
-350
-254
48
-489
162
-10
-113
-123
-7
-498
196
-332
99
51
-31
155
-188
319
-67
-241
142
-167
12
73
-162
169
-101
58
-124
49
-146
-143
127
-9
154
88
79
100
-76
-49
-213
130
95
-25
371
-40
199
-16
-28
-13
75
-27
72
339
-92
245
-149
-146
-25
-165
247
-216
110
-153
-140
259
-426
203
-39
-217
-12
-20
38
154
93
-251
319
-150
-107
-78
-405
68
6
-128
413
-120
203
-99
-135
229
-157
321
-37
-68
-15
-33
-145
139
-312
111
110
54
132
336
-97
309
-4
-30
-32
100
174
-30
265
-97
290
-198
159
-32
71
96
248
14
123
-172
117
-102
-46
-7
-32
401
-306
198
-8
-38
-210
-29
-282
-112
103
-293
1
-2
-203
0
-165
-87
-83
11
-209
-253
-19
-207
-89
-300
-273
-170
-86
-165
0
82
45
-9
40
-220
112
-211
-39
121
-111
182
-109
117
-160
84
36
-64
243
-245
380
-9
67
151
-13
121
207
187
77
373
-49
252
6
339
10
412
-101
106
135
86
269
55
196
31
356
-125
156
-10
-88
61
-56
22
97
-208
203
-331
97
-58
19
215
-66
0
-246
110
-466
87
-131
-130
-95
-322
-97
-356
25
-298
-229
90
-403
15
-93
-149
-245
-81
-273
-230
-90
-353
-151
-90
151
-65
135
134
-183
-97
4
-91
105
267
99
-154
210
-20
87
193
-18
225
36
303
37
101
248
-100
143
258
-207
527
19
113
159
145
164
256
239
135
368
-396
352
17
322
264
-42
298
-1
185
42
139
98
-23
-136
172
21
-8
2
-269
10
-315
44
85
-112
-251
-225
-165
-365
-64
-343
-227
-330
-362
-99
-95
-59
-157
-214
-169
-177
23
-213
-236
-165
-312
2
-157
-288
-85
-101
-157
82
-108
335
-44
92
-101
-5
18
-78
74
131
-32
-37
184
-80
281
28
227
64
229
103
259
185
205
33
209
-81
331
115
217
312
60
255
-30
237
-26
409
201
72
169
106
9
204
87
73
-47
108
-74
129
48
-64
-3
-42
-154
-19
55
-270
-125
-128
-98
12
-38
-416
-46
-446
-183
-211
-107
-131
-177
-50
-306
17
-128
-1
-72
-244
-14
-60
-198
-39
-277
138
-336
42
43
-108
292
-116
-11
24
169
-26
69
-48
17
54
22
-116
323
-120
219
60
-34
411
-148
488
-147
288
91
-54
76
174
72
4
63
-162
147
130
145
200
-255
251
-120
-29
585
-356
382
-207
-86
160
-279
65
-104
20
80
-126
83
7
-104
-16
53
-60
-55
241
-402
-12
-233
-397
27
-331
172
-342
51
10
-247
325
-106
39
170
12
-97
80
-199
-5
82
-259
99
26
-155
190
-46
43
160
-209
67
-54
-63
133
26
140
-18
-2
79
-6
91
206
146
105
231
-264
554
-89
-44
106
-65
89
-7
76
-45
356
-38
-33
282
-134
-50
-82
-290
-32
-271
63
-260
-97
-265
-102
-32
133
-136
385
67
-76
-77
-208
-85
-289
-10
-329
98
-317
-85
2
-21
143
-12
66
-37
107
75
-69
122
-315
42
-186
-28
84
-250
276
-100
35
199
23
185
76
18
416
104
116
147
31
-76
79
-50
31
36
118
275
-16
267
-12
85
247
-54
174
146
-157
190
-193
166
16
112
-73
-61
143
-216
236
-208
160
-93
-128
8
-191
133
-145
-128
-164
12
-122
-37
-95
-370
-44
-441
-13
-105
15
-74
14
-98
-189
74
-326
85
-169
-146
-302
26
-160
-119
163
-250
-51
218
-14
256
53
275
63
0
-86
80
181
-190
178
14
237
179
226
170
214
-54
271
-28
284
73
-76
145
-201
246
-86
238
31
281
97
200
162
-52
108
-119
-24
-83
-31
-11
-10
-292
-102
-126
-119
48
-51
113
6
-306
55
-193
-148
-56
-207
-166
-155
-10
-133
9
-117
-68
49
-248
18
-55
-247
-10
-254
-121
47
-184
151
-177
-152
84
-37
-1
51
30
129
-219
52
53
-3
378
-109
358
-56
50
-57
235
-64
9
303
-114
404
42
74
339
216
243
374
107
221
-134
85
-31
-60
212
22
139
204
-76
317
297
-160
370
-166
62
33
-151
-146
-330
-118
-263
-49
-61
-10
115
-159
-163
-136
-164
-9
-42
-157
-149
-110
-230
-362
-120
-377
-65
-177
-262
158
-225
43
-140
-118
-200
-39
88
-106
20
-178
-172
-101
-79
-30
190
-36
-41
157
-2
69
156
29
130
147
94
213
182
155
48
143
36
110
165
44
129
59
148
170
234
-26
330
141
12
317
-173
404
-52
46
3
-34
30
-76
127
99
26
151
8
115
210
-113
245
-278
-34
-213
-47
-44
-200
20
-450
41
-291
-159
3
-157
92
-223
-131
-282
-191
23
-293
60
-203
-16
-181
-10
-166
-45
-108
-95
57
-109
150
-227
166
-183
102
-28
113
-14
121
-135
-109
264
-14
103
183
-238
230
109
76
220
-5
257
-62
340
-60
326
48
41
-11
80
131
-32
174
1
-2
181
-90
218
33
-39
276
-194
85
-97
-63
69
18
-65
-193
-71
-75
-21
15
18
-34
199
-3
-122
49
-154
-171
71
-351
56
-6
-257
93
-275
-8
-166
-2
-109
-53
12
-49
-107
-233
-158
-155
179
32
-38
123
-185
191
-106
29
11
30
-4
-10
102
11
41
13
-39
71
160
127
230
-3
217
-102
220
-167
-57
355
-140
302
108
-31
87
79
31
120
212
-54
147
101
156
25
7
-111
-256
51
40
-55
-6
-41
-261
24
-165
-95
-105
-114
-22
-76
-78
74
-251
-157
-123
-163
99
-121
24
-230
77
-312
79
-105
63
107
125
81
-5
-26
-99
-4
-265
274
-292
82
89
-103
311
109
37
232
-118
260
60
102
253
-103
139
107
-49
-43
130
-39
129
117
181
144
-97
69
2
-136
305
-228
203
32
-225
340
-276
84
-136
-55
-17
-258
230
-303
22
77
-216
36
-196
216
-237
-34
156
-367
119
-202
-234
116
-270
-15
-124
-20
-230
-11
91
-320
268
-224
-91
175
-169
149
-138
29
-52
-91
110
-44
162
45
111
166
-16
89
56
34
130
46
71
120
58
-18
100
75
-98
250
56
155
306
-16
66
23
55
-1
42
38
-47
48
45
121
115
-101
86
-152
109
-19
61
-25
-33
33
-153
46
-168
8
-206
-76
-189
115
-40
-49
59
-190
-64
-65
-71
-219
-94
-350
8
-235
75
-12
-85
-38
-229
-63
-261
42
-178
62
-86
-37
-27
4
137
95
-40
125
54
1
105
65
98
-64
40
-47
273
216
134
146
83
19
278
230
236
243
68
-19
157
5
42
89
-41
33
77
180
43
226
-99
127
-70
158
39
-33
244
-155
151
-68
-133
-103
-122
-20
-90
15
-101
-125
4
-48
-137
90
-276
-193
25
-272
2
-263
-248
-167
-177
-68
-193
-118
-103
-176
-215
-88
-141
-38
-96
-97
0
11
27
-188
-57
-41
-191
71
-54
-111
80
-139
2
211
59
236
219
-53
180
19
104
103
145
-38
106
8
45
235
146
451
76
333
231
123
270
86
-43
238
-88
77
102
-134
288
-191
155
97
25
206
1
89
39
57
-83
-112
-148
-244
13
-128
-40
3
-15
33
-133
65
-238
-50
20
-238
29
-132
-17
-67
55
-202
-91
-95
-254
168
-137
54
-15
-101
-125
-49
-120
-14
-117
-57
-34
88
62
44
72
-116
-106
-91
-17
41
20
-105
-32
-66
75
173
2
107
30
47
26
28
94
40
-8
7
-36
127
65
80
184
-35
294
173
-56
105
-35
-136
69
-14
4
212
-99
-112
-112
-89
17
71
155
-116
187
-50
-65
114
-179
-87
-148
-58
30
-109
103
-153
-43
41
-153
107
73
-127
153
-36
-151
70
-69
16
-119
-15
-152
-91
-32
-91
100
96
-138
146
-132
-32
221
-76
122
49
77
42
-46
-26
4
-16
51
-5
266
11
-9
88
-72
132
28
-60
13
63
-35
-9
-14
-145
108
-114
-105
174
-29
53
-52
-21
-78
70
38
-10
-20
-89
-156
20
-52
2
170
-56
8
6
237
-218
114
-123
-188
142
-117
23
-19
-46
-98
1
122
92
104
0
20
80
-116
41
-71
-4
-138
147
-94
80
9
-45
138
135
11
202
144
-13
176
-148
31
-149
82
-75
78
58
-158
106
-79
131
144
129
12
72
48
-13
104
9
-58
-72
-97
-79
-3
-94
37
-62
44
52
-43
6
-158
-26
-152
-29
-41
-153
-30
-165
-45
-23
-156
-107
15
-155
-27
-114
-66
-189
-51
-41
14
-23
-43
45
-102
40
-1
13
-88
-3
-133
-2
136
15
140
87
-53
202
16
202
67
78
74
-139
146
-49
55
76
103
-104
201
66
56
211
20
152
14
42
-24
115
-101
79
11
43
-37
48
-18
-99
203
-161
140
77
-62
67
-32
-140
31
124
37
68
34
-119
-21
-42
-180
-48
-59
-46
28
-87
23
-131
-29
-213
-44
58
-114
28
-183
-101
-77
-66
-12
-152
-8
-56
-111
130
-154
122
-23
-20
178
-98
206
-45
62
-57
-60
180
-147
152
-13
-52
273
-57
118
81
87
20
167
69
-100
317
-143
56
225
-23
176
97
-154
110
-135
-55
76
-35
21
-2
184
-152
85
46
-94
44
44
9
-53
82
-116
-66
3
-158
11
-14
0
86
-102
-16
-70
4
-26
-114
-13
-69
-22
-118
-23
-231
-135
-39
-253
33
-117
-6
-64
-53
-73
25
-41
-49
51
-67
126
-67
-4
-78
-2
-9
-75
-79
22
-96
43
65
7
288
-49
199
93
32
76
-44
-57
-1
55
39
78
38
95
106
133
-24
279
98
157
141
-71
184
-73
30
-14
-52
96
-7
-38
26
-7
55
128
39
92
140
-163
28
56
-120
46
-114
-64
-100
-10
-14
-35
49
-101
-40
-8
-68
2
-43
-124
-116
27
-84
-36
-14
-77
-95
-148
-107
-82
-51
-92
41
-117
9
-69
-42
-63
-45
53
35
85
-48
29
-106
15
-110
-3
50
-50
236
10
43
80
-57
34
37
59
140
129
1
1
-42
45
84
4
-14
87
62
84
178
25
73
-78
14
142
24
151
35
-70
90
-107
70
150
-116
185
12
-37
126
1
86
9
-34
12
-140
-150
-71
-102
-84
-64
-199
-100
-50
-231
17
-176
-77
-9
-158
74
12
-64
27
-177
-31
-49
-125
26
32
36
-8
210
-12
200
138
48
146
55
80
67
10
-57
-60
-204
-1
-146
157
-71
-12
141
-16
107
28
25
-80
180
-88
0
88
-223
22
-28
-75
147
-10
90
171
139
135
102
95
113
28
36
-49
-153
-71
-273
-34
-158
-90
-56
-150
-51
2
26
-80
47
-127
-59
-34
-219
-105
-138
-203
-64
-62
-60
-106
-17
-91
56
125
108
173
158
91
18
20
1
44
18
75
9
85
54
2
142
49
155
117
156
123
101
104
0
4
37
26
48
77
27
-7
-43
42
-24
122
50
45
165
20
171
1
-36
-38
22
-47
-7
61
-70
37
-47
-59
14
10
-157
-71
-51
-84
10
-59
-66
-81
-101
-122
-53
-10
-91
97
-57
-35
-56
-124
-63
-158
-10
-130
45
32
-61
31
-62
-75
-97
21
-17
63
-33
-67
-88
-118
-55
-111
66
-14
-45
95
0
-71
105
-56
3
26
-5
7
5
-11
-93
79
56
33
105
97
-41
25
86
-78
122
69
-35
155
-56
-64
4
-35
41
71
62
59
97
2
76
48
-38
22
-24
-78
53
30
-19
7
-22
10
25
118
16
74
82
16
45
79
-5
2
93
-126
-42
59
-80
124
9
-80
16
-70
54
92
-34
14
-12
-104
38
-11
101
31
-93
39
-30
56
81
-65
94
-13
19
163
15
113
61
-13
20
51
-99
-78
-63
-159
-89
-54
-115
-5
-40
-87
16
3
14
-36
69
3
0
28
-113
-85
-54
-183
-135
8
-79
19
44
-59
-8
37
-56
30
21
-123
43
-128
-70
11
-169
-128
-117
-55
-49
47
-61
-83
112
48
21
156
-50
17
63
-23
85
120
-49
-109
120
-44
9
134
-92
104
140
69
140
52
51
56
55
25
53
81
-85
25
129
-117
40
28
-105
170
157
15
220
1
-75
153
-53
-58
85
-107
-44
134
-44
29
59
-115
5
55
7
35
29
-16
-117
62
-57
-58
125
-153
-41
108
-21
-15
-20
-120
-68
-40
-58
-44
23
-32
8
-17
-68
17
-90
-71
-65
-20
10
0
-97
-112
-6
-70
-39
-53
-60
50
86
-19
12
-60
-71
-30
-38
-42
-32
-13
-23
20
-3
-22
84
20
-55
199
64
26
101
-63
43
50
-6
22
60
18
113
63
35
101
19
152
115
53
55
44
36
21
13
8
-23
6
50
-6
44
-12
-49
26
14
9
-38
-39
-71
-31
53
-62
0
-100
2
-18
-43
94
-103
-27
-54
-91
-23
-20
-71
-37
-21
2
-34
-88
-85
-69
-37
-54
-20
-61
-29
-61
-41
-53
-60
8
-60
10
-5
-13
15
-4
-38
-36
17
-9
21
10
45
-29
7
-61
-15
38
48
30
56
45
-4
69
10
71
-2
79
19
77
76
54
103
67
57
73
103
107
64
75
31
23
74
19
81
96
32
10
27
-51
51
20
29
19
-3
-6
-50
12
-66
8
-37
-74
4
-21
-22
25
5
-89
9
-89
-103
1
-112
-44
-18
-105
-65
7
-82
-71
-20
-104
-41
-7
-89
3
-64
-108
-23
-31
-53
-12
45
-124
9
36
-22
112
73
2
9
59
-5
40
63
1
36
6
-5
54
24
10
-19
35
-51
-7
46
-29
-12
-22
-23
-4
20
-9
19
-69
-25
15
-20
28
29
22
16
31
-20
37
13
19
55
2
44
2
24
-32
9
66
12
52
60
59
51
78
-8
-30
16
-35
0
-20
-22
-42
-28
1
23
23
40
-39
-18
38
-22
39
7
-63
-31
16
-60
-10
5
-62
-24
27
1
10
52
-43
1
40
-57
26
7
-91
-15
13
-92
-17
-4
-65
47
-19
-62
19
12
-63
3
23
-80
12
-27
-41
72
4
-3
60
-15
12
53
-6
38
13
27
80
30
6
52
-19
32
5
27
57
20
37
-15
31
-28
-20
10
8
-1
18
-36
-40
-9
-73
-13
-7
-71
17
-26
-10
29
-28
14
-40
13
6
32
-18
18
30
-42
50
-9
-12
-8
3
-28
38
37
-37
79
21
-53
13
-39
-68
30
-36
-56
41
-63
-11
41
1
30
59
-21
-2
38
-52
18
-3
-60
-13
12
-32
57
27
-11
101
24
39
57
-30
-18
-8
-32
-31
-6
-14
-34
-1
1
-38
2
4
-29
18
-11
-21
6
-75
-48
-23
-67
-36
-19
4
2
-14
-7
-12
15
-2
39
6
19
27
25
27
-25
60
4
15
45
13
43
49
23
55
31
22
40
5
-10
-16
-6
-27
-31
7
-10
1
17
-24
16
-9
-30
-2
-13
-15
13
-11
-20
0
-30
-12
-8
10
19
3
2
31
20
24
39
30
-12
-7
22
-6
25
5
-21
2
-28
-12
21
-5
-13
-31
-29
14
-15
19
4
21
14
1
18
-28
-22
-25
-12
-32
1
-20
-41
12
-10
14
22
-6
30
9
-17
20
-16
-6
2
-19
8
27
12
-12
12
-18
18
5
32
19
22
40
-28
48
2
-7
10
-41
-36
4
-37
-26
10
-42
5
9
-18
-16
23
-8
-25
25
-29
-33
-6
-39
-38
-18
-59
-47
-13
-32
-20
0
-9
-19
-3
24
-2
7
8
-26
-3
-3
-11
1
-27
-14
9
-24
19
15
-34
44
23
3
36
-5
-6
27
-6
3
55
-6
-3
26
-9
8
28
22
12
40
32
33
73
15
47
57
45
62
35
65
25
41
65
8
40
50
22
57
23
40
40
27
21
32
-8
10
27
-43
6
8
-39
0
-4
-39
16
-30
-52
-26
-60
-67
-37
-74
-97
-46
-62
-63
-37
-68
-61
-66
-70
-70
-69
-41
-92
-52
-67
-106
-42
-47
-63
-22
-16
-30
10
2
-29
28
-15
-24
22
7
15
6
29
7
9
33
23
55
50
53
57
72
73
46
67
35
54
54
83
37
43
67
17
59
38
21
44
36
16
53
29
48
41
48
38
12
31
-12
9
10
-21
-9
5
-42
-35
-18
-39
-4
-16
-6
1
-31
-3
-33
-63
-15
-54
-26
-25
-49
-12
-52
-23
-25
-22
-11
-23
-19
-19
-1
-29
-7
-30
-32
-14
-20
-13
-32
-5
-40
-7
0
-34
17
-11
-14
2
-2
7
6
13
11
16
-3
5
-1
14
9
-12
22
-23
-26
32
-21
20
57
7
49
36
32
44
25
18
3
5
20
18
21
21
12
6
23
7
19
30
7
24
17
19
1
8
5
-18
-4
-28
-34
-28
-44
-30
-39
-9
-21
-13
13
-1
13
4
-3
0
1
-27
-24
-33
-33
-23
-23
-11
-19
-12
-15
-13
-3
0
-15
2
10
3
11
-6
-8
-13
-11
-1
-1
14
15
19
16
23
38
19
40
33
46
51
43
58
27
30
3
9
-2
12
4
9
32
-2
45
8
10
13
-21
9
-3
-16
-8
-10
-33
-11
-34
-33
-27
-33
-16
-21
-33
-37
-18
-48
-37
-27
-38
-22
-25
-37
-33
-50
-50
-49
-37
-16
-25
-29
-22
-7
6
11
5
11
16
10
32
34
33
47
26
36
32
10
35
7
23
46
15
47
52
37
52
47
5
29
9
-10
28
0
9
5
9
11
1
15
2
3
6
-8
-13
1
-13
-5
-3
-28
-19
-21
-24
-6
-8
-4
-15
-26
-21
-44
-22
-38
-29
-24
-11
-5
12
22
11
35
10
4
-2
-19
-15
-16
-19
-13
-16
4
-6
4
-8
17
0
-5
13
-8
25
7
23
5
24
-4
2
13
-7
17
-13
-6
12
17
21
34
9
22
-3
-11
20
5
16
6
18
3
4
2
-3
14
-9
2
-6
-2
-6
-15
-11
-30
-19
-17
-21
0
-19
0
2
-27
-12
-48
-28
-45
-35
-18
-30
-5
-20
-2
-1
-19
-13
-24
-37
-18
-14
-11
5
-8
-9
5
4
5
22
11
21
11
-7
4
-10
5
13
0
24
14
28
33
14
37
18
24
42
55
49
47
56
31
57
43
29
37
37
39
33
32
27
29
32
27
27
33
18
38
19
19
8
-1
-1
7
-8
-1
-5
-14
-1
-31
-30
-46
-51
-62
-51
-61
-68
-55
-85
-66
-68
-79
-68
-81
-84
-71
-82
-70
-57
-59
-39
-46
-41
-24
-24
-35
-15
-44
-18
-25
-25
5
-12
13
-16
7
-1
13
23
24
37
37
46
42
45
49
48
53
56
38
58
46
61
73
81
87
77
102
66
77
70
86
83
65
82
45
65
45
28
32
32
15
25
37
14
20
10
-4
0
-15
-24
-25
-47
-52
-66
-61
-79
-65
-68
-72
-60
-72
-66
-76
-73
-72
-53
-80
-63
-49
-70
-43
-50
-51
-53
-50
-54
-46
-21
-41
-16
-14
-21
3
-23
-2
0
-13
-5
-4
-12
5
8
7
32
22
25
42
27
31
26
44
40
65
63
56
84
50
55
42
52
48
50
59
49
60
54
35
51
41
43
47
19
21
8
7
-1
-9
-4
-12
-18
-2
-19
-2
-9
-9
-7
-24
4
-16
-1
-3
-12
-20
-9
-24
-29
-11
-38
-24
-42
-48
-39
-52
-36
-34
-45
-27
-44
-41
-31
-44
-18
-22
-27
-21
-18
-13
-27
-13
-29
-19
-4
-7
-3
3
-2
-8
1
-12
12
15
12
32
19
13
12
-6
7
11
7
15
8
18
22
27
29
21
11
-4
1
8
9
16
17
18
22
14
22
22
23
25
14
7
4
-7
-11
-8
-14
0
-8
-2
-10
-2
2
2
-5
-4
1
5
18
8
17
4
7
-1
-1
11
-11
3
-5
-17
5
-2
13
15
10
-1
-9
-2
-2
10
9
21
17
31
37
12
34
17
19
38
15
37
23
11
25
4
6
14
-9
13
1
-7
-3
-16
-12
-23
-21
-26
-8
-21
-17
-17
-25
-15
-26
-13
-21
-25
-15
-24
-12
-28
-45
-26
-60
-51
-44
-61
-32
-58
-38
-35
-41
-22
-39
-25
-30
-41
-36
-36
-36
-26
-25
-27
-8
-17
-9
-2
-7
-2
1
8
8
26
25
33
39
49
29
42
41
28
52
30
44
34
33
36
32
42
44
57
40
60
45
49
51
45
49
44
50
36
37
20
21
20
15
27
18
29
34
36
29
23
5
10
7
2
13
-6
-7
-19
-27
-21
-28
-34
-27
-28
-34
-21
-30
-26
-37
-37
-47
-63
-40
-44
-39
-25
-43
-46
-49
-59
-57
-50
-41
-36
-24
-15
-16
-7
-3
-11
-10
-18
-16
-21
-8
-16
-14
-12
-12
-6
-4
4
1
8
12
5
9
23
31
42
33
44
31
26
30
18
18
22
12
14
14
9
5
8
2
7
12
13
18
18
20
4
9
-19
-20
-9
-14
3
-1
4
11
16
10
3
10
-12
1
-1
-9
5
-4
8
5
-1
8
-12
-3
-8
-4
-7
-14
-10
-12
8
12
17
8
2
8
5
11
8
18
24
16
26
13
18
22
11
22
22
13
14
11
14
18
15
11
-2
-9
0
-17
-16
-10
-22
-6
1
0
11
6
-10
5
-10
-10
-2
-24
-9
-18
-29
-21
-25
-28
-17
-24
-17
-26
-28
-24
-40
-26
-38
-38
-35
-35
-29
-10
-25
-25
-16
-39
-15
-15
-19
-8
-11
-16
-2
-6
-7
-13
-18
-16
-15
-8
-14
8
3
4
16
-2
2
3
-11
7
6
10
28
17
23
38
32
38
44
33
44
39
38
59
38
54
54
50
75
62
68
78
56
68
52
47
51
28
34
32
27
25
17
23
22
28
19
10
9
-4
2
-4
-3
-12
-19
-21
-32
-33
-40
-43
-45
-45
-59
-65
-52
-63
-49
-51
-61
-49
-57
-50
-41
-51
-53
-45
-49
-46
-47
-49
-37
-45
-48
-35
-29
-16
-20
-10
-8
-25
-25
-37
-22
-14
-9
-11
-8
-16
-12
-2
-15
9
1
5
16
13
22
16
11
10
29
25
31
44
40
35
46
43
26
47
44
37
43
43
42
48
42
38
37
18
23
31
36
27
18
19
8
17
10
5
18
-7
2
-3
-3
2
-8
-11
-10
-3
-12
-9
-21
-19
-8
-8
9
3
7
8
3
12
5
10
5
-7
-1
-13
-7
-7
1
19
17
23
15
15
6
0
3
1
9
3
2
2
2
-2
-8
-15
-9
-27
-20
-22
-31
-18
-29
-24
-25
-20
-19
-14
-19
-13
-16
-19
-18
-26
-19
-15
-22
-26
-18
-24
-22
-27
-30
-36
-35
-27
-24
-20
-33
-30
-26
-9
-10
-9
-3
-4
0
-13
3
-1
13
12
12
13
4
28
17
24
19
12
9
14
21
26
28
20
31
31
27
22
28
21
22
27
25
29
26
29
34
30
32
36
35
37
46
38
45
46
44
49
36
30
17
22
26
13
5
2
-10
-10
-18
-27
-29
-44
-42
-39
-28
-24
-33
-26
-37
-37
-34
-40
-36
-37
-50
-42
-47
-55
-35
-37
-32
-29
-45
-35
-33
-32
-7
-12
-11
-14
-18
-14
-12
-11
-16
-12
-21
-8
-5
0
1
-8
-15
-12
3
6
14
15
16
15
16
23
30
26
26
23
34
33
26
49
23
26
34
32
39
30
43
49
38
22
16
16
14
22
26
35
23
30
32
29
26
14
7
-8
-11
-16
-14
-3
2
2
4
-9
-16
-15
-9
-23
-21
-21
-25
-15
-24
-21
-34
-33
-41
-35
-27
-29
-13
-11
-7
-9
-10
-14
-7
1
1
-2
-14
-12
-14
-9
-1
-9
-13
-9
-8
0
5
10
18
11
7
8
6
4
0
6
19
17
19
17
17
30
7
10
1
0
0
-9
12
3
10
2
-12
-4
-15
-14
-10
-5
0
6
-9
-11
-4
-11
-4
-13
-16
-4
-20
-18
-18
-27
-20
-18
-15
-5
-7
-18
-20
-31
-26
-25
-21
-18
-26
-10
-12
-6
3
0
-1
-1
-5
-13
-5
-5
4
20
19
10
21
27
30
35
29
33
30
27
25
23
28
32
35
40
40
40
49
36
39
38
26
40
32
35
33
22
26
14
7
8
-2
-5
3
-11
-10
-5
-15
-2
-13
-9
-21
-29
-32
-28
-13
-8
-2
-2
-2
-5
-2
-24
-18
-19
-20
-6
-19
-17
-13
-21
-11
-12
-17
-15
-22
-25
-12
-11
-17
-20
-30
-23
-22
-25
-21
-21
-7
-5
-10
-12
-31
-27
-29
-25
-14
-13
-2
8
16
9
9
-3
-4
3
-4
-2
6
6
7
14
1
3
-1
-8
1
-6
4
8
0
10
19
10
12
18
18
30
26
20
33
27
34
39
32
34
19
17
13
15
15
6
1
0
1
-4
-10
-19
-20
-25
-22
-15
-24
-21
-18
-20
-9
-11
-14
-13
-10
-8
-9
-8
-13
-14
-2
5
6
10
10
11
16
25
24
22
20
20
22
22
19
21
19
13
14
10
6
4
2
9
20
9
10
2
-4
2
2
-2
-9
-10
-17
-23
-31
-27
-27
-30
-31
-28
-26
-32
-27
-27
-27
-14
-20
-14
-3
-1
7
-4
-11
-5
-2
7
10
10
8
1
1
-3
0
1
-1
1
1
11
6
4
10
8
13
11
8
3
3
0
5
11
9
16
14
24
27
30
32
29
27
24
28
25
20
16
27
21
20
17
4
0
-6
-3
-3
-3
-2
9
3
-1
4
-2
0
-4
-19
-26
-25
-37
-34
-32
-30
-21
-26
-27
-32
-38
-32
-28
-34
-28
-28
-29
-20
-24
-22
-19
-25
-32
-33
-30
-31
-26
-30
-27
-23
-18
-15
-6
-3
0
-1
-7
-5
-14
-10
-5
2
0
3
20
36
46
46
48
52
48
54
55
58
56
55
47
45
42
39
42
42
48
45
41
37
38
39
42
26
19
18
4
-4
-20
-23
-27
-30
-36
-33
-37
-37
-30
-24
-18
-15
-14
-17
-10
-22
-28
-27
-29
-32
-28
-23
-20
-7
-13
-21
-21
-20
-16
-13
-12
-8
-1
-6
0
13
2
11
1
-5
8
-8
3
7
4
3
3
6
7
16
13
15
7
6
3
1
6
2
7
9
10
17
8
3
0
-8
1
0
-3
-1
5
10
10
4
3
14
13
19
16
17
18
2
1
-9
-9
-11
-12
-8
-13
-2
-3
-3
-9
-14
-15
-17
-6
-6
-1
-1
-7
-11
-28
-31
-33
-32
-25
-25
-19
-14
-18
-13
-13
-20
-19
-23
-22
-22
-18
-13
-17
-19
-16
-4
-1
1
9
15
18
19
11
8
17
18
21
15
13
22
22
26
34
34
31
34
29
31
30
33
34
33
37
33
37
33
30
28
17
14
18
7
14
16
15
23
21
17
12
10
0
1
-7
-11
-13
-26
-22
-25
-28
-29
-31
-32
-29
-23
-23
-13
-7
-6
-7
-13
-14
-14
-18
-21
-23
-25
-23
-26
-31
-34
-35
-41
-46
-41
-37
-30
-21
-24
-17
-16
-16
-4
-8
-9
-3
-1
10
21
24
19
12
12
13
13
20
25
25
23
19
21
23
19
15
8
7
9
9
12
23
22
26
29
29
33
23
18
18
10
9
10
6
6
-1
-5
-4
0
-7
-7
-7
-6
4
4
11
-3
-16
-14
-13
-10
-12
-12
-15
-20
-28
-21
-21
-15
-4
1
5
8
15
16
18
5
4
1
3
9
0
0
-2
-5
-9
-4
-6
-4
1
-3
5
7
12
16
17
12
4
0
-12
-14
-22
-24
-22
-20
-13
-14
-19
-24
-19
-21
-17
-24
-24
-16
-15
-2
-1
2
-3
-10
-6
-5
-4
-4
-5
1
15
13
19
17
13
15
8
6
3
6
3
5
13
17
16
14
13
11
7
2
-6
-5
-7
-1
6
1
11
11
6
6
7
8
11
9
8
9
6
13
24
26
19
21
10
12
19
4
0
-7
-16
-9
2
6
21
12
9
15
9
13
5
9
2
-10
-8
-1
1
3
0
1
3
-11
-13
-11
-15
-17
-20
-10
-10
-11
-10
-11
-16
-15
-22
-27
-22
-18
-9
-12
-13
-24
-17
-8
-6
-1
-7
-17
-25
-22
-15
-1
7
1
0
-5
0
-9
-8
-8
-5
-7
-15
-18
-23
-17
-10
-6
-5
5
4
10
21
15
13
11
12
11
16
11
15
19
28
26
10
12
16
21
16
15
18
25
25
33
39
38
32
21
24
23
23
16
15
16
24
26
22
23
9
3
-3
-3
-11
-6
-14
-16
-17
-31
-33
-39
-34
-33
-30
-33
-40
-40
-41
-44
-42
-37
-35
-31
-25
-20
-16
-11
-14
-8
-13
-20
-24
-31
-26
-28
-25
-18
-12
-5
-9
-3
-6
-5
1
0
4
11
19
25
18
19
22
22
30
32
35
38
42
47
50
49
42
43
34
28
28
24
25
34
35
26
21
14
7
3
2
2
-3
0
-5
5
12
8
7
2
-4
-4
-3
-4
-4
0
3
-2
-6
-4
-3
-2
1
6
8
4
-3
-8
-8
-13
-19
-9
-3
6
11
-2
-2
-7
-13
-15
-17
-18
-12
-14
-15
-16
-27
-28
-29
-30
-25
-27
-29
-23
-21
-23
-23
-25
-19
-22
-17
-20
-24
-20
-22
-18
-25
-23
-25
-20
-11
-6
-9
-17
-15
-7
-5
-4
-4
-2
0
-1
2
2
6
17
22
26
29
27
26
26
16
7
6
4
1
2
4
9
12
13
23
26
24
24
15
8
13
16
20
13
14
14
16
14
11
18
21
23
29
24
14
13
15
12
9
3
1
3
-2
0
0
2
2
5
4
3
5
6
4
4
-1
-8
0
-1
5
17
25
22
18
12
5
0
-9
-13
-20
-12
-8
3
13
15
20
12
14
2
-4
-1
-5
-8
-11
-5
-8
0
1
2
2
-7
-8
-18
-15
-18
-26
-27
-30
-30
-26
-21
-18
-14
-18
-26
-27
-29
-29
-37
-35
-28
-27
-21
-26
-27
-26
-26
-27
-37
-40
-42
-34
-26
-21
-14
-16
-8
1
9
15
14
16
18
21
20
21
27
29
28
24
16
22
19
18
17
18
21
26
39
45
43
30
18
16
10
5
-1
0
5
5
4
1
-2
-5
0
5
5
3
1
5
14
9
11
9
6
9
8
11
11
10
0
-1
0
3
11
14
14
18
21
18
13
11
13
6
-2
-8
-9
-5
-2
-2
-8
-7
-14
-14
-9
0
1
-1
4
-1
0
-7
-17
-21
-22
-24
-25
-21
-19
-22
-23
-15
-15
-20
-22
-15
-12
-11
-5
-5
-8
-7
-3
1
5
-7
-10
-13
-18
-9
-6
3
3
1
7
6
11
10
12
16
13
9
10
20
20
12
7
2
11
19
18
15
10
13
14
17
14
12
6
4
6
1
-4
-2
0
-3
2
7
15
19
11
6
-6
-17
-22
-22
-20
-14
-9
0
3
1
5
6
5
3
0
-4
-9
-18
-16
-7
-4
-3
-9
-14
-18
-26
-23
-22
-28
-29
-33
-27
-15
-5
-1
-5
-3
-1
-1
-1
-13
-11
-11
-11
-3
-1
6
8
11
17
16
11
2
-3
-6
0
2
3
10
11
12
12
12
13
6
7
0
2
12
13
16
11
9
6
5
15
18
11
6
5
2
7
-2
2
8
12
14
18
22
23
25
20
11
6
3
-4
-2
2
8
9
2
-1
6
8
14
16
20
16
14
16
11
8
4
7
13
21
24
21
15
13
5
-7
-12
-15
-16
-18
-20
-17
-20
-28
-32
-35
-35
-33
-33
-32
-31
-29
-20
-15
-15
-13
-14
-12
-12
-15
-19
-24
-22
-27
-32
-25
-18
-5
2
5
-1
-1
4
6
6
1
2
0
0
-7
-14
-10
-10
-6
-3
-6
-7
-9
-5
5
18
17
17
12
15
16
18
19
16
19
17
20
19
15
6
4
11
13
4
-1
1
3
5
2
0
-5
-4
-4
-10
-11
-5
2
1
6
5
4
4
6
12
15
16
13
9
9
4
3
5
5
12
8
10
17
16
15
15
13
11
7
0
4
0
1
-3
-5
-5
-8
-9
-7
-6
-9
-4
-4
-3
-8
-10
-14
-13
-6
1
2
1
-3
-13
-22
-23
-22
-11
-3
1
6
6
10
9
7
1
-4
-9
-13
-11
-15
-14
-15
-8
1
0
1
6
14
20
20
18
13
14
16
18
15
9
7
-1
-7
-13
-9
-10
-12
-8
-8
5
16
26
25
19
16
12
12
3
-8
-13
-10
-9
-11
-6
-5
-9
-16
-21
-20
-17
-11
-9
-5
-4
-7
-6
-13
-26
-30
-29
-26
-25
-14
-15
-14
-1
10
11
3
7
9
14
13
11
12
6
-2
-5
-7
-13
-15
-11
-5
-5
-7
-7
-3
1
5
9
10
6
3
0
-6
-15
-12
-10
-9
-2
2
14
24
24
28
29
30
30
28
29
23
17
11
10
16
15
20
24
26
20
7
-2
-3
-1
-1
1
1
-2
-3
-6
-14
-19
-16
-17
-33
-35
-17
-4
2
-4
-2
3
0
-10
-10
-5
-2
5
6
8
3
2
4
0
-1
3
4
7
12
18
17
14
10
11
12
8
11
5
-2
-6
-10
-8
-4
-6
-5
-4
-2
1
1
-1
3
-1
-8
-14
-8
0
7
9
2
-4
-3
-3
-7
-10
-16
-22
-26
-29
-24
-21
-21
-13
-13
-14
-16
-9
-5
-1
6
-1
1
2
8
11
7
11
4
-2
-2
0
2
8
10
8
7
9
12
13
11
-1
-8
-9
-14
-14
-10
-8
-8
-8
0
1
-2
-8
-14
-19
-20
-17
-10
-6
-5
-4
-6
-6
-12
-11
-6
-1
2
1
2
10
14
11
10
4
2
-3
-6
4
11
13
15
20
24
29
29
29
30
28
25
25
26
24
28
27
23
20
13
5
0
-1
-3
-2
-7
-7
-1
4
13
14
13
13
11
4
4
4
2
1
-1
2
0
7
15
13
11
0
-1
-2
-7
-7
-9
-8
-9
-9
-9
-9
-6
-1
-6
-20
-26
-34
-35
-35
-37
-36
-34
-32
-30
-24
-16
-19
-32
-39
-41
-29
-16
-8
1
1
5
1
4
4
0
-2
-5
0
-2
0
-1
3
3
7
10
8
9
3
2
2
2
0
-2
-1
3
1
-1
-4
-2
6
5
3
2
4
6
9
9
14
16
17
11
5
-1
0
2
5
15
13
12
15
21
30
36
36
33
25
23
18
15
18
14
7
7
12
14
14
13
10
6
3
1
4
2
-4
-7
-13
-23
-25
-33
-29
-20
-18
-19
-16
-11
-13
-12
-10
-11
-8
-12
-11
-6
-6
-7
-5
-2
-3
-6
-6
-9
-6
-3
-5
0
4
7
9
10
6
2
-1
-6
-1
3
10
17
16
18
17
19
13
6
0
-5
-9
-6
-4
-5
-1
-4
-4
-1
-3
4
6
4
0
-7
-11
-10
-7
-1
4
3
6
12
9
0
-8
-22
-33
-36
-31
-25
-22
-22
-24
-19
-6
-2
-5
0
0
1
4
2
1
3
2
0
3
6
3
2
3
6
10
14
17
13
8
10
7
7
7
11
7
3
11
11
8
11
5
-1
-2
-2
4
8
9
13
12
16
19
19
16
14
16
15
7
5
4
2
3
1
3
6
9
15
15
10
2
-2
-5
-6
-5
-9
-13
-10
-9
-15
-20
-25
-17
-18
-23
-19
-23
-21
-13
-8
-6
-10
-14
-21
-24
-26
-22
-18
-23
-16
-14
-12
-4
1
11
10
7
2
3
9
16
20
20
15
11
8
17
17
11
12
5
8
2
-8
-11
-6
-4
-8
-4
-4
-4
-1
-2
-4
-9
-20
-20
-8
3
12
14
12
13
10
14
17
16
11
5
2
9
15
22
22
19
20
19
21
18
17
17
14
11
12
14
19
13
10
7
5
5
-1
-9
-14
-20
-23
-18
-8
-1
-3
1
7
4
-4
-13
-21
-24
-32
-42
-39
-40
-40
-38
-37
-35
-35
-37
-35
-26
-23
-13
-4
-2
0
4
7
7
9
13
19
20
16
10
7
11
19
17
21
29
31
38
31
27
15
9
11
10
9
12
19
17
9
0
-4
-5
-12
-12
-11
-14
-12
-10
-10
-9
-7
-5
-7
-13
-13
-12
-1
10
10
7
-2
-5
-3
-4
1
2
3
11
13
17
19
13
12
7
-3
-2
2
-2
-3
3
1
-7
-8
-9
-6
-4
-11
-12
-10
-3
3
4
9
10
19
15
10
13
14
14
13
7
2
6
6
12
10
6
1
-3
-4
-3
-1
-13
-19
-31
-38
-35
-30
-27
-29
-33
-35
-38
-33
-27
-22
-16
-9
-7
-3
1
1
2
1
-3
-1
1
-1
4
7
11
6
2
9
12
16
17
15
14
14
12
9
12
7
5
-3
-4
3
7
12
14
15
14
15
6
17
29
31
26
25
25
22
22
18
14
18
18
16
13
13
10
12
18
13
13
8
9
12
8
-3
-9
-17
-20
-24
-30
-23
-17
-13
-11
-8
-8
-10
-14
-17
-10
-10
-7
-5
-6
-4
-5
-6
-7
-7
-5
-9
-10
-14
-15
-13
-16
-21
-20
-16
-18
-14
-15
-20
-23
-28
-34
-35
-32
-33
-30
-23
-13
-5
-7
-3
-6
-9
-12
-13
-15
-17
-7
6
3
1
12
19
22
18
14
18
16
13
18
21
22
20
24
29
24
24
18
19
