-7
-6
-10
-15
-8
-5
2
5
2
-1
3
11
17
13
5
4
8
8
-3
-7
-4
-5
-1
10
18
36
46
47
43
30
28
17
16
17
20
15
2
-6
-10
-9
-10
-14
-10
0
8
6
5
6
2
3
-1
-11
-2
13
14
15
19
8
6
8
-3
-6
-6
-12
-10
-6
-5
-7
-6
-6
-13
-15
-13
-18
-19
-13
-14
-9
-3
-10
-15
-16
-20
-25
-24
-27
-31
-21
-17
-18
-8
-2
-8
-4
0
5
8
6
0
-4
-3
0
2
1
1
1
5
5
2
4
3
-2
6
12
14
7
5
2
1
7
9
11
19
27
30
25
14
6
2
1
-5
-9
-7
-9
-6
3
7
5
-8
-12
-9
-11
-1
6
6
9
2
-9
-12
-6
-6
-2
2
-3
-1
6
5
5
8
8
6
13
8
1
6
4
1
2
10
5
9
17
20
22
13
4
6
2
-4
-5
-8
-11
-12
-19
-21
-22
-12
-1
0
2
9
15
20
18
9
0
-4
-8
-8
-11
-4
1
-7
-9
-15
-17
-10
0
2
-2
-13
-12
-5
-6
-5
-5
-4
-15
-18
-20
-20
-18
-15
-12
-11
-7
-9
-6
6
0
-2
2
6
5
4
11
7
1
-4
1
1
-3
-6
1
7
8
6
9
10
6
7
11
15
17
15
15
11
6
5
5
8
13
18
18
10
0
3
-2
2
7
6
5
1
3
-2
-4
-9
-7
-3
-2
-4
-3
-5
-4
-1
0
-1
-7
-4
-2
6
14
15
9
1
4
4
0
9
13
0
-9
-3
4
8
7
6
3
-2
-6
-9
0
5
0
4
6
3
-2
1
5
9
13
3
5
2
-2
0
-2
-3
-8
-7
-12
-14
-18
-27
-30
-34
-25
-20
-14
-14
-14
-12
-16
-12
-11
-9
-10
-11
-11
-11
-8
-1
3
5
10
9
12
12
9
1
2
-3
-7
-5
-6
5
13
12
5
-3
-3
-1
0
0
-3
-13
-17
-26
-17
-11
-8
-7
-9
-5
-5
0
4
2
-3
-8
-10
-3
9
16
21
25
24
19
20
19
21
25
29
28
25
24
20
13
8
8
4
11
13
11
15
11
6
4
7
7
9
11
11
18
21
15
16
21
11
6
4
2
8
9
5
4
6
1
1
-2
-3
-1
-3
-6
-15
-22
-32
-31
-29
-24
-22
-23
-23
-28
-20
-15
-13
-8
-3
-2
-7
-11
-16
-18
-24
-31
-26
-18
-14
-12
-3
5
7
11
8
5
-1
-2
-13
-11
-4
-9
-5
-4
-5
-3
-10
-11
-3
3
10
10
10
8
9
3
-2
2
1
0
-4
-10
-1
6
10
11
4
3
8
8
14
20
15
10
9
12
12
11
11
-1
-6
-8
-13
-7
-7
-16
-8
-4
-7
-12
-17
-20
-17
-22
-23
-21
-18
-14
-18
-14
-10
-11
-9
-7
3
12
12
8
12
15
16
15
16
25
22
21
19
14
15
14
18
18
17
17
20
25
36
40
37
31
29
25
23
23
14
5
-3
-1
0
8
19
14
6
5
5
-3
-4
-2
1
6
7
4
-2
-8
-14
-14
-8
-8
-7
-11
-7
-1
-1
1
0
-4
-5
-5
-13
-17
-16
-21
-26
-15
-16
-17
-10
-14
-7
-5
-8
-11
-16
-16
-20
-22
-29
-31
-19
-22
-26
-21
-15
-17
-17
-12
-6
-6
-8
-4
-9
-12
-7
-8
-10
-11
-13
-16
-13
-11
-13
-14
-14
-7
2
0
4
12
15
17
10
4
2
-1
-3
-5
-5
-8
-6
4
11
22
32
30
29
28
23
13
8
7
7
5
2
3
0
-3
-7
2
7
10
21
25
30
25
10
2
0
1
-1
6
3
7
7
2
12
16
25
26
25
22
16
13
8
10
9
2
-3
1
4
17
28
20
12
13
11
12
11
9
8
-2
-6
-10
-5
-11
-19
-15
-7
-1
-8
-14
-18
-18
-28
-34
-28
-25
-15
-10
-9
-8
-9
-7
-2
2
-4
-8
-12
-10
-6
1
8
4
5
2
-1
-2
1
7
8
5
-1
-12
-19
-16
-13
-11
-15
-16
-10
4
4
-1
-9
-12
-6
-11
-20
-21
-17
-18
-18
-16
-14
-11
-13
-7
4
13
12
9
9
11
14
16
20
21
14
17
19
14
11
5
3
0
5
9
4
-5
-6
-8
-8
-5
-7
-6
-4
-4
-4
-4
-12
-17
-16
-10
-8
-11
-11
-13
-12
-6
-6
-5
-5
1
9
17
27
25
24
23
14
6
3
7
19
22
18
22
21
19
18
12
10
12
7
0
2
2
-3
-6
-2
-7
-8
2
11
11
15
14
-6
-14
-19
-21
-22
-22
-19
-11
-6
-3
-2
-1
2
1
0
1
-1
-1
-5
-10
-5
-3
-6
-7
1
11
16
11
11
14
17
26
28
26
17
7
6
13
6
2
-7
-19
-9
4
13
15
9
6
5
-4
-15
-12
-6
-2
-3
-4
-3
-7
-12
-17
-17
-18
-11
-6
-1
11
15
13
6
-2
-7
-5
-1
-4
-7
-7
-7
-9
-10
-20
-25
-21
-28
-30
-24
-24
-18
-7
-8
-8
-9
-11
-10
-7
-1
6
9
15
10
10
17
15
6
-4
-6
-6
-12
-16
-13
-11
-3
1
4
10
13
14
6
3
0
-4
-9
-17
-13
-8
-7
-11
-18
-22
-19
-18
-17
-10
-4
7
13
12
17
23
23
11
9
11
21
25
24
20
16
19
21
26
26
33
29
24
16
8
14
15
8
5
8
-2
3
7
1
3
0
-6
-4
4
-6
-10
-9
-14
-13
-13
-6
-1
3
7
7
7
10
7
10
14
15
21
19
19
14
12
7
-3
-4
-7
-7
-3
-1
2
-1
0
-1
-4
-7
-9
-16
-13
-12
-15
-17
-17
-10
-7
-9
-8
1
12
8
-10
-15
-14
-20
-29
-35
-36
-31
-21
-8
-10
-12
-2
1
-3
-6
-13
-14
-19
-23
-14
5
17
19
17
16
3
-4
-10
-19
-13
-15
-19
-15
-11
-12
-12
-14
-10
-3
2
1
8
13
15
19
15
9
3
4
1
0
7
9
17
20
20
21
18
16
9
10
11
14
17
16
18
15
14
11
7
2
-6
-8
-7
-2
-2
3
3
6
12
6
0
5
5
-3
-7
-9
-5
-7
-11
-11
-4
-2
-13
-14
-10
-7
-4
-4
-7
-4
-7
-16
-18
-10
-9
-6
-3
0
17
21
10
9
8
8
3
0
4
10
13
17
17
21
20
18
16
12
12
12
12
14
16
16
7
6
1
-2
-2
-10
-12
-10
-6
-4
5
12
9
9
6
9
10
-1
-5
5
10
4
0
-4
-10
-11
-13
-15
-16
-18
-21
-19
-16
-14
-9
-6
-9
-11
-6
-6
-6
-4
-10
-21
-22
-19
-18
-19
-19
-17
-11
-9
-2
-4
0
-2
-9
-12
-15
-14
-13
-11
-9
-6
-5
-7
-4
0
0
-8
-4
6
10
21
18
16
19
9
1
-3
-7
-7
-15
-14
-8
6
15
16
17
16
13
10
5
3
10
8
5
7
8
8
3
3
-3
-3
3
4
4
6
9
7
4
1
-7
-18
-23
-23
-21
-22
-21
-19
-14
-12
-10
1
5
12
12
13
18
18
23
27
30
34
27
17
22
30
33
37
34
30
30
31
34
34
29
34
32
29
22
10
8
2
1
-4
-11
-7
-6
-11
-14
-23
-20
-7
-5
-6
-3
-8
-13
-19
-23
-19
-17
-26
-26
-30
-36
-32
-32
-24
-15
-16
-21
-25
-23
-17
-21
-20
-18
-16
-8
-10
-9
-8
-10
-9
-11
-16
-14
-13
-14
-14
-11
-12
-16
-15
-9
1
1
-1
2
3
1
-1
0
2
9
4
1
7
12
8
8
11
12
11
12
12
14
21
16
9
8
5
7
8
-2
-9
-7
3
16
23
20
19
16
10
6
5
8
3
6
0
-6
-6
-4
2
-5
-4
8
6
5
7
2
2
4
4
3
8
16
19
17
14
4
-6
-4
-2
2
6
4
1
-3
-4
-7
-3
-2
-3
4
3
8
1
-2
-1
-4
-10
-9
-7
-3
3
5
2
-5
-10
-8
2
10
14
6
9
8
5
3
7
9
5
3
1
10
12
19
22
19
12
6
0
1
-1
-7
-5
1
3
-6
-9
-9
-17
-27
-28
-29
-22
-19
-19
-14
-16
-18
-20
-23
-15
-14
-19
-23
-21
-12
-1
3
1
-1
-2
-5
-4
3
7
3
-1
-4
-3
-3
-2
3
-4
-1
-3
-10
-5
4
2
0
3
11
9
4
1
8
12
3
1
4
7
17
20
12
9
5
-3
-4
-5
-2
-2
-2
1
3
10
16
18
20
13
6
2
6
8
11
11
2
2
1
-4
-11
-8
-6
-10
-7
-6
-3
2
-1
-7
-4
-2
-4
-6
-1
6
5
-2
-5
3
12
11
7
16
15
12
13
14
17
16
15
17
18
15
14
21
21
14
6
-1
-13
-20
-24
-30
-32
-39
-42
-35
-26
-10
-3
-2
0
-4
-5
-5
-6
0
8
5
0
4
16
22
18
14
9
0
-3
-7
-9
-2
-4
-11
-5
3
1
-8
-11
-14
-16
-10
-3
1
-1
-5
-5
-7
-8
-2
3
9
7
2
0
-6
-7
-6
-2
0
4
6
-1
-6
-5
-7
-6
0
1
6
8
5
10
12
11
4
0
-4
-5
0
6
9
13
4
-5
1
2
5
8
4
7
17
11
9
7
-2
0
2
-6
-8
-5
-8
-13
-13
-15
-19
-18
-10
1
-3
-5
-11
-8
1
8
7
-3
-8
-8
-8
-8
-1
6
10
16
13
13
16
16
11
1
2
-1
-5
0
-6
-10
-9
-6
1
5
6
15
17
13
3
-3
-1
-6
-7
1
0
-4
-3
4
13
11
7
2
-1
3
3
3
2
-1
3
0
-7
-8
-6
-1
6
6
1
7
8
3
-2
-2
-6
-6
-1
3
17
19
15
9
0
-10
-14
-13
-6
-1
-7
-3
-5
-11
-13
-23
-23
-24
-25
-14
-2
1
3
-6
-11
-15
-12
-3
3
15
11
3
-1
1
10
20
20
13
11
8
2
4
-1
2
-3
-6
-1
1
8
5
0
1
-1
-8
-11
-9
-4
-4
-7
-7
-6
-1
-11
-16
-18
-14
-6
-1
4
2
4
11
12
9
5
-1
9
14
9
5
8
13
13
14
13
5
4
8
8
8
1
-2
-2
-2
0
-3
-5
-6
-5
-1
-3
-8
-3
4
2
-1
-6
-3
3
9
15
17
15
10
7
12
8
-10
-5
4
-2
-4
-7
1
1
-16
-15
-7
-12
-12
-5
1
3
2
4
1
-3
-6
-3
2
6
9
11
9
2
-2
-1
1
1
-4
-13
-22
-20
-16
-13
-11
-13
-11
-6
-9
-14
-17
-20
-23
-24
-18
-13
-8
-8
-3
-2
-1
6
11
13
11
10
10
5
5
4
7
10
7
-1
-1
5
5
0
5
2
2
0
2
20
19
4
1
0
-3
-8
-10
-5
-3
-1
-6
1
11
23
27
24
25
25
26
23
18
18
21
17
13
10
9
7
8
5
-1
-5
-12
-17
-17
-16
-16
-16
-16
-15
-13
-6
0
4
9
4
0
-2
-2
8
10
10
10
5
2
3
-5
-6
-2
0
6
15
17
7
0
-4
-9
-15
-14
-17
-24
-25
-27
-26
-22
-22
-14
-8
-12
-16
-22
-7
2
9
9
5
6
5
2
-1
-2
-6
-2
-8
-11
-4
-6
-6
-7
-9
-12
-10
-10
-6
2
4
-3
-11
-13
-14
-8
-5
-2
1
3
6
11
13
20
16
19
20
18
23
24
24
23
19
9
8
0
-2
3
3
1
-6
1
1
1
2
3
2
-2
-4
-9
-7
-11
-10
-3
-1
-1
-2
8
16
17
17
18
19
15
6
3
1
-4
-4
-8
0
9
9
13
2
-5
-7
-4
2
11
16
11
9
1
9
13
7
6
7
0
2
1
-6
-4
-2
0
-1
-1
-4
0
4
5
-1
-6
-7
-11
-20
-27
-32
-39
-33
-32
-32
-24
-15
-14
-17
-15
-19
-18
-19
-18
-10
-7
-2
0
6
10
3
-4
-8
-17
-14
-10
-2
10
19
29
26
22
22
24
25
20
19
19
12
4
6
2
-8
-6
1
0
2
-3
-4
0
0
-7
-11
-12
-17
-13
-11
-7
2
2
7
13
10
4
2
5
15
20
20
19
16
21
21
15
17
16
17
15
9
5
3
1
1
-1
-3
-9
-20
-16
-13
-4
1
0
2
6
7
1
0
-4
-6
-2
-6
-5
3
6
6
9
-2
-5
-11
-13
-17
-13
-15
-34
-15
-17
-2
-2
9
-3
-22
-21
-28
-24
-14
-16
-25
-18
-22
-15
-7
-16
-21
-4
2
18
12
4
5
3
-11
-18
-12
-3
21
22
13
13
5
1
8
15
20
38
45
47
46
43
40
33
24
13
12
11
15
18
11
3
-6
-15
-15
-17
-16
-17
-15
-5
-3
-3
3
3
2
3
-2
-9
-18
-15
-11
-12
-13
-18
-11
5
6
-1
1
1
3
5
0
2
0
-1
-2
-3
-6
-5
-6
-5
-5
-8
-10
-11
-9
-8
-7
-13
-16
-19
-12
-13
-12
-10
-10
-9
-6
-5
-7
-1
-4
-7
-6
-10
-13
-9
-4
2
6
5
6
14
18
19
18
19
18
15
14
16
17
20
26
28
22
18
11
1
-4
-10
-11
-4
5
10
8
-1
-8
-12
-13
-17
-17
-11
-9
-8
-13
-16
-7
1
2
8
9
7
0
-5
-6
-9
-10
-7
-8
-13
-9
-1
4
5
-2
-12
-15
-12
-9
-3
5
15
26
31
29
27
20
13
7
0
-3
1
10
14
12
6
4
1
-5
-7
-7
2
0
3
1
-6
-7
-2
-8
-7
-5
-5
15
12
15
3
0
3
-8
-5
-8
-6
-6
-13
-16
-8
-3
4
4
0
0
-6
-16
-16
-15
-8
-2
-3
-2
-14
-17
-24
-21
-18
-17
-2
-2
5
10
27
27
22
7
3
3
-6
0
7
25
11
8
-9
-11
-12
-2
4
6
8
14
16
2
-11
-17
-10
-5
10
8
15
10
1
-5
-2
4
5
9
4
4
-2
0
-1
-6
-7
-1
6
5
13
21
22
12
3
2
-3
0
-3
-2
2
-1
2
2
0
-2
-5
-8
-6
-9
-13
-9
-6
-6
-8
-11
-10
-8
-15
-19
-13
-13
-10
-18
-23
-21
-17
-7
1
1
-5
-7
-6
-6
-3
-7
-5
-2
1
13
14
13
8
7
9
4
7
9
4
5
1
-4
2
8
6
12
15
14
14
17
21
19
12
9
3
2
1
-6
-5
-4
-4
-5
1
0
2
7
13
12
6
3
3
5
5
8
5
13
13
6
7
-1
-4
-3
-9
-5
8
8
6
12
11
3
-2
-3
-3
0
-4
-5
-12
-8
-6
-11
-10
-14
-7
-3
-10
-7
-5
1
7
-3
-13
-15
-10
-4
0
5
13
16
19
13
10
15
16
21
17
7
6
4
-3
-3
-5
-12
-19
-20
-21
-22
-24
-27
-31
-29
-27
-24
-19
-22
-26
-29
-35
-42
-41
-27
-19
-17
-17
-10
1
13
17
11
6
2
1
4
15
3
0
15
17
17
13
14
15
2
-8
-6
0
8
2
-2
6
9
8
11
9
11
28
30
21
20
16
17
17
28
34
32
31
29
31
32
35
37
38
34
36
37
37
31
13
4
-1
1
5
6
7
7
6
0
-11
-16
-19
-21
-20
-24
-29
-26
-22
-15
-21
-24
-26
-33
-32
-25
-15
-9
-23
-30
-27
-21
-12
-14
-19
-13
-13
-19
-9
-8
-10
-18
-21
-19
-19
-21
-22
-21
-18
-12
-10
-8
-11
-13
-13
-6
1
1
10
11
11
15
15
10
7
11
12
16
15
20
19
17
16
17
18
11
14
16
15
23
25
22
23
20
15
11
8
1
-2
-4
-6
-3
-9
-12
-10
-12
-12
-19
-21
-21
-23
-15
-15
-16
-10
-6
-5
0
2
-1
2
4
9
11
4
-3
-1
-3
-1
8
16
14
16
17
15
12
9
8
10
6
3
3
7
5
5
5
10
19
14
12
13
14
9
11
16
15
10
10
2
-2
0
3
7
10
8
-2
-2
2
4
8
4
0
0
-2
-3
-2
-6
-13
-18
-23
-27
-27
-22
-22
-23
-18
-15
-13
-13
-13
-18
-19
-21
-18
-7
-6
-4
-2
-9
-13
-19
-18
-9
-10
-4
-5
-11
-11
-11
-4
-1
1
3
3
3
-1
-2
-7
-4
0
-6
-9
-7
0
11
11
12
16
15
9
6
9
9
12
10
15
17
17
21
20
19
11
6
7
3
1
3
7
5
9
10
13
15
14
13
6
-6
-13
-17
-13
-4
-4
-5
-8
-7
-1
9
13
12
-3
-13
-13
-11
-6
-4
4
2
5
9
9
10
7
8
3
6
7
12
23
24
29
30
26
19
15
5
-7
-15
-24
-21
-19
-18
-11
-9
-17
-20
-22
-16
-9
-5
-3
-4
-3
-3
-7
-7
-9
-10
-9
-9
1
8
7
5
7
9
9
3
1
4
3
0
-1
-4
-11
-11
-8
-11
-12
-11
-13
-10
-11
-15
-19
-19
-16
-15
-16
-19
-18
-17
-7
-5
-3
3
6
10
14
14
9
2
-1
1
7
14
15
14
17
14
5
0
2
2
7
0
-2
-3
3
9
11
14
9
12
11
4
1
2
2
2
2
9
9
12
17
10
5
4
2
1
3
4
6
5
0
-2
-1
4
3
4
10
10
13
10
2
-9
-17
-18
-12
-7
0
8
9
9
9
6
3
2
10
4
-1
1
0
3
2
-5
-10
-9
-12
-11
-7
-10
-20
-29
-27
-21
-11
-10
-15
-19
-18
-18
-19
-13
-5
3
3
2
0
2
2
4
6
4
3
2
2
9
13
13
14
14
18
17
12
12
10
16
14
12
17
17
22
20
17
9
1
-3
-3
-4
-3
-6
-3
-5
-11
-8
-10
-12
-9
-10
-21
-25
-23
-17
-8
-10
-11
-12
-17
-20
-23
-18
-18
-20
-13
-11
-7
-1
3
6
4
0
-6
-3
-9
-13
-16
-19
-14
-16
-11
-9
-7
-4
2
7
11
15
17
22
25
25
33
31
32
35
34
32
29
26
30
27
25
22
18
16
13
13
15
16
11
6
5
3
1
3
4
3
-4
-12
-15
-15
-13
-14
-16
-17
-13
-21
-30
-28
-24
-21
-11
-3
7
9
12
13
6
5
-4
-16
-18
-16
-14
-9
-9
-5
-1
1
6
7
5
0
-2
-4
-9
-3
-6
-8
-12
-14
-7
-1
2
5
11
10
5
0
-8
-9
-2
0
-2
-3
-5
-2
3
7
4
0
-1
-7
-8
-10
-3
-1
-3
-10
-18
-17
-13
-19
-17
-18
-19
-10
-11
-8
-4
-1
0
2
-3
0
5
6
11
10
13
12
12
7
1
-1
-3
1
10
17
23
23
24
19
15
23
23
25
22
19
20
20
17
12
20
19
13
6
-3
-5
-13
-15
-15
-15
-15
-21
-17
-15
-8
-8
-12
-15
-20
-19
-18
-14
3
6
8
10
9
11
11
10
11
9
9
4
8
12
11
8
0
-2
0
6
1
4
4
1
1
-4
-6
-7
-10
-10
-8
-6
1
4
9
7
1
2
6
9
5
-2
-6
-5
-4
-3
-4
-5
-5
-11
-17
-18
-16
-9
-8
-11
-14
-19
-25
-22
-18
-15
-10
-12
-8
-7
-10
-9
-11
-5
2
-2
-4
-3
2
10
6
8
12
8
6
11
12
15
14
9
8
11
16
14
12
9
6
-1
-5
-2
7
16
23
24
16
17
18
15
11
8
0
-8
-7
-6
-4
0
-4
-11
-12
-13
-15
-15
-20
-22
-25
-19
-10
-8
-6
-11
-16
-25
-29
-26
-21
-15
-15
-16
-13
-9
-4
2
9
7
9
23
32
32
31
28
27
20
12
16
23
25
22
20
19
14
8
6
8
3
5
9
10
15
18
20
21
16
4
1
-4
-1
-1
2
10
6
6
11
14
13
19
17
9
10
11
12
12
7
-2
-14
-24
-29
-32
-30
-30
-32
-31
-35
-46
-56
-63
-65
-61
-58
-43
-33
-29
-29
-21
-15
-25
-26
-22
-13
-1
-2
1
9
10
0
6
17
22
28
32
32
29
30
32
31
36
29
26
33
38
40
36
38
32
26
23
23
34
34
24
17
17
17
20
21
24
21
11
3
0
-1
-5
-9
-20
-34
-38
-45
-37
-34
-34
-34
-37
-32
-28
-32
-24
-21
-22
-18
-22
-16
-15
-8
-5
-6
-14
-11
-8
0
1
-7
-10
-18
-14
-16
-14
-9
-15
-12
-12
-9
-4
-3
-4
-6
-3
4
8
10
16
19
17
19
11
17
25
24
22
18
17
12
10
13
18
13
14
11
13
17
16
19
25
27
28
28
25
25
27
26
21
14
9
10
8
11
16
12
10
8
4
0
-2
-5
-8
-5
-4
-6
-5
-3
-1
-9
-18
-27
-27
-26
-26
-22
-23
-25
-23
-23
-21
-17
-18
-17
-17
-13
-9
-11
-15
-20
-29
-31
-27
-26
-21
-16
-6
0
-3
-3
-1
4
7
3
5
7
3
3
-1
-4
-4
-1
-2
1
11
20
25
26
27
29
28
24
23
27
26
25
29
26
25
20
22
18
6
-5
-13
-13
-16
-17
-18
-20
-20
-21
-21
-22
-17
-19
-23
-22
-22
-19
-20
-14
-12
-10
-11
-14
-9
-5
-1
1
4
6
10
7
6
7
8
9
4
4
2
0
-2
-5
-7
-5
-8
-14
-12
-11
-13
-15
-13
-14
-9
-3
0
9
19
30
36
36
42
47
41
37
38
35
32
32
25
21
18
19
22
28
35
29
25
17
8
4
4
2
0
-4
-21
-25
-26
-26
-24
-24
-23
-19
-17
-14
-11
-12
-17
-18
-19
-23
-23
-19
-18
-14
-14
-16
-17
-13
-12
-16
-20
-22
-23
-24
-22
-14
-9
-8
-6
-2
-3
-1
4
-1
-4
1
3
2
5
13
17
17
21
18
16
15
14
18
13
2
-8
-12
-10
-11
-11
-9
-10
-14
-14
-11
-10
-4
0
-1
-4
-2
1
8
10
10
8
7
12
13
16
22
18
16
10
5
5
6
8
13
14
12
17
20
24
14
9
5
-3
-7
-10
-16
-17
-15
-16
-13
-8
-6
-6
-14
-20
-20
-13
-8
-7
-3
-1
6
4
4
7
12
11
6
-2
-9
-8
-2
8
10
10
10
12
14
12
16
22
20
22
24
21
24
22
14
17
14
14
12
3
-4
-12
-17
-22
-18
-17
-17
-12
-10
-14
-20
-29
-38
-38
-41
-43
-37
-34
-32
-33
-33
-28
-25
-20
-12
-7
-5
-6
-8
-8
-1
-2
-2
-2
2
11
12
10
7
4
4
4
9
12
18
18
14
17
21
35
47
51
53
49
38
31
33
31
27
21
23
24
25
25
20
21
20
17
13
6
-4
-11
-12
-13
-17
-22
-16
-16
-19
-19
-22
-21
-16
-16
-16
-15
-12
-11
-12
-8
-13
-12
-10
-8
-7
-10
-7
-3
0
-3
-5
-5
-5
0
2
4
2
-4
-11
-17
-24
-31
-31
-34
-32
-27
-28
-24
-20
-21
-19
-17
-22
-19
-17
-12
-8
-2
0
5
11
12
17
19
14
13
10
10
16
18
26
20
18
13
4
2
3
1
3
10
7
5
13
12
17
13
7
6
3
9
16
23
27
28
24
29
24
13
10
6
3
3
11
11
15
16
11
4
-4
-9
-14
-10
-6
2
3
1
1
1
7
3
-2
-3
-4
-4
4
11
20
23
20
12
7
6
-6
-5
-2
0
2
-6
-8
-10
-16
-20
-28
-33
-35
-33
-29
-24
-24
-28
-30
-25
-27
-26
-29
-40
-41
-40
-32
-31
-23
-12
-15
-7
3
17
32
39
31
23
16
18
23
28
40
44
39
33
30
20
10
4
0
3
-3
-4
-7
-12
-6
-3
-2
-1
0
-3
-8
-7
-7
-13
-11
-7
-5
0
0
0
-5
-4
-1
-1
5
5
2
3
5
5
3
2
7
6
1
-7
-4
-2
-3
-7
-14
-18
-20
-14
-12
-4
0
0
2
0
4
10
13
5
7
9
10
12
17
20
16
9
3
6
8
5
2
0
-1
3
8
4
7
13
16
10
2
-3
-8
-10
-9
-5
-3
0
-1
2
5
0
-5
-7
-8
-14
-18
-21
-19
-7
-12
-9
-1
1
1
0
-3
0
-2
-11
-2
8
14
11
22
21
13
14
24
22
16
13
12
5
-3
-9
-6
-2
-4
-7
-10
-12
-160
-112
-11
-19
-31
-15
88
22
4
37
25
43
82
68
-4
14
46
30
-18
-77
-8
47
56
80
31
19
6
-32
-81
-68
-40
-61
-76
-89
-99
-58
-63
-82
-45
-44
-21
1
24
45
44
49
39
32
30
31
31
21
36
49
27
20
27
34
25
24
33
38
49
34
22
16
15
8
-4
0
-1
-2
-7
-14
-12
-8
-4
-8
-13
-13
-6
-2
-14
-11
-7
-9
-21
-28
-28
-36
-37
-30
-20
-20
-20
-23
-20
-12
-17
-12
-7
-6
-1
6
11
14
13
7
1
-7
-4
1
1
10
13
15
13
13
7
0
4
6
1
0
1
0
4
9
11
10
15
18
20
25
27
28
29
34
31
28
30
25
10
2
-6
-11
-12
-16
-23
-32
-35
-39
-35
-34
-28
-24
-27
-27
-22
-18
-24
-17
-8
-13
-18
-15
-6
-2
1
3
11
12
10
16
15
9
12
4
-7
-8
-6
2
3
1
5
1
4
11
10
9
-1
-1
1
9
11
11
20
29
32
29
24
28
29
28
36
23
17
10
9
8
2
0
-2
-1
-6
-8
-13
-15
-19
-23
-23
-25
-27
-24
-13
-9
-8
-10
-5
-3
-13
-21
-26
-27
-27
-18
-4
1
3
-1
-2
-1
-1
2
10
9
6
4
-1
0
1
5
0
-4
-4
-9
-4
7
12
14
13
10
3
6
12
1
-3
-7
-9
-7
1
9
11
3
-8
-11
-11
-8
-2
1
6
3
-2
7
9
15
18
12
10
15
17
19
29
30
32
23
10
0
-7
-9
-10
-12
-16
-20
-19
-19
-19
-22
-23
-28
-38
-33
-23
-23
-21
-16
-20
-20
-18
-20
-21
-20
-16
-12
-6
-4
-2
3
3
-2
-5
-3
3
9
2
10
23
19
23
27
30
26
17
13
13
21
23
30
36
35
34
37
33
35
40
32
32
31
34
28
28
28
22
15
7
5
0
-2
-6
-9
-4
0
-5
-7
-1
-7
-5
-4
-3
-3
0
2
-4
-7
-4
-9
-16
-16
-25
-31
-32
-27
-28
-34
-35
-37
-41
-31
-27
-37
-35
-40
-52
-53
-51
-46
-41
-44
-38
-28
-26
-15
-10
-16
-18
-23
-23
-17
-17
-13
-6
-1
3
9
13
14
16
19
23
26
28
26
30
29
24
29
34
36
35
36
42
41
33
25
21
24
26
31
35
33
30
25
26
18
12
15
15
17
12
-2
-9
-9
-7
-4
-1
-2
-2
-4
0
-1
-2
3
1
3
-1
-7
-7
-15
-20
-14
-10
-4
-5
-11
-16
-15
-15
-19
-15
-9
-7
-1
5
9
6
0
0
-1
-10
-9
0
5
9
7
7
2
0
3
3
6
4
-1
-5
-7
-1
8
7
1
-3
-10
-15
-15
-10
-5
-9
-16
-13
-8
-3
-4
0
3
0
0
2
-2
-1
1
-9
-11
-12
-7
-3
-5
-1
0
4
-5
-6
3
0
-6
-3
-8
-15
-9
-8
-10
-9
-15
-13
-14
-11
-9
-15
-11
-10
-8
-7
-7
-10
1
8
3
9
5
9
13
14
11
8
7
2
7
2
4
9
5
7
10
14
21
20
19
16
15
18
18
16
8
8
13
7
9
18
14
15
22
14
10
11
6
5
8
7
3
6
12
13
15
12
0
-9
-18
-24
-15
-13
-9
-5
-6
-2
-13
-19
-16
-19
-16
-18
-13
-11
-7
5
6
2
5
0
-1
-2
-11
-17
-26
-28
-30
-22
-9
-11
-13
-7
-9
-6
-4
-7
-5
-4
-4
-7
-11
-10
-5
-4
4
11
14
6
5
5
3
7
7
4
5
7
8
15
24
23
24
27
19
16
12
6
2
-4
0
3
11
20
24
23
17
15
11
9
-1
-10
-13
-23
-33
-30
-22
-21
-21
-30
-30
-24
-16
-5
3
4
0
-11
-16
-18
-13
-7
-4
1
0
8
18
20
18
13
7
15
13
17
23
27
30
30
28
21
12
9
10
5
-2
-6
-8
-14
-15
-6
-8
-11
-7
-3
0
8
6
3
2
-2
-4
-8
-6
-10
-12
-18
-14
-7
-4
-3
3
6
1
-8
-12
-12
-13
-13
-15
-12
-7
-9
-17
-18
-14
-11
-18
-20
-16
-12
-1
2
-4
0
-7
-3
4
1
13
14
16
16
16
16
11
6
6
6
0
-3
0
5
6
6
5
11
9
7
3
1
-1
-8
-9
-11
-7
0
8
15
21
24
25
19
16
14
10
9
6
14
19
14
12
14
10
4
5
7
3
-2
-5
-7
-8
-9
-13
-19
-20
-17
-19
-27
-22
-15
-21
-16
-5
-6
-13
-7
1
2
6
20
26
11
10
7
12
12
4
7
9
4
3
4
-1
-10
-20
-13
-8
-4
-1
1
0
-5
-9
-16
-11
-9
-5
-5
-13
-11
-10
-13
-9
-4
-4
-7
-7
3
5
4
-2
-8
-11
-18
-14
-7
-3
7
8
9
16
19
18
11
4
0
1
4
9
12
8
9
4
4
1
-6
0
6
0
-3
3
4
8
4
2
2
-3
-9
-5
2
-1
-2
1
7
11
13
14
17
16
24
17
1
-1
-6
-4
-12
-15
-18
-13
-13
-13
-3
-4
0
-3
-4
-7
-8
-9
-5
-2
0
12
12
11
14
17
16
10
5
-2
-4
3
6
6
2
-1
0
4
2
-7
-15
-22
-26
-23
-18
-18
-18
-21
-23
-25
-20
-15
-12
-15
-17
-14
-20
-12
-8
-8
-9
0
6
10
13
16
19
20
18
15
15
14
20
20
21
19
13
14
18
22
23
20
19
19
13
10
11
12
14
14
8
5
5
12
9
-2
-9
-8
-4
-4
3
1
5
6
0
2
7
2
2
11
14
14
12
11
12
10
3
-5
-8
-14
-12
-10
-10
-5
-6
-11
-14
-19
-20
-23
-20
-23
-22
-22
-24
-19
-20
-29
-35
-32
-33
-27
-20
-19
-22
-29
-29
-31
-31
-27
-22
-21
-17
-8
5
9
14
25
20
16
13
15
18
18
16
12
8
7
9
22
30
33
23
25
25
17
15
17
19
13
10
9
10
8
14
8
3
-2
-8
-4
3
7
2
4
7
8
11
15
11
8
6
6
3
4
8
3
5
1
-4
-8
-9
-2
0
-1
1
0
-7
-15
-20
-17
-13
-9
-5
-10
-8
-4
-8
-12
-13
-10
-7
-3
4
5
6
1
-4
-5
-5
-2
-3
-9
-14
-15
-8
1
9
9
14
19
16
14
18
15
10
2
-5
-6
-5
1
-1
0
6
7
12
17
27
29
23
19
15
7
1
0
-4
-2
-3
-7
-8
-10
-9
-13
-11
-16
-20
-18
-23
-22
-18
-20
-16
-11
-9
-5
-5
-7
-7
-8
-8
-11
-10
-7
-11
-14
-17
-15
-9
-11
-12
-8
-2
-3
-6
-1
4
-6
-9
-15
-19
-10
-11
-5
2
5
12
14
22
20
17
17
23
25
22
14
16
14
16
26
26
20
17
14
12
15
12
12
10
7
2
3
0
-6
-9
-13
-11
-7
1
2
4
-3
-9
-11
-13
-7
-11
-12
-7
0
2
2
1
-3
-6
-11
-10
-6
0
4
5
2
0
-4
-12
-8
-1
4
6
6
10
7
4
-6
-10
-16
-25
-24
-20
-16
-5
4
2
3
4
0
2
7
13
11
8
8
14
15
11
8
7
8
2
1
7
8
10
14
9
6
5
1
7
12
18
23
27
27
20
9
-2
-8
-9
-9
-12
-14
-9
-8
-12
-15
-18
-12
-6
-9
-4
-4
-9
-11
-11
-8
-1
-3
-7
-7
-5
4
1
2
1
0
-6
-10
-4
-3
3
6
6
4
-2
-6
-8
-5
-15
-21
-24
-20
-13
-11
-9
-5
-3
-12
-14
-15
-17
-16
-18
-16
-19
-11
-4
-4
2
6
2
-9
-7
0
7
16
21
26
28
28
26
23
20
17
11
11
11
11
10
12
10
9
2
0
4
1
-2
-6
-6
-4
-10
-13
-9
-1
0
-1
-2
-2
-2
-9
-12
-15
-13
-11
-12
-6
-1
1
4
6
8
3
9
9
9
13
7
1
-1
-1
-1
6
12
18
23
23
19
17
16
16
8
6
5
9
10
13
18
21
26
24
27
25
17
6
2
1
0
0
-4
-10
-13
-15
-18
-15
-14
-12
-10
-14
-14
-22
-22
-21
-19
-12
-15
-13
-10
-9
-4
-4
-5
-3
-3
-12
-16
-17
-23
-24
-20
-21
-20
-18
-19
-14
-10
-13
-13
-14
-17
-15
-15
-12
-9
-8
-8
-5
0
9
11
5
7
13
19
28
33
34
33
27
23
21
18
15
10
9
5
-4
-6
-4
-2
2
0
3
4
2
3
0
-4
-7
-9
-9
-2
-1
5
2
-7
-7
-1
2
11
18
19
17
9
11
9
10
6
-3
-6
-8
-10
-11
-8
-12
-2
-11
-18
-15
-21
-19
-18
-18
-17
-20
-17
-10
-5
-4
-2
-6
-13
-12
-10
-3
3
1
6
10
17
25
27
27
24
18
17
21
14
7
3
3
-1
0
2
10
22
30
29
23
22
23
22
23
17
10
1
0
8
14
19
17
18
20
17
19
16
10
10
5
-4
-7
-5
-2
-1
0
-3
-5
-9
-10
-8
-15
-21
-18
-18
-19
-21
-33
-38
-45
-49
-46
-44
-32
-28
-25
-21
-35
-43
-30
-21
-17
-11
-17
-20
-20
-27
-21
-6
-2
-5
-6
-2
-3
-1
11
23
27
23
15
7
9
15
26
30
27
25
24
21
15
9
11
13
10
9
7
13
13
11
2
-10
-5
0
6
4
1
-4
-11
-11
-7
-4
0
-4
-10
-13
-9
-5
0
6
9
9
4
5
9
13
14
18
19
4
-5
1
8
10
-2
-8
-7
-6
-2
2
13
5
-8
-11
-6
-10
-10
-12
-9
-8
-1
9
10
15
15
14
13
8
15
14
13
16
11
9
0
-5
-10
-10
-7
-10
-3
-3
8
8
12
15
12
11
1
3
5
6
11
7
3
2
2
8
7
12
15
4
0
4
6
6
6
2
1
-6
-8
-1
-4
1
-6
-13
-14
-20
-11
-7
-7
-11
-18
-10
-9
0
8
0
-7
-16
-27
-12
-9
-6
-3
-8
-12
-12
-8
-20
-1
-2
-9
6
-9
-4
4
-6
-6
-9
-27
-29
-21
-21
-14
-16
-19
-21
-32
-29
-23
-12
-22
-18
-22
-12
-6
-13
2
-5
3
9
-4
-9
4
-1
1
-1
-11
12
41
39
33
39
21
35
31
21
37
24
18
21
6
10
31
-2
9
10
-3
13
-2
14
18
9
13
2
16
5
-3
9
-4
1
10
-6
-6
15
7
-4
14
5
4
21
-6
20
13
1
28
-3
7
14
-9
-13
6
-32
-5
-8
-17
13
8
30
29
12
-6
8
-1
9
7
-16
9
6
-20
24
-18
-22
10
-39
-3
-6
1
22
-10
4
1
-30
-1
5
-5
10
-29
-3
-15
-23
-4
-15
9
-24
24
-38
-21
17
-26
28
-29
-5
4
-47
-8
-21
-2
2
-26
26
-38
13
-2
-17
20
-40
33
-38
-5
-16
-28
-9
-57
-4
-18
11
-1
-4
9
13
3
26
3
26
9
1
9
-16
41
-3
24
10
-1
19
-2
3
-16
20
-5
-12
-3
-23
0
-11
12
-13
-11
2
-17
-2
-21
3
-4
-10
1
32
-6
5
6
-39
15
-39
3
22
13
15
45
-19
9
-7
-36
21
-16
4
8
0
26
44
20
32
-13
-5
-23
5
-19
77
42
7
59
-53
25
3
27
37
18
64
11
51
16
-56
30
-69
-20
29
-16
47
-15
24
-62
8
10
-22
77
0
26
-5
-19
-2
-33
-7
-32
9
-4
-15
18
-18
-12
29
1
8
20
-8
-2
13
-58
14
-22
-22
16
-66
43
-22
-6
62
-11
30
83
-5
10
54
-112
60
-30
-98
143
-123
13
59
-118
63
-27
-51
-3
27
-119
38
-65
-116
133
-172
14
6
-150
93
-76
-50
56
-77
-9
-16
-18
-11
27
-39
-7
26
-74
104
-48
1
24
13
71
-19
48
20
17
17
-5
5
16
2
46
-21
28
-7
-38
-6
-18
-7
3
36
-102
78
0
-24
101
-29
-45
63
-49
31
62
-54
115
-61
63
20
41
51
-6
38
-65
68
-53
31
62
-116
59
-89
-7
48
-50
112
-5
-15
54
-44
30
8
9
-22
65
-63
61
63
-108
158
-108
-8
83
-96
33
-5
-43
52
38
-104
118
-24
-11
187
-208
130
19
-137
176
-180
47
84
-125
94
-51
-45
88
-8
-61
74
-27
-49
130
-119
59
25
-112
105
-106
-62
90
-108
12
-27
-83
62
-87
34
-86
69
-14
-23
98
-76
9
-12
-90
-21
27
-74
22
1
-74
53
-8
-70
77
-62
58
21
-2
38
-100
95
-160
82
-29
-9
86
-94
99
-61
35
-63
-6
42
-74
151
-58
4
84
-149
153
-135
18
91
-179
157
-118
31
5
-81
28
-9
33
54
93
64
33
47
23
-29
90
-80
100
-97
-74
60
-188
146
-145
40
65
-103
161
3
6
82
-91
-52
-4
-71
50
-34
-11
-42
101
-114
105
-3
-64
109
-66
88
98
-44
96
-124
1
16
-45
185
-160
120
-52
-15
51
-58
42
-34
24
-3
137
29
27
-4
-48
38
-11
63
18
30
-10
-75
-22
-40
18
-65
-72
38
-83
185
-115
65
-84
1
-7
-9
95
-99
52
-127
-81
28
-94
90
21
-170
110
-155
21
128
-170
87
-110
-21
-29
44
-65
59
43
-57
141
-24
36
44
-87
-6
180
-190
280
-130
-2
130
-150
227
-43
148
-17
159
-65
129
-70
-15
-26
-50
6
13
-5
-1
-4
-161
73
-89
58
-33
74
-132
96
-180
38
-23
-59
34
-153
64
-184
121
-120
-32
15
-195
91
-4
-18
87
-71
-19
113
-138
149
-90
80
-85
34
13
-41
224
-187
187
-170
75
109
-33
194
39
-23
151
-201
197
-49
-23
91
-162
129
-127
120
-101
49
-6
-4
48
2
14
36
-53
29
-96
55
-103
-41
77
-266
242
-238
106
29
-129
93
-68
-30
16
51
-182
190
-111
28
70
-58
14
52
-10
-107
238
-164
211
-51
25
39
26
4
-11
74
-65
180
-127
113
-114
97
-101
144
-115
129
-33
-122
123
-245
207
-322
153
-153
30
122
-60
77
-59
9
-51
101
-155
292
-140
90
-47
-48
106
-140
222
-273
265
-145
120
90
-155
301
-307
242
-243
82
-17
-42
17
-16
-66
-46
56
-221
159
-146
190
-155
97
-85
39
-11
-120
35
-94
91
-64
70
30
-31
58
24
-190
230
-217
159
71
-176
239
-237
63
4
-99
154
-52
-14
102
-173
113
-84
-90
17
44
-148
128
12
3
115
-32
-138
163
-145
7
89
-199
224
-281
123
-77
-72
160
-143
148
10
104
121
-88
186
-165
6
70
-177
86
32
-120
160
-52
-116
47
-132
118
-187
228
-73
145
140
-189
152
-110
24
24
-18
98
-27
95
-126
-100
142
-226
293
-221
80
196
-225
313
-295
109
-35
-27
45
-111
233
-159
203
-93
-145
145
-228
-61
62
-124
253
-10
-38
130
-236
306
-334
216
-39
101
169
-200
166
-205
141
-105
29
0
48
144
-73
201
-170
149
-151
24
-67
-43
116
-127
42
-54
-84
-36
-2
-55
-42
121
-227
182
-76
-122
107
-268
215
-136
189
-122
106
-42
75
23
-237
249
-323
225
-234
69
11
125
-40
-82
139
-343
386
-175
145
64
-72
75
-168
27
-44
40
-142
77
-145
141
-32
22
47
-21
-2
55
29
-18
98
66
-140
242
-242
156
-36
-183
275
-355
275
-70
184
-8
-5
173
-241
432
-404
381
-152
-102
191
-383
164
-181
45
-21
66
-68
110
113
-251
218
-245
12
87
-72
38
-57
15
-134
92
-141
123
-96
117
-18
-32
109
-145
100
-65
-179
60
-100
105
82
-190
233
-278
110
-24
-126
85
-51
85
-42
146
-143
104
-51
34
27
121
109
26
130
-100
-18
0
-21
65
7
3
17
59
-3
-51
142
-158
356
-328
274
-111
17
158
-293
182
-225
229
-232
66
-95
79
49
-26
5
42
-42
102
-121
-2
126
-163
190
-217
28
-119
119
-250
227
-120
14
244
-333
321
-271
134
-11
-1
35
110
-266
77
-61
-284
338
-335
245
52
-105
43
56
-282
389
-361
167
102
-221
212
-254
-42
83
-3
-42
282
-227
288
-211
55
127
-129
210
-139
-17
33
40
-97
140
-256
218
-188
203
-187
154
12
-62
1
6
-17
-83
192
-341
219
-192
37
3
-82
127
-265
142
-143
36
36
22
-69
55
-69
-100
253
-223
306
-186
105
-11
-102
173
-30
-176
262
-168
13
259
-316
125
-66
-198
156
61
-122
353
-159
-8
261
-475
474
-353
276
-41
37
7
20
-152
35
88
-162
115
38
46
294
-86
59
150
-300
333
-391
391
-247
271
-138
2
-204
-7
2
-103
300
-265
336
-218
159
-289
62
-83
-52
217
-146
280
-116
112
-116
180
-261
165
92
-147
351
-511
354
-76
-36
135
-170
21
129
-169
-71
102
-250
217
-175
-143
94
-223
93
-161
-123
51
-47
120
-64
-51
36
-70
134
-180
196
4
30
71
-258
152
-16
85
73
45
-180
82
-119
59
199
-124
357
-147
-44
11
-254
222
-43
-14
65
3
-5
55
-262
-121
151
-213
355
-190
93
160
-235
65
-6
-255
339
-89
-43
162
-316
85
-47
-80
-119
245
-250
352
-330
12
105
-191
311
-166
81
120
-237
115
-193
-46
52
173
102
110
30
-98
98
-240
194
-95
356
152
-183
199
-399
34
-10
-116
196
8
34
-79
68
-145
99
-63
138
78
-30
143
-29
170
-124
-27
-48
129
4
-27
-46
132
-146
286
-234
109
-31
-24
170
-319
257
-257
180
-85
-83
17
-17
103
-87
101
-110
116
-50
144
-182
106
-138
-66
4
47
65
85
-113
7
8
-37
137
-126
-12
-89
-262
82
-121
10
100
-127
2
-67
1
93
-24
-14
-130
-39
-95
-236
156
68
-11
138
-294
148
-21
14
77
74
58
173
-75
-173
125
-386
326
-83
97
346
-217
290
-91
-202
25
-36
15
19
85
-89
165
-324
177
-325
152
198
-66
393
-166
327
-239
220
-351
275
-140
-20
91
-386
243
-146
283
84
151
145
32
-66
-78
-238
-54
-66
41
-50
96
-550
3
-448
36
235
152
305
-49
126
-402
3
-297
128
-2
161
164
11
344
-361
164
-209
-6
236
84
506
-74
137
-155
-158
-30
-309
246
-93
228
-228
39
-142
-150
39
-72
140
-211
428
-343
375
-120
-235
152
-320
118
16
36
65
176
-204
151
-53
1
300
-303
257
-16
-66
250
-123
84
-309
198
-322
267
-219
141
54
-41
93
-272
228
-268
150
-257
246
-167
127
-39
-145
-60
7
-50
289
-55
-43
181
-152
144
-114
-8
-23
-20
-279
429
-258
345
155
-243
251
-86
-54
156
-88
-114
77
-318
269
-136
-193
40
-273
-95
0
-86
147
242
-102
41
-31
-80
-55
15
88
-122
399
-56
255
-126
-115
31
-10
188
45
23
48
80
-346
163
-142
-142
134
-224
-29
87
61
120
-46
82
-205
-93
-118
169
-33
330
13
-47
-51
-109
-175
112
206
-89
131
109
-287
69
39
-259
316
-244
184
-116
200
42
-167
52
-52
-177
58
247
-318
359
-175
-111
271
-257
95
-94
-16
117
-61
116
-20
-144
48
-87
-170
317
-88
66
160
-284
138
-147
-2
-75
15
173
55
52
121
45
9
-24
-85
10
77
93
37
7
-103
-186
-155
51
-91
135
78
-109
123
22
10
88
42
-28
-3
63
-5
18
-116
72
-149
-5
-59
-95
100
-89
86
-9
84
63
-22
106
-61
-16
-126
-31
-82
162
-98
-128
-13
-183
143
-110
27
62
45
158
173
40
26
17
-184
55
-214
51
84
16
16
53
-75
-155
-101
-199
29
-63
100
67
44
-41
-11
-100
-108
-60
5
84
-29
181
24
58
66
-45
-102
-49
4
-41
73
104
138
-27
-91
-100
-72
83
-211
98
169
5
165
13
5
-53
5
-129
2
35
152
84
-27
153
-149
61
25
-95
103
-31
-39
119
-9
36
138
-60
-69
14
-106
0
22
122
178
-24
32
-101
-82
-9
18
66
103
25
73
-1
-56
-38
-83
-66
30
29
12
-19
37
-67
-39
0
-91
18
0
62
40
93
-28
-27
-75
-75
-20
-76
-5
-148
-89
-18
-104
-31
15
-87
-131
-22
-109
-47
-11
-50
32
7
-34
-46
-43
11
-72
-80
176
14
60
78
-161
-7
-14
-72
48
122
92
111
31
-12
-5
-82
-13
-65
78
129
88
79
-44
-35
7
64
82
112
212
132
72
138
60
70
66
0
114
149
26
119
-21
-60
58
-136
18
-53
-64
12
-13
-60
106
-21
10
72
-88
7
-94
7
-25
-53
24
-19
-76
-90
-22
-103
53
-23
-20
95
-9
0
11
-89
-95
-112
-203
-94
-47
35
16
-27
-59
-99
-119
-67
-42
3
36
25
-6
-24
-32
-134
-71
-137
-135
-3
-63
-67
-88
-172
-151
-173
-198
-137
-163
-172
-129
-174
-95
-55
-123
-59
-46
-61
2
-13
64
122
120
136
160
146
178
216
184
351
307
320
343
264
256
321
232
307
413
361
523
300
277
243
175
226
142
263
369
429
473
532
652
763
729
610
653
555
437
378
444
440
262
-79
-251
-274
-316
-464
-540
-562
-669
-958
-1209
-1275
-1435
-1671
-1994
-1909
-1779
-1642
-1689
-1691
-1700
-1836
-1857
-1672
-1264
-932
-749
-569
-290
-125
-15
169
303
494
622
866
1195
1353
1399
1244
1139
1079
1015
1027
1196
1239
1243
1110
988
881
746
572
382
383
346
499
578
663
565
420
210
116
146
286
670
1040
1406
1579
1825
2019
2020
1652
1619
1758
1911
1863
1749
1883
1735
1057
346
33
-57
-237
-675
-804
-862
-1260
-1984
-2675
-3163
-3553
-3938
-4217
-4086
-3849
-3647
-3573
-3731
-3788
-3748
-3607
-3248
-2650
-1774
-822
-281
23
236
374
473
500
882
1596
2267
2705
2855
2826
2503
1934
1486
1349
1408
1532
1698
1677
1385
716
-6
-519
-933
-1054
-948
-509
-184
-182
-308
-556
-808
-1084
-1028
-698
-68
575
980
1152
1144
992
714
753
888
1340
1753
2160
2393
2524
2631
2422
2212
2194
2521
2828
2738
2721
2644
2459
1735
1048
814
692
239
-371
-577
-477
-531
-1302
-1916
-2314
-2790
-3467
-4025
-4040
-3866
-3970
-4249
-4380
-4360
-4309
-4371
-4321
-3982
-3359
-2686
-2043
-1399
-872
-534
-276
28
448
1049
1702
2205
2551
2729
2763
2606
2442
2251
2090
1964
1960
1918
1676
1268
789
390
-109
-538
-744
-742
-706
-827
-915
-1025
-1123
-1308
-1301
-1073
-764
-411
-103
241
508
684
739
916
1067
1345
1560
1796
2099
2308
2415
2645
2920
2989
3056
3327
3694
3434
2999
2841
2790
2386
1707
1459
1460
918
-139
-912
-896
-941
-1634
-2377
-2593
-2856
-3672
-4566
-4843
-4728
-4833
-5196
-5232
-4871
-4640
-4552
-4524
-4266
-3742
-3076
-2339
-1565
-725
-107
383
572
999
1654
2316
2714
2888
3209
3441
3278
2988
2910
2746
2400
2021
1816
1761
1392
833
347
-47
-509
-882
-1042
-895
-1008
-1343
-1386
-1352
-1267
-1265
-1102
-773
-507
-324
-70
366
744
895
877
1028
1318
1609
1665
1837
2129
2343
2538
2612
2908
3393
3646
3438
2758
2539
2775
2551
1926
1699
1903
1504
59
-1164
-1056
-683
-1113
-2032
-2398
-2305
-2970
-4436
-5119
-4817
-4625
-5002
-5289
-4849
-4215
-4303
-4606
-4574
-3913
-3012
-2182
-1348
-500
77
398
626
923
1653
2487
3024
3225
3418
3642
3580
3192
2808
2669
2510
2277
2087
1822
1244
516
-143
-464
-696
-962
-1092
-1196
-1424
-1778
-2030
-1939
-1722
-1665
-1390
-893
-534
-400
-328
-95
274
567
896
1291
1577
1723
1674
1770
1977
2113
2323
2657
2843
3023
3447
3834
3439
2517
2152
2380
2410
1933
1850
2109
1296
-590
-1881
-1360
-560
-1036
-2059
-2310
-2408
-3422
-4937
-5226
-4499
-4438
-5109
-5207
-4505
-3956
-4349
-4773
-4520
-3769
-2775
-1555
-361
404
482
368
564
1328
2512
3694
4206
4014
3638
3452
3390
3351
3343
3229
2791
2168
1725
1373
850
110
-627
-1063
-1205
-1348
-1453
-1652
-2147
-2778
-2976
-2534
-1884
-1488
-1391
-1285
-1234
-1096
-619
132
870
1198
1229
1309
1511
1780
2001
2120
2293
2471
2599
2811
2854
2903
3112
3385
3187
2437
2089
2307
2257
1593
1285
1482
916
-852
-2181
-1635
-620
-935
-2115
-2513
-2579
-3457
-4822
-5007
-4131
-3866
-4573
-4990
-4420
-3768
-3756
-4025
-3861
-3276
-2374
-1195
-240
424
819
1282
1621
1912
2721
4101
4832
4338
3698
3942
4426
4030
3211
3066
3208
2510
1273
654
655
320
-632
-1308
-1456
-1799
-2536
-3124
-3205
-3071
-3088
-3004
-2724
-2544
-2505
-2462
-2126
-1486
-843
-329
198
720
1024
1121
1268
1575
1854
2000
2181
2460
2660
2560
2414
2395
2540
2970
3506
3721
2947
1988
1641
1882
1865
1715
1942
1713
111
-1872
-1944
-511
198
-777
-1793
-2009
-2603
-3998
-4649
-3784
-2924
-3578
-4628
-4479
-3659
-3606
-4209
-4227
-3388
-2514
-1820
-997
-155
137
86
363
1228
2466
3499
4025
3885
3622
3763
4083
4000
3794
3808
3630
2752
1793
1480
1350
709
-159
-620
-881
-1459
-2244
-2721
-2845
-2987
-3266
-3356
-3144
-2999
-3048
-3022
-2660
-2146
-1714
-1233
-613
-121
29
101
649
1348
1832
2009
2119
2017
1840
1958
2416
2778
2793
2790
2725
2931
3305
3668
3264
2267
1738
1996
2306
2377
2408
2024
519
-1410
-1800
-458
634
77
-1357
-2370
-3095
-3988
-4377
-3605
-2771
-3354
-4726
-5181
-4547
-4030
-4168
-4241
-3715
-2931
-2199
-1377
-651
-427
-422
72
1092
2399
3609
4336
4099
3382
3301
4040
4747
4814
4417
3897
3098
2210
1680
1551
1289
527
-452
-1198
-1631
-2026
-2450
-2828
-3153
-3489
-3694
-3666
-3441
-3290
-3278
-3157
-2840
-2277
-1721
-1258
-893
-591
-327
104
727
1376
1822
1866
1798
1806
1967
2237
2536
2794
2867
2652
2542
2708
3237
3742
3775
2947
2046
1892
2428
2705
2538
2344
1760
231
-1378
-1267
126
773
-376
-1821
-2378
-2866
-3708
-4054
-3334
-2834
-3613
-4758
-4884
-4229
-3910
-4051
-3993
-3473
-2803
-2158
-1505
-904
-446
-36
584
1312
2282
3122
3515
3379
3230
3612
4198
4496
4389
4013
3387
2526
1854
1740
1701
1214
345
-558
-1335
-1969
-2356
-2404
-2486
-2838
-3368
-3660
-3637
-3544
-3380
-3105
-2843
-2702
-2509
-2101
-1571
-1128
-730
-293
183
644
992
1418
1729
1946
2148
2419
2720
2868
2964
2970
2865
2674
2773
3054
3308
3482
3581
3324
2311
1487
1592
2309
2375
1785
1297
619
-654
-1817
-1216
213
350
-1218
-2547
-2820
-2948
-3449
-3313
-2402
-2326
-3527
-4672
-4382
-3530
-3186
-3069
-2779
-2382
-2244
-1952
-1358
-757
-333
261
964
1337
1577
2019
2309
2141
2081
2878
3677
3338
2334
1904
2032
1818
1369
1444
1716
1059
-392
-1241
-1045
-793
-1091
-1498
-1650
-1956
-2573
-2913
-2616
-2201
-2139
-2371
-2355
-2105
-1890
-1644
-1328
-979
-762
-548
-92
432
816
1120
1372
1521
1634
1923
2245
2402
2366
2369
2537
2483
2261
2054
2325
2477
2405
2437
2735
2618
1587
927
1245
1963
1769
1264
1137
862
-296
-1169
-364
887
791
-674
-1462
-1417
-1605
-2122
-1872
-1066
-1299
-2607
-3497
-3194
-2704
-2656
-2687
-2573
-2563
-2800
-2731
-2387
-1960
-1688
-1301
-1080
-983
-716
-169
173
116
320
971
1441
1332
1240
1603
1936
1812
1607
1707
1841
1569
1164
1022
1146
1079
667
229
-21
-216
-435
-567
-614
-755
-1040
-1362
-1520
-1492
-1392
-1286
-1261
-1277
-1316
-1288
-1064
-644
-295
-82
-2
201
492
670
821
1065
1349
1465
1524
1686
1859
1829
1675
1657
1826
2158
2425
2492
2374
2200
2053
1740
1538
1732
2191
2120
1546
1122
1038
683
70
88
726
870
-51
-950
-1140
-1180
-1637
-1964
-1757
-1771
-2614
-3595
-3775
-3399
-3156
-3239
-3300
-3378
-3609
-3623
-3238
-2531
-2019
-1741
-1609
-1518
-1270
-750
-66
443
803
1121
1434
1542
1616
1952
2434
2586
2405
2281
2273
2097
1750
1607
1597
1417
933
443
141
-160
-489
-739
-877
-1123
-1462
-1767
-1907
-1981
-1998
-1911
-1772
-1675
-1617
-1394
-1058
-676
-402
-112
233
529
850
1197
1609
1951
2148
2287
2468
2624
2759
2903
3043
3047
2818
2561
2352
2241
2125
2075
1943
1633
1172
885
777
587
305
135
134
-177
-782
-1065
-911
-922
-1378
-1623
-1383
-1255
-1664
-2020
-1863
-1621
-1824
-2131
-1899
-1507
-1577
-2008
-2083
-1761
-1529
-1530
-1451
-1175
-1066
-1148
-1095
-785
-424
-308
-344
-354
-267
-101
105
251
331
272
130
-27
-157
-84
54
53
-213
-500
-669
-769
-882
-889
-793
-805
-1006
-1152
-1054
-824
-632
-498
-342
-215
-103
95
480
967
1278
1425
1525
1750
2023
2241
2446
2644
2771
2720
2681
2717
2766
2670
2488
2316
2119
1913
1770
1608
1293
931
668
492
249
-24
-201
-346
-605
-890
-915
-875
-956
-1113
-1163
-1125
-1091
-1013
-888
-816
-784
-706
-571
-492
-473
-371
-226
-165
-83
157
407
336
-26
-253
-157
33
105
52
-65
-365
-863
-1211
-1229
-1050
-1014
-1336
-1816
-2149
-2315
-2352
-2291
-2155
-2085
-2242
-2453
-2453
-2241
-1944
-1760
-1670
-1551
-1387
-1199
-957
-618
-272
-15
155
376
672
1029
1290
1510
1712
1852
1952
2047
2193
2273
2273
2228
2201
2178
2107
2048
1988
1847
1634
1470
1413
1398
1308
1164
979
780
581
489
505
571
521
328
129
9
6
66
123
173
170
74
-28
-72
14
109
150
171
193
214
185
164
203
242
275
298
295
232
101
3
-61
-91
-130
-199
-357
-582
-810
-983
-1031
-1110
-1219
-1400
-1615
-1772
-1875
-1888
-1847
-1868
-1910
-1974
-1983
-1888
-1738
-1583
-1463
-1390
-1314
-1192
-1005
-733
-514
-319
-184
-94
28
211
408
541
615
650
692
697
737
831
883
838
727
665
663
599
534
524
461
369
266
231
275
298
269
282
272
245
262
345
439
478
512
543
586
609
712
828
900
920
932
1036
1131
1158
1220
1299
1279
1225
1225
1306
1367
1300
1201
1106
1028
956
836
706
547
306
80
-106
-255
-392
-601
-894
-1189
-1406
-1567
-1640
-1704
-1778
-1892
-2028
-2092
-2051
-1910
-1752
-1644
-1552
-1435
-1279
-1082
-830
-580
-329
-186
-110
25
202
346
450
578
683
717
673
665
695
687
652
597
584
569
466
338
237
154
66
-7
-48
-76
-174
-294
-356
-372
-365
-362
-326
-299
-312
-347
-296
-224
-223
-237
-210
-129
-71
-35
27
73
51
39
146
335
462
504
533
576
587
617
774
967
1065
1003
921
906
877
817
787
750
670
484
296
151
-13
-180
-371
-537
-662
-775
-857
-969
-1107
-1214
-1241
-1212
-1177
-1084
-955
-839
-803
-746
-592
-378
-196
-68
96
302
452
549
652
744
815
816
859
907
936
918
822
730
626
561
510
467
395
288
191
79
-24
-89
-104
-110
-144
-187
-218
-221
-243
-232
-188
-132
-109
-148
-154
-144
-112
-67
-33
-19
-20
-81
-122
-124
-115
-69
-35
-20
-43
-65
-43
-10
4
57
127
189
188
198
230
234
194
164
194
201
152
73
17
-78
-185
-291
-363
-409
-513
-638
-760
-861
-948
-1001
-1022
-1010
-1006
-1025
-1036
-1036
-989
-886
-772
-640
-516
-412
-341
-258
-126
44
211
302
369
427
478
478
508
580
644
618
523
476
479
514
500
471
458
392
290
244
308
405
434
401
376
383
388
444
548
672
700
662
667
703
777
826
828
829
797
729
685
684
693
634
531
427
378
328
274
201
131
65
-2
-35
-52
-79
-134
-164
-199
-213
-200
-149
-107
-133
-187
-208
-195
-207
-221
-223
-264
-364
-460
-531
-566
-640
-736
-818
-912
-993
-1071
-1097
-1097
-1093
-1113
-1153
-1170
-1141
-1076
-1032
-971
-900
-842
-793
-748
-690
-624
-559
-522
-466
-381
-275
-211
-177
-117
-54
14
59
103
154
186
184
214
303
380
393
372
399
471
543
601
664
733
759
744
759
817
883
889
852
801
777
762
762
784
788
771
712
676
696
751
776
768
753
721
697
670
678
709
675
603
532
504
527
520
479
437
382
306
221
167
152
114
-11
-131
-226
-333
-451
-576
-648
-716
-768
-807
-856
-889
-936
-997
-1032
-1025
-981
-945
-935
-959
-997
-1004
-995
-968
-912
-858
-834
-835
-832
-779
-696
-628
-573
-530
-457
-392
-346
-275
-201
-130
-82
-20
65
167
209
235
294
349
423
467
531
570
576
577
584
594
570
537
482
438
372
317
323
307
250
182
179
228
252
268
338
404
395
359
394
518
602
604
624
665
688
702
745
842
907
853
790
748
747
716
642
548
434
306
146
7
-123
-212
-333
-468
-579
-664
-716
-797
-909
-978
-1005
-1045
-1098
-1136
-1126
-1137
-1179
-1171
-1107
-1031
-998
-1004
-951
-858
-776
-692
-578
-476
-425
-392
-318
-188
-78
14
70
100
137
187
264
339
384
432
473
487
484
541
593
595
565
545
547
508
479
472
463
403
349
332
353
343
325
328
319
303
279
298
340
393
405
406
424
455
502
539
595
656
710
738
753
787
822
834
808
762
699
634
562
447
343
240
112
-51
-226
-334
-421
-555
-712
-804
-897
-1029
-1166
-1239
-1261
-1323
-1403
-1442
-1443
-1450
-1455
-1423
-1336
-1251
-1195
-1126
-1008
-868
-711
-583
-453
-340
-249
-151
-51
98
225
302
349
398
455
500
536
569
583
566
545
535
526
525
526
494
442
385
339
320
292
239
215
207
205
177
137
135
113
99
99
146
207
232
247
280
340
387
432
487
544
602
666
737
794
835
861
857
849
830
819
807
776
727
660
588
500
414
297
153
28
-73
-169
-293
-421
-547
-678
-842
-972
-1040
-1094
-1166
-1243
-1264
-1279
-1300
-1312
-1266
-1209
-1175
-1132
-1057
-947
-849
-739
-630
-509
-410
-319
-237
-146
-64
34
121
169
213
251
289
301
309
313
335
325
300
294
295
280
220
173
152
148
131
129
128
110
87
60
66
74
69
56
55
68
92
122
157
190
234
300
359
436
523
606
671
710
745
795
855
916
970
1004
997
960
936
938
962
963
929
863
778
670
563
480
429
361
220
46
-126
-278
-426
-546
-621
-714
-857
-1009
-1118
-1171
-1201
-1220
-1218
-1215
-1220
-1233
-1193
-1115
-1023
-942
-868
-793
-726
-645
-570
-492
-422
-354
-308
-281
-241
-204
-175
-146
-120
-87
-86
-110
-128
-134
-128
-117
-96
-82
-95
-113
-115
-128
-112
-68
-15
24
48
69
93
116
142
222
306
360
382
381
401
426
467
512
548
559
575
594
614
664
731
812
874
899
910
922
949
1010
1072
1089
1063
988
905
853
828
824
777
680
541
416
326
254
184
103
12
-121
-260
-383
-477
-540
-616
-708
-780
-844
-894
-934
-966
-963
-953
-924
-871
-813
-743
-689
-666
-641
-606
-545
-478
-434
-409
-403
-412
-429
-445
-432
-427
-420
-426
-420
-400
-409
-445
-474
-462
-447
-430
-406
-365
-327
-326
-336
-306
-254
-206
-184
-130
-59
-11
22
73
165
260
327
363
423
492
567
625
679
747
799
821
831
860
897
917
926
939
974
998
989
976
966
959
931
900
875
832
760
667
580
523
458
351
230
114
24
-49
-112
-168
-222
-304
-416
-513
-559
-559
-582
-622
-668
-717
-754
-770
-767
-742
-732
-733
-703
-644
-590
-541
-511
-476
-453
-430
-375
-331
-316
-323
-329
-340
-345
-358
-334
-298
-282
-281
-291
-292
-281
-260
-232
-188
-178
-187
-203
-207
-167
-121
-92
-85
-99
-108
-91
-63
-22
25
52
71
83
105
150
200
248
284
310
338
358
382
437
491
545
608
659
712
772
815
852
863
869
876
872
877
871
841
789
726
658
590
515
441
362
252
150
54
-24
-93
-159
-222
-286
-352
-405
-450
-502
-546
-589
-627
-648
-651
-633
-614
-611
-605
-581
-553
-528
-472
-409
-369
-372
-382
-367
-336
-303
-262
-227
-203
-218
-250
-239
-192
-139
-104
-91
-86
-80
-86
-81
-37
20
58
59
47
48
43
38
53
81
106
114
97
92
87
87
97
116
140
148
132
121
143
173
187
172
183
203
217
232
241
264
269
266
277
300
311
297
278
268
260
244
238
224
192
143
97
61
31
4
-20
-53
-87
-129
-154
-171
-196
-197
-199
-203
-224
-234
-234
-231
-240
-253
-253
-252
-239
-220
-183
-145
-133
-136
-149
-145
-121
-95
-60
-27
0
8
-19
-32
-1
33
54
62
62
53
18
3
25
57
63
48
21
-9
-41
-57
-47
-29
-17
-27
-40
-44
-37
-12
21
39
52
79
112
128
150
184
219
233
245
283
311
330
343
345
347
343
337
331
313
277
242
201
175
160
147
124
64
-1
-50
-74
-94
-118
-145
-171
-201
-245
-265
-271
-279
-288
-287
-275
-267
-273
-279
-275
-262
-255
-259
-259
-240
-227
-232
-233
-230
-215
-211
-197
-168
-133
-104
-82
-60
-46
-31
-24
5
27
40
50
43
50
56
58
63
49
26
2
-27
-40
-49
-57
-56
-67
-86
-95
-105
-100
-85
-68
-57
-46
-13
30
71
104
134
160
190
228
271
324
364
390
399
402
400
389
384
381
388
365
331
293
250
211
176
174
172
143
91
46
31
5
-19
-24
-26
-36
-66
-93
-98
-101
-112
-117
-97
-87
-96
-99
-95
-103
-126
-126
-104
-92
-103
-128
-162
-204
-239
-234
-214
-218
-248
-283
-291
-285
-281
-267
-262
-267
-284
-286
-266
-246
-225
-219
-209
-204
-194
-169
-152
-136
-131
-113
-92
-70
-57
-32
-12
-12
2
34
75
98
102
121
147
175
209
253
291
318
324
340
369
376
402
418
424
420
395
377
359
350
347
336
319
297
260
226
206
178
161
133
108
91
60
42
30
23
9
-16
-38
-63
-89
-99
-96
-90
-94
-114
-151
-167
-174
-175
-152
-141
-157
-191
-239
-277
-296
-297
-288
-288
-310
-335
-354
-376
-394
-410
-404
-402
-413
-408
-409
-411
-421
-412
-381
-363
-344
-323
-293
-263
-228
-187
-129
-72
-36
6
41
71
113
151
198
255
300
340
375
399
420
436
442
462
481
510
527
523
499
472
454
442
436
423
416
384
341
314
286
243
194
155
138
134
106
99
97
79
52
30
40
56
56
52
42
39
37
35
44
47
37
22
5
-7
-4
2
-4
-23
-57
-67
-72
-97
-138
-164
-184
-226
-277
-316
-321
-349
-406
-451
-485
-521
-553
-574
-573
-578
-597
-611
-626
-620
-612
-601
-583
-560
-529
-493
-450
-411
-368
-324
-274
-215
-142
-67
-5
53
113
163
208
265
323
387
435
468
498
534
576
605
624
642
646
634
607
591
588
568
534
506
491
458
410
363
320
289
246
208
174
152
122
95
75
63
53
40
30
16
11
8
6
2
-7
-10
1
1
5
16
26
22
3
-3
4
12
1
-8
-11
-30
-66
-106
-130
-158
-202
-240
-277
-309
-350
-396
-426
-459
-498
-532
-547
-539
-549
-563
-581
-583
-585
-569
-546
-517
-484
-458
-417
-387
-343
-303
-245
-198
-145
-75
-19
34
66
125
188
232
266
314
363
384
391
402
426
438
445
457
462
460
445
430
430
429
416
404
383
366
347
317
295
265
234
214
191
164
140
130
121
97
63
49
49
43
14
-4
11
20
15
20
46
56
46
43
63
93
101
108
116
114
95
75
83
82
52
8
-19
-49
-89
-119
-143
-167
-208
-261
-300
-339
-384
-424
-463
-490
-519
-554
-581
-598
-608
-601
-581
-560
-546
-543
-519
-488
-448
-397
-336
-274
-227
-193
-145
-98
-46
21
76
123
156
196
233
271
303
340
377
387
388
399
423
440
450
443
438
423
395
384
369
354
331
297
267
234
204
172
144
115
73
46
34
28
19
0
-13
-12
-8
8
32
59
80
88
111
144
161
188
217
257
275
275
279
297
303
300
301
293
280
237
207
173
129
65
6
-50
-119
-189
-259
-306
-361
-426
-488
-536
-588
-631
-670
-678
-684
-691
-688
-690
-676
-656
-632
-600
-561
-513
-460
-414
-373
-320
-256
-190
-137
-79
-11
36
67
104
152
201
235
269
297
327
350
360
377
391
404
406
400
391
381
358
334
316
299
277
249
217
179
138
109
92
89
96
80
60
42
40
48
58
81
115
149
167
177
197
227
244
257
282
307
327
336
332
333
329
312
294
276
246
200
137
78
35
-7
-67
-138
-210
-278
-342
-398
-444
-487
-531
-584
-629
-660
-677
-691
-698
-699
-689
-668
-646
-610
-556
-496
-445
-398
-353
-300
-239
-183
-120
-50
-1
47
92
148
203
241
280
317
345
367
377
389
400
402
404
399
406
402
388
372
353
344
319
292
273
270
260
242
216
197
176
155
152
136
133
140
142
139
135
135
149
159
163
176
185
178
162
150
149
150
135
119
90
53
14
-22
-39
-57
-84
-122
-167
-213
-258
-291
-312
-332
-374
-415
-455
-480
-495
-507
-516
-526
-538
-554
-555
-549
-542
-523
-504
-479
-449
-420
-371
-324
-279
-234
-193
-150
-111
-72
-25
25
66
115
155
194
226
247
283
323
349
361
370
377
387
383
384
387
391
382
365
351
337
326
307
304
293
271
254
243
249
247
239
234
229
231
231
233
242
252
255
255
259
257
262
256
247
237
223
211
187
161
141
116
81
44
0
-46
-92
-143
-183
-218
-260
-303
-348
-386
-418
-452
-488
-512
-521
-527
-535
-543
-554
-559
-561
-554
-537
-513
-488
-476
-462
-439
-411
-370
-323
-281
-252
-230
-208
-187
-154
-109
-64
-26
1
29
57
92
136
175
205
230
247
269
304
333
357
369
376
383
377
378
378
382
383
380
370
361
348
335
329
321
317
311
298
283
271
264
247
229
220
215
210
199
192
191
187
173
163
149
134
123
102
79
52
28
3
-29
-60
-83
-107
-135
-161
-184
-214
-253
-283
-299
-310
-319
-332
-339
-349
-364
-383
-385
-381
-383
-388
-392
-380
-371
-362
-352
-344
-342
-344
-340
-325
-304
-284
-261
-242
-227
-221
-206
-175
-147
-113
-79
-48
-21
1
34
78
112
135
161
190
207
221
244
278
309
325
325
324
320
314
323
338
350
345
341
335
329
324
317
306
288
284
279
272
259
252
239
219
201
185
185
181
165
148
133
128
118
100
82
69
56
32
14
5
-5
-20
-40
-52
-63
-84
-107
-121
-130
-152
-173
-188
-197
-205
-217
-228
-241
-256
-267
-270
-275
-273
-276
-287
-300
-321
-334
-339
-348
-350
-338
-330
-333
-340
-325
-300
-279
-264
-241
-213
-193
-179
-149
-112
-75
-44
-14
12
39
63
84
107
129
144
145
152
166
196
219
234
246
256
269
269
274
270
273
267
252
248
252
265
261
255
240
233
232
212
214
217
209
190
165
149
143
137
127
117
101
96
70
51
49
41
40
23
11
4
-19
-39
-47
-45
-49
-69
-84
-90
-103
-115
-124
-129
-146
-162
-167
-184
-208
-226
-238
-248
-259
-265
-260
-261
-267
-273
-270
-267
-267
-256
-248
-232
-213
-197
-171
-140
-115
-97
-76
-53
-34
-10
17
35
51
58
72
81
103
130
148
155
155
163
165
171
177
182
197
203
191
192
197
201
213
208
210
210
211
212
214
213
197
180
173
170
161
147
130
124
105
87
69
59
53
34
8
-11
-32
-52
-61
-72
-79
-87
-96
-108
-114
-122
-133
-138
-145
-163
-174
-186
-184
-190
-205
-213
-222
-228
-239
-238
-240
-235
-233
-233
-239
-242
-239
-229
-214
-202
-177
-158
-144
-134
-115
-87
-61
-39
-20
14
36
58
83
106
125
130
141
152
171
194
208
208
210
206
202
215
221
224
217
208
199
193
187
185
186
176
162
150
139
140
147
150
144
132
122
125
123
111
102
95
94
78
66
58
44
25
12
5
-8
-21
-37
-46
-54
-65
-77
-78
-80
-100
-114
-126
-138
-149
-154
-154
-165
-183
-193
-201
-205
-211
-227
-238
-253
-266
-270
-271
-268
-271
-264
-250
-230
-212
-190
-158
-135
-125
-127
-138
-145
-138
-128
-115
-88
-71
-49
-23
2
21
46
84
123
155
181
206
230
260
273
280
284
279
285
294
305
309
315
312
307
314
315
321
318
304
277
256
236
217
204
195
188
176
155
141
132
111
83
63
45
24
17
18
1
-34
-64
-84
-103
-126
-140
-150
-156
-174
-194
-216
-248
-283
-308
-318
-314
-308
-309
-311
-309
-318
-329
-334
-336
-324
-309
-296
-278
-257
-241
-230
-219
-208
-196
-176
-155
-120
-81
-69
-62
-60
-51
-36
-12
3
24
44
48
55
58
58
55
68
86
107
120
128
131
139
152
160
166
172
186
190
195
204
212
221
234
249
253
268
291
314
330
331
323
324
321
318
316
320
325
313
298
288
272
252
232
213
177
142
108
79
50
18
-9
-45
-77
-104
-128
-151
-174
-203
-222
-242
-258
-280
-291
-295
-307
-319
-330
-333
-327
-313
-310
-304
-298
-297
-292
-285
-279
-264
-251
-240
-234
-234
-229
-217
-201
-183
-168
-158
-144
-128
-113
-95
-85
-80
-64
-57
-46
-37
-29
-15
-5
5
15
31
47
60
67
77
89
101
110
122
140
156
170
181
199
209
223
234
238
248
249
255
262
271
282
291
303
304
304
297
288
275
260
241
222
208
189
179
163
141
122
107
94
73
56
36
18
0
-20
-37
-59
-79
-100
-115
-123
-131
-136
-142
-155
-166
-169
-177
-179
-175
-182
-184
-188
-186
-186
-182
-187
-191
-204
-205
-203
-211
-211
-214
-213
-209
-210
-215
-210
-207
-209
-207
-202
-185
-173
-160
-148
-139
-126
-105
-78
-59
-44
-32
-24
-8
20
44
64
80
100
120
132
153
171
185
204
215
222
226
232
238
247
257
266
265
258
258
257
252
238
230
223
212
196
183
177
174
157
133
114
97
83
65
51
35
18
7
-1
-15
-23
-32
-43
-51
-59
-69
-75
-79
-86
-86
-95
-100
-117
-132
-140
-142
-141
-143
-149
-164
-183
-206
-216
-219
-219
-213
-208
-216
-216
-221
-217
-198
-185
-176
-171
-164
-150
-132
-128
-115
-94
-77
-54
-31
-9
8
19
34
50
70
88
97
109
123
139
153
160
164
166
162
162
161
165
166
160
161
156
153
147
139
137
129
120
114
110
111
109
103
105
102
96
96
92
87
78
65
63
57
43
35
27
15
1
-5
-7
-8
-18
-28
-46
-62
-69
-74
-77
-88
-100
-115
-123
-130
-142
-151
-159
-172
-185
-188
-188
-187
-197
-199
-201
-199
-193
-184
-167
-150
-139
-136
-127
-112
-97
-83
-61
-43
-33
-20
-9
11
30
38
45
60
76
89
100
115
130
143
160
180
197
208
203
197
195
182
173
165
156
151
154
149
143
144
140
137
124
111
101
90
87
76
65
62
49
36
29
21
17
15
17
25
25
17
13
14
14
3
-7
-14
-27
-47
-66
-78
-90
-96
-113
-118
-127
-151
-149
-171
-172
-191
-192
-230
-222
-251
-223
-245
-212
-230
-203
-197
-174
126
-408
-24
-159
-275
-22
-321
86
-81
-114
-104
-80
-20
69
29
72
53
38
131
-29
61
93
4
-3
186
41
139
196
77
92
115
155
169
195
70
200
165
86
213
74
485
26
173
278
-37
316
-47
292
239
195
103
148
153
200
242
137
229
63
209
54
54
83
38
-91
135
-4
-9
78
-53
-106
-112
-93
-93
-39
-197
-137
-123
-242
-173
-186
-214
-215
-192
-194
-188
-178
-176
-172
-234
-156
-216
-171
-159
-197
-97
-171
-108
-115
-144
-97
-92
-108
-79
-108
-70
-84
-68
-79
-25
110
-131
42
-97
-71
-13
-133
38
-38
-52
-90
-84
-56
37
-20
48
-10
43
91
-25
123
89
58
80
159
148
238
226
237
236
216
270
298
333
295
331
302
312
300
309
286
219
230
160
176
184
161
138
115
71
-5
59
-40
17
5
-48
-13
-83
-90
-113
-127
-133
-145
-163
-133
-182
-142
-209
-210
-168
-234
-161
-221
-191
-156
-189
-192
-193
-171
-159
-166
-136
-143
-140
-130
-147
-115
-124
-138
-117
-147
-109
-122
-43
-75
-53
-57
-100
-12
-6
22
-28
-19
-127
-167
-154
-111
-68
-61
-44
-52
-43
-15
-8
105
121
85
235
50
235
123
103
183
51
289
177
289
331
246
295
247
269
280
354
270
323
269
192
283
102
156
61
71
110
38
97
40
38
-23
0
4
34
2
38
-52
-103
75
-155
-49
-108
-169
-13
-202
-53
-85
-106
-112
-184
-108
-143
-251
146
-305
-24
-103
-292
-46
-325
-112
-138
-114
-191
-222
-175
-149
-187
-147
-127
-125
-92
-47
-269
86
-257
-262
-56
-147
-83
-61
-173
-122
-46
-201
77
-79
146
-52
105
45
11
137
0
99
150
102
186
98
264
98
23
338
87
270
287
187
298
286
165
244
242
188
316
36
276
62
141
243
-108
248
88
-73
340
45
82
269
-209
100
-40
21
22
72
-128
-21
-75
-124
89
-378
128
-310
42
-13
-186
-22
-77
-230
-80
-88
-186
-13
-251
-190
-215
-70
-214
-64
-150
-86
-283
47
-369
35
-86
-198
13
-322
43
-275
-64
-204
-105
9
29
-86
-41
87
-281
30
13
-289
272
-213
13
65
-43
8
130
-28
-72
239
-50
284
-12
331
13
190
327
-25
187
182
82
182
293
185
269
31
181
119
239
108
31
441
-177
267
243
-54
211
-162
161
-159
322
-11
156
-62
53
-102
-204
131
-256
250
-209
-34
59
-242
-184
-28
-224
-164
21
-351
28
-281
0
-89
-184
-84
-335
-54
-215
77
-61
-74
-180
-258
-50
-57
-108
109
-242
1
85
-363
487
-294
-15
-96
-167
26
113
-83
89
-112
-151
37
-159
201
73
-83
141
145
-129
493
-461
321
-106
63
288
130
272
102
312
-183
334
-5
432
204
294
149
129
81
32
200
-146
536
-66
193
53
-169
266
-8
-139
233
-196
96
115
-214
179
-179
73
-168
-274
-1
-61
-17
-178
-156
-156
-64
11
-246
-120
-114
-369
-130
-164
-241
63
-338
-371
-34
-339
-94
77
-175
-28
16
-300
209
-404
292
-89
-208
127
-258
77
-47
-166
51
122
10
125
7
80
-25
184
-338
415
-82
230
-35
-174
296
-253
250
-18
-7
328
-103
266
-12
311
-44
160
222
-44
608
-365
619
-214
447
-162
400
96
40
401
-32
513
-52
264
-23
47
113
8
228
156
-119
-3
216
-157
381
-159
-108
121
-147
153
-142
154
-474
-43
-415
142
-251
292
-427
-189
-142
-461
205
-312
81
-603
60
-467
176
-380
-68
-541
-187
-167
-240
212
-326
68
-453
173
-437
335
-377
71
-166
19
-115
241
-268
94
-174
-11
292
-265
346
-460
427
-404
566
-243
206
-69
90
37
135
266
-299
588
-297
384
77
77
386
-114
392
42
178
452
-217
497
-26
177
104
245
-114
104
372
-175
439
-155
207
-66
204
77
-39
346
-309
141
201
-194
272
-64
-337
375
-516
512
-339
86
65
-456
446
-347
183
-267
-108
-340
103
-63
198
-124
-212
-132
-429
113
-106
23
-173
30
-506
239
-338
-3
100
-652
456
-448
308
-136
-279
230
-472
66
-253
-17
-272
346
-708
419
-215
-191
282
-529
425
-412
420
-325
255
-143
-29
66
-264
192
-358
557
-213
350
-111
275
-101
398
-118
155
509
-439
882
-557
797
-503
525
-346
399
54
421
329
-242
755
-794
978
-691
698
-127
49
226
-125
127
55
-55
-36
165
-347
576
-544
407
-164
0
-371
232
-359
378
-230
90
148
-601
459
-573
140
-208
-90
-313
225
-488
142
-134
-230
-52
1
-170
302
-221
132
-208
-257
103
-461
185
-262
65
-490
462
-551
220
-28
-201
177
-114
22
-105
276
-435
383
-487
242
-257
66
301
-184
466
-139
89
-258
401
-427
524
-32
-105
420
-348
396
-140
230
-49
145
249
87
275
-179
348
-569
495
15
-123
662
-514
427
-104
117
83
104
65
65
34
177
-200
-70
244
-376
199
101
-216
210
-232
-220
29
-60
52
-11
20
102
-541
373
-669
39
449
-497
514
-506
-10
-129
-187
100
-195
104
-89
-20
-431
521
-656
265
-130
-487
575
-531
239
16
-290
197
-376
240
-68
-135
51
-119
85
-59
279
-99
307
66
-105
233
170
-59
97
143
-93
261
-129
120
121
93
291
-1
302
128
-81
238
-218
13
305
-252
289
-56
191
13
49
115
19
42
158
-86
-130
408
-588
394
-320
-146
128
-74
60
5
-36
152
-62
-20
54
-399
155
-381
-115
215
-174
-121
-65
-220
-215
-63
-104
-157
-43
-32
-278
-47
-99
-503
102
-382
-166
190
-200
60
-158
-57
-123
-198
137
-241
167
110
0
38
169
-161
70
245
-69
342
129
153
14
171
87
80
157
27
124
41
302
-99
318
-60
33
64
34
128
4
295
-146
373
101
57
140
-51
-45
29
217
158
270
20
10
-235
115
0
-66
453
-289
308
-211
240
-220
248
-108
-296
275
-384
457
-314
228
-388
-95
-115
-84
117
48
-250
143
-130
-398
173
-526
60
-323
-16
-190
-58
-158
-128
-487
216
-328
-23
53
-418
-30
-198
-255
-64
188
-477
329
-527
295
-105
39
230
-154
218
16
9
-40
364
-469
490
51
95
368
-167
65
59
129
38
482
-175
317
60
-7
540
-251
450
-141
-97
184
-50
65
199
8
-206
507
-535
540
-92
66
329
-184
496
-144
365
-522
519
-597
403
-88
-79
309
-295
483
-510
657
-738
533
-410
233
-57
-244
258
-593
371
-392
53
-213
-39
-269
-28
-25
-349
336
-414
-165
-237
-40
-102
-28
-70
-311
53
-315
-11
-233
220
-303
16
-65
-22
78
-118
141
-462
471
-295
234
255
-388
363
-321
452
-213
321
-25
18
190
-284
292
-330
285
-221
228
183
62
141
103
-111
-95
148
-48
269
-3
132
-60
240
-224
270
-185
266
344
-365
794
-441
292
36
-277
507
-263
273
100
-41
164
-117
119
-240
116
-52
45
-86
304
-37
79
-20
-157
148
-131
143
-127
-2
-104
-112
-95
-78
-165
158
-294
-156
158
-369
259
-35
-222
62
-211
-43
-120
-16
-192
13
-186
37
-306
58
-132
-201
260
-419
428
-392
284
-363
137
37
-332
389
-468
141
-14
-43
-205
256
-279
287
-199
395
-244
266
-129
136
96
-197
393
-478
634
-548
594
-256
371
-292
474
-240
354
73
-93
278
-345
434
-466
649
-469
522
-327
245
151
-202
504
-404
315
-108
-54
302
-46
104
2
-198
264
-137
386
-72
182
9
153
-221
-29
32
-169
208
-311
194
-185
137
-146
-71
4
-83
-170
81
-319
66
-11
-146
-24
-237
11
-387
90
-166
-99
213
-506
468
-652
419
-437
-136
281
-588
483
-477
409
-308
106
-249
89
33
-212
268
-174
164
-161
100
64
105
62
66
64
-22
302
-198
339
-150
248
-151
30
184
-151
529
-398
571
-230
234
124
-17
-1
132
-172
180
177
-303
595
-449
179
-13
-163
289
-69
170
162
-45
232
-19
-48
210
-303
156
9
-261
256
-189
170
-122
76
-101
-89
-58
65
10
40
34
-218
43
-602
160
-364
-88
117
-322
221
-318
-42
-172
-376
66
-230
156
-89
76
7
-289
-19
-208
143
-249
438
-234
91
31
-19
136
-98
229
-175
340
-163
379
-58
192
-133
73
29
-142
403
-279
224
-133
27
49
-80
263
-20
56
174
-103
264
-83
146
237
-319
263
-119
90
49
-136
477
-366
464
-196
7
287
-114
349
-158
180
-129
9
-154
-21
114
-141
13
-90
-33
-49
-155
178
-305
345
-270
291
-313
-23
43
-416
351
-478
278
-214
21
-204
79
-212
-75
64
-291
261
-424
242
-322
79
-131
47
-261
191
-331
11
188
-395
420
-436
410
-260
101
109
-255
183
-51
131
166
100
94
-69
-51
159
-100
334
11
-230
363
-361
300
-19
-75
230
-174
207
-36
327
23
-1
27
69
-21
-29
221
-167
266
-41
138
-116
174
-80
51
290
-249
383
-189
20
43
35
-31
24
-65
-38
43
-178
344
-357
152
0
-266
156
-78
108
82
57
-133
115
-274
29
-127
86
-103
-262
63
-324
-27
2
-164
36
-119
16
-284
153
-148
-77
83
-286
120
-272
198
-453
353
-404
64
182
-338
320
-517
468
-348
258
247
-232
375
-111
-186
404
-258
397
-68
75
22
-170
336
-355
88
-25
26
144
329
-257
443
-315
22
50
-99
432
-379
507
-297
23
167
-292
25
139
-150
396
-39
276
148
-136
260
-331
304
-126
-41
217
-97
50
108
-282
-5
-104
27
130
-85
194
106
-113
58
-140
-174
268
-395
203
96
-295
395
-620
210
-288
0
299
-203
256
6
-214
73
31
-440
495
-554
357
-272
-3
104
-477
250
-486
198
-186
281
-270
427
-426
254
7
-189
397
-364
313
-437
217
-347
154
-201
279
-371
341
-154
-129
341
-500
694
-550
412
-156
-66
138
-261
29
-22
-100
100
94
53
418
-253
518
-336
402
-54
58
328
-200
440
-191
202
47
-65
116
-33
36
93
140
-210
302
-430
418
-149
10
155
-519
392
-440
180
9
-139
-225
-4
-86
5
141
-235
186
-341
261
-154
157
110
-132
116
-176
-26
-88
-21
-153
29
-15
1
-14
-51
-49
-176
296
-184
16
52
-118
104
-243
80
-268
337
-352
242
-60
74
-101
-137
-22
-256
266
-279
168
-42
249
-193
292
-122
220
-58
-20
242
-126
258
-245
186
-186
37
141
99
-58
46
13
45
353
-174
192
9
-101
140
-58
76
65
-141
59
-64
217
-80
39
-68
-191
72
29
218
-97
149
-251
146
-195
-33
77
-93
-57
-83
-126
-40
131
-298
159
-119
149
130
-212
408
-542
229
-256
-17
161
-206
99
-233
-44
-174
114
-142
136
-68
145
0
-17
135
-274
223
-460
227
-40
-60
148
-72
64
7
61
58
310
-230
404
-376
406
1
-79
369
-350
511
-146
-8
179
-283
219
-201
51
42
40
71
-16
105
-113
337
-281
408
-262
382
-35
17
-43
-239
224
-217
84
-98
239
-246
350
-500
252
-275
86
-48
-23
249
-344
150
-433
87
-127
67
-99
41
-254
-99
-84
-154
-59
-114
128
-90
167
-173
104
-380
43
-184
130
36
96
-163
-9
-183
-17
41
-113
203
-106
23
140
-109
-188
64
-337
527
-453
435
-75
12
184
-260
428
-416
370
-270
106
143
36
90
-3
103
-17
367
-90
387
12
34
192
-79
332
-420
372
-69
-4
310
-31
109
259
-223
86
216
-259
466
-436
315
-249
145
176
-276
351
-405
261
-348
449
-306
319
-226
17
105
-351
524
-414
236
-322
115
-110
-161
-2
-157
-158
-66
-112
-126
192
-407
219
-304
-41
30
-161
-54
-170
197
-400
254
-153
76
-313
1
-201
-83
248
-240
242
-227
20
16
-66
64
-78
62
-106
-14
128
85
-41
271
-230
-41
176
-198
342
-137
490
-245
217
-334
25
90
-238
431
-160
407
-167
78
-107
61
127
-165
276
3
148
-97
223
-162
323
13
34
360
-395
341
-248
140
-25
92
152
-20
-48
8
70
109
190
-308
179
-146
30
-179
101
-200
38
-117
-473
680
-550
538
-102
-440
382
-536
155
-89
-40
144
-141
23
52
-192
-28
-180
-36
123
-15
4
191
-377
46
-68
-81
153
-78
46
-128
166
-134
-57
-46
-155
-101
66
-18
61
35
-201
165
-79
171
-101
65
-163
40
38
149
50
-85
131
-122
93
12
120
100
2
-31
157
-116
204
-90
122
177
-125
434
-128
85
40
-188
240
-80
144
51
-54
94
0
-179
109
5
28
119
-124
320
-227
37
0
-83
-54
-50
194
-185
58
29
-33
-83
-100
-36
40
-123
110
5
54
3
-130
53
-251
187
-276
-80
104
-290
104
-366
111
15
-206
102
-201
65
-46
12
61
-61
-191
5
-183
175
-109
94
-40
-146
290
-257
475
-299
206
-169
169
25
202
-7
34
-24
-123
62
10
65
-17
199
-19
204
50
87
-75
81
37
77
116
114
-133
33
-42
-276
301
-260
96
-2
-132
220
-68
-10
112
-102
105
32
-210
367
-454
314
-226
-103
127
-224
278
-117
115
-8
45
4
150
-369
405
-442
351
-206
-75
201
-440
276
-417
233
-273
178
-174
96
-29
-93
-99
92
-248
211
-142
-78
121
-263
222
-267
130
-170
83
-166
148
15
145
-28
-64
63
-16
-13
56
-52
184
48
29
217
-161
270
-159
-22
284
-2
227
104
-202
210
-148
147
186
-52
293
-33
1
175
-58
97
217
-363
407
-300
9
155
-441
424
-332
218
131
-304
561
-388
49
-34
-208
311
-76
-52
129
-447
30
-282
-177
368
-313
253
-128
-73
87
-229
-24
-79
-180
45
-106
88
100
-524
72
-286
-322
269
-265
66
-26
-291
137
-274
254
-200
0
-71
-172
123
51
76
-148
100
-333
223
-168
162
-10
122
79
-14
218
82
167
-47
222
-61
209
-22
-63
182
-120
253
8
26
130
-166
353
-20
212
117
92
-137
93
-34
93
195
-57
108
-109
248
-190
321
-102
105
55
52
17
98
40
-70
130
-144
112
-144
62
-40
-154
150
-75
-74
176
-281
197
-108
-136
124
-203
43
-170
22
7
-31
-93
0
-158
-28
-192
-31
25
-140
36
-172
-51
-156
-25
-136
127
-155
2
19
-249
173
-369
28
-146
-162
163
-253
283
-156
155
-56
-52
129
-170
271
-274
336
-265
149
53
-73
164
-135
177
-101
268
28
247
-222
164
-41
190
93
56
168
-132
345
-369
519
-274
252
-38
71
211
40
242
-364
383
-298
320
52
-74
289
-337
237
-258
159
-99
1
-75
-22
22
-61
144
-228
82
-130
-6
-58
135
-297
141
-190
-136
69
-314
118
-284
133
-247
193
-114
-45
29
-311
127
-336
269
-81
-69
89
-285
4
-76
-308
222
-138
-55
63
-210
61
87
-91
19
91
-98
192
-5
-48
175
-126
13
100
-35
198
-104
233
-121
94
197
57
236
-94
141
-27
141
123
-1
247
-109
34
148
-207
396
-136
92
48
47
75
-133
96
-35
18
135
31
24
19
-243
94
-103
132
-69
21
-81
-36
-8
25
-17
2
-72
-182
365
-283
285
-78
-275
154
-229
233
-56
-11
-184
-13
-9
-16
54
-1
-91
-65
-52
26
62
-108
-46
-221
123
-170
69
4
-7
-149
73
30
5
72
-121
-17
-133
-38
44
-76
12
-47
106
-50
53
14
-143
23
-86
21
119
45
-10
-27
-155
16
17
-34
77
218
-94
56
69
-27
87
-205
275
-182
130
98
-167
252
-192
-39
60
-92
115
74
-56
207
-203
137
-224
64
-19
-117
163
-8
57
-42
-5
59
-19
17
70
-34
29
72
36
48
47
-137
41
-117
114
-56
283
-114
46
45
-218
91
-110
48
-39
139
1
55
96
-65
76
-120
30
-10
111
-69
-112
10
-102
-60
-64
-23
-130
77
-63
-5
58
-3
-27
-22
-118
31
99
-105
207
-194
99
73
-53
185
-278
225
-55
50
47
5
172
-119
63
-174
147
-52
-37
101
-199
192
-221
28
56
-39
90
46
4
59
52
-106
122
-99
41
-26
61
-47
109
-69
35
44
-174
177
-109
94
12
-46
159
-60
13
-22
28
-124
74
-123
13
28
-226
140
-196
107
-75
76
-58
50
-11
-72
73
-136
80
-167
28
-100
-37
2
-26
-25
-27
-77
-173
100
-101
156
-8
-38
-92
-89
-20
-70
131
-143
137
-42
-55
170
-55
51
18
-39
21
123
-61
204
-75
83
67
-30
197
66
32
118
-22
99
154
-166
205
-7
-48
180
-190
90
-24
21
91
-28
98
7
-79
50
-59
-66
170
-240
16
23
-92
57
-15
4
-20
85
-11
-30
-6
-69
-120
25
-246
204
-130
-21
19
-320
166
-231
67
58
-45
85
-44
-113
-41
-133
-40
-36
-59
88
-130
16
-115
-55
-8
-86
113
-122
153
11
82
41
89
-154
135
-19
-32
206
-117
171
-9
27
136
-21
21
170
-67
329
85
18
355
-249
171
-9
-159
273
-71
122
63
-23
70
-58
12
-31
12
27
111
-35
71
-6
-52
10
-48
-25
18
-95
26
-17
-31
43
-115
77
-134
118
-41
-52
29
-245
85
-105
-13
68
-201
3
-110
-137
-17
-35
-126
-16
-103
-90
20
-230
58
-229
-117
38
-192
51
-28
-191
42
-104
-70
25
-52
98
-26
31
-53
111
-43
-66
126
-147
115
19
48
41
20
58
59
4
55
131
-32
183
43
112
92
26
127
44
25
176
52
-38
234
-80
63
75
-61
141
-28
71
51
19
70
-25
112
-63
16
87
-41
23
-28
122
-126
59
-20
-18
80
-18
2
18
-1
-53
-2
-119
21
-23
52
-46
17
-88
-44
-20
-86
89
-127
50
-55
-165
19
-73
7
-57
-44
-8
1
-35
-53
-18
-49
1
-42
35
24
-58
99
-69
-7
84
-72
-3
60
-74
58
-54
14
11
-98
73
-65
52
-14
7
25
-19
-48
-7
-31
-36
-13
4
-15
10
3
-50
-57
-62
48
-21
76
34
40
-11
19
-38
18
-20
-25
59
-15
69
33
91
-25
-19
51
-49
55
94
43
60
49
-17
38
-38
-23
84
-70
3
96
-42
145
-84
17
-37
-173
56
-38
-32
0
-59
-47
2
-125
49
-64
44
1
-12
19
-64
42
-64
1
-18
7
-4
-18
21
21
-1
-43
75
-100
66
13
-58
64
-77
70
47
23
-32
48
-36
18
-24
64
48
-57
110
-134
57
18
-58
30
0
44
83
27
49
64
-91
47
-47
45
66
-19
64
23
-54
89
-3
-32
70
-27
47
-2
84
-30
24
-7
-97
28
-68
31
34
-15
15
-32
12
5
-53
20
-18
-33
91
-26
19
33
-101
8
-80
-57
4
-66
-34
33
-91
42
-56
-57
13
-65
-5
-8
-10
-59
35
-77
23
-77
-1
-26
-46
11
-83
9
-50
40
-97
62
-19
-5
106
-36
70
0
-27
-4
-20
-21
47
9
21
-5
21
51
-6
75
62
23
58
58
-8
21
-6
50
-52
51
9
20
64
1
59
54
48
43
40
-8
22
66
52
-38
101
2
-28
17
-47
5
-36
-11
-5
17
-21
-9
11
-68
-39
-11
-57
-25
-38
-38
-55
-67
-59
-91
-17
-28
9
17
-16
-3
-32
-32
-28
-31
-40
-48
-9
-72
-40
-84
-43
-22
-99
-2
-15
-19
-11
0
0
-27
-4
-13
27
28
35
13
-5
10
-2
69
8
96
73
16
106
43
53
77
38
58
46
24
80
14
75
-8
75
54
31
74
23
46
12
55
9
84
68
21
43
47
-16
46
15
-6
26
12
57
-11
49
-32
27
-23
-42
66
-22
-10
-4
-37
-8
-19
-31
-45
-39
-75
-74
-70
-79
9
-138
-21
-71
-105
1
-117
-45
-49
-115
-90
-37
-110
-50
-30
-124
-22
-51
-49
-34
-46
-33
-59
19
-61
14
12
-70
12
-35
-23
20
2
10
-7
-8
7
-4
4
39
9
60
26
-10
95
-17
66
66
17
90
71
76
84
50
26
82
5
63
59
60
67
52
88
49
36
35
24
5
63
59
19
80
-7
31
37
3
64
-3
50
-16
4
25
-23
33
-28
-34
-12
14
2
-20
59
-36
18
25
-97
51
-50
-103
46
-106
9
3
-65
19
-25
-57
-35
-46
-24
-42
-47
-17
-67
-21
-88
-91
-41
-90
-14
-32
-1
14
-37
30
-82
11
-85
-57
-4
-44
-17
20
5
-63
43
-54
-6
22
-22
14
49
-26
34
36
-21
35
4
10
4
18
7
3
20
-18
19
24
16
35
53
64
45
35
30
20
19
32
-4
58
37
9
78
33
32
57
25
51
68
41
65
38
-16
1
-31
-31
-3
-55
-11
3
-5
-22
12
-26
-50
1
-68
-2
16
-41
-9
-6
-15
-36
-12
-28
-40
20
-30
-17
36
-40
15
7
1
-3
4
-36
-23
19
1
22
-12
-6
-27
-50
33
-6
-1
25
-59
-40
-26
-60
-4
-44
-31
-21
-3
6
-11
16
-50
-18
1
-2
-8
17
-29
2
4
-1
52
-17
62
13
11
61
32
62
-1
13
25
-7
12
-15
14
-21
16
34
-2
45
-7
-21
2
-19
38
34
19
34
16
-43
42
-14
12
39
-24
26
17
16
9
12
-15
-11
-7
28
-8
45
-4
-45
-3
-73
-21
-14
-22
-18
-11
-31
-35
-41
-7
-33
9
-10
-4
29
-14
19
-8
-5
0
38
0
47
-31
-6
5
-58
34
-34
-2
17
-23
18
19
-15
11
-14
-26
14
-1
28
7
6
21
15
27
43
18
15
33
8
27
55
21
20
28
-10
36
34
-13
10
-18
-14
-15
-1
-3
29
-5
-1
-1
-20
10
-14
-36
-13
-43
-42
20
-34
24
10
-32
0
-34
15
-4
1
38
-25
-21
-14
-93
-35
-63
-75
-37
-81
-54
-62
-25
-61
-13
-25
-39
11
-25
-1
-11
-13
-24
-30
-6
22
37
32
27
41
10
16
32
30
27
41
22
47
30
14
43
7
24
49
33
-3
53
-1
4
10
-12
26
18
41
44
32
20
44
36
52
55
44
44
5
33
12
8
38
2
35
-2
9
24
-13
33
29
11
32
-5
-11
-22
-73
-26
-45
-20
-33
-30
-49
-67
-49
-57
-24
-22
0
-18
-41
-38
-50
-65
-37
-35
-28
-29
-29
-26
-24
-15
-21
7
-5
16
33
-3
0
-10
-51
-23
-17
-15
-9
-8
-19
-30
36
5
16
33
-15
-2
-7
6
9
33
9
4
22
0
22
9
27
40
27
41
45
40
64
36
49
60
26
61
74
56
46
58
17
21
20
-13
-4
-27
-29
-13
-21
-3
-8
0
-7
-19
-19
-32
-23
-26
-44
-41
-17
-75
-48
-44
-53
-2
-36
1
6
-42
18
-45
-20
-7
-22
18
-37
-6
-25
-34
-24
-13
-11
-13
-4
-7
-10
-9
-4
-12
-10
9
-22
8
5
-4
12
-21
19
1
8
44
24
27
22
6
19
18
39
34
26
51
16
5
-6
-11
1
-12
12
6
5
44
7
10
37
8
19
47
16
30
16
8
8
-1
16
-1
22
18
-9
37
-3
11
29
-19
18
9
-5
19
-6
13
2
-22
4
-29
11
4
11
8
-12
-16
-20
-35
-28
-9
-29
-6
-16
-10
-11
-16
-21
-7
-5
-10
-9
-22
-7
-21
-10
-2
-29
8
-12
-21
4
-12
-12
-2
-13
8
1
-22
1
10
-29
-19
-3
-25
-23
-34
-28
-46
-47
-31
-32
-37
-5
-3
-13
0
22
4
19
8
25
21
10
34
12
7
7
20
-1
16
10
22
2
10
38
6
17
21
32
14
41
38
19
9
21
3
-6
13
-1
27
17
15
39
6
24
24
2
8
5
-7
-5
-3
-23
14
-28
3
22
-3
18
8
-6
8
-21
-35
-18
-59
-18
-28
-30
-25
-45
0
-26
-14
-23
-51
-30
-30
-26
-1
-20
-12
5
10
44
0
16
25
14
37
36
11
31
20
-1
28
-2
15
0
4
29
-6
3
0
-16
-11
1
-4
-6
-4
13
24
14
4
2
-4
5
19
19
28
27
46
33
20
38
20
2
21
3
9
12
5
21
17
11
16
-1
2
-9
-19
-17
-30
-25
-35
-56
-45
-54
-64
-35
-48
-24
-35
-31
-46
-52
-27
-35
-30
-20
-18
8
-1
15
33
-4
3
-4
-2
21
0
6
15
-11
10
-7
-16
2
5
12
9
21
21
2
-4
-13
-13
-26
-26
-29
-27
-23
-26
6
6
7
32
23
27
34
8
17
-8
9
9
1
20
18
14
17
31
19
41
35
53
61
64
60
62
47
40
41
22
8
10
12
13
13
10
-2
-4
-6
-10
-9
-8
3
-17
-4
-13
-15
-26
-38
-34
-39
-28
-25
-22
-22
-39
-22
-1
-8
4
10
-11
-3
-12
-14
-9
-43
-35
-50
-44
-45
-48
-33
-47
-26
-24
-25
-12
-31
-27
-26
-13
3
9
-9
-9
-7
-15
-9
-10
8
10
28
24
19
30
22
33
31
24
37
39
31
50
27
39
39
29
34
31
26
35
33
35
40
17
31
16
14
24
3
5
8
-4
-1
-18
-11
-12
-29
-25
-25
-14
-12
-19
-12
-9
3
11
3
9
12
2
10
-4
-11
-1
-22
-8
-1
-4
-5
5
-11
-5
0
-2
-11
-18
-22
-38
-17
-37
-31
-27
-38
-34
-34
-31
-38
-21
-19
-19
-10
-21
1
-16
3
6
-13
4
-22
2
-10
11
7
17
19
3
13
21
20
21
35
20
22
6
1
8
7
4
2
-8
-3
-5
3
4
-3
1
3
7
15
34
27
29
36
27
23
31
32
35
32
10
-1
2
-8
2
-1
0
4
3
3
0
14
-10
-3
-6
-10
8
6
-1
11
2
-12
-1
-26
0
-9
-29
-6
-34
-26
-16
-46
-18
-19
-26
-12
-16
-20
-16
-24
-20
-12
-21
-12
-16
-11
-9
-1
-9
-5
-8
-1
13
7
18
9
2
12
7
9
10
-2
17
11
18
19
24
25
25
37
21
17
26
17
8
25
14
17
17
3
20
2
15
-1
-8
3
-2
3
-1
6
-6
2
-5
-8
-6
-9
-16
-11
-11
-8
11
0
15
8
11
8
5
8
-3
1
-23
-14
-26
-22
-20
-29
-9
-24
-11
-18
-22
-17
-26
-17
-24
-9
-7
-11
8
-6
-13
-1
-20
-12
-24
-21
-26
-21
-20
-25
-8
-22
4
-2
-2
8
-2
12
4
3
7
6
13
15
20
20
31
32
35
42
23
28
16
4
24
18
32
27
7
21
1
1
7
-10
-5
-5
-6
-8
-17
-13
-20
-15
-11
-14
-7
-2
-10
1
-2
-7
-8
-3
-7
2
3
-4
7
3
6
-1
4
-11
-11
-1
-14
11
12
17
19
18
21
7
0
4
1
21
13
11
26
10
20
2
6
8
-8
5
-9
-1
-2
-9
-3
1
10
17
23
19
27
23
14
9
-6
-5
-14
-12
-7
-22
-4
-17
-12
5
-18
-4
-11
-20
-7
-23
-14
-17
-15
-19
-20
-20
-21
-17
-16
-11
-26
-18
-18
-13
-11
-10
-11
-19
-3
-1
-2
14
-4
1
10
-1
10
5
-4
4
-4
3
12
18
26
18
25
6
15
4
2
7
-5
6
-6
4
4
14
13
25
21
22
25
6
9
6
-2
-12
-10
-14
-17
-17
-19
-24
-20
-23
-24
-10
-14
-8
2
-9
11
5
0
-5
-11
-12
-21
-22
-20
-16
-36
-13
-23
-24
-7
-21
-9
-4
-9
-1
-6
-1
1
0
11
6
3
6
1
14
16
26
44
26
48
18
22
33
13
46
43
43
56
45
43
48
38
35
33
27
22
18
18
18
-3
-3
-5
-7
2
-5
-8
1
-16
-16
-9
-17
-10
0
-2
-13
-4
-14
-7
-2
-11
-2
-16
-18
-19
-24
-22
-34
-37
-32
-39
-38
-19
-32
-20
-13
-24
-6
-13
-11
-2
-9
-8
-11
-21
-16
-13
-23
-11
-21
-11
-3
-1
13
18
19
26
22
22
18
14
14
7
13
-5
-9
-12
-3
3
1
6
3
8
4
7
-2
7
-7
-5
-8
-14
-8
-14
-4
-2
4
16
10
10
20
-4
5
-9
-7
11
2
7
10
5
3
7
4
5
4
-10
-8
3
-1
5
0
-1
6
-2
-1
2
-6
2
0
-4
-1
-16
-15
-8
-17
-15
-15
-24
-18
-25
-25
-24
-34
-20
-25
-11
-13
-7
3
-5
4
-6
-2
-5
-9
10
8
25
24
19
30
24
36
28
24
22
17
13
17
17
18
23
19
30
23
12
40
36
34
38
28
41
28
21
17
13
26
16
31
33
24
23
8
17
17
4
18
4
2
4
-2
6
6
1
1
-9
-16
-18
-31
-35
-44
-42
-41
-36
-29
-22
-22
-14
-8
-14
-8
-22
-26
-31
-33
-33
-38
-32
-25
-24
-16
-20
-21
-27
-25
-22
-25
-18
-23
-21
-21
-21
-32
-27
-21
-32
-23
-15
-8
-6
-14
-3
-4
-6
-17
-21
-12
-19
-12
-14
-6
-2
-7
-2
2
8
25
26
30
27
23
24
28
23
29
18
11
16
12
16
10
-2
-3
1
-3
5
10
13
15
15
20
10
14
29
26
28
32
33
21
32
22
24
27
24
37
31
37
31
22
32
16
20
17
13
30
24
18
14
12
2
-3
-10
-10
-4
-17
-2
-4
-2
10
-7
-11
-23
-33
-36
-27
-33
-24
-17
-23
-12
-19
-15
-20
-19
-16
-19
-19
-21
-11
-15
-12
-17
-19
-10
-15
4
-1
6
16
0
10
9
12
13
15
14
12
9
1
3
5
9
5
5
8
17
4
11
4
-2
-1
-11
3
-3
-8
-10
-21
-20
-23
-21
-9
-8
7
6
3
1
-6
1
-1
1
-10
-11
-13
-15
-10
-11
-24
-29
-33
-34
-29
-21
-21
-18
-21
-22
-21
-30
-20
-24
-21
-20
-22
-13
-16
-8
4
-4
8
8
15
14
13
12
4
4
4
10
12
15
16
23
18
16
16
17
25
25
26
15
11
18
18
16
14
15
17
29
29
36
25
25
29
13
22
5
3
1
-4
9
11
15
11
20
18
22
10
5
-1
-13
-6
0
3
6
-2
-3
5
-3
0
-1
-5
4
-2
-11
-4
-10
4
7
-7
-11
-9
-8
7
13
14
20
12
19
8
0
0
-11
-4
9
3
8
10
8
12
-1
-19
-24
-34
-26
-33
-38
-36
-35
-30
-31
-25
-38
-30
-17
-21
-27
-26
-21
-14
-23
-16
-2
6
16
1
-1
-7
-15
-5
-6
-2
12
4
11
15
14
28
20
7
21
24
20
19
14
19
15
11
12
-2
-8
2
1
13
25
14
6
3
-7
1
-1
-7
-10
-15
-12
-13
-17
-9
-6
-3
-8
-17
-16
-22
-21
-17
-11
-10
-10
-9
-16
-17
-27
-29
-20
-17
1
7
8
15
12
5
3
-4
3
1
4
8
12
13
15
8
3
10
-6
-5
-5
-4
3
2
-4
5
1
8
11
8
14
7
13
11
17
22
19
20
13
18
12
12
17
17
19
10
12
5
2
5
15
20
13
12
10
11
12
20
12
13
10
3
8
11
17
18
7
11
9
11
17
18
23
20
15
4
6
0
-4
-10
-19
-12
-15
-15
-13
-17
-22
-22
-26
-26
-17
-14
-10
-12
-16
-18
-19
-14
-13
-12
-14
-16
-12
-5
0
3
7
-5
-9
-10
-20
-23
-32
-38
-38
-33
-32
-32
-32
-31
-21
-15
-16
-12
-14
-8
-2
-10
-9
-16
-10
0
-1
6
15
15
17
18
15
18
17
8
12
0
1
-3
-1
5
-2
6
0
1
-8
-8
-7
-2
0
-2
-4
1
10
10
15
13
5
7
15
23
24
19
18
8
3
10
14
17
17
28
35
22
20
13
12
12
-3
-3
-9
-6
3
-7
-7
-5
-13
-8
-12
-8
-1
-8
1
0
-3
3
-1
3
4
9
5
11
10
18
24
25
31
31
31
30
22
16
18
-3
-4
-10
-4
8
12
22
26
20
18
16
13
18
9
6
6
-2
-9
-18
-20
-20
-21
-24
-28
-28
-33
-29
-23
-27
-28
-27
-22
-17
-13
-19
-15
-19
-22
-15
-12
-9
-11
-9
-13
-13
-3
-1
9
1
-3
0
-3
-8
-6
-6
-5
-6
-6
7
10
18
13
3
4
-3
-16
-11
-8
-11
-14
-20
-16
-21
-23
-16
-16
-11
-7
-10
-2
8
17
14
23
21
16
18
7
7
4
8
14
9
4
5
1
-1
1
0
15
17
19
16
5
2
-2
-13
-13
-16
-21
-11
-8
-10
-8
-10
-6
-4
-11
-5
-6
-11
-4
2
17
14
5
2
-5
-3
2
3
7
12
8
12
12
15
21
21
27
21
29
31
32
34
31
34
23
30
22
26
25
17
16
8
5
2
4
5
12
3
3
14
16
17
7
-5
-12
-22
-32
-32
-34
-31
-29
-37
-31
-37
-38
-33
-27
-28
-22
-15
-18
-7
-12
-11
-9
-10
-7
-3
6
6
15
13
8
8
4
7
9
17
10
9
4
2
-4
-11
-14
-20
-14
-13
-3
2
3
5
5
-6
-15
-19
-18
-14
-13
-4
-6
-3
6
4
20
10
5
20
23
37
32
29
33
23
8
3
3
-5
-11
-7
-1
-2
-5
1
6
9
13
12
5
-8
-13
-19
-12
-13
-14
-10
-12
-11
-11
-19
-21
-23
-27
-18
-19
-26
-25
-24
-23
-19
-19
-15
-13
-13
-8
-16
-19
-21
-26
-10
-11
2
6
0
11
4
8
8
0
10
13
15
25
20
35
48
43
41
36
33
31
20
19
26
22
25
29
33
26
14
3
-5
-7
-9
-14
0
7
16
17
11
13
9
13
8
2
3
4
9
10
9
5
-1
-1
7
9
13
9
5
3
-4
-15
-23
-29
-33
-30
-29
-22
-18
-18
-19
-18
-18
-18
-17
-18
-8
-4
0
2
0
6
14
10
15
15
4
-1
-12
-7
-8
-9
-7
-5
-2
-4
-1
-1
2
-6
-9
-14
-10
-6
-7
-7
-6
-6
-10
-6
-2
0
4
3
-7
-11
-9
-9
-11
-13
-6
-10
-1
1
-1
9
10
13
14
13
14
15
7
7
7
12
12
9
11
3
-1
-4
-5
-5
-2
3
7
7
-3
-8
-12
-12
-15
-17
-14
-8
-6
-7
-4
-10
-9
-12
-7
-10
-10
-5
-10
-2
1
3
1
-7
-9
-10
-2
2
5
3
1
3
7
4
8
8
7
2
2
0
2
10
6
4
-1
-3
4
15
17
18
26
24
20
16
5
-2
-9
-11
-11
-4
11
20
28
28
22
23
30
27
27
19
15
7
7
7
9
12
7
0
-7
-2
-3
8
13
6
6
-3
-11
-10
-13
-14
-21
-22
-25
-31
-33
-30
-18
-7
1
-1
3
8
15
19
25
21
22
16
14
14
13
16
11
5
-2
-7
-11
-10
-11
-11
-5
-4
0
0
-11
-11
-24
-26
-27
-31
-21
-23
-18
-23
-31
-31
-31
-20
-22
-20
-26
-24
-15
-18
-20
-19
-23
-19
-18
-16
-8
0
3
-4
-4
-3
5
6
16
19
15
17
12
10
7
9
11
18
18
18
22
31
32
28
28
22
17
19
19
22
18
14
5
-11
-15
-15
-14
-10
-7
-10
-10
-10
-13
-16
-18
-19
-22
-22
-18
-12
-15
-11
-6
0
1
8
16
17
19
14
13
7
17
20
22
26
15
9
8
11
20
15
14
15
5
2
-7
-7
-7
-1
2
-6
-9
-15
-9
-5
-2
1
5
8
10
12
14
20
22
27
24
23
32
34
33
28
19
9
7
3
5
1
1
1
-2
-2
0
4
3
4
-2
-4
-12
-21
-21
-17
-16
-6
-6
-12
-11
-10
-7
-16
-15
-15
-17
-11
-11
-12
-17
-16
-19
-25
-19
-17
-20
-24
-25
-26
-27
-19
-13
-15
-13
-17
-14
-9
-6
-3
-11
-15
-28
-29
-16
-9
-8
-4
-7
-2
7
10
11
14
16
7
-3
-3
-1
4
1
-2
-8
-11
-5
-2
4
12
13
12
11
9
15
13
9
6
4
1
4
1
-2
1
-4
5
1
3
9
9
4
-6
-14
-15
-9
-8
-7
-7
3
13
15
13
11
9
13
13
6
3
7
22
30
34
40
35
38
41
36
38
39
38
35
26
22
16
17
14
16
18
14
17
14
14
5
-5
-10
-13
-15
-15
-6
-7
-12
-15
-10
-3
2
4
4
8
10
4
1
1
7
-1
-2
-7
-7
-8
-11
-13
-21
-26
-38
-39
-40
-43
-42
-36
-35
-42
-53
-54
-54
-46
-36
-37
-38
-43
-36
-35
-33
-31
-27
-22
-17
-12
-8
5
6
8
18
17
18
16
16
20
18
20
26
36
41
40
32
33
38
33
35
34
34
33
24
19
15
15
20
15
17
12
6
7
3
12
11
9
2
0
-2
-6
-9
-13
-9
-11
-10
-15
-19
-21
-14
-8
-6
-6
-10
-9
-7
-10
-16
-15
-15
-11
-15
-16
-14
-19
-16
