4
3
14
19
18
18
15
10
3
-2
1
9
11
10
10
6
0
-7
-9
-3
-3
-10
-14
-15
-15
-12
-13
-11
-9
-7
-13
-19
-20
-26
-28
-32
-37
-32
-26
-22
-20
-23
-22
-25
-26
-27
-27
-25
-31
-31
-17
-12
-10
3
1
1
-6
-16
-10
-5
-4
1
11
17
11
6
8
8
2
1
13
19
26
33
28
22
19
15
15
19
22
27
28
24
24
21
21
21
27
34
37
33
28
27
27
25
23
20
24
20
12
9
7
7
-1
-8
-10
-9
-3
2
1
0
-6
-11
-8
-2
1
-11
-11
-14
-5
-4
-14
-6
-3
5
0
-11
-15
-16
-12
-9
-7
-11
-12
-7
-4
-13
-26
-35
-35
-30
-26
-20
-19
-15
-10
-8
-11
-16
-14
-15
-4
2
3
5
5
4
1
-3
-2
3
12
20
22
29
34
39
35
35
39
39
46
46
43
41
38
31
27
17
18
17
15
11
9
9
-1
-3
0
7
3
-2
-4
-9
-9
-13
-14
-18
-16
-19
-27
-31
-31
-27
-16
-9
-17
-24
-30
-36
-40
-35
-38
-42
-44
-43
-36
-35
-37
-38
-43
-47
-48
-48
-45
-46
-46
-32
-20
-7
-3
-8
-1
4
11
15
12
12
10
10
11
14
17
15
14
4
-1
3
11
23
24
27
25
26
30
32
30
19
19
13
6
8
14
24
28
25
21
17
23
14
9
13
14
19
19
20
16
10
5
8
16
23
23
18
17
15
14
14
12
13
12
23
26
24
25
26
29
31
27
17
13
10
8
7
11
15
12
-1
-4
-10
-9
-14
-16
-10
-8
-3
-4
-9
-16
-17
-19
-20
-23
-24
-28
-32
-34
-46
-47
-49
-53
-48
-44
-42
-50
-50
-38
-34
-29
-27
-24
-20
-14
-12
-7
-3
2
8
7
-3
-7
1
5
3
-1
1
6
4
4
11
15
9
3
4
11
15
16
19
16
8
5
2
5
12
10
17
22
25
29
30
32
31
27
31
36
35
29
23
23
21
20
18
18
23
16
9
1
-7
-12
-25
-31
-32
-35
-41
-48
-48
-40
-34
-29
-26
-22
-20
-18
-8
-2
-4
0
1
3
7
9
13
13
10
2
-11
-20
-20
-25
-30
-30
-34
-32
-26
-27
-23
-20
-12
-2
7
21
29
35
38
33
23
16
11
14
18
21
27
30
32
32
29
24
14
12
11
5
7
6
5
6
3
-3
-8
-11
-11
-5
-8
-5
-9
-15
-19
-19
-18
-17
-7
0
0
2
6
6
1
-8
-7
-3
5
9
5
7
0
-13
-12
-5
7
15
13
17
14
10
15
23
28
27
27
29
20
17
21
27
26
24
24
17
18
22
27
29
26
22
23
25
17
15
11
14
8
2
6
5
5
1
-1
-3
-7
-13
-18
-17
-13
-11
-11
-12
-21
-29
-41
-49
-54
-62
-65
-59
-55
-52
-53
-55
-63
-73
-77
-78
-73
-73
-67
-63
-60
-53
-47
-37
-32
-26
-23
-18
-15
-11
-11
-12
-16
-22
-15
-11
-5
7
10
8
6
3
12
15
21
23
25
33
37
41
44
48
52
49
50
53
60
66
60
52
46
35
27
22
26
32
37
43
47
50
57
60
55
47
43
40
39
44
48
51
47
42
35
37
36
31
30
32
40
36
32
29
22
17
11
9
9
8
6
6
8
6
-8
-17
-24
-27
-26
-33
-43
-52
-65
-73
-79
-83
-81
-74
-72
-67
-60
-57
-61
-64
-68
-70
-70
-66
-58
-47
-42
-43
-41
-40
-34
-26
-22
-19
-22
-25
-24
-22
-12
-9
-7
3
16
22
31
41
46
39
29
18
11
17
14
18
27
33
39
36
36
36
35
32
21
16
18
18
22
34
32
29
32
27
30
30
28
24
13
7
-3
-14
-17
-17
-16
-16
-22
-19
-17
-15
-15
-22
-25
-34
-34
-29
-30
-31
-29
-33
-26
-18
-15
-8
-2
4
4
5
12
18
25
28
30
24
26
26
19
20
16
10
12
20
26
26
25
17
10
1
-6
-6
-3
0
-3
-7
-5
-2
-4
-9
-11
-9
-7
-4
1
3
9
5
-6
-3
-2
-3
-4
1
9
7
1
-6
-7
-5
-10
-17
-13
-10
-11
-10
-10
-9
-8
-14
-10
-9
-14
-7
-1
9
11
8
7
12
18
28
30
31
34
30
34
34
36
34
26
20
15
6
0
-1
-3
-10
-11
-14
-12
0
12
17
14
14
10
10
10
13
18
18
10
9
15
7
-5
0
4
0
2
-2
2
0
-4
-5
-11
-20
-27
-27
-23
-29
-34
-38
-45
-46
-42
-36
-41
-46
-41
-44
-37
-32
-28
-22
-28
-33
-43
-43
-42
-41
-41
-39
-42
-45
-41
-39
-31
-26
-27
-25
-28
-22
-11
-9
-10
-10
-5
0
-2
-2
2
-4
-9
-8
-14
-8
3
12
26
31
34
28
34
47
44
45
57
61
64
67
76
89
84
77
73
75
73
68
68
70
74
71
69
69
61
54
41
34
27
20
13
11
13
9
3
-4
-8
-12
-4
-2
3
11
16
15
8
0
-2
-7
-12
-17
-20
-19
-15
-14
-19
-29
-38
-43
-42
-41
-41
-39
-37
-33
-26
-31
-36
-37
-41
-40
-34
-28
-26
-25
-23
-26
-19
-21
-24
-31
-31
-25
-28
-26
-31
-31
-33
-42
-44
-42
-40
-40
-38
-34
-25
-21
-16
-20
-27
-26
-22
-18
-17
-17
-19
-19
-16
-12
-8
-4
-3
-6
-5
1
0
4
15
16
18
24
23
24
21
18
15
17
15
22
26
27
35
27
22
28
27
28
29
34
43
42
44
49
45
39
35
32
32
33
34
33
25
20
15
8
1
2
4
-3
-1
3
8
8
10
13
18
20
14
16
20
20
19
28
31
29
27
22
19
15
11
8
7
-2
-11
-17
-11
-5
0
-5
-8
1
2
1
1
0
-11
-17
-15
-10
-5
-6
-9
-9
-9
-10
-13
-17
-26
-36
-44
-47
-46
-48
-47
-49
-51
-56
-64
-69
-69
-66
-62
-57
-56
-52
-47
-45
-44
-47
-42
-37
-37
-26
-17
-5
9
10
14
14
11
5
4
15
19
20
17
19
23
26
25
24
21
23
29
27
33
31
28
31
28
33
39
48
61
60
60
56
52
54
51
51
49
47
47
50
53
48
44
41
33
27
31
36
36
30
21
8
5
2
-7
-6
-15
-22
-22
-24
-20
-29
-31
-38
-37
-30
-30
-28
-29
-23
-23
-28
-25
-21
-25
-25
-28
-29
-28
-39
-45
-49
-53
-49
-46
-46
-46
-47
-43
-44
-49
-53
-50
-55
-57
-59
-59
-52
-50
-47
-46
-40
-34
-23
-12
-14
-10
0
6
9
19
20
27
40
53
61
61
60
55
47
38
35
41
46
49
49
51
47
38
37
37
41
47
53
52
46
41
43
47
36
38
33
29
30
28
34
32
29
20
20
19
21
14
9
5
2
2
2
0
-1
-7
-15
-9
-6
-6
-7
-8
-13
-21
-24
-25
-18
-10
-12
-14
-22
-31
-31
-39
-39
-42
-41
-39
-40
-31
-29
-28
-27
-28
-28
-32
-25
-9
-1
1
7
4
2
-1
-8
-16
-29
-32
-31
-28
-22
-12
-6
-3
-8
-15
-9
-15
-11
-5
-3
1
2
-8
-6
-7
-12
-17
-27
-31
-31
-32
-28
-17
-16
-13
-8
-4
3
9
6
9
14
19
29
36
43
46
40
20
12
3
5
7
5
7
10
12
10
2
-1
-7
-13
-7
-2
12
16
25
30
26
24
18
22
28
33
37
45
55
55
52
43
29
22
15
16
19
21
18
21
18
11
5
-2
-6
-12
-7
5
10
13
15
4
-2
-6
-12
-12
-16
-13
-14
-7
-3
0
2
-4
-8
-16
-17
-14
-10
-17
-28
-33
-37
-34
-24
-21
-23
-30
-41
-39
-33
-26
-20
-22
-22
-24
-25
-24
-26
-26
-20
-18
-13
-8
1
6
2
5
5
7
8
7
3
0
1
-2
7
13
9
4
4
6
6
5
0
-6
-5
-9
-11
-15
-14
-15
-8
7
14
17
17
24
30
34
30
25
18
16
15
19
26
26
31
38
34
30
21
15
10
5
3
0
-3
-4
-2
1
-5
-10
-15
-17
-14
-14
-17
-19
-17
-13
-8
-9
-7
-9
-9
-2
-1
1
4
10
9
-3
-13
-16
-17
-16
-16
-18
-20
-22
-26
-30
-31
-32
-31
-30
-24
-22
-19
-18
-19
-16
-13
-17
-21
-16
-9
0
8
11
19
19
25
29
34
40
38
34
29
30
28
35
38
39
33
26
26
29
28
27
31
33
35
32
28
28
28
27
30
30
19
7
2
1
0
-1
0
3
9
13
11
5
-2
-6
-14
-21
-23
-21
-21
-25
-26
-30
-31
-34
-36
-43
-39
-35
-30
-20
-12
-10
-17
-19
-20
-21
-21
-19
-22
-31
-41
-47
-44
-37
-27
-20
-17
-17
-12
-12
-6
0
1
1
2
2
10
16
10
9
4
10
16
20
21
23
19
14
8
6
13
16
25
19
19
9
5
7
6
5
1
-2
-5
-6
-12
-13
-10
-9
-10
-15
-13
-4
5
3
2
8
8
10
17
30
30
28
39
38
25
24
26
26
20
7
2
6
9
9
19
23
15
9
7
3
-4
-4
0
-2
-10
-12
-5
2
10
17
22
17
10
7
4
-2
-15
-21
-26
-30
-30
-29
-20
-16
-15
-13
-16
-25
-34
-36
-32
-25
-12
3
13
10
6
3
-7
-16
-19
-18
-15
-13
-9
-6
-10
-10
-14
-10
0
-13
-22
-19
-11
-5
-5
-2
-3
-5
-17
-17
-16
-14
-13
-7
3
10
14
18
25
23
15
2
0
5
9
15
18
19
17
10
2
-1
-2
-3
-3
-2
-3
4
5
9
20
28
30
24
31
37
38
35
33
34
30
29
31
38
45
42
38
32
28
30
33
32
27
18
7
0
-1
-2
-10
-25
-29
-31
-26
-18
-13
-7
-11
-16
-15
-14
-10
-12
-17
-20
-22
-29
-29
-27
-28
-22
-23
-25
-29
-29
-30
-25
-29
-43
-50
-57
-49
-47
-45
-40
-37
-41
-43
-38
-41
-38
-43
-45
-42
-38
-29
-13
-7
-10
-12
-7
-4
2
15
17
18
12
9
13
9
11
16
32
39
40
43
42
49
54
53
50
50
45
32
34
32
31
31
22
22
21
23
28
30
25
23
24
24
23
23
25
22
27
29
30
33
33
35
41
34
31
31
33
32
15
5
-2
1
4
2
0
-7
-13
-16
-16
-11
-11
-16
-28
-33
-36
-43
-37
-25
-20
-21
-23
-26
-27
-24
-25
-29
-31
-28
-31
-28
-30
-33
-34
-35
-34
-34
-24
-22
-14
-18
-18
-17
-26
-30
-28
-31
-35
-27
-28
-26
-31
-26
-15
-13
-13
-20
-10
-2
6
14
18
22
19
9
-1
-1
-2
5
8
14
22
23
27
24
10
4
5
6
14
25
33
29
24
18
22
27
27
30
26
23
20
21
26
22
19
18
9
3
-1
5
14
17
16
14
14
12
13
14
10
10
14
15
15
19
22
14
8
10
14
11
12
16
16
10
-2
-6
-6
-6
-10
-14
-19
-20
-19
-20
-19
-16
-15
-10
-14
-20
-25
-33
-29
-26
-22
-27
-26
-28
-26
-25
-23
-19
-16
-16
-26
-21
-18
-10
-8
-15
-16
-23
-21
-14
-9
-6
-7
-11
-10
-1
-1
4
-2
-3
2
3
8
4
9
14
19
22
17
12
9
-1
-9
-15
-19
-19
-13
-3
3
2
-2
-2
5
14
21
24
21
23
23
19
25
32
32
32
34
33
32
22
11
15
18
19
24
24
25
21
13
10
6
1
-3
2
1
-5
-3
2
12
23
30
38
34
34
25
23
21
16
17
17
26
27
25
23
13
2
-5
-12
-14
-22
-27
-29
-41
-48
-52
-53
-50
-52
-47
-44
-42
-44
-46
-38
-32
-31
-27
-27
-30
-32
-36
-31
-29
-27
-24
-27
-31
-34
-31
-28
-29
-33
-29
-26
-24
-18
-21
-18
-17
-17
-17
-18
-23
-25
-24
-25
-22
-13
-4
6
11
19
27
25
26
25
24
29
33
35
45
57
61
62
54
50
43
36
37
41
46
49
44
38
32
30
32
31
31
28
33
38
41
47
49
45
39
33
22
20
24
27
29
27
23
21
14
9
5
3
2
-5
-10
-4
3
7
4
-6
-13
-20
-22
-23
-17
-11
-9
-13
-15
-18
-22
-22
-26
-32
-42
-48
-56
-62
-63
-69
-70
-74
-71
-63
-60
-56
-52
-47
-38
-37
-31
-22
-18
-18
-19
-14
-12
-5
2
5
7
3
-2
-12
-13
-14
-9
-6
-3
-1
-2
0
2
3
-2
-7
-2
10
21
25
18
31
31
31
31
30
29
28
29
20
17
13
12
9
9
8
3
-2
-6
0
5
10
10
7
4
4
9
15
19
24
20
21
25
28
28
23
22
27
26
22
22
23
32
34
31
29
28
28
29
29
22
13
7
9
13
13
15
10
3
2
-5
-5
3
7
12
11
2
-2
-8
-16
-15
-17
-23
-35
-39
-36
-28
-24
-25
-31
-37
-38
-40
-39
-33
-37
-36
-30
-29
-21
-22
-26
-22
-22
-24
-25
-28
-31
-34
-32
-25
-24
-21
-21
-29
-29
-29
-34
-36
-32
-25
-26
-30
-30
-26
-24
-16
0
7
9
13
15
11
16
16
17
22
31
32
30
33
37
39
42
42
35
32
30
38
44
42
43
44
46
49
46
43
38
34
38
45
48
49
48
49
46
41
45
51
49
41
35
22
18
14
11
14
17
17
11
7
0
-7
-10
-16
-18
-18
-26
-28
-28
-27
-30
-34
-42
-53
-58
-57
-60
-62
-63
-61
-65
-64
-59
-53
-49
-47
-42
-45
-43
-43
-40
-34
-38
-44
-45
-41
-36
-31
-17
-18
-20
-12
-10
-16
-14
-10
-8
-2
-5
5
16
16
11
9
11
0
-9
-9
-11
-13
-31
-42
-35
-16
2
-1
-4
8
48
72
75
60
51
54
53
37
23
11
35
57
82
73
95
75
-33
52
130
165
89
50
36
13
-37
-46
4
87
123
27
-10
15
85
36
-105
-142
-53
46
37
9
52
49
19
-19
-65
-96
-76
0
73
77
22
-12
-29
-40
-62
-85
-77
-24
29
38
10
1
-22
-47
-82
-115
-101
-42
20
47
31
-3
-48
-87
-78
-63
-54
-27
5
19
8
-19
-31
-40
-54
-75
-62
-35
-5
28
33
25
-4
-31
-43
-40
-26
5
39
60
56
34
12
-10
-34
-37
-29
-19
6
35
48
39
18
-9
-23
-22
-12
-11
1
13
25
31
22
17
5
-7
-14
5
22
35
35
31
18
5
8
9
23
44
63
63
56
42
33
26
17
11
18
34
53
69
64
55
38
15
10
1
-21
-13
6
19
19
16
18
25
1
-12
-12
-7
-4
-12
-17
-9
-1
-8
-12
-19
-21
-26
-41
-45
-16
-2
-10
-24
-32
-14
-28
-43
-43
-39
-43
-44
-39
-29
-34
-41
-53
-74
-48
-36
-31
-40
-40
-36
-32
-41
-44
-29
-17
-13
-17
-6
4
14
-9
-28
-32
-19
3
7
18
30
15
2
-2
7
21
16
16
22
38
18
16
39
38
2
-7
15
15
15
15
43
41
56
25
-2
20
29
37
5
25
39
51
28
55
87
68
19
9
20
32
-33
-6
98
27
7
36
65
25
27
22
33
39
53
21
3
46
48
17
-29
-14
-3
24
-18
6
44
-28
-64
-5
-13
-27
-14
10
18
-35
-42
-19
6
-27
-65
-71
-29
-35
-51
-31
-43
-62
-45
-57
-42
-35
-42
-68
-36
-62
-39
-85
-85
36
-88
-53
-61
-25
-87
-38
-56
-14
4
-14
-12
-15
13
-22
12
-34
4
-8
0
-7
-5
15
-41
-23
22
2
-16
1
10
18
4
5
33
30
9
15
13
23
35
19
28
32
28
39
36
40
49
30
16
23
20
19
37
54
54
59
58
47
36
47
46
30
49
53
42
45
43
41
45
31
28
40
37
30
40
39
37
48
33
27
27
21
27
12
-1
8
-1
11
14
-11
-24
-25
-20
-17
-8
-1
-8
-22
-27
-26
-27
-39
-49
-43
-29
-30
-38
-41
-38
-41
-42
-45
-46
-43
-40
-33
-43
-40
-33
-46
-53
-53
-54
-54
-58
-58
-56
-52
-50
-43
-40
-38
-23
-25
-31
-30
-18
1
6
4
2
-9
-11
-11
-8
6
15
18
25
23
24
17
17
16
10
9
16
20
7
14
21
11
6
0
3
14
12
11
11
15
17
14
20
19
13
13
23
28
29
20
15
7
10
15
13
6
8
25
29
32
37
36
36
25
23
22
19
28
27
21
23
34
27
22
22
16
14
13
10
0
-5
-6
6
4
-3
-9
-23
-23
-22
-21
-15
-12
-9
-16
-18
-18
-17
-8
0
8
13
10
2
9
14
7
-9
-28
-27
-14
-1
-4
-2
-8
-13
-8
-12
-8
1
-6
-17
-7
9
8
-2
0
-1
3
4
5
12
18
16
3
-8
-6
-12
-24
-17
-8
-8
-14
-9
-10
-15
-25
-26
-19
-20
-12
-8
-8
0
1
-12
-19
-23
-26
-32
-27
-5
4
4
1
-8
-12
-15
-14
-25
-27
-13
-12
-2
1
0
-9
-24
-10
-1
-2
0
9
19
25
15
11
11
26
27
17
28
28
38
59
57
27
12
4
9
22
36
51
38
6
-14
-18
-10
3
-6
-13
-20
-18
-26
-44
-34
-10
-3
1
6
-3
-20
-29
-27
-20
-12
-10
1
19
10
-6
-20
-26
-7
6
15
25
20
16
-3
-4
0
-1
10
12
12
0
-11
-8
-1
0
-7
-2
6
1
-13
-12
-4
1
1
-2
-16
-17
-12
-8
1
5
15
20
29
22
24
25
15
19
21
21
14
15
23
23
17
29
38
31
30
28
22
12
5
3
2
-5
-7
-17
-26
-21
-15
-6
-4
-3
-7
-17
-19
-13
-14
-15
-17
-17
-9
-6
2
7
7
6
-2
5
7
5
9
9
6
-1
-4
-2
-3
-8
-6
-9
-11
-9
-5
0
6
11
9
0
-6
-7
-10
-4
4
11
10
4
10
4
-10
-5
-9
-8
-5
-7
-8
-10
-17
-28
-31
-36
-39
-38
-35
-36
-30
-35
-39
-43
-48
-42
-46
-45
-36
-29
-27
-26
-15
0
0
-6
-10
-12
-4
1
0
-4
-11
-12
-10
-1
3
4
4
15
22
16
21
13
12
5
8
19
16
16
24
31
39
46
46
52
47
38
37
44
40
31
30
34
39
39
39
25
17
10
16
26
22
28
30
29
26
28
31
24
22
36
32
28
32
34
37
43
40
29
25
9
-2
2
2
2
5
7
-1
-5
-7
-15
-19
-22
-25
-27
-19
-16
-23
-23
-31
-30
-31
-37
-37
-35
-44
-41
-29
-31
-27
-26
-28
-32
-40
-40
-29
-26
-29
-25
-17
-15
-14
-19
-24
-21
-19
-30
-27
-14
-7
-5
-14
-16
-20
-27
-32
-32
-21
-17
-27
-25
-19
-15
-14
-18
-18
-18
-23
-26
-20
-8
-2
-8
-12
-22
-27
-23
-16
-12
-5
-4
-9
-3
3
7
11
9
14
23
23
26
35
40
36
27
21
16
16
11
12
3
-2
1
4
18
24
27
26
25
29
29
34
38
40
46
50
52
58
69
71
70
68
52
41
37
41
43
47
46
40
40
38
38
31
30
27
19
9
-3
-15
-12
-13
-17
-14
-17
-21
-14
-12
-14
-2
-5
-11
-14
-16
-14
-25
-29
-35
-40
-37
-30
-28
-27
-40
-57
-56
-46
-39
-32
-30
-34
-31
-31
-26
-15
-11
-7
-3
-5
-4
-11
-12
-17
-20
-16
-16
-16
-19
-16
-19
-19
-20
-18
-25
-37
-33
-29
-24
-23
-17
-15
-8
-13
-24
-27
-24
-28
-33
-24
-14
-10
-14
-14
-11
-1
1
2
3
-3
9
17
16
15
22
25
29
27
26
35
37
34
26
16
12
8
9
15
28
37
30
32
36
40
44
47
52
55
50
40
30
30
23
22
29
24
24
28
45
50
32
25
19
7
2
10
12
15
10
-4
-13
-22
-16
-13
-13
-12
-13
-23
-30
-28
-34
-36
-41
-45
-29
-24
-21
-16
-10
-4
-2
-4
-18
-23
-26
-26
-29
-16
-4
-8
-14
-12
-11
-13
-17
-18
-15
-18
-12
-8
-15
-20
-24
-16
-10
-3
1
-5
-5
-8
-8
-6
-5
3
2
-5
-4
-7
-5
-9
-6
3
6
-5
-13
-8
-4
1
-1
-3
-15
-16
-7
11
22
28
22
10
13
15
23
31
29
31
38
43
46
46
51
51
53
55
51
44
33
28
32
35
31
30
21
13
4
-10
-20
-26
-16
-8
-4
-4
-13
-16
-16
-20
-27
-32
-37
-42
-40
-35
-20
-6
1
-2
-19
-35
-42
-44
-43
-34
-31
-23
-19
-25
-32
-26
-10
-14
-23
-31
-34
-33
-31
-27
-13
-11
-20
-34
-31
-19
-6
-3
-9
-13
-8
3
14
19
14
19
26
31
25
17
14
13
13
13
20
21
14
7
-6
-1
15
21
13
8
13
8
-3
-4
7
14
21
20
12
19
23
16
10
15
22
16
12
11
17
28
35
42
40
31
22
17
13
19
26
20
11
11
13
11
9
13
19
17
9
-3
-9
-9
1
7
6
0
-2
2
12
14
7
7
2
2
-8
-15
-19
-23
-15
-7
3
13
4
-8
-6
-7
-5
4
12
7
-8
-19
-18
-8
6
11
10
5
3
-7
-11
-7
-10
-17
-21
-34
-49
-67
-83
-85
-78
-76
-78
-89
-92
-89
-86
-81
-79
-74
-65
-61
-62
-55
-38
-25
-23
-28
-22
-18
-21
-24
-33
-30
-28
-17
-10
-9
-2
-4
-3
3
20
47
57
60
56
41
35
57
121
195
249
281
304
332
362
369
353
347
331
271
171
85
44
-10
-106
-192
-208
-188
-198
-243
-269
-261
-246
-245
-235
-217
-208
-205
-181
-121
-56
-15
7
50
97
102
81
73
72
65
38
22
22
10
-17
-44
-49
-50
-65
-79
-98
-116
-130
-133
-124
-111
-93
-76
-56
-20
8
46
92
124
137
142
145
142
148
150
147
132
108
90
77
56
21
-7
-16
-29
-55
-69
-56
-45
-53
-65
-57
-28
-1
12
17
23
33
53
73
88
86
67
46
34
30
12
-1
-6
-9
-16
-34
-46
-59
-74
-78
-67
-47
-40
-46
-51
-31
-6
-2
-3
8
24
22
17
32
44
41
14
-13
-20
-18
-22
-26
-27
-26
-17
-12
-16
-25
-40
-27
-7
2
-11
-39
-37
-9
18
19
2
-4
-6
-22
-37
-37
-34
-35
-58
-75
-75
-59
-50
-54
-56
-39
-11
1
-4
-4
5
25
37
32
33
44
45
35
33
47
62
69
71
64
54
45
23
-1
5
18
25
29
26
21
18
3
8
29
41
44
44
42
26
7
4
19
45
45
24
-2
-23
-34
-33
-28
-15
-21
-49
-65
-62
-49
-40
-37
-26
-9
-6
-3
6
15
16
12
21
42
48
35
20
34
56
58
48
42
32
11
0
6
12
9
1
-4
7
18
10
-1
-14
-13
-12
-4
10
8
2
-10
-20
-8
15
23
15
-5
-18
-25
-32
-21
-14
-18
-26
-33
-28
-33
-39
-49
-48
-46
-60
-70
-67
-50
-41
-42
-45
-44
-50
-52
-49
-43
-31
-16
-15
-8
-7
-11
-7
7
21
35
37
27
4
-19
-11
9
19
9
0
2
-16
-40
-32
-5
11
4
-1
-7
-15
-8
16
52
66
63
69
70
62
63
54
50
51
45
28
14
20
20
7
6
10
-2
-15
-27
-25
-35
-47
-39
-31
-31
-42
-42
-34
-23
-6
0
-2
-1
1
11
25
38
41
28
37
63
63
52
49
41
28
15
19
28
23
0
-16
-13
-6
4
8
12
15
16
17
16
32
58
66
46
27
9
4
27
48
54
53
47
24
10
7
12
10
0
-11
-46
-76
-70
-44
-44
-71
-90
-93
-93
-94
-87
-71
-66
-101
-139
-162
-178
-174
-130
-74
-45
-41
-17
40
106
153
221
323
384
363
330
342
397
419
333
229
190
176
115
5
-84
-152
-243
-362
-459
-489
-494
-525
-553
-544
-517
-486
-451
-393
-316
-259
-207
-130
-29
56
119
175
239
302
339
350
351
358
367
358
317
276
206
93
-11
-60
-90
-163
-253
-319
-368
-422
-445
-389
-304
-267
-250
-198
-101
3
90
166
249
361
430
450
497
525
502
488
525
542
483
391
337
290
225
151
122
111
60
-26
-104
-123
-101
-86
-101
-111
-116
-202
-309
-310
-271
-332
-416
-348
-181
-80
-4
212
568
812
759
496
343
510
786
781
539
357
170
-329
-847
-724
-119
86
-397
-966
-1089
-960
-953
-1037
-982
-841
-865
-1027
-1050
-834
-567
-409
-210
131
347
227
62
247
605
761
725
756
832
682
404
342
524
634
476
198
-55
-280
-456
-501
-414
-362
-454
-583
-626
-589
-520
-377
-174
-20
41
73
137
224
335
488
663
770
775
721
634
549
525
546
539
451
298
138
16
-64
-90
-61
-44
-87
-160
-202
-205
-181
-118
-13
79
87
54
50
53
55
70
123
204
226
150
31
-17
18
90
246
466
575
528
547
642
496
148
152
592
719
258
-157
-169
-329
-879
-1108
-599
-89
-437
-1291
-1645
-1324
-1012
-1133
-1285
-1095
-919
-1128
-1345
-1036
-455
-211
-217
27
421
434
178
312
845
1125
971
836
917
857
525
338
474
579
360
-16
-306
-523
-708
-733
-581
-480
-542
-635
-602
-500
-421
-272
0
233
317
367
470
530
542
650
882
1051
1009
855
725
599
474
426
431
341
114
-103
-214
-284
-361
-372
-267
-185
-243
-339
-325
-187
-57
43
165
265
244
160
219
431
557
528
460
433
356
254
253
296
265
168
42
-30
70
420
885
1055
694
86
-111
278
711
747
569
318
-265
-1176
-1547
-807
155
40
-1029
-1811
-1748
-1458
-1509
-1623
-1401
-1153
-1353
-1746
-1724
-1259
-823
-542
-135
308
353
34
21
547
1063
1177
1148
1226
1148
741
408
521
840
863
485
-6
-416
-681
-793
-742
-642
-644
-792
-958
-999
-875
-520
-127
33
52
217
444
493
539
840
1214
1300
1096
988
1101
1157
1027
874
804
736
524
210
9
-36
-176
-406
-393
-280
-447
-702
-671
-385
-240
-335
-324
-67
98
-1
36
359
590
568
549
697
807
679
475
451
565
521
370
314
292
220
143
353
959
1316
761
-246
-519
130
664
521
129
-115
-645
-1602
-1885
-921
108
-177
-1429
-2174
-1899
-1409
-1432
-1612
-1342
-1044
-1329
-1794
-1630
-885
-380
-315
-116
324
401
20
13
673
1267
1285
1054
992
939
659
439
595
881
793
315
-199
-546
-645
-566
-471
-504
-660
-800
-829
-776
-655
-378
-21
150
121
169
386
592
678
810
1098
1303
1197
967
904
919
857
804
843
791
464
35
-166
-109
-45
-104
-224
-374
-568
-683
-609
-427
-288
-248
-245
-242
-214
-63
215
425
482
552
669
642
507
447
461
458
498
614
635
422
164
133
332
801
1388
1491
614
-460
-530
341
878
574
115
-120
-772
-1901
-2154
-860
419
-84
-1815
-2718
-2111
-1353
-1491
-1800
-1407
-995
-1437
-2044
-1736
-778
-268
-249
31
474
324
-185
22
967
1544
1339
1012
999
953
627
461
760
1085
882
260
-330
-636
-618
-452
-347
-459
-755
-972
-997
-935
-820
-491
-96
-28
-230
-188
230
553
561
647
1053
1343
1193
965
1046
1232
1214
1104
1084
1043
742
303
130
289
405
219
-131
-425
-509
-445
-335
-287
-332
-414
-490
-442
-239
38
200
205
150
211
382
544
593
521
415
429
524
580
561
564
585
544
496
561
951
1468
1447
502
-459
-306
591
759
52
-367
-306
-983
-2372
-2538
-927
275
-687
-2586
-3120
-2173
-1442
-1693
-1925
-1481
-1212
-1743
-2208
-1645
-542
-35
-115
-12
256
149
-40
447
1357
1699
1297
867
861
961
913
885
983
1017
764
290
-183
-426
-359
-218
-277
-529
-765
-882
-984
-1038
-825
-399
-189
-340
-458
-228
112
269
366
690
1094
1155
966
991
1247
1328
1191
1201
1355
1242
803
560
738
867
590
212
131
142
-22
-274
-357
-252
-248
-408
-487
-356
-203
-203
-240
-103
192
419
401
284
210
300
514
645
650
592
511
312
225
473
829
804
430
458
1088
1399
593
-443
-432
417
630
-57
-498
-419
-1002
-2365
-2636
-1021
359
-526
-2627
-3360
-2285
-1304
-1501
-1889
-1577
-1351
-1969
-2507
-1818
-492
-35
-462
-587
-155
2
-180
190
1148
1581
1078
552
801
1314
1302
1012
1040
1346
1341
818
208
-23
123
235
83
-218
-536
-809
-974
-937
-711
-489
-532
-807
-937
-666
-189
52
20
125
525
837
869
912
1156
1318
1314
1386
1572
1563
1293
1136
1259
1331
1094
832
751
698
421
99
42
76
-58
-433
-611
-440
-348
-446
-512
-325
-215
-394
-554
-418
-48
225
233
150
94
110
155
250
509
753
738
520
419
900
1780
2157
1206
-314
-527
726
1502
780
-146
-277
-797
-2337
-2931
-1230
642
-162
-2828
-4069
-2978
-1639
-1667
-2228
-2105
-1940
-2555
-3148
-2443
-963
-392
-783
-864
-378
-214
-463
24
1320
2011
1502
857
1035
1540
1621
1573
1844
2133
1854
1077
501
425
605
670
406
-115
-674
-1025
-1087
-1039
-1021
-1046
-1138
-1278
-1341
-1124
-754
-548
-440
-128
361
630
644
807
1180
1448
1575
1854
2161
2019
1598
1568
1978
2106
1686
1286
1279
1191
717
295
380
555
161
-564
-888
-623
-424
-623
-849
-792
-707
-867
-994
-726
-301
-154
-307
-373
-162
76
164
219
389
609
654
560
558
667
1027
1679
2059
1285
-195
-571
604
1467
771
-228
-312
-588
-2083
-3053
-1633
548
279
-2368
-4105
-3288
-1749
-1565
-2193
-2171
-1928
-2561
-3442
-2977
-1373
-511
-879
-1171
-810
-600
-746
-141
1319
2068
1422
651
941
1764
2114
2086
2219
2375
2146
1684
1385
1235
1082
997
851
379
-368
-868
-918
-948
-1210
-1358
-1250
-1328
-1760
-1884
-1300
-661
-574
-706
-439
47
259
416
890
1423
1590
1565
1740
2015
2158
2269
2453
2457
2094
1778
1856
1934
1536
1029
833
714
251
-248
-246
-89
-445
-1248
-1590
-1278
-971
-1113
-1443
-1487
-1369
-1288
-1207
-826
-270
-76
-291
-461
-97
557
864
856
848
1256
1996
2425
1889
705
428
1527
2296
1554
522
463
226
-1461
-2723
-1363
906
564
-2462
-4502
-3713
-2124
-1900
-2602
-2746
-2695
-3559
-4515
-3901
-1942
-806
-1351
-1952
-1556
-983
-922
-388
1276
2395
1697
540
806
2151
2849
2633
2560
2843
2801
2233
1730
1652
1640
1402
951
392
-175
-671
-1043
-1290
-1482
-1543
-1640
-1959
-2307
-2251
-1734
-1347
-1364
-1301
-864
-386
-184
78
698
1213
1341
1563
2170
2571
2437
2359
2792
3165
2839
2424
2518
2704
2262
1503
1327
1454
1080
241
-284
-206
-366
-1093
-1647
-1593
-1302
-1505
-1959
-2027
-1803
-1617
-1644
-1478
-896
-464
-446
-575
-358
279
780
996
1098
1615
2592
2930
1951
746
1099
2701
3071
1734
767
865
325
-1468
-1995
-60
1345
-409
-3564
-4494
-3036
-2109
-2677
-3234
-3053
-3392
-4783
-5299
-3692
-1725
-1588
-2688
-2756
-1740
-1362
-1495
-430
1617
2248
884
37
1199
2861
3275
2900
2974
3226
2977
2479
2312
2468
2382
1854
1171
566
128
-241
-690
-1093
-1349
-1477
-1798
-2312
-2528
-2235
-1870
-1935
-2167
-1904
-1303
-951
-798
-311
427
746
812
1349
2191
2525
2348
2502
3185
3475
3118
2876
3145
3315
2757
2110
1934
1896
1480
736
344
230
-237
-1083
-1683
-1554
-1352
-1670
-2226
-2410
-2141
-1970
-2026
-1848
-1340
-953
-978
-1045
-607
105
499
611
684
1198
2258
3064
2596
1096
588
2018
3385
2846
1432
1004
864
-533
-1785
-635
1566
1200
-2089
-4504
-3725
-1929
-1731
-2681
-3008
-3128
-4340
-5531
-4652
-2306
-1320
-2515
-3517
-2878
-1996
-1915
-1409
391
1637
717
-641
-111
1838
2970
2741
2545
2831
2871
2554
2449
2785
2986
2641
2023
1373
856
589
467
293
-172
-759
-1242
-1685
-1912
-1747
-1448
-1521
-2061
-2345
-1977
-1434
-1076
-802
-435
-261
-273
172
1088
1710
1726
1752
2300
2789
2662
2560
3039
3516
3170
2367
2202
2572
2432
1690
1130
1076
844
44
-639
-634
-491
-1001
-1873
-2155
-1812
-1635
-1992
-2280
-1962
-1554
-1572
-1671
-1266
-575
-363
-603
-482
184
729
1114
1889
2627
2049
566
487
2367
3584
2547
1122
1112
1155
-327
-1361
242
2282
1061
-2596
-4314
-2701
-991
-1509
-2858
-3150
-3257
-4505
-5499
-4276
-1978
-1532
-3283
-4459
-3605
-2364
-2000
-1429
22
663
-570
-1614
-339
2077
3030
2287
1755
2140
2598
2768
2932
3214
3239
2818
2218
1666
1473
1710
1736
1075
173
-231
-305
-718
-1205
-1105
-768
-1110
-2013
-2282
-1629
-1083
-1126
-1197
-888
-646
-699
-389
530
1273
1324
1192
1463
1939
2244
2596
3048
3077
2545
2164
2385
2692
2501
2138
1929
1555
800
202
283
494
139
-668
-1281
-1495
-1630
-1800
-1732
-1536
-1578
-1961
-2231
-1947
-1340
-1037
-1082
-1100
-838
-428
-197
-24
258
873
1779
2125
1346
295
552
2097
2768
1821
946
1114
996
-412
-1125
370
1866
601
-2365
-3518
-2082
-870
-1499
-2699
-3028
-3114
-3950
-4516
-3600
-2232
-2275
-3601
-4111
-3148
-2276
-2202
-1832
-653
-60
-912
-1501
-305
1543
2194
1756
1666
2147
2363
2367
2860
3662
3747
2948
2220
2106
2323
2431
2267
1807
1115
420
-132
-439
-329
46
-41
-975
-1961
-1985
-1358
-1014
-1020
-910
-833
-1194
-1423
-729
524
1093
695
350
698
1303
1670
1965
2394
2561
2112
1602
1758
2399
2611
2088
1521
1319
1255
1002
702
563
337
-149
-694
-924
-826
-831
-1146
-1535
-1651
-1456
-1330
-1484
-1645
-1432
-1004
-797
-944
-973
-704
-367
-113
89
303
397
429
952
1647
1561
631
117
990
1901
1483
530
376
576
-267
-1439
-940
594
541
-1749
-3608
-2850
-1194
-1216
-2607
-3317
-2952
-3120
-3995
-3793
-2266
-1414
-2454
-3701
-3211
-1818
-1197
-1102
-412
328
-200
-1085
-302
1775
2893
2222
1338
1574
2284
2588
2716
3027
3084
2466
1766
1620
1836
2008
1911
1545
977
402
126
146
244
322
143
-394
-892
-823
-327
-100
-290
-366
-201
-181
-338
-183
402
711
491
295
484
802
882
909
1124
1328
1233
917
843
1144
1487
1453
1052
686
605
659
680
660
515
243
-118
-425
-445
-294
-215
-389
-718
-913
-962
-822
-608
-505
-637
-929
-930
-577
-353
-463
-663
-519
-235
-198
-330
-335
-236
-103
343
728
330
-788
-1232
-208
797
458
-484
-737
-781
-1629
-2239
-1078
683
334
-2109
-3619
-2480
-615
-323
-1256
-1783
-1770
-2221
-2670
-1828
-204
190
-1185
-2331
-1794
-693
-360
-305
264
601
-260
-1203
-557
1141
1898
1157
361
480
940
1165
1437
1892
2079
1669
1203
1298
1719
2053
2123
2004
1827
1558
1312
1262
1457
1779
1794
1248
530
272
591
920
856
553
125
-408
-701
-355
321
373
-377
-958
-814
-445
-373
-294
70
206
-280
-709
-275
586
900
550
274
354
436
454
787
1254
1160
479
72
405
798
704
415
303
230
-91
-439
-369
-120
-115
-492
-948
-1102
-1075
-1060
-1058
-1072
-1159
-1387
-1721
-1779
-1522
-1236
-1266
-1533
-1618
-1304
-764
-470
-867
-1478
-1289
-215
459
64
-408
-191
-70
-601
-595
768
1942
961
-1113
-1525
143
1476
909
-381
-733
-597
-995
-1418
-828
163
-155
-1750
-2607
-1850
-825
-807
-1079
-761
-670
-1460
-1926
-800
917
1233
217
-283
392
1231
1577
1873
2420
2603
2105
1658
1987
2887
3479
3244
2530
1985
1928
2132
2225
2260
2183
1645
696
62
377
1036
918
30
-682
-812
-811
-972
-896
-616
-774
-1470
-1893
-1484
-836
-733
-969
-906
-529
-389
-585
-466
134
669
668
425
458
724
891
955
1126
1310
1096
579
315
548
914
802
270
-227
-474
-472
-415
-400
-653
-1165
-1561
-1633
-1483
-1438
-1518
-1642
-1866
-1996
-1826
-1499
-1308
-1403
-1458
-1344
-1250
-1046
-677
-354
-334
-176
350
607
70
-391
316
1541
1599
630
170
560
618
26
136
1214
1568
107
-1543
-1297
313
953
-55
-1232
-1424
-1311
-1565
-1530
-723
-134
-843
-2127
-2274
-1126
-160
-118
-355
-361
-496
-734
-282
1016
1948
1540
576
496
1451
2313
2455
2236
2191
2218
2080
1991
2190
2545
2612
2155
1550
1287
1358
1382
1163
1041
1022
615
-208
-685
-238
431
237
-640
-1182
-1082
-897
-921
-765
-433
-602
-1351
-1737
-1067
-52
140
-471
-927
-747
-362
-133
129
460
408
-84
-374
-5
661
847
482
37
-155
-105
16
152
219
21
-383
-670
-664
-416
-232
-305
-552
-845
-987
-849
-561
-405
-515
-758
-838
-753
-657
-586
-424
-213
-272
-631
-872
-667
-190
-19
-300
-654
-779
-585
-228
234
422
-74
-899
-1077
-233
653
578
-84
-450
-457
-578
-526
235
1082
810
-469
-1190
-475
723
1063
499
-95
-286
-299
-230
157
692
780
163
-520
-484
155
635
616
384
169
-109
-281
57
787
1145
689
12
-95
413
907
1061
996
819
556
408
578
1009
1358
1344
925
436
405
858
1307
1286
891
598
515
464
477
644
815
615
46
-387
-336
-57
47
-129
-486
-883
-1156
-1142
-883
-715
-878
-1205
-1413
-1409
-1247
-1021
-756
-583
-667
-888
-935
-581
-8
409
466
232
-32
7
455
1029
1302
1101
670
439
552
862
1152
1186
845
264
-137
-116
170
302
115
-343
-833
-1135
-1141
-951
-849
-1010
-1356
-1640
-1725
-1608
-1447
-1359
-1388
-1483
-1573
-1471
-1089
-563
-151
-182
-564
-710
-219
659
1121
959
767
838
929
806
968
1733
2323
1877
758
263
887
1665
1652
1001
376
-3
-320
-436
-52
431
173
-915
-1787
-1631
-913
-535
-694
-962
-1212
-1578
-1689
-1064
-57
362
-147
-785
-716
-11
681
1038
1118
1032
852
766
1026
1587
2037
1988
1476
1031
1058
1372
1556
1425
1183
969
623
214
103
378
584
240
-419
-800
-789
-670
-582
-486
-529
-942
-1457
-1477
-926
-400
-409
-764
-955
-870
-649
-355
23
357
349
18
-151
173
771
1105
949
639
520
615
693
704
777
785
512
112
-72
42
139
-18
-297
-559
-771
-927
-905
-772
-789
-1052
-1345
-1387
-1210
-1071
-1040
-1034
-1012
-988
-1001
-883
-600
-330
-252
-365
-374
-170
71
265
493
873
1075
745
218
237
1063
1817
1580
725
270
462
661
582
744
1146
968
-91
-990
-589
552
877
-38
-1094
-1322
-1019
-859
-771
-542
-519
-1044
-1693
-1662
-982
-423
-380
-616
-876
-1074
-980
-389
349
534
115
-239
-56
433
797
982
1077
993
767
684
932
1307
1474
1363
1133
953
878
867
931
1077
1162
978
490
65
141
586
834
608
152
-181
-309
-243
82
477
435
-222
-896
-843
-144
393
291
-128
-423
-520
-473
-195
290
508
109
-529
-672
-191
309
341
45
-206
-313
-364
-292
-58
116
4
-321
-565
-578
-414
-233
-115
-193
-469
-726
-710
-432
-185
-191
-399
-539
-501
-419
-351
-252
-151
-116
-249
-379
-278
-32
123
66
-82
-96
-25
-64
-80
37
250
407
315
35
-291
-363
52
556
523
-52
-550
-490
-201
-110
-63
117
149
-320
-943
-919
-181
384
137
-568
-909
-723
-458
-331
-158
37
-146
-694
-934
-468
217
403
85
-211
-250
-161
-25
253
614
703
403
94
150
525
850
876
732
677
731
704
583
659
1052
1330
1104
596
423
733
1052
1112
1045
918
594
190
192
688
1067
829
214
-204
-214
18
272
317
3
-474
-702
-547
-293
-255
-383
-509
-610
-686
-696
-572
-438
-392
-408
-497
-576
-591
-515
-319
-142
-85
-191
-393
-477
-306
24
217
127
-79
-192
-144
-2
171
334
314
129
-40
-22
156
325
380
309
94
-102
-82
108
223
76
-155
-273
-305
-330
-364
-420
-501
-627
-747
-744
-710
-743
-801
-798
-620
-393
-409
-687
-930
-747
-178
212
87
-290
-440
-301
-113
121
507
763
453
-222
-427
201
994
1108
538
-2
-116
9
221
531
758
524
-120
-537
-321
192
429
279
48
-165
-398
-465
-180
252
380
74
-294
-365
-172
60
205
285
274
113
-56
-29
246
616
772
628
403
350
529
757
925
1047
1035
781
458
489
926
1214
977
531
362
450
421
290
331
434
225
-274
-535
-340
-85
-124
-331
-456
-537
-695
-801
-642
-340
-247
-459
-728
-741
-510
-237
-79
-96
-204
-303
-273
-54
182
256
185
99
88
126
156
211
304
319
198
34
-20
47
59
-41
-157
-197
-223
-345
-487
-530
-510
-555
-675
-756
-778
-841
-929
-941
-870
-843
-919
-937
-840
-758
-772
-731
-482
-179
-32
-61
-105
-47
113
399
720
861
782
625
576
634
729
933
1179
1165
734
207
97
448
752
636
179
-263
-472
-506
-414
-294
-288
-482
-831
-1078
-1041
-800
-581
-546
-636
-737
-767
-624
-346
-99
-27
-74
-35
139
310
405
493
623
764
865
917
919
909
1002
1218
1370
1288
1105
1047
1116
1139
1091
1094
1073
873
624
582
744
789
544
237
123
184
227
145
-43
-223
-318
-320
-283
-289
-359
-481
-570
-525
-390
-289
-325
-430
-424
-326
-252
-246
-262
-264
-284
-312
-287
-221
-205
-263
-325
-312
-280
-314
-375
-374
-352
-427
-559
-600
-516
-447
-518
-624
-597
-478
-446
-524
-561
-474
-357
-338
-391
-410
-376
-336
-329
-329
-320
-304
-279
-270
-267
-254
-239
-230
-237
-220
-185
-201
-262
-302
-246
-116
-16
-26
-102
-133
-41
118
207
174
106
110
186
245
259
300
405
474
418
303
308
475
657
683
556
440
430
465
466
444
434
425
356
229
157
199
285
309
250
174
111
91
120
187
270
323
317
265
226
291
475
643
683
613
550
597
711
784
764
703
669
669
672
625
538
469
434
385
273
93
-59
-138
-209
-291
-379
-480
-646
-829
-879
-782
-714
-836
-1021
-1052
-930
-811
-750
-719
-704
-687
-609
-429
-236
-137
-112
-88
-45
40
179
312
330
237
163
197
259
264
222
157
28
-129
-209
-181
-171
-320
-550
-686
-675
-661
-757
-892
-954
-942
-920
-916
-936
-938
-912
-857
-752
-594
-432
-370
-395
-353
-141
148
297
258
221
322
512
670
761
817
806
756
775
871
912
826
713
674
674
608
509
459
412
304
168
120
152
136
25
-101
-116
-30
15
-35
-100
-82
19
119
189
233
271
309
361
468
591
650
630
631
695
740
722
686
708
733
642
482
390
393
355
219
93
15
-103
-279
-380
-353
-344
-483
-680
-770
-759
-750
-763
-747
-705
-705
-749
-752
-652
-493
-389
-343
-321
-299
-244
-148
2
144
169
100
67
149
268
278
212
176
188
159
41
-64
-61
-13
-37
-153
-291
-365
-378
-345
-305
-324
-421
-540
-570
-479
-362
-333
-381
-431
-402
-297
-169
-78
-42
-24
-10
21
110
251
337
321
298
348
426
457
448
470
508
486
402
359
395
432
416
360
301
241
177
133
130
135
93
8
-35
-18
2
-12
-48
-50
-5
24
-3
-51
-34
50
105
84
41
49
68
29
-33
-19
67
84
-20
-138
-145
-85
-83
-153
-221
-219
-208
-245
-283
-284
-245
-225
-248
-274
-260
-214
-185
-175
-144
-80
-32
-9
-2
-11
14
108
204
212
145
114
181
269
276
215
172
159
154
170
188
153
65
-22
-44
-6
3
-61
-142
-170
-158
-166
-219
-252
-226
-184
-183
-219
-240
-233
-201
-139
-67
-47
-92
-128
-86
22
126
148
87
36
68
167
232
220
177
147
132
129
157
209
217
155
78
58
93
137
159
149
124
98
108
147
176
193
226
282
312
286
264
310
411
478
459
402
370
362
380
408
412
390
304
198
124
108
109
72
-26
-143
-243
-319
-359
-388
-428
-492
-561
-621
-669
-681
-665
-654
-674
-702
-715
-707
-667
-602
-546
-541
-563
-550
-484
-408
-349
-295
-242
-221
-210
-159
-79
-17
-3
11
50
84
95
83
92
106
114
133
136
103
29
1
57
116
111
49
3
-9
9
53
122
185
165
89
78
191
335
383
341
321
366
424
452
485
536
528
467
419
442
478
432
342
301
305
273
200
126
77
27
-26
-42
-39
-63
-142
-210
-204
-135
-78
-95
-147
-159
-93
-15
21
44
91
148
169
183
223
275
298
277
277
301
303
263
226
224
237
202
116
44
19
2
-57
-133
-187
-213
-261
-332
-363
-358
-376
-425
-452
-414
-367
-371
-400
-394
-365
-335
-279
-201
-146
-154
-186
-147
-32
73
102
55
19
38
84
118
116
79
30
-7
-27
-54
-94
-139
-192
-240
-277
-310
-348
-395
-426
-428
-414
-413
-430
-441
-424
-348
-242
-170
-161
-167
-102
20
138
207
262
329
374
396
452
559
648
635
554
510
527
557
558
532
472
366
255
184
169
148
75
-20
-129
-206
-241
-264
-279
-298
-323
-351
-367
-368
-327
-251
-194
-179
-177
-120
-13
68
104
142
206
277
315
339
384
436
445
411
390
419
439
389
306
244
215
183
141
80
2
-101
-185
-230
-239
-261
-330
-407
-462
-483
-473
-454
-437
-429
-440
-449
-414
-329
-254
-225
-209
-151
-83
-48
-22
40
135
175
162
159
216
273
262
224
218
253
265
205
123
112
147
141
57
-33
-42
-17
-41
-95
-100
-58
-56
-120
-133
-46
42
45
-9
-13
58
144
207
242
256
248
260
315
374
391
363
334
340
368
375
346
292
235
193
169
152
115
52
-21
-90
-114
-105
-111
-182
-293
-351
-336
-295
-306
-375
-429
-432
-394
-363
-362
-377
-403
-406
-358
-267
-203
-209
-250
-243
-177
-113
-79
-69
-64
-61
-72
-58
-2
44
35
-19
-42
-31
-32
-54
-56
-24
-16
-66
-128
-135
-84
-41
-52
-104
-152
-179
-162
-94
-21
-11
-78
-148
-146
-76
-16
-13
-38
-61
-87
-98
-79
-10
48
33
-33
-95
-69
17
77
74
54
55
71
100
161
240
278
256
238
284
362
421
446
458
480
489
494
527
577
588
549
524
546
575
557
505
465
451
427
387
352
326
281
204
157
145
120
41
-37
-66
-73
-105
-159
-186
-202
-223
-264
-299
-301
-289
-318
-372
-388
-360
-318
-307
-328
-343
-341
-322
-291
-252
-238
-240
-229
-197
-153
-128
-134
-131
-105
-69
-57
-75
-75
-45
-29
-53
-81
-66
-28
-56
-133
-165
-131
-117
-193
-268
-257
-209
-222
-270
-277
-245
-243
-281
-293
-265
-236
-231
-230
-208
-198
-223
-237
-195
-123
-107
-151
-193
-166
-85
-30
-33
-72
-96
-98
-84
-48
-3
29
8
-52
-75
-9
78
92
63
54
91
132
146
166
216
266
272
264
294
366
421
437
462
515
560
571
566
584
634
669
672
660
640
622
602
597
582
542
475
411
389
373
327
239
156
104
49
-23
-93
-134
-179
-259
-343
-378
-372
-385
-432
-490
-502
-478
-472
-486
-496
-485
-468
-448
-411
-366
-342
-330
-292
-227
-181
-168
-145
-102
-60
-43
-30
4
38
57
61
69
73
69
47
37
48
53
37
-6
-28
-21
-10
-21
-66
-127
-168
-174
-139
-98
-97
-137
-185
-185
-149
-127
-111
-106
-108
-112
-99
-51
-6
7
5
16
33
46
59
89
120
132
140
147
150
140
143
170
189
164
124
116
137
147
135
136
136
99
52
42
78
96
76
54
61
86
88
71
59
70
90
90
69
51
53
73
78
54
40
43
38
14
-4
23
48
19
-26
-48
-38
-44
-85
-126
-139
-127
-118
-121
-140
-171
-189
-186
-175
-177
-199
-211
-203
-193
-182
-180
-176
-166
-154
-143
-128
-113
-96
-80
-77
-63
-28
-3
-15
-30
-10
24
40
32
14
11
17
31
53
67
49
15
0
20
61
75
54
18
3
26
65
89
97
97
95
77
78
123
170
179
145
127
135
147
155
188
232
238
197
165
196
243
248
231
215
198
165
144
170
221
236
199
156
140
157
180
187
167
139
127
131
132
128
126
124
109
78
56
62
57
48
32
1
-23
-40
-47
-60
-99
-147
-169
-194
-233
-276
-290
-307
-344
-389
-425
-437
-446
-450
-446
-452
-476
-490
-466
-426
-417
-426
-424
-395
-372
-340
-286
-236
-217
-212
-178
-126
-85
-69
-52
-21
14
46
62
76
100
117
115
99
88
85
87
79
59
48
41
31
13
-4
-16
-30
-49
-60
-51
-38
-41
-68
-78
-60
-36
-11
3
26
51
64
85
133
190
221
221
223
272
339
380
383
388
419
445
441
426
446
481
483
449
410
398
402
395
364
319
290
271
240
197
183
190
181
124
68
65
105
114
73
41
48
67
57
42
49
64
46
12
6
23
15
-13
-35
-34
-38
-73
-129
-162
-168
-173
-198
-237
-273
-305
-332
-361
-376
-388
-422
-487
-538
-532
-487
-462
-479
-503
-501
-487
-472
-447
-398
-349
-349
-364
-336
-253
-188
-166
-164
-139
-87
-82
-53
-11
25
57
44
46
88
132
141
125
117
142
148
131
121
133
145
137
111
105
124
118
80
54
81
110
97
49
25
50
72
62
45
58
82
65
37
49
89
104
69
55
92
122
104
84
112
145
133
106
121
166
187
179
172
193
217
225
232
237
237
248
268
281
266
249
252
250
241
240
245
232
190
147
140
148
140
108
63
38
13
-5
-21
-41
-60
-92
-119
-146
-158
-146
-141
-161
-201
-232
-238
-233
-233
-226
-220
-244
-278
-282
-235
-189
-185
-220
-246
-239
-223
-209
-193
-178
-179
-196
-218
-200
-144
-110
-115
-145
-170
-162
-136
-106
-81
-82
-100
-114
-110
-81
-45
-14
-13
-39
-46
-24
16
42
45
39
45
65
84
103
134
162
170
161
163
189
211
221
218
207
197
192
193
194
190
178
167
152
133
123
112
97
71
49
51
54
36
1
-27
-30
-25
-26
-32
-33
-27
-27
-20
-6
2
0
-14
-5
18
42
46
37
38
48
64
70
56
38
38
39
36
26
14
10
2
-19
-21
-7
-14
-52
-94
-96
-75
-86
-115
-126
-124
-121
-141
-153
-140
-128
-146
-173
-171
-149
-144
-149
-140
-115
-99
-103
-105
-91
-61
-30
-15
-13
-22
-26
-8
18
34
33
25
19
25
44
69
75
61
40
40
50
66
73
60
46
35
36
55
68
52
28
25
49
75
70
61
71
79
81
69
54
69
82
82
82
98
119
123
107
91
97
107
107
97
93
92
88
83
74
83
88
59
28
12
27
40
19
-17
-32
-38
-52
-61
-57
-45
-48
-71
-87
-84
-78
-81
-96
-96
-98
-99
-99
-98
-94
-89
-75
-64
-62
-70
-78
-65
-40
-25
-27
-49
-63
-62
-55
-41
-34
-39
-48
-62
-70
-68
-72
-72
-81
-98
-106
-108
-101
-100
-102
-104
-102
-91
-83
-80
-87
-81
-53
-29
-31
-36
-12
22
34
17
5
37
80
98
85
80
88
94
91
96
112
107
91
79
92
112
105
81
63
77
89
84
70
76
99
93
61
52
87
125
107
69
73
118
141
114
94
109
131
122
99
108
133
127
91
70
81
86
65
39
34
38
20
-5
-18
-18
-33
-54
-62
-56
-54
-76
-92
-84
-71
-71
-90
-105
-93
-70
-60
-57
-51
-42
-42
-57
-43
-26
-18
-37
-50
-41
-37
-47
-68
-77
-88
-104
-126
-135
-144
-149
-155
-161
-171
-190
-201
-203
-195
-195
-195
-196
-195
-193
-174
-151
-134
-125
-116
-107
-91
-69
-41
-5
17
29
42
65
92
114
129
143
154
162
171
175
180
193
201
195
176
153
153
171
171
160
147
141
121
96
88
108
120
102
76
71
91
102
108
107
111
114
102
95
109
132
144
125
98
101
112
109
93
74
65
60
36
14
-2
-12
-29
-64
-91
-109
-131
-155
-174
-178
-184
-207
-229
-238
-242
-245
-237
-217
-218
-234
-229
-192
-140
-114
-114
-105
-79
-46
-17
20
57
77
97
124
150
177
182
182
186
187
191
181
154
127
120
115
95
57
25
9
-13
-46
-71
-82
-106
-147
-180
-178
-172
-188
-209
-215
-211
-214
-220
-202
-173
-161
-164
-156
-128
-100
-65
-44
-40
-34
-19
18
59
86
98
105
117
127
141
155
165
165
145
132
138
155
154
132
115
113
118
107
87
82
89
91
79
58
50
63
84
74
61
70
70
70
63
68
78
73
56
50
58
62
62
50
45
40
33
22
13
6
-5
-20
-43
-50
-50
-66
-90
-105
-106
-114
-133
-131
-121
-124
-149
-169
-157
-136
-136
-152
-149
-137
-133
-139
-130
-104
-85
-83
-93
-92
-77
-56
-38
-21
-2
-6
-15
-9
10
33
32
19
25
46
77
85
68
53
59
68
54
47
60
63
57
47
69
97
84
55
40
51
56
50
35
30
31
24
26
48
58
52
34
26
44
48
42
32
33
36
26
25
33
46
45
36
37
51
53
50
55
68
77
60
42
41
57
70
66
61
50
33
22
26
33
16
-13
-29
-37
-45
-61
-78
-87
-93
-110
-131
-141
-143
-143
-155
-174
-181
-173
-168
-172
-174
-153
-128
-124
-124
-110
-85
-68
-65
-53
-30
-20
-16
2
37
69
76
61
54
72
91
97
95
83
82
73
59
55
62
65
33
-6
-29
-28
-22
-30
-40
-48
-66
-87
-86
-65
-52
-60
-81
-85
-77
-67
-45
-26
-7
-2
-12
0
27
51
61
67
96
123
129
124
123
151
173
163
141
137
155
165
167
163
165
157
132
119
123
124
113
92
86
100
97
80
52
45
54
56
54
49
42
30
21
13
15
17
2
-22
-37
-46
-40
-34
-39
-45
-60
-75
-92
-100
-101
-101
-113
-133
-148
-161
-160
-157
-151
-146
-148
-150
-144
-142
-148
-152
-143
-126
-123
-138
-148
-133
-106
-97
-98
-85
-67
-69
-79
-78
-57
-35
-38
-45
-48
-39
-26
-18
-14
-16
-21
-22
-13
-5
-7
-7
-3
-12
-19
-19
-3
2
16
34
44
38
35
60
78
110
90
130
78
373
408
86
59
9
132
189
302
389
405
160
-193
-447
-442
-351
-163
20
-157
-433
-500
-535
-448
-125
140
335
206
216
130
97
174
162
241
486
704
636
515
410
450
603
721
830
910
680
412
143
19
-67
-68
106
135
-65
159
142
-246
-391
-424
-458
-581
-360
-486
-593
-951
-1079
-877
-944
-652
-353
-119
-195
-295
-277
-178
-199
-185
37
191
87
147
270
-20
86
212
410
585
586
434
247
162
149
151
134
109
-26
8
-47
-165
-208
-328
-265
-261
-311
-203
-303
-416
-482
-417
-293
-197
-117
86
46
47
5
-20
5
150
203
298
426
210
205
50
9
-77
69
176
281
67
40
79
-61
-131
-188
-35
-58
51
-114
-239
-154
-138
-35
92
218
190
203
46
-86
54
264
391
216
111
141
276
178
90
179
223
275
337
230
187
93
22
73
104
194
184
118
-16
-36
110
172
7
-59
58
194
5
-113
-47
-218
-43
-9
-47
-91
-91
-186
-205
-174
1
17
-226
-190
-209
-119
-57
-102
-171
-108
-45
-7
-107
-152
-226
-284
-100
-102
-54
-44
-132
-178
-154
-274
-172
-72
-138
25
4
16
-14
-91
-85
-69
-15
37
-22
-180
-69
10
106
65
23
32
-46
-6
190
220
-13
-48
-72
-30
18
23
120
133
-12
-60
-119
-200
35
43
143
90
76
101
-80
-45
-72
31
206
313
193
139
-23
-107
-68
37
293
388
348
145
66
41
31
96
245
360
283
68
-48
-82
-103
71
68
55
39
52
10
-75
-50
-72
-77
-84
-107
-100
-22
-101
11
-39
-85
-102
-202
-128
-8
53
-56
-99
-193
-185
-138
-76
-122
-17
89
-8
-23
-144
-164
-131
-47
112
148
59
-11
-99
-96
-10
-51
-9
76
107
41
68
77
-107
-112
1
85
109
144
78
-69
-27
-14
-1
-6
-18
-4
12
-30
-82
-53
-81
-94
-188
-91
52
14
-38
-118
-138
-5
160
121
10
39
45
57
148
217
138
40
23
47
47
27
-43
-102
-46
81
146
40
-89
-127
-90
-42
37
60
68
14
-34
-58
-47
37
103
214
253
197
192
177
98
109
130
116
100
118
127
84
29
18
27
105
58
-18
-32
-81
-32
-118
-155
-109
-79
-165
-332
-276
-161
-50
4
-111
-148
-159
-246
-230
-225
-109
28
-8
-38
-49
-60
-101
-144
-84
4
125
108
-25
-121
-210
-232
-222
-116
22
2
-8
-80
-214
-228
-182
-73
4
84
94
76
44
-34
-80
-22
78
167
319
371
347
208
82
39
120
231
307
331
258
124
-27
-103
-97
13
26
43
98
96
14
-65
-164
-177
-109
20
133
99
58
-17
-106
-169
-110
40
160
244
236
159
34
-37
-28
43
178
264
231
161
58
-66
-81
-61
32
154
171
117
13
-90
-129
-127
-108
-32
62
126
53
-57
-177
-233
-166
-90
33
120
84
-6
-100
-140
-127
-66
20
55
73
61
-28
-152
-199
-173
-134
-110
-49
46
67
-81
-162
-234
-250
-142
-51
26
32
-36
-98
-139
-183
-147
-112
-68
-5
45
22
-43
-127
-154
-116
-27
43
7
39
34
-29
-60
-88
-73
45
161
169
89
16
-31
-94
-100
-10
61
21
4
-46
-111
-58
-32
-22
23
83
112
147
130
76
7
9
109
146
181
181
109
29
-6
32
127
200
201
102
34
60
69
61
50
55
60
72
64
28
6
-30
-17
43
80
89
102
61
-55
-72
-7
22
57
57
49
72
19
-25
-20
4
61
137
167
96
50
36
33
58
74
73
65
66
40
-15
-23
-3
18
-48
-77
-24
-56
-128
-180
-202
-180
-143
-130
-126
-146
-147
-139
-163
-188
-169
-84
-49
-36
-74
-106
-139
-148
-149
-136
-93
-22
31
10
-29
-51
-63
-95
-50
19
87
95
26
-25
-92
-152
-160
-130
-91
-3
61
59
-9
-47
-81
-124
-41
33
92
127
124
79
45
48
76
108
125
168
171
165
157
128
124
102
99
153
181
160
157
111
86
115
96
123
129
114
81
36
-2
-34
-43
-54
-22
6
25
-77
-162
-183
-193
-174
-121
-72
-95
-73
-84
-129
-155
-120
-59
-3
41
37
7
-43
-43
-2
26
45
67
63
19
-6
-13
-40
-41
-46
-32
5
21
6
-37
-109
-145
-93
-48
-44
-60
-56
-31
-31
-64
-38
11
47
121
149
119
130
135
88
104
167
221
222
182
126
93
95
72
35
44
75
74
45
-22
-84
-123
-117
-137
-139
-112
-85
-86
-108
-85
-70
-78
-91
-66
-62
-14
39
18
-17
-24
12
20
-1
-17
12
44
41
47
66
49
33
34
11
-14
-16
-40
-47
-37
-41
-35
-64
-102
-107
-62
-23
7
28
21
8
-10
0
13
42
72
111
151
134
85
37
-4
-13
19
73
161
161
57
-21
-77
-90
-78
-54
-39
-13
3
-10
-75
-171
-217
-200
-146
-51
50
39
-35
-87
-130
-139
-100
-58
-14
42
91
87
34
-38
-90
-88
-30
42
100
99
20
-65
-141
-162
-136
-70
-7
18
25
22
-6
-38
-86
-96
-52
37
128
120
109
101
78
42
58
96
134
173
176
178
168
144
91
68
71
95
132
130
76
5
-16
-33
-39
-13
-12
1
-1
-46
-57
-40
-33
-36
-39
-49
-10
30
18
0
4
19
63
73
78
70
49
19
-6
21
26
27
-8
-62
-77
-61
-32
-23
-21
-47
-46
-27
-17
-20
-32
-6
-9
-36
-24
19
27
13
27
29
39
6
4
3
-28
-7
-16
-27
-73
-108
-108
-147
-164
-133
-96
-48
-30
-57
-81
-135
-180
-177
-143
-89
-41
-29
-43
-70
-79
-87
-74
-51
-14
33
73
76
47
15
-28
-29
-3
20
70
108
73
43
15
-13
7
31
67
108
122
114
78
38
17
25
51
95
128
130
132
122
70
34
46
75
113
134
130
102
53
4
-17
-12
1
39
66
59
27
-13
-51
-88
-95
-75
-44
-17
4
-6
-35
-60
-56
-36
-22
-8
4
10
22
24
-13
-44
-49
-43
-26
4
40
58
31
-2
-17
-42
-41
-28
-13
-3
-1
-8
-9
-29
-62
-57
-52
-33
-17
7
25
4
-5
-12
-44
-52
-28
-8
14
4
-20
-34
-52
-62
-67
-67
-53
-24
-12
-20
-27
-16
-22
-39
-41
-25
-27
-37
-26
-19
-15
-30
-30
-29
-23
3
19
16
15
19
26
43
47
43
41
33
42
74
86
87
85
91
79
83
91
66
82
84
81
91
94
89
61
56
41
32
41
64
79
62
14
-25
-54
-71
-47
-30
-25
-23
-38
-53
-82
-106
-104
-93
-64
-41
-20
-29
-37
-53
-70
-63
-42
-21
-10
3
-3
0
-19
-36
-29
-29
2
26
21
-12
-34
-23
-20
-8
-11
-8
-17
-36
-53
-57
-68
-73
-65
-58
-44
-38
-35
-34
-18
-16
-6
5
14
20
17
25
18
11
20
3
-6
-22
-32
-25
-22
3
12
24
20
-7
-21
-22
-11
-9
7
24
28
23
12
12
12
43
79
83
84
83
78
84
82
82
104
113
131
124
118
122
114
104
101
113
124
131
115
90
53
15
-12
-25
-25
-12
10
7
-23
-59
-88
-102
-84
-71
-61
-65
-84
-97
-111
-113
-106
-98
-92
-94
-80
-69
-64
-47
-38
-34
-36
-34
-32
-33
-31
-13
9
8
2
3
6
7
-14
-38
-29
-24
-31
-35
-44
-63
-62
-73
-75
-61
-51
-35
-22
-16
-19
-25
-24
-23
-25
-20
-2
18
24
35
40
29
27
28
32
36
42
38
19
-3
-19
-11
-7
-22
-18
1
10
20
31
27
21
13
3
13
34
43
34
8
2
24
60
78
83
98
103
102
116
103
89
89
89
76
63
61
64
66
57
71
92
94
89
63
21
12
6
-9
-10
-18
-32
-38
-44
-40
-41
-41
-40
-63
-76
-79
-85
-63
-52
-63
-78
-74
-79
-86
-74
-51
-39
-25
-21
-39
-38
-46
-55
-56
-51
-40
-28
-30
-17
-4
-8
-26
-54
-52
-31
-6
10
0
-7
-16
-45
-45
-21
-4
-1
16
15
-5
-3
-9
-16
-13
-28
-31
-35
-41
-33
-22
-20
-24
-23
-24
-19
-14
-16
-7
4
-2
1
3
11
29
32
37
42
48
61
65
70
75
64
50
40
25
28
32
27
29
27
36
38
29
14
23
36
50
50
38
26
2
-3
8
25
59
103
103
83
67
71
71
75
99
116
125
108
111
104
78
75
73
76
72
43
18
5
-9
-24
-35
-43
-64
-75
-81
-82
-84
-112
-127
-122
-119
-115
-123
-126
-132
-141
-137
-132
-127
-122
-99
-72
-59
-64
-63
-62
-58
-61
-61
-49
-33
-16
4
-1
-14
-10
-20
-32
-35
-29
-28
-24
-32
-37
-29
-23
-22
-40
-29
-10
1
1
-14
-13
-19
-27
-41
-33
-17
-6
11
13
19
30
23
16
17
26
46
49
40
37
39
41
47
46
55
75
76
89
107
101
102
105
111
117
126
130
127
122
122
120
108
98
74
67
69
64
67
70
72
78
82
55
35
20
5
-1
1
8
2
-10
-3
1
-17
-26
-31
-45
-29
-19
-22
-27
-44
-26
-37
-55
-62
-81
-75
-61
-71
-66
-69
-95
-83
-82
-65
-74
-117
-90
-89
-103
-111
-118
-87
-50
-61
-77
-71
-67
-53
-37
-27
-30
-55
-59
-48
-50
-50
-46
-41
-41
-29
-28
-16
3
6
-4
-18
-24
-15
-13
-17
-11
0
13
23
39
33
19
20
18
30
40
39
39
45
43
48
33
32
42
51
72
80
82
79
84
65
53
24
25
39
14
0
31
43
40
55
61
53
27
41
64
97
103
122
182
157
137
133
63
33
21
7
-34
-63
-29
-7
-3
5
27
24
1
0
17
-8
-32
-15
-22
-58
-106
-136
-159
-171
-196
-157
-98
-69
-24
-29
-50
-65
-85
-99
-92
-61
-30
10
25
-13
-41
-48
-67
-67
-57
-36
-1
27
28
23
40
21
8
15
21
39
35
34
41
22
18
4
-29
-13
9
13
38
75
85
64
37
17
6
-21
-13
-5
-2
-7
-20
-27
-30
-25
-16
5
5
15
16
-2
0
-7
-34
-42
-23
-11
0
11
19
15
2
-2
0
-15
-13
-7
-13
-8
0
19
24
6
4
0
-24
-29
-37
-32
0
37
75
102
92
77
77
58
53
44
32
49
40
32
32
35
55
56
59
80
91
79
84
105
110
89
57
47
58
44
10
-16
-19
-13
-2
-2
-17
-17
-21
-36
-43
-40
-51
-60
-59
-45
-51
-81
-95
-107
-126
-125
-114
-113
-113
-96
-79
-80
-85
-87
-87
-97
-104
-102
-102
-92
-76
-69
-57
-66
-63
-56
-59
-51
-43
-57
-63
-33
-17
-20
-18
-17
-38
-49
-54
-48
-7
18
7
-10
-18
-2
30
39
40
46
53
52
41
46
42
41
59
67
74
87
89
103
105
95
102
101
95
114
136
155
135
132
143
126
132
126
102
93
88
88
81
85
94
83
72
67
68
68
89
82
77
81
61
47
18
26
8
-13
5
14
7
-2
-2
-10
-31
-45
-50
-60
-64
-43
-24
-27
-21
-27
-43
-65
-63
-85
-101
-74
-69
-77
-94
-106
-109
-114
-126
-121
-147
-159
-135
-132
-132
-142
-144
-129
-124
-132
-136
-114
-118
-114
-98
-101
-90
-90
-82
-86
-101
-71
-54
-58
-22
-1
-6
15
22
21
18
-1
12
24
17
24
31
45
43
45
63
35
35
62
56
66
51
38
49
49
50
55
40
31
47
64
75
76
88
90
76
95
103
92
114
106
104
113
111
110
113
98
94
104
104
101
96
96
77
57
39
20
11
-1
30
35
16
25
33
24
-9
-36
-43
-21
-1
-9
-17
-19
3
16
16
-2
-1
3
-13
-29
-46
-59
-70
-46
-39
-57
-75
-82
-87
-95
-94
-103
-96
-85
-90
-103
-93
-83
-69
-85
-107
-87
-64
-30
-9
-28
-76
-67
-44
-45
-30
-19
-4
18
57
61
45
54
68
62
48
45
44
52
53
47
45
70
78
60
50
47
41
53
55
55
44
39
45
34
35
38
9
-8
-23
-27
-41
-54
-41
-38
-33
-32
-29
-42
-45
-30
-12
-25
-31
-25
-34
-46
-55
-58
-61
-61
-49
-36
-25
-31
-32
-34
-34
-41
-46
-38
-30
-29
-34
-47
-55
-51
-28
-39
-49
-31
-44
-49
-33
-25
-25
0
18
9
12
10
23
35
15
14
32
33
33
37
39
34
30
28
32
41
44
34
22
28
31
27
28
30
33
40
34
31
31
52
64
46
53
67
77
83
78
75
73
68
81
100
89
79
100
105
95
88
71
69
69
74
65
53
46
41
31
23
30
26
17
-15
-20
-27
-29
-15
-28
-47
-64
-69
-71
-91
-97
-83
-76
-83
-70
-73
-87
-78
-78
-75
-77
-75
-58
-50
-42
-51
-50
-52
-59
-54
-67
-53
-44
-29
-18
-32
-25
-31
-26
-14
-14
-20
-16
-19
-26
-24
-10
-1
8
-4
-15
-10
-7
16
-4
-11
-8
-31
-35
-25
-13
-2
-12
-19
7
-5
-11
-9
-4
-13
-45
-38
-34
-39
-42
-35
-41
-48
-37
-49
-49
-32
-33
-31
-40
-22
-8
-26
-15
-6
-13
-25
-19
0
13
25
28
33
24
20
59
61
73
92
89
96
102
103
100
126
125
116
103
86
104
94
101
104
91
94
92
92
81
92
103
96
85
85
92
78
69
54
29
26
27
22
25
9
3
7
-21
-50
-55
-27
-13
-21
-4
-9
-29
-51
-55
-61
-92
-77
-59
-60
-54
-52
-60
-85
-73
-63
-86
-76
-49
-42
-51
-65
-68
-51
-73
-76
-70
-69
-50
-48
-46
-19
-10
-26
-31
-52
-67
-60
-39
-40
-41
-33
-35
-40
-33
-39
-58
-51
-21
-8
-15
-17
-20
-17
-13
-23
-27
-24
-16
10
8
17
31
23
32
35
48
56
50
60
91
88
59
57
70
79
61
61
61
60
48
17
-10
0
13
25
37
44
51
43
21
9
2
-3
-6
-1
6
10
15
18
15
4
-1
-15
-6
-6
-17
-7
-19
-35
-31
-30
-24
-24
-22
-21
-16
-19
-37
-44
-54
-49
-34
-38
-53
-50
-48
-34
-27
-25
-22
-42
-40
-47
-37
-24
-14
6
12
17
10
-5
-9
1
26
36
41
54
66
71
52
51
63
60
50
43
71
86
91
89
75
65
46
42
54
50
37
42
28
22
13
-3
-7
3
14
17
16
12
26
26
11
-7
-14
-33
-52
-33
-26
-21
-9
-13
-16
-20
-31
-34
-27
-16
-13
-19
-17
-15
-18
-23
-35
-29
-23
-11
-12
-12
-11
-20
-34
-31
-21
-18
-14
-10
-3
-8
3
7
-7
-9
-16
-12
-19
-12
9
-4
-16
-27
-33
-21
-33
-46
-43
-40
-39
-45
-51
-45
-48
-56
-46
-42
-50
-38
-20
-23
-23
-38
-50
-42
-35
-30
-27
-25
-5
26
22
22
14
8
10
5
7
7
17
23
33
40
32
1
-6
10
11
5
14
25
32
30
23
16
3
1
19
23
17
8
18
20
-5
-13
-5
1
1
13
11
4
12
21
46
44
43
53
64
74
61
51
50
49
53
68
62
60
76
86
79
71
73
75
70
57
52
46
39
41
48
33
24
18
4
8
13
9
10
-5
-14
-9
-14
-14
-27
-36
-27
-29
-30
-26
-39
-34
-37
-43
-40
-47
-50
-52
-62
-82
-68
-60
-67
-61
-61
-59
-55
-58
-45
-40
-50
-58
-61
-64
-63
-55
-41
-29
-30
-31
-22
-24
-24
-7
-9
-22
-26
-20
-26
-20
-9
-13
-1
-1
-2
-4
0
5
13
27
17
-3
-2
-7
-9
9
15
22
28
21
15
10
0
-12
-17
-18
-8
2
9
8
9
10
-4
-4
1
2
6
12
10
15
13
11
18
18
23
12
23
30
31
39
40
28
19
14
3
15
21
14
7
23
30
4
-8
-12
-14
-18
-7
1
-11
-9
3
8
8
0
11
19
18
10
2
9
7
23
29
23
21
24
11
6
13
12
22
33
37
40
44
40
46
33
33
36
29
30
30
37
37
39
37
39
26
28
24
14
15
19
31
4
-10
-11
-6
7
2
-5
-14
-21
-17
-25
-19
-18
-27
-29
-38
-32
-30
-22
-27
-40
-43
-49
-44
-29
-22
-30
-30
-32
-40
-47
-45
-46
-37
-25
-36
-41
-38
-35
-25
-25
-23
-31
-28
-20
-20
-26
-30
-14
-13
0
6
2
-1
-12
-21
-15
-17
-18
-22
-24
-18
-20
-16
-2
13
-4
-5
-7
-11
-11
-17
-13
-24
-18
-14
-19
-16
-6
-9
-17
-4
-9
0
-11
-15
-3
-9
-3
5
7
11
19
18
17
28
28
32
34
24
26
25
38
50
45
38
33
27
38
33
20
23
13
9
19
37
48
54
57
50
38
27
20
14
20
19
20
24
20
27
25
20
32
22
22
26
25
18
10
7
4
1
2
11
29
33
23
16
5
3
-5
7
14
4
-4
-11
-6
-6
-5
-3
-4
-14
-19
-20
-22
-23
-12
-7
-21
-16
-8
-11
-10
-10
2
14
12
11
4
5
13
8
10
-2
-4
-8
-18
-14
-20
-22
-14
-7
-13
-16
-12
-24
-32
-22
-25
-35
-31
-33
-37
-44
-53
-52
-48
-49
-55
-46
-35
-22
-17
-14
-22
-33
-39
-35
-30
-25
-24
-23
-23
-42
-35
-32
-24
-21
-30
-28
-21
-18
-19
-8
-4
-19
-36
-27
-24
-23
-13
-5
-2
-16
-35
-29
-12
-1
-2
3
22
20
27
32
34
38
30
29
24
47
56
45
45
34
28
26
29
44
51
51
55
53
41
40
51
60
51
45
41
38
40
37
35
23
22
12
19
22
27
43
50
50
46
36
33
32
38
35
35
32
26
24
20
35
21
17
17
-2
-1
-2
7
12
20
22
10
2
-17
-21
-29
-33
-27
-29
-26
-28
-31
-32
-33
-29
-26
-32
-32
-27
-17
-16
-17
-19
-22
-23
-21
-19
-26
-30
-34
-26
-18
-17
-15
-23
-36
-46
-51
-40
-37
-31
-44
-45
-36
-44
-47
-51
-40
-38
-44
-36
-32
-16
-7
-4
-6
-12
-8
3
8
-2
-5
-13
-17
-20
-6
-3
-1
-1
-9
-4
-10
-8
2
-5
-10
-9
-8
-9
-11
-10
-9
-16
-24
-20
-15
4
1
0
8
5
-6
0
18
15
28
27
29
33
33
34
32
31
23
20
15
18
24
25
26
30
34
27
37
38
38
42
32
43
33
25
29
26
29
32
36
36
39
37
32
24
11
3
1
9
17
25
25
22
30
22
25
33
28
29
27
19
16
17
15
6
-4
5
9
8
13
5
-7
-11
-13
-22
-33
-39
-37
-42
-44
-43
-45
-35
-28
-30
-26
-28
-37
-46
-51
-52
-48
-32
-26
-25
-25
-25
-29
-23
-18
-15
-13
-13
-2
13
19
15
11
8
-1
-2
-2
2
9
11
4
3
4
-1
1
5
8
9
-1
-1
1
-2
-4
-22
-24
-30
-16
-11
-6
5
6
6
-2
1
3
7
9
9
12
12
11
11
4
2
-4
-15
-13
-19
-22
-13
-18
-21
-23
-27
-34
-21
-10
-11
-4
-2
-6
-5
-12
-18
-8
-10
-3
-7
-6
1
8
11
8
7
2
-1
-5
-3
-2
-5
-1
5
9
10
7
8
2
1
8
5
1
8
11
1
9
4
8
18
12
15
14
9
2
3
4
8
6
17
17
20
30
31
39
31
21
22
19
25
24
22
24
21
11
20
20
21
37
37
38
32
32
27
28
35
24
20
19
20
25
15
11
7
2
5
6
7
12
12
14
16
5
-1
0
7
4
-9
-15
-8
-3
-13
-5
-7
-7
-5
-13
-15
-20
-20
-21
-17
-16
-21
-27
-31
-29
