-47
-47
-43
-32
-21
-11
-6
-10
-19
-30
-34
-35
-30
-22
-12
-5
-3
4
8
16
21
12
4
5
4
7
4
6
6
5
9
14
16
27
38
38
31
20
23
23
22
21
19
21
26
32
30
32
33
31
31
28
24
23
22
23
22
20
15
14
10
9
16
20
27
23
21
24
21
22
18
12
10
7
-2
-1
-5
-9
-10
-12
-13
-16
-8
-6
-5
0
1
-1
2
8
9
17
26
31
34
38
39
36
35
31
27
23
26
29
22
20
13
8
8
4
0
1
-6
-9
-12
-19
-15
-16
-18
-18
-24
-30
-38
-33
-25
-28
-30
-32
-32
-28
-26
-26
-26
-29
-32
-29
-28
-28
-30
-33
-31
-28
-26
-25
-19
-20
-12
-11
-11
-12
-6
1
7
7
13
17
13
16
13
16
8
3
-3
-7
-7
-18
-21
-27
-32
-29
-27
-15
-3
4
7
-2
-5
1
6
11
11
9
9
12
16
19
25
25
21
19
4
-4
-10
-15
-10
-11
-3
-2
-1
0
-8
-18
-24
-33
-39
-42
-49
-47
-45
-43
-37
-36
-38
-30
-23
-14
-4
-1
6
13
13
9
0
6
10
17
27
29
26
28
27
21
20
12
21
28
35
41
45
44
42
39
36
36
37
37
38
40
38
41
41
42
47
47
47
48
45
43
45
46
47
42
39
41
41
36
29
29
31
27
26
24
21
12
8
3
5
4
0
-2
-6
-10
-19
-20
-21
-23
-22
-22
-25
-27
-31
-36
-40
-40
-45
-52
-54
-49
-43
-41
-34
-30
-27
-26
-26
-27
-23
-22
-23
-26
-31
-27
-27
-31
-33
-27
-23
-19
-23
-28
-32
-42
-42
-42
-39
-39
-45
-54
-62
-68
-66
-65
-59
-53
-54
-45
-41
-36
-28
-23
-19
-21
-12
-6
0
3
3
7
2
-2
-1
3
1
3
7
8
12
18
24
26
21
19
11
1
1
-1
3
5
0
-4
2
7
17
27
31
38
43
49
53
58
63
61
60
65
71
80
82
76
72
63
56
54
53
53
58
60
54
48
35
26
31
33
34
36
37
34
34
31
29
26
20
23
24
28
32
30
29
27
27
25
26
31
29
33
31
22
14
10
10
11
9
-2
-13
-28
-33
-39
-46
-41
-43
-45
-46
-53
-52
-54
-50
-45
-47
-47
-50
-56
-60
-59
-67
-76
-78
-77
-78
-75
-70
-68
-72
-74
-79
-78
-76
-77
-73
-68
-62
-53
-48
-40
-39
-52
-54
-54
-51
-41
-33
-23
-16
-4
6
2
7
14
13
16
16
15
19
13
11
9
6
9
11
16
18
25
30
32
33
39
42
44
47
52
55
54
58
66
67
66
61
49
44
29
22
25
23
19
23
28
30
34
32
30
24
11
4
4
4
12
16
11
11
14
16
20
28
34
29
22
23
29
31
37
43
31
19
6
1
2
3
2
0
-3
-6
-11
-14
-13
-5
4
2
2
1
2
2
-4
-9
-19
-30
-38
-34
-30
-24
-18
-15
-10
-6
-4
-7
-9
-3
6
10
11
14
7
1
-6
-12
-13
-15
-16
-15
-11
-12
-12
-14
-12
-12
-20
-20
-21
-22
-17
-6
-3
-3
-6
-12
-13
-13
-9
-8
-15
-14
-15
-7
-2
-3
-2
-4
0
4
4
10
14
4
0
-1
-9
-17
-17
-15
-7
-10
-17
-15
-14
-13
-17
-21
-20
-20
-22
-27
-29
-26
-30
-26
-25
-24
-17
-11
-7
1
8
9
6
1
4
5
8
11
15
21
25
27
33
37
34
20
8
-3
-2
-4
-4
0
-4
-8
-13
-12
-4
-2
-1
0
-13
-19
-22
-14
-26
-44
-34
-38
-39
-38
-32
-19
-19
-15
-11
-1
2
7
12
10
9
13
20
26
25
18
16
22
23
30
38
40
43
53
63
63
61
62
62
59
52
47
47
49
59
67
70
71
75
75
64
57
55
55
53
42
40
35
32
24
13
8
3
-4
-11
-5
-6
-11
-16
-25
-36
-40
-42
-32
-24
-30
-39
-43
-41
-44
-45
-45
-33
-28
-29
-28
-22
-28
-41
-48
-42
-39
-43
-39
-40
-37
-38
-43
-45
-39
-31
-28
-24
-30
-23
-21
-24
-23
-26
-34
-38
-37
-45
-51
-51
-42
-34
-33
-34
-32
-26
-24
-25
-31
-33
-40
-48
-47
-45
-42
-33
-30
-26
-22
-11
-4
-9
-11
-12
-9
-10
-6
-6
-5
-8
-6
-3
0
4
6
13
20
19
16
15
13
15
16
21
28
39
48
55
69
83
84
84
81
83
91
89
91
87
74
67
65
69
69
66
67
60
55
52
45
37
31
27
25
22
25
29
30
31
25
30
29
27
30
32
32
31
22
23
29
23
20
15
4
-3
-5
-13
-8
-2
-6
-9
-11
-16
-26
-34
-43
-54
-53
-55
-60
-57
-54
-45
-43
-41
-45
-43
-41
-43
-45
-42
-51
-54
-50
-53
-51
-55
-62
-61
-56
-52
-43
-40
-39
-43
-53
-53
-48
-47
-44
-45
-49
-47
-41
-35
-33
-29
-25
-28
-22
-20
-17
-10
-5
1
-2
-5
-5
-3
7
17
24
23
23
27
29
29
31
29
27
27
29
35
40
45
40
31
28
24
19
19
27
30
30
32
27
24
18
14
16
12
12
3
12
16
15
19
13
13
11
5
8
16
24
38
46
47
48
41
37
26
20
15
14
17
19
22
20
21
17
15
6
5
-3
-14
-19
-25
-26
-28
-29
-29
-32
-39
-41
-44
-42
-31
-23
-17
-16
-12
-3
8
14
15
19
20
16
14
15
17
14
3
1
4
1
7
8
10
8
6
4
2
-1
-3
-1
-3
-9
-13
-12
-7
-4
-1
0
-5
-1
5
8
11
13
15
19
13
13
8
-2
-10
-12
-11
-11
-9
-7
-5
-5
-10
-20
-27
-22
-14
-12
-2
-3
-4
-9
-13
-7
-3
1
-1
4
6
5
6
4
2
-3
-5
-7
-5
-2
3
11
11
7
4
-3
-13
-20
-27
-28
-32
-32
-30
-26
-29
-33
-30
-35
-32
-31
-32
-20
-21
-30
-31
-33
-30
-26
-22
-16
-18
-18
-15
-13
-14
-19
-19
-17
-11
0
8
15
18
18
18
16
14
16
17
18
11
4
10
16
23
21
19
15
10
5
17
25
23
25
21
17
15
19
21
26
28
32
32
29
33
25
19
22
25
22
13
20
29
36
41
47
48
53
54
53
59
55
50
46
45
45
55
61
63
50
32
27
15
11
6
-2
-3
-9
-11
-6
-2
2
3
-3
-9
-17
-24
-19
-21
-25
-26
-23
-24
-26
-29
-29
-31
-33
-37
-40
-41
-45
-52
-56
-58
-66
-61
-47
-39
-37
-42
-52
-56
-63
-60
-55
-55
-57
-51
-51
-48
-41
-44
-40
-31
-29
-28
-24
-18
-13
-5
-2
-8
-9
-12
-11
-9
-7
-9
-13
-10
-8
-1
5
6
5
4
0
-2
-4
-5
-3
0
5
1
1
2
-5
-15
-21
-23
-15
-7
-2
6
11
11
12
19
29
40
48
52
49
44
48
55
59
65
63
54
50
49
56
62
63
63
60
62
68
77
81
80
68
58
52
44
40
37
36
37
33
29
31
33
37
30
21
17
16
14
10
9
4
7
1
-3
-10
-15
-19
-25
-32
-39
-38
-36
-33
-34
-42
-49
-52
-54
-49
-46
-44
-47
-46
-47
-58
-56
-59
-58
-63
-66
-64
-61
-50
-49
-43
-42
-42
-41
-42
-41
-43
-43
-39
-37
-34
-36
-35
-23
-14
-12
-13
-13
-13
-9
-4
14
21
24
24
22
30
34
40
36
27
26
32
40
42
44
46
39
29
25
24
25
28
26
30
32
32
31
29
24
20
8
4
9
7
8
13
15
13
10
3
1
-8
-15
-14
-15
-16
-20
-23
-19
-18
-26
-31
-35
-37
-33
-32
-28
-29
-34
-34
-31
-24
-20
-13
-8
-9
-5
0
7
15
15
9
0
-8
-8
-2
2
4
2
13
22
18
24
30
26
25
27
30
40
44
39
32
18
11
9
12
20
19
16
20
30
31
30
26
27
26
22
16
10
12
14
17
9
1
-8
-14
-11
-3
1
9
19
14
13
-1
-8
-10
-16
-17
-14
-13
-13
-6
-3
-2
-1
1
-4
-4
-1
3
8
8
3
5
4
0
-1
0
-1
-20
-21
-7
-5
-8
-17
-26
-35
-43
-38
-24
-18
-18
-22
-11
-1
-4
2
0
-1
-3
-2
5
-3
-11
-18
-25
-30
-34
-34
-29
-25
-21
-19
-20
-21
-20
-18
-14
-14
-16
-23
-25
-26
-29
-28
-25
-25
-26
-24
-20
-16
-15
-9
-7
-5
4
2
4
-2
-7
-8
-8
-7
-1
3
2
3
1
8
9
1
6
13
14
16
11
20
27
25
25
22
22
18
18
25
33
42
43
42
39
41
38
39
38
31
29
26
33
33
30
30
26
28
30
38
42
44
39
27
19
14
16
23
30
35
34
33
29
20
18
15
12
9
11
7
3
12
8
3
4
-2
-14
-20
-15
-13
-14
-22
-27
-26
-27
-30
-28
-26
-27
-29
-29
-29
-30
-23
-22
-13
-13
-15
-12
-10
-12
-14
-21
-32
-38
-40
-41
-41
-44
-46
-44
-41
-40
-40
-35
-31
-32
-36
-37
-35
-31
-24
-21
-19
-20
-13
-7
1
3
-1
-1
3
2
-5
-5
-3
-1
-3
2
11
14
15
14
11
7
6
2
0
1
-2
0
3
3
5
4
11
16
14
11
7
5
4
4
7
9
7
4
5
13
7
8
11
6
6
9
15
26
28
21
9
4
6
6
10
16
18
15
21
23
19
15
13
16
12
14
17
18
21
20
13
6
2
2
3
6
10
8
0
-8
-5
-9
-11
-7
-3
5
13
15
16
22
26
33
33
29
25
20
24
18
16
15
14
19
25
27
28
32
31
28
21
18
16
10
2
-7
-6
-6
-12
-13
-21
-26
-27
-26
-24
-25
-25
-17
-17
-24
-29
-32
-35
-36
-38
-41
-43
-46
-43
-39
-37
-39
-41
-42
-40
-35
-27
-20
-13
-9
-7
-1
6
8
9
9
9
5
-2
3
3
6
3
-2
1
1
5
9
11
11
3
-8
-14
-17
-15
-14
-13
-14
-18
-19
-10
-5
-5
-1
-6
-12
-13
-5
3
5
6
1
-3
-4
-9
-7
0
0
6
13
15
13
7
-1
-9
-9
-8
-8
2
1
1
9
12
12
5
-4
-6
-11
-17
-18
-13
-8
-6
-10
-20
-23
-27
-22
-8
8
18
16
7
4
7
16
30
43
51
51
50
47
47
44
35
33
28
32
44
56
66
68
59
47
37
34
38
42
44
38
29
22
13
16
10
1
-7
-14
-8
2
3
6
7
6
7
0
3
8
9
11
16
20
20
19
17
17
9
4
0
-4
-6
-6
-3
-9
-13
-24
-29
-30
-37
-40
-49
-53
-57
-54
-54
-51
-51
-50
-47
-45
-43
-50
-50
-49
-52
-52
-50
-50
-49
-42
-30
-27
-26
-26
-23
-19
-19
-20
-17
-18
-21
-20
-19
-19
-20
-24
-27
-25
-19
-10
-9
-9
-10
-16
-16
-17
-19
-15
-12
-8
-7
-11
-12
-8
-2
3
4
0
0
1
5
3
6
6
4
13
20
27
32
36
40
43
45
50
51
51
47
46
49
50
45
48
46
42
37
34
39
44
49
57
60
56
50
47
41
39
39
34
29
23
11
3
0
8
11
15
16
16
18
26
21
14
5
0
-6
-13
-10
-5
0
1
2
-5
-12
-18
-22
-18
-19
-24
-22
-15
-7
-9
-6
5
-1
-1
3
5
12
14
10
6
10
13
17
15
12
1
-4
-7
-6
-5
-7
-12
-24
-37
-48
-56
-63
-64
-63
-63
-53
-42
-37
-32
-40
-46
-48
-48
-44
-31
-19
-21
-15
-15
-21
-20
-22
-25
-25
-23
-20
-16
-17
-16
-10
-8
-10
-8
-8
-6
-1
2
-3
-8
-12
-12
-11
-10
-6
-9
-13
-17
-19
-17
-16
-16
-16
-15
-9
-5
-7
-5
-3
-6
-5
0
9
11
13
14
7
-1
4
18
29
36
37
45
41
40
40
47
46
39
32
34
39
45
53
56
57
50
54
57
60
58
55
48
41
35
27
21
15
16
18
17
22
25
18
16
16
12
2
-3
-7
-14
-9
-11
-10
0
0
7
8
-1
-1
-7
-16
-17
-23
-26
-24
-23
-21
-16
-9
-3
-2
-2
-6
-14
-27
-36
-39
-38
-35
-27
-22
-18
-19
-18
-12
-10
-9
-2
-1
-3
-5
3
5
6
11
8
3
0
0
-6
-6
-15
-26
-25
-28
-22
-23
-25
-23
-29
-30
-26
-18
-13
-11
-19
-22
-27
-29
-19
-11
-2
0
4
5
4
6
8
12
13
12
16
18
24
22
13
7
-4
-8
-5
-2
3
7
7
3
1
-6
-10
-16
-20
-17
-7
4
10
14
0
-8
-8
-10
-7
-3
-4
-5
-10
-22
-33
-35
-22
-13
-9
-14
-13
-9
-12
-8
-6
-20
-21
-4
4
1
-7
-9
0
-4
-16
-13
-7
-4
2
11
14
5
11
21
28
30
33
41
49
55
59
64
62
62
60
53
45
44
45
39
37
37
40
40
42
41
31
26
14
5
0
-2
-3
-7
-9
-10
-9
-9
-6
-2
-2
2
9
10
3
-6
-12
-16
-19
-16
-13
-5
-1
-5
7
12
3
-3
-3
-2
-4
-11
-9
-8
-18
-21
-14
-6
-10
-18
-16
-15
-24
-31
-32
-25
-25
-22
-26
-28
-26
-24
-18
-21
-14
-11
-16
-12
-10
-5
-5
-2
-5
-10
-15
-16
-17
-17
-15
-10
-5
-5
-3
-10
-13
-15
-19
-21
-21
-19
-17
-18
-18
-21
-20
-19
-15
-20
-21
-21
-22
-14
-8
-7
-1
-2
-12
-13
-10
-12
-12
-20
-21
-22
-23
-15
-13
-8
-10
-10
-13
-16
-19
-16
-4
2
6
8
7
7
11
15
18
24
27
24
31
33
35
36
36
39
37
45
55
63
67
64
62
57
49
50
50
40
36
28
28
27
29
36
41
39
28
23
27
28
30
30
23
24
26
27
27
24
22
14
7
7
6
7
6
3
-5
-11
-12
-10
-6
-3
-5
-9
-15
-24
-19
-16
-17
-18
-20
-22
-20
-21
-17
-21
-29
-29
-33
-26
-29
-32
-25
-23
-26
-28
-31
-34
-34
-40
-38
-43
-46
-41
-34
-25
-11
-14
-18
-18
-22
-20
-20
-23
-27
-28
-27
-28
-31
-35
-34
-32
-30
-30
-29
-22
-20
-15
-7
-6
-8
-10
-11
-7
-9
-18
-20
-19
-14
-6
0
0
3
11
20
32
37
40
45
39
31
25
26
22
13
11
7
6
6
4
5
5
7
6
3
4
8
14
21
23
19
15
16
18
16
11
8
5
-1
-1
-6
-2
2
3
8
6
9
11
11
14
11
14
26
33
39
40
43
36
27
18
25
30
33
36
37
38
39
40
40
38
30
21
15
21
22
23
19
20
9
4
5
5
3
1
6
7
3
-2
-7
-8
-7
-3
-2
-16
-21
-26
-25
-22
-24
-27
-33
-33
-37
-30
-25
-27
-24
-29
-34
-34
-31
-32
-36
-35
-39
-50
-51
-47
-46
-44
-44
-36
-33
-33
-30
-31
-35
-32
-31
-27
-17
-7
0
2
2
2
3
7
13
18
21
21
17
16
21
18
20
17
8
10
7
8
10
10
6
6
1
0
-1
-2
3
4
3
-1
-1
3
5
3
2
3
5
9
7
15
12
11
5
-2
-7
-7
-5
-3
-3
-7
-3
-4
-2
1
0
-2
-10
-14
-16
-11
-8
-10
-8
-10
-11
-3
9
14
12
10
9
8
7
8
13
12
7
1
0
3
3
5
8
13
19
21
25
29
29
27
30
32
33
30
29
31
34
29
24
21
25
20
18
20
15
8
-3
-5
-6
-4
0
-3
-7
-2
8
18
26
26
23
17
15
11
16
26
27
21
13
13
14
18
16
13
4
-1
-4
-10
-13
-22
-24
-24
-26
-29
-32
-26
-25
-33
-38
-49
-53
-52
-43
-32
-23
-21
-23
-19
-20
-18
-17
-21
-18
-15
-10
-7
-14
-17
-19
-20
-15
-16
-14
-13
-17
-20
-21
-28
-30
-32
-30
-24
-24
-23
-26
-22
-19
-19
-17
-19
-23
-29
-35
-26
-27
-34
-40
-39
-34
-28
-19
-14
-11
-7
-6
-6
-4
-6
-2
-2
-2
-1
3
11
14
15
18
16
16
19
24
32
41
55
63
67
66
64
61
60
50
49
53
55
60
66
65
66
70
62
56
48
47
47
45
38
36
32
33
35
30
30
20
11
5
1
-7
-14
-12
-17
-21
-17
-5
7
9
6
0
-6
-7
-4
-5
-5
-7
-11
-13
-18
-19
-13
-12
-7
-6
-6
-2
-7
-14
-15
-20
-27
-30
-32
-20
-16
-11
-9
-8
-6
-13
-9
-9
-8
-3
1
0
0
-2
-10
-19
-31
-36
-42
-38
-32
-27
-26
-31
-40
-51
-59
-67
-63
-58
-52
-37
-25
-18
-21
-27
-29
-30
-25
-20
-16
-11
-8
-9
-19
-26
-24
-25
-21
-20
-25
-23
-20
-9
3
9
11
10
9
15
19
15
16
15
8
1
0
-5
-4
-5
-3
4
5
8
14
19
20
25
19
14
10
2
5
11
12
10
10
16
19
24
22
27
29
33
38
38
45
52
64
71
72
73
72
71
69
66
60
59
55
44
47
45
41
34
26
23
19
14
15
14
13
9
-1
-4
-9
-16
-15
-7
-10
-5
-7
-10
-11
-18
-26
-31
-28
-31
-26
-27
-30
-21
-22
-20
-17
-23
-23
-19
-21
-19
-21
-17
-9
-11
-12
-21
-42
-39
-31
-26
-21
-17
-9
-14
-20
-4
-1
-10
-20
-28
-21
-23
-24
-21
-22
-29
-29
-21
-14
-19
-16
-11
-17
-17
-13
-5
-3
-4
-4
-12
-16
-13
-2
5
7
6
5
4
0
-5
-7
-14
-15
-10
-16
-20
-20
-20
-14
-9
-2
2
-1
-2
1
5
11
11
11
11
1
2
10
11
18
19
17
14
5
6
4
1
4
3
-1
0
4
7
4
-1
4
2
-3
-16
-18
-17
-27
-29
-24
-22
-26
-32
-32
-27
-18
-4
2
7
13
14
27
31
31
28
22
14
11
18
24
34
43
49
46
45
40
42
51
60
70
78
80
74
66
60
56
56
53
44
41
33
36
42
40
35
31
29
30
29
34
30
22
17
12
2
-4
-12
-15
-20
-28
-30
-32
-30
-32
-35
-34
-36
-37
-46
-51
-51
-53
-51
-58
-58
-59
-49
-40
-41
-36
-31
-27
-26
-25
-31
-31
-30
-39
-38
-36
-31
-28
-32
-39
-43
-40
-41
-34
-34
-37
-32
-33
-35
-35
-36
-30
-22
-19
-12
-15
-7
-3
-4
6
4
3
5
-3
-3
1
-4
-1
4
7
10
12
11
2
2
4
5
9
14
19
13
8
4
-1
9
10
14
12
4
0
-1
1
5
11
15
19
24
29
34
33
32
23
20
15
11
8
7
15
25
31
30
31
32
35
32
31
27
16
18
24
32
36
37
30
27
22
12
10
7
9
11
14
17
20
24
22
18
13
17
25
30
36
35
38
34
31
28
21
11
4
2
1
-2
-8
-8
-1
1
-6
-13
-10
-10
-16
-17
-18
-18
-30
-32
-32
-33
-33
-33
-36
-30
-24
-21
-16
-20
-21
-19
-16
-9
-1
3
-1
3
2
-13
-17
-16
-20
-23
-30
-35
-25
-21
-12
-5
-8
-13
-12
-11
-8
-15
-20
-25
-35
-35
-34
-23
-16
-9
-2
4
9
5
6
-5
-15
-18
-18
-15
-19
-26
-27
-24
-29
-30
-34
-30
-26
-21
-20
-28
-34
-35
-36
-38
-37
-34
-30
-24
-22
-12
-3
-1
8
13
19
19
21
23
27
34
34
32
32
36
43
45
52
54
46
43
38
44
41
32
28
29
31
34
37
37
41
32
28
24
22
21
21
19
10
-2
-1
-8
-3
8
4
10
5
4
3
1
-1
-2
-2
1
5
11
24
30
28
21
10
6
-2
-6
2
-1
-6
-9
-11
-11
-15
-12
-4
5
18
21
23
26
25
18
15
4
-3
-3
-4
6
14
5
1
0
-1
2
8
15
13
11
6
2
-2
-4
-1
-4
-5
-10
-5
-1
-4
-6
-7
-8
-13
-12
-12
-9
-5
-9
-11
-14
-17
-21
-17
-22
-37
-36
-46
-45
-39
-36
-27
-26
-31
-29
-32
-37
-40
-44
-50
-48
-41
-33
-29
-30
-29
-31
-32
-36
-36
-35
-35
-38
-39
-40
-40
-39
-38
-34
-30
-33
-28
-15
-9
-6
-8
-16
-16
-12
-5
7
15
19
18
16
13
17
19
21
32
38
42
43
46
51
51
54
48
41
35
26
28
30
27
23
28
40
43
42
40
40
41
42
46
43
38
32
27
20
19
23
28
34
39
38
37
36
35
33
36
35
30
24
19
16
9
3
0
1
1
-3
-8
-3
0
-6
3
16
20
22
26
33
34
38
28
20
11
7
2
-5
-11
-17
-6
-8
-3
1
10
11
1
-6
-18
-16
-20
-33
-37
-40
-37
-41
-46
-55
-50
-46
-44
-47
-47
-35
-28
-23
-33
-41
-39
-38
-42
-38
-31
-30
-27
-32
-34
-39
-45
-50
-48
-43
-33
-22
-14
-7
-7
-13
-18
-19
-14
-16
-20
-29
-33
-30
-28
-27
-22
-23
-23
-25
-27
-24
-21
-18
-16
-19
-27
-29
-30
-22
-10
-4
-2
4
8
9
8
7
9
18
17
15
17
20
34
43
53
59
57
54
51
52
48
40
41
40
44
44
46
44
37
29
26
34
46
48
48
51
44
39
33
28
24
25
30
27
27
25
28
27
23
25
20
23
23
22
28
34
36
25
12
6
6
5
6
7
5
1
2
4
1
-4
-5
-6
-14
-12
-9
-6
-4
-10
-18
-22
-22
-23
-31
-33
-34
-38
-36
-33
-33
-31
-33
-39
-42
-44
-39
-33
-24
-17
-17
-18
-13
-15
-10
-6
-11
-14
-14
-11
-4
1
6
9
6
1
-5
-6
-1
4
9
10
4
-3
-7
-11
-15
-16
-15
-12
-11
-9
-10
-19
-22
-30
-29
-26
-21
-16
-13
-11
-14
-20
-19
-12
-16
-19
-18
-17
-16
-13
-18
-14
-13
-15
-16
-17
-15
-8
3
6
5
-1
0
4
9
7
3
-6
-14
-15
-12
-2
-13
-22
-14
-14
-9
-5
3
13
4
-5
-5
-2
-2
2
12
20
18
15
16
19
16
17
17
20
22
32
39
40
50
52
60
59
56
55
52
54
50
48
39
36
31
32
30
19
19
24
27
27
31
33
29
21
22
20
18
18
15
10
4
1
-2
-2
-1
0
9
10
8
3
-6
6
9
-3
-9
2
7
7
4
-2
6
2
-12
-12
-16
-22
-31
-34
-37
-43
-38
-38
-29
-27
-22
-19
-22
-24
-26
-32
-45
-43
-39
-34
-28
-22
-12
-9
-18
-29
-33
-36
-30
-20
-20
-20
-20
-23
-18
-14
-15
-20
-26
-24
-22
-19
-7
-2
-1
-1
-7
-10
-12
-6
1
4
3
2
-2
-5
-2
-3
-5
-8
-9
-9
-6
-9
-11
-13
-16
-14
-7
0
0
0
-5
-4
2
6
17
18
15
8
-4
-7
-11
-14
-18
-19
-19
-20
-15
-8
-3
-4
-8
-14
-14
-11
-7
4
8
11
15
18
22
27
31
31
40
42
47
54
59
55
53
57
51
42
38
35
32
32
33
33
36
38
37
38
30
22
24
31
38
36
35
31
26
29
24
25
34
35
31
30
24
18
11
6
6
2
6
17
21
25
19
13
6
-8
-16
-21
-26
-24
-18
-20
-19
-23
-28
-36
-35
-37
-41
-38
-36
-36
-38
-45
-53
-55
-60
-66
-65
-63
-59
-52
-48
-51
-45
-47
-46
-40
-40
-31
-24
-20
-16
-17
-15
-8
-4
-9
-13
-14
-11
-9
-10
-16
-20
-23
-25
-25
-23
-16
-14
-11
-8
-5
5
11
14
12
12
13
7
9
13
17
24
31
32
33
31
33
33
29
29
25
29
32
33
29
20
14
10
10
14
15
14
9
2
-3
-5
-5
-6
-9
-9
-7
0
4
3
0
-1
0
2
-2
-5
3
0
-5
-5
-15
-19
-14
-5
-5
-6
-10
-9
-7
0
15
27
34
36
30
28
31
27
23
19
14
12
17
22
21
25
20
18
17
10
16
16
22
21
17
10
14
21
27
24
20
14
16
17
12
15
14
14
9
13
18
22
19
10
-2
-3
-1
-3
0
1
-7
-18
-21
-20
-18
-18
-14
-11
-13
-11
-15
-18
-17
-22
-27
-28
-25
-25
-35
-29
-19
-19
-12
-14
-23
-24
-15
-10
-10
-14
-25
-36
-45
-48
-44
-35
-26
-25
-21
-17
-14
-13
-12
-11
-15
-20
-19
-11
-6
2
3
-1
-5
-13
-11
-6
1
0
-2
0
-3
0
1
0
-6
-11
-14
-19
-22
-25
-30
-32
-32
-33
-28
-22
-20
-11
-3
-1
3
5
9
10
10
9
4
11
16
11
14
12
14
17
19
33
40
45
51
47
51
49
48
47
43
43
36
30
25
20
19
22
21
12
11
9
13
25
25
28
27
28
29
33
32
28
23
19
21
16
14
15
21
27
31
25
18
15
5
0
-4
-9
-10
-7
-13
-9
-8
-12
-11
-15
-17
-21
-24
-25
-26
-21
-14
-5
1
11
11
18
12
3
-2
-12
-15
-15
-10
-13
-15
-15
-8
-4
-1
-2
-6
-12
-13
-6
-5
-1
-9
-16
-22
-33
-39
-40
-39
-44
-44
-43
-42
-43
-41
-36
-34
-31
-29
-27
-23
-25
-22
-20
-19
-15
-14
-13
-8
-3
-7
-12
-16
-20
-20
-27
-32
-26
-29
-28
-26
-31
-27
-27
-29
-25
-19
-9
-2
1
4
4
9
15
12
20
26
27
31
25
23
24
26
32
36
28
29
35
34
35
37
41
44
37
35
34
37
40
41
47
42
48
49
49
46
39
36
37
39
39
42
43
41
32
25
22
17
12
10
7
0
-8
-9
-6
-5
-8
-21
-33
-36
-37
-35
-28
-16
-9
-4
8
11
4
0
-5
-12
-17
-14
-11
-10
-8
-9
-8
-3
-6
-12
-18
-19
-21
-21
-22
-20
-13
-18
-21
-14
-16
-17
-16
-13
-6
-4
-3
-6
-14
-22
-26
-29
-29
-32
-28
-24
-16
-6
3
9
11
16
19
13
9
9
2
4
-3
-5
-6
-14
-16
-14
-21
-16
-14
-12
-1
-1
4
4
-3
-4
-5
-2
3
7
6
2
-2
-5
-6
-9
-8
-4
-1
0
-2
-5
-4
-13
-18
-22
-26
-21
-18
-16
-16
-16
-10
-4
2
0
-1
-6
-7
-1
4
12
18
20
21
20
16
20
24
30
28
19
18
18
25
25
26
30
23
18
17
21
25
26
25
23
22
20
20
14
12
13
6
0
-4
-12
-13
-20
-27
-27
-24
-19
-15
-6
-4
0
0
6
11
13
11
10
12
18
19
17
14
12
9
5
6
9
6
4
8
7
3
-6
-5
0
-5
-2
9
7
-6
-17
-25
-22
-27
-22
-10
-2
-2
-4
-3
-9
-17
-16
-6
-1
4
13
17
19
16
12
-1
-16
-17
-9
1
3
3
1
7
4
-2
-2
-5
-7
-9
-10
-9
-5
-7
-3
-4
-12
-13
-11
-12
-10
-1
1
-3
-6
-6
-10
-12
-9
-4
-5
-6
-8
-11
-7
-8
-13
-14
-8
4
-5
-10
-9
-9
-10
-15
-14
-13
-19
-25
-32
-37
-39
-38
-28
-23
-29
-30
-34
-30
-22
-14
-6
-4
1
0
2
0
-3
-2
-4
-7
-3
5
14
16
10
6
3
14
26
35
42
42
48
48
40
41
49
47
36
32
35
43
42
41
44
43
40
41
39
32
30
36
38
41
42
43
44
34
21
16
15
10
7
4
5
1
-2
0
0
2
-5
-7
-13
-18
-22
-24
-26
-33
-40
-42
-35
-34
-28
-24
-17
-19
-20
-27
-46
-48
-50
-45
-44
-42
-36
-31
-28
-28
-25
-21
-14
-8
-2
6
12
10
10
9
5
5
-2
-3
0
4
13
17
17
19
10
3
-1
0
4
2
1
11
15
15
14
6
-6
-16
-26
-27
-25
-29
-26
-27
-31
-32
-32
-30
-25
-26
-20
-18
-10
0
-1
2
-2
-7
-7
-7
-4
-4
1
3
-2
-2
1
5
6
3
4
2
-1
-8
-6
0
5
6
8
19
17
19
19
21
22
19
22
21
25
33
34
34
29
24
16
13
12
13
12
12
17
13
12
13
11
10
8
6
11
16
17
15
7
10
7
2
-2
-3
4
6
5
7
8
12
21
17
15
14
12
15
16
26
30
23
18
10
3
-3
-12
-17
-23
-24
-20
-18
-10
-9
-14
-15
-17
-20
-16
-17
-16
-21
-19
-15
-12
-6
-4
-1
0
3
7
12
13
19
20
23
26
21
17
10
-4
-7
-2
4
12
4
-5
-15
-31
-44
-52
-54
-50
-45
-40
-32
-27
-29
-36
-39
-42
-41
-41
-48
-41
-41
-37
-29
-26
-28
-32
-40
-38
-33
-25
-10
-7
-2
-7
-11
-15
-20
-8
-4
-1
9
13
19
20
24
26
28
26
25
26
26
29
28
32
35
33
31
30
34
30
30
32
35
43
45
48
46
43
42
41
44
49
51
52
46
35
28
20
19
16
11
10
7
8
4
5
10
7
2
-3
-7
-8
-13
-15
-19
-20
-23
-22
-18
-15
-16
-17
-17
-20
-29
-26
-18
-14
-13
-13
-10
-7
-4
-7
-15
-17
-18
-22
-19
-17
-19
-19
-19
-18
-20
-18
-12
-11
0
2
3
2
4
9
15
19
17
21
20
22
23
17
14
7
0
6
9
11
14
20
19
10
4
-4
-10
-8
-10
-15
-10
-10
-11
-9
-9
-8
-14
-16
-13
-6
-1
-6
-13
-19
-23
-24
-18
-18
-17
-21
-24
-23
-23
-13
-11
-14
-18
-24
-27
-29
-26
-26
-28
-32
-39
-40
-36
-26
-25
-19
-12
-13
-7
2
15
14
13
12
12
14
7
7
6
5
4
5
13
17
25
27
30
29
20
16
14
11
11
13
14
23
27
23
26
28
25
27
27
25
28
39
45
46
44
39
35
36
34
38
43
37
37
34
33
26
15
11
4
5
5
2
4
4
-4
-16
-18
-16
-15
-13
-13
-17
-20
-22
-19
-15
-23
-29
-32
-33
-31
-26
-16
-7
-2
2
3
9
12
9
9
4
-2
-7
-8
-7
-4
3
6
-4
-5
-5
-4
-2
-2
-1
-7
-15
-28
-39
-41
-40
-44
-42
-43
-37
-32
-26
-14
-13
-16
-22
-24
-20
-15
-12
-11
-16
-13
-4
1
9
11
8
16
20
20
24
27
29
23
15
11
6
8
6
9
8
6
1
-2
2
-8
-9
-7
-15
-21
-21
-20
-19
-24
-26
-29
-33
-34
-40
-32
-19
-8
-8
-6
-6
-7
-6
-8
-1
1
10
12
10
10
5
6
13
14
18
27
27
30
31
23
31
35
39
42
40
40
38
33
32
25
18
20
13
12
13
21
27
23
21
17
7
4
8
11
13
7
2
5
6
8
9
13
14
8
8
14
16
17
11
9
3
-2
8
9
12
9
-2
-11
-17
-16
-13
-12
-15
-18
-21
-26
-31
-29
-27
-21
-17
-13
-17
-19
-21
-20
-17
-16
-15
-21
-20
-18
-21
-24
-24
-26
-26
-30
-22
-14
-3
6
0
5
10
11
14
17
24
29
27
28
32
26
25
20
12
6
1
3
10
7
1
-7
-9
-8
-8
-4
-8
-6
-10
-16
-17
-21
-23
-32
-38
-44
-44
-29
-22
-16
-13
-8
-9
-21
-34
-39
-38
-41
-37
-33
-33
-31
-30
-21
-19
-32
-24
-12
-12
-8
-8
-5
-3
-5
-2
12
16
17
19
26
36
36
44
46
39
34
21
19
23
31
38
40
40
42
44
39
28
28
23
15
9
9
10
15
17
17
14
9
9
10
10
12
17
22
29
21
16
11
5
5
3
-1
-4
-1
10
19
21
15
11
8
14
20
17
16
26
25
13
15
17
17
10
2
5
2
-1
2
8
4
-9
-14
-15
-11
-11
-8
3
5
4
10
-1
-11
-22
-34
-37
-42
-25
-19
-22
-22
-16
-15
-13
-11
-15
-18
-25
-21
-20
-17
-16
-18
-18
-16
-11
-14
-15
-12
0
6
4
-3
-9
-11
-15
-16
-21
-29
-32
-45
-47
-45
-44
-44
-44
-43
-43
-47
-47
-48
-48
-45
-48
-42
-45
-44
-36
-31
-25
-26
-26
-24
-16
-12
-3
2
8
12
18
24
29
41
42
49
52
55
54
50
44
41
48
50
52
48
41
36
32
34
30
33
37
36
39
39
34
22
19
22
27
24
25
29
34
45
41
34
25
18
11
5
-1
-1
6
13
19
14
10
13
13
13
6
11
13
11
13
11
8
1
-5
-8
-12
-10
-6
-2
-3
-5
-6
-3
0
-2
4
8
6
9
10
9
4
1
1
-8
-14
-17
-17
-11
-5
-7
-16
-23
-25
-28
-30
-24
-24
-30
-31
-35
-34
-29
-27
-24
-25
-28
-28
-27
-16
-11
-10
-9
-13
-12
-11
-11
-9
-9
-17
-22
-24
-25
-19
-15
-10
-6
-7
-13
-13
-14
-12
-11
-16
-25
-26
-22
-26
-31
-36
-33
-28
-24
-16
-11
-4
-5
-10
-10
-5
3
1
1
4
11
16
14
15
15
16
13
1
6
11
12
18
17
22
26
23
20
19
17
18
13
8
5
2
-1
-12
-12
-18
-16
-11
-1
8
19
21
16
16
12
17
21
29
36
36
32
39
38
41
41
34
31
24
25
19
15
14
11
6
4
-1
2
11
24
27
24
26
26
26
22
23
21
22
18
12
10
1
2
2
6
13
13
13
11
10
16
19
14
8
13
19
9
6
4
4
9
8
2
2
-3
-17
-24
-30
-34
-42
-43
-41
-43
-36
-34
-33
-38
-37
-35
-29
-26
-30
-29
-17
-15
-21
-23
-23
-23
-26
-28
-24
-18
-19
-21
-20
-17
-20
-22
-28
-28
-29
-26
-15
-14
-13
-11
-19
-23
-26
-22
-16
-12
-13
-27
-27
-24
-19
-9
-11
-11
-16
-20
-13
-5
0
-5
-5
-5
-8
-13
-16
-16
-16
-18
-19
-17
-8
-1
2
-5
-12
-13
-4
7
8
14
22
27
27
26
35
38
40
40
47
50
51
56
60
58
47
40
42
54
60
55
54
56
55
52
42
36
31
22
16
14
16
17
20
22
23
23
23
20
18
21
16
17
10
8
12
11
15
9
3
3
-3
-6
-8
-14
-13
-17
-22
-23
-29
-26
-22
-20
-19
-25
-32
-29
-29
-33
-33
-34
-34
-44
-42
-38
-37
-31
-23
-17
-16
-14
-17
-12
-14
-12
-10
-8
-13
-17
-14
-23
-24
-21
-17
-10
-5
-4
0
5
7
4
0
2
9
15
17
13
15
22
29
36
38
39
42
41
37
40
42
50
47
43
45
49
48
47
49
45
37
26
21
21
16
9
0
-3
-13
-24
-33
-37
-45
-60
-71
-75
-67
-56
-56
-57
-59
-55
-48
-48
-50
-54
-56
-60
-65
-76
-86
-90
-92
-94
-91
-86
-93
-101
-110
-111
-113
-124
-129
-129
-127
-126
-129
-128
-127
-124
-119
-116
-117
-111
-97
-78
-62
-47
-36
-22
-10
0
14
32
55
77
95
113
130
146
159
175
207
244
271
292
310
329
349
369
381
387
392
388
378
372
362
340
317
292
271
257
241
224
215
203
191
173
158
165
214
270
276
238
201
214
242
197
101
32
7
-20
-102
-207
-260
-276
-316
-388
-444
-480
-513
-563
-616
-624
-633
-694
-791
-837
-820
-801
-840
-907
-914
-860
-805
-783
-755
-682
-578
-487
-402
-304
-196
-85
31
153
271
364
422
465
515
558
582
579
556
538
531
530
517
476
434
424
432
430
405
387
375
355
318
271
226
162
96
57
46
18
-38
-81
-80
-55
-47
-46
-24
15
61
91
115
150
182
204
228
258
267
266
269
273
281
267
238
214
197
177
162
146
120
84
48
23
-7
-53
-108
-153
-193
-246
-302
-355
-390
-416
-424
-415
-371
-279
-174
-100
-92
-84
-13
88
115
58
30
77
120
56
-45
-81
-70
-94
-162
-196
-180
-169
-215
-260
-249
-225
-277
-385
-445
-422
-410
-490
-600
-641
-602
-582
-618
-645
-612
-529
-471
-420
-325
-224
-126
-18
96
216
322
404
490
555
591
630
668
673
630
605
626
640
606
550
539
570
567
513
476
477
463
405
331
283
244
176
87
24
-6
-47
-102
-144
-143
-128
-134
-147
-146
-119
-77
-39
-19
6
38
69
88
90
93
110
122
121
111
102
110
105
86
71
68
59
29
-3
-30
-41
-65
-129
-190
-221
-250
-289
-330
-345
-342
-353
-349
-276
-145
-48
-41
-52
3
125
198
159
112
130
166
115
-9
-92
-107
-130
-211
-285
-298
-291
-334
-404
-426
-403
-427
-525
-616
-619
-570
-586
-681
-749
-743
-716
-723
-748
-736
-674
-592
-515
-426
-316
-192
-71
56
179
287
392
498
596
664
708
764
798
773
740
745
783
784
718
665
677
699
679
628
605
606
582
514
455
428
384
303
219
167
122
65
0
-46
-58
-65
-76
-90
-73
-27
19
47
63
90
141
189
208
204
214
222
219
206
186
178
163
132
97
67
46
4
-57
-100
-120
-138
-186
-250
-301
-319
-326
-348
-373
-379
-333
-247
-160
-109
-91
-59
25
107
116
92
98
135
126
41
-47
-88
-132
-226
-329
-381
-393
-450
-563
-634
-632
-628
-710
-827
-871
-822
-798
-870
-964
-996
-971
-952
-958
-949
-904
-838
-764
-662
-537
-412
-284
-152
-14
126
252
381
502
597
677
764
843
878
864
867
924
968
938
871
846
861
861
817
765
747
729
681
620
577
531
468
386
312
255
188
107
31
-17
-50
-81
-117
-148
-146
-117
-84
-62
-48
-13
56
116
148
170
191
218
235
245
261
277
276
246
216
203
188
148
97
58
34
7
-38
-74
-95
-130
-160
-186
-202
-219
-241
-249
-216
-141
-63
-20
-2
34
99
173
204
195
190
213
217
163
74
-12
-78
-161
-268
-355
-419
-500
-602
-689
-743
-777
-852
-957
-1031
-1048
-1043
-1076
-1133
-1162
-1154
-1115
-1091
-1082
-1049
-991
-899
-785
-673
-555
-427
-288
-133
12
151
285
417
532
636
742
836
908
937
952
995
1044
1049
1016
993
993
982
937
883
844
811
755
689
629
574
506
425
355
300
236
153
69
4
-45
-91
-140
-176
-179
-173
-163
-145
-130
-101
-63
-22
17
53
90
130
162
184
197
196
182
165
147
140
120
72
32
4
-13
-37
-75
-113
-146
-170
-191
-215
-226
-237
-254
-266
-243
-179
-86
-7
34
74
142
231
302
323
322
349
369
337
256
168
109
28
-90
-210
-302
-377
-473
-585
-676
-716
-755
-842
-946
-1001
-997
-994
-1031
-1083
-1104
-1091
-1065
-1041
-1019
-985
-927
-852
-758
-652
-537
-408
-265
-115
26
175
325
454
563
657
762
863
928
956
990
1048
1097
1104
1070
1042
1034
1016
973
911
853
813
752
671
594
532
467
385
302
239
183
109
13
-66
-114
-146
-197
-254
-262
-235
-204
-186
-161
-117
-56
-10
33
79
123
159
176
193
216
232
222
198
167
147
124
92
52
13
-14
-58
-111
-162
-208
-238
-271
-312
-347
-368
-378
-389
-393
-361
-288
-205
-143
-82
6
119
211
268
308
353
392
384
333
261
185
92
-26
-152
-264
-362
-473
-595
-706
-783
-833
-898
-976
-1038
-1063
-1064
-1071
-1087
-1101
-1093
-1064
-1043
-1026
-997
-951
-881
-796
-706
-602
-480
-334
-183
-31
124
291
443
570
695
822
948
1058
1130
1179
1236
1295
1319
1302
1264
1237
1219
1186
1134
1073
1020
962
877
774
679
602
514
417
318
239
171
79
-37
-137
-208
-274
-331
-381
-386
-359
-330
-313
-283
-235
-177
-119
-57
7
61
96
110
128
155
174
163
143
132
118
99
85
69
51
24
-25
-70
-105
-149
-195
-237
-267
-291
-320
-348
-362
-338
-279
-203
-112
-25
58
149
254
342
400
435
459
472
454
388
292
188
60
-91
-257
-402
-526
-672
-823
-951
-1038
-1088
-1148
-1213
-1244
-1242
-1227
-1229
-1246
-1250
-1223
-1191
-1161
-1139
-1110
-1052
-972
-875
-772
-649
-511
-367
-214
-49
139
335
514
670
809
950
1076
1166
1226
1275
1332
1368
1368
1347
1316
1289
1251
1193
1141
1095
1038
972
887
809
744
668
561
453
349
248
142
9
-113
-219
-310
-401
-482
-533
-545
-534
-507
-450
-363
-261
-151
-47
58
167
244
288
308
326
345
346
322
297
285
281
275
266
259
259
255
226
185
140
78
6
-67
-146
-217
-296
-370
-414
-426
-396
-328
-230
-141
-44
61
173
280
366
435
494
519
492
423
330
213
51
-144
-345
-514
-666
-824
-990
-1134
-1225
-1285
-1345
-1410
-1446
-1443
-1424
-1420
-1418
-1408
-1384
-1359
-1333
-1298
-1243
-1167
-1085
-977
-844
-684
-491
-283
-90
105
318
544
760
944
1109
1259
1394
1497
1564
1618
1649
1651
1620
1566
1510
1444
1352
1264
1174
1067
965
863
743
641
548
451
341
212
101
0
-104
-221
-348
-457
-554
-652
-718
-746
-746
-720
-669
-578
-453
-303
-151
-2
138
262
366
432
480
516
530
516
475
428
383
335
290
252
225
202
168
123
70
15
-58
-143
-233
-316
-395
-451
-493
-523
-529
-505
-427
-322
-197
-71
55
199
347
488
598
682
729
730
690
587
445
290
101
-127
-355
-559
-721
-889
-1090
-1253
-1346
-1394
-1455
-1534
-1570
-1552
-1515
-1500
-1502
-1478
-1430
-1372
-1321
-1266
-1179
-1065
-932
-777
-592
-375
-149
73
297
531
783
1034
1255
1432
1585
1729
1850
1924
1949
1937
1913
1865
1781
1655
1523
1392
1253
1103
948
793
640
492
345
216
96
-24
-149
-281
-398
-496
-599
-705
-803
-878
-918
-951
-959
-927
-866
-772
-664
-530
-358
-178
0
179
341
487
600
684
740
764
762
735
678
601
525
451
370
278
190
112
22
-65
-162
-247
-327
-420
-509
-584
-649
-694
-729
-740
-708
-627
-500
-346
-181
-22
149
339
521
688
811
896
961
968
892
763
615
439
204
-88
-364
-586
-789
-1030
-1285
-1455
-1523
-1582
-1685
-1806
-1854
-1807
-1753
-1738
-1738
-1698
-1611
-1522
-1435
-1322
-1176
-998
-811
-603
-355
-77
208
482
757
1051
1360
1640
1859
2025
2168
2305
2395
2407
2340
2251
2157
2030
1844
1609
1380
1169
951
725
513
325
151
-34
-198
-320
-426
-525
-649
-765
-834
-875
-916
-964
-988
-965
-916
-863
-804
-718
-584
-434
-273
-91
113
315
493
653
805
953
1061
1106
1110
1092
1064
996
871
724
593
458
301
148
-5
-144
-281
-415
-534
-638
-725
-812
-900
-958
-985
-981
-975
-962
-880
-706
-485
-279
-107
78
334
603
788
906
1013
1115
1144
1049
880
733
556
256
-132
-489
-726
-923
-1215
-1571
-1833
-1927
-1969
-2087
-2241
-2307
-2239
-2135
-2093
-2078
-2015
-1876
-1710
-1567
-1417
-1214
-961
-700
-437
-132
251
654
1014
1336
1665
2048
2408
2646
2776
2883
2985
3030
2949
2759
2533
2309
2047
1717
1356
1021
715
411
110
-159
-364
-534
-716
-889
-997
-1027
-1028
-1063
-1107
-1087
-1012
-948
-915
-871
-759
-601
-458
-335
-179
36
245
429
615
822
1023
1151
1222
1300
1375
1388
1302
1152
1007
869
689
453
220
10
-188
-378
-548
-676
-773
-879
-976
-1011
-1000
-974
-965
-956
-891
-798
-715
-644
-540
-335
-59
218
467
691
933
1200
1436
1595
1688
1734
1707
1553
1264
930
613
222
-341
-969
-1463
-1760
-2048
-2482
-2930
-3140
-3101
-3036
-3094
-3148
-3003
-2686
-2399
-2229
-2052
-1794
-1489
-1229
-1012
-736
-395
-63
228
539
937
1401
1812
2124
2396
2726
3071
3319
3382
3312
3225
3117
2908
2523
2022
1526
1074
583
41
-473
-878
-1192
-1482
-1725
-1818
-1755
-1660
-1590
-1455
-1170
-811
-534
-358
-155
142
426
580
654
756
910
1035
1090
1140
1238
1324
1348
1338
1360
1407
1389
1239
1039
877
713
468
124
-248
-549
-785
-1034
-1299
-1497
-1593
-1618
-1612
-1557
-1406
-1200
-998
-787
-530
-232
45
233
385
565
738
848
916
1026
1230
1472
1612
1642
1701
1841
1958
1901
1693
1502
1317
918
264
-410
-909
-1440
-2248
-3146
-3704
-3855
-4009
-4397
-4702
-4531
-3988
-3493
-3216
-2884
-2248
-1460
-829
-417
-53
365
756
1009
1158
1311
1494
1626
1674
1732
1886
2119
2304
2344
2325
2385
2511
2522
2279
1865
1486
1189
783
155
-540
-1066
-1418
-1770
-2156
-2393
-2344
-2136
-1918
-1610
-1075
-388
209
653
1124
1704
2206
2420
2409
2385
2394
2292
1982
1577
1238
968
674
349
98
-38
-142
-287
-430
-474
-443
-485
-653
-820
-886
-917
-1014
-1208
-1359
-1324
-1215
-1150
-1065
-879
-592
-255
44
341
710
1020
1183
1300
1417
1489
1454
1243
986
822
645
362
53
-119
-47
179
278
221
274
572
886
897
670
586
624
299
-493
-1229
-1511
-1782
-2630
-3690
-4095
-3736
-3449
-3749
-4027
-3499
-2407
-1588
-1288
-1003
-326
492
949
991
964
1019
1025
874
603
419
389
381
320
330
563
989
1408
1573
1588
1748
2074
2228
1909
1280
793
557
164
-593
-1371
-1728
-1730
-1766
-1879
-1699
-1074
-387
108
632
1441
2292
2717
2732
2755
2938
2928
2438
1686
1107
765
371
-197
-700
-900
-877
-857
-862
-694
-348
-84
-30
-22
123
270
145
-237
-529
-579
-604
-809
-1061
-1094
-869
-608
-429
-208
165
536
763
915
1105
1268
1190
877
582
430
244
-122
-580
-861
-892
-910
-1001
-992
-676
-43
627
1052
1294
1643
2137
2437
2223
1738
1397
1037
111
-1261
-2314
-2781
-3332
-4506
-5577
-5523
-4632
-4061
-4121
-3874
-2631
-1028
-78
205
540
1226
1802
1821
1435
1043
772
498
147
-155
-227
-66
173
385
690
1218
1871
2298
2269
2013
1892
1861
1462
486
-626
-1291
-1568
-1962
-2568
-2830
-2374
-1550
-861
-227
771
2020
2954
3404
3755
4195
4295
3685
2711
1960
1451
720
-337
-1211
-1489
-1370
-1274
-1218
-926
-327
263
603
810
1023
1128
890
354
-162
-506
-852
-1383
-1896
-1999
-1686
-1310
-1025
-679
-58
720
1268
1522
1701
1832
1730
1363
890
443
-24
-653
-1338
-1703
-1724
-1695
-1711
-1614
-1214
-540
67
442
850
1590
2539
3117
3018
2674
2690
2838
2286
1026
57
-310
-1041
-2702
-4261
-4523
-4167
-4765
-6079
-6169
-4523
-2898
-2645
-2844
-1895
42
1320
1318
1028
1252
1688
1678
1117
477
116
-65
-201
-301
-269
22
495
878
1040
1246
1703
2061
1780
909
182
39
-113
-995
-2212
-2722
-2303
-1771
-1697
-1552
-594
884
1969
2511
3141
3991
4421
4068
3414
3023
2633
1610
185
-765
-976
-1009
-1315
-1568
-1168
-206
626
1027
1315
1727
1990
1760
1137
519
-10
-745
-1699
-2380
-2523
-2395
-2324
-2195
-1591
-500
532
1165
1618
2113
2519
2535
2139
1602
1080
401
-441
-1119
-1468
-1676
-1930
-2099
-1852
-1229
-622
-284
7
476
976
1247
1271
1264
1578
2124
2350
2023
1594
1592
1809
1414
308
-483
-670
-1322
-2971
-4446
-4609
-4259
-4904
-6104
-5870
-3894
-2160
-1833
-1724
-395
1608
2667
2424
1918
1863
1868
1369
418
-567
-1240
-1498
-1516
-1458
-1225
-653
148
813
1170
1503
2008
2208
1600
505
-242
-427
-744
-1673
-2612
-2575
-1653
-819
-426
178
1463
2889
3634
3758
3877
3985
3522
2437
1366
694
35
-980
-1876
-1942
-1296
-664
-320
178
1157
2203
2675
2530
2213
1894
1284
223
-920
-1750
-2297
-2775
-3086
-2881
-2130
-1268
-565
214
1219
2173
2681
2663
2420
2199
1798
1049
189
-515
-1012
-1375
-1663
-1778
-1568
-1225
-994
-808
-488
-52
302
330
154
150
300
305
191
456
1329
2236
2438
2090
2108
2623
2567
1361
-7
-624
-1209
-2843
-4863
-5575
-5019
-5018
-5977
-5952
-3849
-1283
-194
-194
539
2280
3391
2908
1613
614
115
-349
-1175
-2188
-2818
-2654
-1856
-1017
-414
289
1314
2170
2322
2072
1993
1845
950
-539
-1581
-1616
-1373
-1686
-2083
-1502
61
1482
2047
2277
2948
3768
3825
3015
2066
1404
692
-320
-1182
-1370
-1119
-1035
-975
-262
1063
2114
2363
2280
2531
2871
2486
1296
74
-645
-1147
-1839
-2511
-2701
-2361
-1840
-1290
-539
386
1076
1377
1587
1893
2070
1780
1118
560
367
231
-118
-524
-738
-671
-530
-555
-694
-806
-924
-1064
-1182
-1263
-1270
-1212
-1090
-771
-250
259
660
1215
2276
3481
3921
3408
2810
2779
2577
1209
-644
-1621
-2064
-3372
-5295
-5926
-4829
-4071
-4837
-5189
-3181
-248
889
227
83
1409
2557
2028
464
-706
-1042
-1055
-1273
-1769
-2170
-1954
-1024
-32
454
696
1165
1613
1476
928
683
701
196
-872
-1463
-922
-38
92
-289
23
1301
2412
2373
1654
1403
1768
1771
914
-68
-393
-290
-392
-564
-181
652
1140
1153
1484
2396
3016
2616
1755
1422
1553
1253
222
-817
-1201
-1141
-1181
-1380
-1438
-1207
-803
-364
121
614
868
869
901
1139
1415
1320
852
493
480
553
341
-183
-592
-757
-872
-1006
-1166
-1297
-1389
-1464
-1303
-920
-675
-633
-470
-11
546
822
799
1010
1825
2821
3158
2609
2012
2051
2058
1051
-620
-1677
-2035
-3038
-4887
-5856
-5114
-4244
-4664
-5125
-3535
-616
1022
788
580
1633
2878
2654
1057
-487
-1132
-1199
-1449
-2179
-2844
-2628
-1503
-395
64
334
998
1700
1694
1153
886
980
630
-354
-976
-556
252
434
58
155
1097
2006
1919
1050
479
621
732
114
-769
-993
-533
-131
17
515
1495
2207
2283
2360
2925
3306
2721
1606
981
904
535
-399
-1244
-1399
-1137
-973
-927
-769
-437
-22
394
783
1074
1156
1090
1082
1176
1207
988
563
218
153
137
-123
-555
-893
-994
-1001
-1137
-1310
-1344
-1295
-1189
-951
-574
-261
-176
-121
202
663
844
695
948
2074
3130
2953
1968
1571
1982
1646
-160
-1828
-2119
-2462
-4296
-6181
-5888
-4245
-4001
-5090
-4532
-1409
1459
1787
930
1336
2827
3334
2011
-21
-1313
-1546
-1486
-1918
-2800
-3169
-2249
-757
42
182
604
1429
1781
1314
914
1098
1094
309
-496
-294
604
968
484
103
563
1316
1291
318
-632
-759
-417
-484
-1014
-1175
-510
408
990
1483
2269
2967
3001
2691
2713
2816
2205
983
99
-24
-48
-591
-1260
-1367
-942
-525
-354
-285
-119
157
510
884
1140
1197
1152
1162
1265
1327
1144
703
252
40
-37
-243
-646
-1018
-1081
-902
-837
-885
-850
-737
-585
-410
-250
-144
-211
-335
-272
-9
180
168
363
1320
2681
3222
2484
1581
1657
1836
504
-1762
-2912
-2882
-3710
-5773
-6579
-4942
-3323
-3707
-4148
-2050
1425
2956
2020
1275
2182
3167
2423
319
-1485
-2028
-1768
-1754
-2457
-3145
-2738
-1331
-232
-98
-119
524
1248
1188
800
1016
1568
1486
826
679
1421
1969
1441
431
38
338
340
-606
-1793
-2098
-1442
-802
-771
-730
88
1345
2154
2435
2766
3208
3110
2382
1802
1664
1302
344
-565
-685
-333
-344
-763
-932
-549
-50
127
57
40
229
599
982
1246
1419
1536
1560
1524
1474
1290
836
177
-331
-460
-538
-901
-1273
-1189
-826
-621
-579
-464
-261
-205
-335
-315
-136
-252
-663
-767
-320
143
148
205
1265
2935
3465
2335
1182
1274
1369
-275
-2742
-3695
-3328
-4117
-6181
-6593
-4435
-2606
-2972
-3350
-1182
2182
3440
2267
1344
2014
2788
2002
-70
-1884
-2378
-1965
-1858
-2583
-3328
-2927
-1531
-536
-570
-592
217
1083
1171
1041
1586
2415
2451
1803
1694
2380
2602
1617
263
-312
-135
-334
-1453
-2538
-2471
-1504
-767
-626
-332
678
1855
2409
2547
2848
3029
2548
1766
1413
1341
817
-176
-812
-639
-302
-476
-836
-794
-355
110
388
513
657
977
1447
1893
2084
1962
1747
1594
1373
988
526
-6
-525
-776
-797
-772
-783
-827
-700
-360
-142
-181
-302
-411
-498
-512
-507
-593
-601
-373
-29
309
493
701
1627
3028
3472
2454
1236
932
838
-605
-2987
-4081
-3685
-4242
-6270
-6932
-4857
-2684
-2878
-3626
-1776
1863
3535
2328
1142
1907
3070
2410
90
-1862
-2200
-1762
-1931
-2820
-3481
-3045
-1817
-1012
-917
-625
277
1051
1127
1110
1855
2868
2913
2100
1849
2544
2846
1795
199
-531
-330
-522
-1762
-2922
-2821
-1846
-1101
-867
-442
620
1703
2233
2573
3025
3097
2440
1656
1410
1359
708
-431
-1057
-789
-427
-638
-968
-759
-137
402
703
949
1255
1544
1768
2033
2260
2116
1609
1128
872
647
149
-484
-806
-643
-406
-389
-364
-188
68
281
317
139
-109
-321
-428
-430
-528
-668
-560
-241
89
477
1013
1882
3082
3807
3274
2051
1298
899
-361
-2647
-4282
-4360
-4627
-6417
-7651
-6131
-3604
-3012
-3692
-2513
953
3399
2779
1245
1511
2825
2701
636
-1524
-2107
-1588
-1507
-2307
-3054
-2839
-1852
-1118
-1100
-998
-179
668
805
785
1515
2668
3030
2383
2014
2573
2908
1964
363
-555
-535
-640
-1623
-2705
-2725
-1821
-1011
-676
-254
675
1614
1993
2156
2598
2862
2340
1506
1209
1337
1023
19
-783
-714
-403
-658
-1211
-1279
-751
-153
198
517
1011
1570
2017
2292
2340
2128
1736
1243
806
449
58
-337
-610
-621
-342
-38
17
11
172
394
395
93
-314
-535
-446
-267
-167
-111
28
357
866
1236
1595
2574
3782
3801
2385
1063
817
330
-1816
-4173
-4460
-3812
-5053
-7366
-7160
-4277
-2562
-3569
-4044
-1230
2439
3088
1231
391
1592
2462
1211
-1080
-2340
-2127
-1646
-1830
-2428
-2546
-1757
-729
-381
-405
116
989
1228
868
1092
2212
2933
2315
1391
1534
2252
2055
709
-569
-805
-528
-838
-1736
-2167
-1615
-696
-147
94
572
1292
1691
1746
1988
2366
2183
1380
828
988
1160
552
-388
-641
-269
-196
-625
-964
-821
-346
194
704
1104
1357
1579
1896
2106
1875
1271
682
365
288
142
-227
-469
-364
-62
193
230
117
22
-60
-94
20
52
-232
-498
-271
286
597
491
417
804
1374
1803
2535
3546
3619
2347
1117
863
388
-1559
-3706
-4036
-3581
-4857
-6947
-6591
-3983
-2679
-3693
-3826
-963
2224
2325
349
-223
1060
1494
-206
-2352
-3002
-2388
-1956
-2197
-2365
-1874
-969
-267
-45
193
889
1465
1294
954
1421
2440
2766
1958
1116
1247
1694
1253
-16
-993
-1044
-695
-808
-1385
-1580
-980
-100
426
616
871
1272
1457
1319
1342
1686
1709
1122
604
758
1104
829
120
-190
29
180
-47
-366
-382
-35
517
1069
1347
1424
1554
1757
1823
1508
905
410
179
84
35
-73
-240
-211
65
252
170
-39
-178
-251
-315
-442
-442
-211
-135
-168
251
920
1065
744
668
1247
2428
3600
3941
3159
1924
1173
810
-426
-2715
-4151
-3775
-3574
-5096
-6338
-4938
-2363
-1828
-3075
-2674
303
2440
1335
-849
-977
416
456
-1587
-3447
-3357
-2286
-1970
-2509
-2732
-1927
-788
-365
-427
160
1395
2053
1711
1500
2320
3332
3064
1648
643
734
907
178
-1085
-1751
-1367
-715
-682
-1034
-912
-99
753
1032
946
1066
1352
1277
931
936
1293
1282
685
265
531
903
620
-83
-423
-197
117
96
-54
56
526
1194
1677
1725
1580
1622
1744
1601
1130
571
231
73
-3
46
178
144
-124
-322
-347
-385
-591
-865
-895
-529
-75
123
90
53
214
602
818
713
690
964
1553
2581
3677
3837
2595
949
134
-184
-1409
-3287
-3916
-3132
-3120
-4400
-4609
-2707
-959
-1348
-2346
-1323
1152
1976
344
-1185
-790
183
-357
-2217
-3437
-3087
-2280
-2219
-2695
-2701
-1849
-880
-516
-277
638
1802
2153
1750
1791
2632
3197
2503
1129
379
433
371
-338
-1210
-1520
-1163
-705
-641
-763
-533
124
765
1021
1041
1137
1269
1178
1045
1190
1385
1147
563
211
264
281
-87
-569
-715
-499
-211
-9
202
611
1211
1756
2073
2104
1944
1826
1702
1417
1038
684
358
164
115
99
-3
-331
-714
-852
-778
-710
-612
-435
-317
-206
18
185
77
-116
-97
169
366
279
235
558
1170
2210
3432
3537
2084
413
-280
-646
-1893
-3381
-3350
-2244
-2418
-3899
-3958
-1928
-564
-1564
-2765
-1578
997
1877
474
-695
-145
650
20
-1591
-2717
-2752
-2388
-2350
-2470
-2255
-1667
-1106
-754
-307
491
1198
1314
1147
1424
2217
2830
2666
1839
990
555
405
83
-658
-1443
-1599
-1051
-548
-569
-607
-67
716
1018
849
800
1032
1168
1094
1175
1561
1746
1288
554
133
56
-110
-602
-1107
-1094
-522
72
387
612
1095
1686
1938
1805
1650
1725
1798
1634
1385
1274
1231
994
587
199
-136
-400
-537
-642
-763
-664
-362
-187
-307
-520
-539
-288
-214
-464
-422
138
553
454
290
504
1326
2601
3416
2804
1105
-390
-964
-1325
-2321
-3070
-2432
-1599
-2381
-3855
-3688
-2054
-1378
-2468
-3134
-1381
1458
2399
1013
-271
90
824
150
-1707
-2964
-2590
-1514
-1184
-1610
-1686
-1116
-809
-1207
-1447
-757
293
650
534
1087
2459
3407
2960
1629
562
283
322
2
-644
-921
-517
-6
-62
-581
-898
-768
-567
-537
-329
321
1062
1479
1664
1960
2248
1947
977
80
-135
82
133
-131
-357
-223
67
75
-173
-237
58
476
833
1203
1782
2328
2457
2136
1688
1432
1244
991
680
530
631
662
472
109
-285
-524
-653
-871
-1067
-962
-593
-192
54
193
415
609
315
-186
-161
411
1010
1741
2751
3128
2053
43
-1452
-1884
-2203
-2911
-2904
-1875
-1502
-2725
-3842
-3097
-1610
-1746
-3182
-3037
-339
2096
1709
-88
-487
425
439
-1037
-2272
-1987
-988
-630
-867
-778
-372
-451
-1122
-1554
-1153
-248
465
738
977
1606
2375
2580
1847
580
-256
-121
422
599
405
299
370
262
-264
-895
-1133
-1042
-952
-765
-147
791
1447
1442
1068
895
958
860
516
233
232
547
928
873
349
-211
-505
-532
-311
77
465
766
1018
1197
1354
1460
1188
694
524
839
1408
1845
1763
1252
872
663
337
-98
-387
-422
-275
-126
-127
-195
-356
-665
-913
-694
-166
231
403
533
759
1141
1847
2632
2695
1397
-509
-1507
-1369
-1410
-2075
-2085
-1148
-1121
-3095
-5068
-4663
-2655
-1819
-2645
-2701
-616
1584
1506
-326
-1610
-1371
-768
-926
-1286
-755
419
999
439
-537
-1091
-1168
-1072
-927
-601
81
1133
2101
2273
1493
547
255
446
433
210
390
1112
1770
1763
1165
353
-460
-1170
-1506
-1199
-349
507
818
541
68
-285
-422
-337
-87
313
858
1408
1707
1555
993
362
-23
-174
-209
-42
452
1065
1389
1201
670
145
-110
-51
236
635
988
1247
1402
1370
1068
688
405
341
540
771
845
745
416
-65
-466
-687
-780
-737
-557
-190
298
648
562
209
6
89
508
1408
2484
2803
1896
285
-966
-1515
-1832
-1981
-1459
-703
-1085
-2890
-4471
-4436
-3444
-2829
-2634
-2110
-1180
-505
-533
-1027
-1556
-1896
-1826
-1310
-690
-270
13
346
482
79
-784
-1446
-1187
-27
1076
1421
1320
1355
1530
1391
833
288
159
434
914
1348
1415
1047
662
526
333
-228
-761
-578
264
943
940
499
47
-300
-509
-434
-74
396
817
1083
1072
733
282
22
32
188
433
747
1034
1143
1060
862
568
266
134
262
590
943
1108
994
661
305
163
259
437
679
972
1111
939
570
279
93
-113
-285
-265
-89
21
0
-63
-71
-56
-105
-229
-256
-35
322
660
947
1185
1200
788
-15
-736
-970
-892
-847
-853
-748
-798
-1444
-2465
-3022
-2659
-1837
-1239
-996
-857
-882
-1224
-1751
-2119
-2132
-1832
-1341
-829
-520
-625
-1051
-1437
-1481
-1204
-841
-533
-183
272
646
745
607
479
515
644
719
717
738
813
858
800
686
610
627
609
469
394
554
778
825
735
689
697
593
336
150
239
476
559
423
246
193
226
239
256
347
489
604
660
660
635
639
677
669
570
455
404
384
318
206
140
207
326
382
388
430
477
515
587
721
836
767
550
374
345
338
250
177
240
368
331
115
-75
-79
8
34
1
75
420
798
851
549
146
-95
-57
-7
-145
-325
-366
-331
-468
-828
-1179
-1317
-1318
-1334
-1442
-1578
-1670
-1678
-1621
-1632
-1800
-2051
-2222
-2236
-2121
-2017
-2049
-2134
-2123
-1960
-1811
-1830
-1848
-1592
-1111
-707
-464
-242
21
221
330
469
695
922
1085
1269
1495
1633
1641
1592
1539
1525
1538
1517
1467
1467
1494
1444
1220
891
749
881
1019
953
814
788
872
912
790
602
516
598
757
890
918
839
772
688
470
202
13
-96
-102
21
210
342
321
233
226
263
229
202
325
550
688
629
476
335
174
-36
-176
-187
-167
-181
-172
-122
-125
-229
-353
-389
-353
-284
-134
154
519
739
666
329
-36
-130
-20
-72
-358
-488
-260
-115
-475
-1068
-1318
-1168
-1116
-1390
-1686
-1709
-1545
-1472
-1604
-1829
-2023
-2135
-2162
-2079
-1946
-1924
-2087
-2304
-2302
-2052
-1836
-1780
-1655
-1275
-788
-482
-400
-297
-65
187
391
589
845
1173
1513
1735
1799
1723
1554
1406
1369
1458
1565
1624
1626
1574
1472
1345
1204
1106
1154
1295
1382
1376
1355
1383
1385
1263
1063
949
959
1025
1091
1100
1005
788
491
214
0
-131
-143
-62
65
212
312
279
117
-38
-26
129
270
330
402
511
575
455
104
-239
-386
-376
-325
-322
-370
-358
-319
-374
-522
-632
-586
-450
-309
-184
-76
-3
67
243
429
387
77
-212
-210
23
143
-76
-404
-506
-463
-623
-1058
-1406
-1283
-895
-766
-1025
-1372
-1525
-1505
-1522
-1674
-1874
-2002
-2032
-2009
-1972
-1964
-2084
-2306
-2403
-2236
-1913
-1658
-1535
-1359
-1024
-694
-503
-351
-76
309
666
903
1025
1080
1122
1224
1334
1343
1322
1391
1552
1682
1671
1543
1457
1484
1536
1526
1471
1487
1641
1826
1877
1761
1588
1470
1400
1315
1197
1080
985
905
830
712
544
352
202
128
103
115
144
186
204
183
167
170
200
275
413
539
549
417
243
124
-8
-166
-273
-306
-242
-111
-69
-172
-320
-365
-326
-331
-403
-409
-258
-87
-39
-128
-216
-271
-333
-283
-19
313
367
72
-310
-455
-374
-375
-582
-741
-563
-288
-347
-725
-989
-916
-748
-841
-1141
-1338
-1358
-1333
-1430
-1671
-1941
-2085
-2102
-2077
-2063
-2093
-2150
-2174
-2072
-1839
-1611
-1466
-1272
-950
-667
-557
-509
-344
-103
108
276
438
566
669
821
1025
1178
1190
1162
1231
1418
1622
1743
1772
1774
1865
2000
2000
1841
1718
1784
1914
1851
1584
1322
1214
1185
1094
959
864
824
789
737
624
440
278
227
299
374
372
349
374
434
451
325
101
-48
-28
65
71
-30
-93
-30
24
-51
-194
-299
-302
-191
-58
-11
-47
-137
-222
-228
-220
-270
-305
-340
-376
-385
-400
-384
-373
-415
-456
-326
11
308
311
61
-208
-252
-45
74
-74
-223
-111
94
-55
-593
-959
-842
-641
-735
-1044
-1289
-1369
-1451
-1612
-1768
-1888
-1977
-1951
-1804
-1663
-1690
-1860
-1989
-1961
-1807
-1671
-1632
-1556
-1268
-898
-706
-725
-733
-534
-246
-35
126
282
456
685
941
1129
1217
1281
1428
1680
1905
1996
1983
1937
1914
1918
1890
1780
1651
1640
1752
1786
1605
1341
1180
1192
1231
1155
1043
1018
1073
1122
1099
966
799
712
711
669
546
409
290
218
138
-18
-168
-275
-335
-294
-238
-262
-323
-331
-283
-224
-211
-227
-236
-212
-176
-176
-243
-372
-481
-494
-454
-417
-429
-480
-521
-545
-572
-589
-589
-574
-489
-367
-226
51
434
636
426
1
-249
-149
41
-24
-269
-296
-111
-169
-666
-1189
-1204
-819
-609
-782
-1006
-1063
-1078
-1201
-1404
-1577
-1686
-1745
-1715
-1566
-1450
-1572
-1869
-2073
-2007
-1793
-1658
-1576
-1337
-961
-710
-682
-703
-552
-244
79
332
542
768
992
1169
1275
1309
1318
1412
1616
1818
1930
1950
1901
1811
1713
1628
1538
1468
1514
1699
1858
1825
1626
1426
1376
1440
1463
1426
1432
1459
1402
1201
906
631
440
340
288
227
118
-8
-94
-171
-318
-519
-638
-549
-324
-140
-98
-210
-334
-387
-398
-405
-376
-322
-278
-228
-190
-228
-338
-456
-540
-501
-428
-438
-396
-267
-161
-138
-208
-327
-352
-254
-142
-102
-172
-245
-214
-72
95
150
-18
-318
-532
-471
-251
-180
-236
-218
-71
-62
-466
-961
-966
-589
-381
-571
-951
-1209
-1302
-1408
-1520
-1569
-1642
-1736
-1755
-1632
-1502
-1615
-1902
-2055
-1904
-1612
-1471
-1412
-1155
-754
-503
-497
-561
-433
-86
251
485
647
757
820
866
922
976
1047
1175
1374
1589
1771
1899
1952
1958
1977
2035
2095
2116
2166
2288
2360
2218
1889
1570
1428
1415
1356
1224
1117
1052
941
730
465
255
180
209
253
260
192
61
-87
-215
-338
-463
-527
-490
-361
-247
-272
-416
-538
-585
-574
-542
-519
-472
-367
-241
-191
-235
-355
-444
-379
-188
-55
-63
-118
-151
-171
-238
-349
-426
-419
-364
-319
-307
-326
-335
-311
-303
-324
-256
38
412
510
240
-122
-280
-213
-186
-344
-467
-334
-131
-269
-768
-1129
-1016
-731
-729
-1001
-1200
-1194
-1173
-1283
-1435
-1540
-1602
-1610
-1531
-1392
-1339
-1466
-1652
-1679
-1525
-1376
-1324
-1228
-977
-712
-624
-662
-628
-417
-111
181
451
708
919
1065
1197
1339
1462
1578
1747
1971
2169
2260
2251
2187
2135
2062
1899
1718
1656
1744
1856
1840
1640
1391
1231
1175
1124
1021
941
925
907
815
644
437
214
32
-48
-74
-119
-215
-306
-338
-370
-503
-688
-781
-692
-507
-412
-472
-533
-484
-408
-385
-402
-370
-220
-26
66
21
-111
-249
-290
-228
-168
-124
-57
38
120
107
-10
-102
-79
1
62
53
-16
-49
-38
-112
-258
-363
-409
-359
-131
158
214
-67
-492
-699
-588
-424
-461
-526
-378
-145
-219
-720
-1174
-1111
-748
-605
-812
-1096
-1245
-1297
-1351
-1453
-1592
-1734
-1804
-1707
-1506
-1412
-1527
-1715
-1740
-1540
-1304
-1196
-1048
-693
-270
-39
-60
-127
-27
247
540
765
937
1053
1142
1246
1341
1397
1444
1539
1670
1803
1934
2060
2132
2139
2089
2011
1924
1834
1812
1858
1850
1666
1366
1081
923
855
781
709
697
699
603
403
179
17
-44
-36
-23
-47
-123
-215
-252
-288
-408
-575
-674
-633
-511
-403
-390
-422
-461
-535
-588
-584
-514
-363
-175
-32
4
-49
-119
-165
-148
-95
-102
-122
-38
73
64
-79
-247
-357
-375
-352
-333
-287
-242
-236
-265
-358
-462
-476
-412
-312
-183
37
293
371
114
-325
-603
-583
-456
-472
-554
-516
-357
-402
-855
-1305
-1293
-932
-662
-710
-902
-958
-946
-1051
-1224
-1346
-1378
-1345
-1255
-1108
-997
-1079
-1309
-1433
-1313
-1090
-937
-771
-443
-79
103
106
76
200
478
767
1049
1296
1442
1519
1559
1551
1521
1476
1466
1549
1665
1724
1721
1666
1570
1465
1395
1366
1371
1442
1551
1598
1489
1223
954
825
798
747
686
707
769
729
526
273
102
55
37
3
-23
-58
-101
-171
-284
-417
-554
-661
-647
-529
-438
-458
-537
-585
-586
-612
-670
-660
-582
-499
-417
-374
-375
-406
-430
-370
-251
-148
-63
19
89
104
30
-58
-84
-51
-8
-26
-74
-138
-217
-320
-473
-599
-621
-597
-592
-611
-616
-569
-413
-145
68
21
-273
-554
-598
-451
-364
-464
-549
-455
-379
-644
-1119
-1264
-928
-551
-533
-787
-951
-924
-880
-904
-952
-946
-891
-786
-623
-470
-471
-630
-767
-714
-523
-386
-337
-179
118
332
321
172
136
341
679
952
1101
1163
1184
1220
1246
1229
1204
1251
1379
1495
1512
1464
1426
1396
1345
1278
1221
1189
1234
1340
1409
1326
1105
856
705
680
698
697
699
706
658
509
294
101
-3
0
41
47
-21
-137
-234
-296
-395
-537
-630
-588
-443
-333
-353
-449
-492
-477
-473
-481
-464
-355
-199
-117
-159
-280
-383
-404
-348
-269
-198
-172
-157
-114
-90
-135
-227
-281
-266
-206
-182
-257
-384
-470
-544
-650
-744
-820
-841
-794
-770
-842
-943
-1013
-1014
-909
-700
-404
-183
-214
-429
-580
-519
-340
-259
-268
-157
96
196
-110
-508
-518
-176
57
-35
-239
-285
-237
-271
-374
-476
-522
-498
-412
-303
-231
-295
-461
-571
-542
-475
-461
-425
-208
112
257
165
32
100
339
548
641
713
822
939
1014
993
926
899
958
1069
1133
1129
1128
1135
1118
1077
1008
930
888
945
1110
1236
1199
1041
920
914
939
882
788
790
891
909
754
529
367
331
371
387
310
175
72
-8
-96
-229
-402
-526
-521
-412
-333
-359
-455
-518
-537
-580
-653
-670
-563
-426
-361
-397
-505
-609
-666
-681
-641
-586
-544
-509
-501
-521
-591
-680
-723
-727
-704
-684
-676
-635
-590
-603
-680
-756
-732
-603
-475
-418
-417
-412
-389
-390
-434
-455
-377
-217
-17
228
454
517
374
145
22
88
219
289
336
427
488
345
-4
-292
-266
-29
128
81
-66
-169
-236
-346
-488
-558
-539
-483
-414
-349
-356
-483
-671
-786
-784
-727
-679
-582
-365
-138
-80
-179
-245
-160
22
192
334
488
631
711
709
662
629
674
787
939
1066
1125
1133
1124
1123
1100
1045
987
1030
1203
1391
1440
1317
1159
1053
989
924
861
862
929
978
927
749
514
331
250
199
127
71
74
93
35
-117
-322
-490
-576
-566
-499
-475
-495
-531
-587
-682
-810
-915
-901
-748
-577
-490
-505
-579
-670
-730
-760
-764
-725
-650
-557
-483
-456
-499
-554
-574
-559
-505
-408
-321
-259
-199
-173
-204
-268
-272
-177
-43
36
69
73
64
24
-63
-137
-129
-20
112
192
204
200
248
291
258
143
15
-42
-8
44
22
-30
-77
-145
-272
-424
-527
-509
-388
-264
-243
-375
-584
-744
-807
-789
-753
-730
-700
-653
-623
-682
-809
-899
-872
-758
-633
-495
-327
-168
-56
7
52
107
198
360
595
819
941
989
1011
1015
997
969
1011
1120
1214
1253
1235
1211
1180
1136
1087
1053
1053
1092
1139
1169
1168
1101
982
883
833
799
779
804
848
843
747
578
402
271
195
165
150
114
41
-56
-171
-285
-417
-559
-656
-677
-651
-659
-700
-744
-786
-815
-830
-831
-812
-757
-661
-586
-564
-596
-641
-630
-566
-481
-395
-315
-254
-207
-177
-158
-152
-158
-162
-126
-64
-36
-55
-88
-125
-170
-223
-276
-295
-293
-290
-266
-247
-275
-340
-398
-410
-377
-338
-341
-357
-351
-346
-377
-444
-464
-360
-186
-96
-109
-156
-202
-234
-266
-285
-246
-117
-16
-48
-155
-226
-213
-174
-176
-191
-191
-219
-282
-333
-354
-386
-431
-456
-418
-336
-292
-309
-347
-339
-310
-279
-244
-178
-22
166
297
364
415
487
586
689
797
901
998
1074
1106
1101
1066
1063
1110
1159
1195
1223
1239
1251
1235
1186
1149
1128
1125
1137
1165
1174
1133
1063
943
805
694
612
540
490
466
438
381
269
121
-7
-68
-91
-127
-185
-246
-284
-324
-409
-526
-632
-677
-666
-662
-702
-736
-734
-730
-754
-814
-862
-842
-745
-663
-635
-656
-703
-717
-718
-731
-756
-750
-719
-695
-682
-697
-737
-778
-783
-732
-659
-615
-603
-582
-543
-524
-501
-476
-439
-365
-287
-249
-221
-177
-152
-139
-120
-107
-100
-93
-80
-62
-34
-7
-10
-30
-51
-40
-34
-30
8
71
114
126
143
164
197
239
251
227
191
157
122
99
105
135
152
133
80
-7
-85
-70
28
84
45
-6
-6
42
95
120
124
126
156
199
241
272
320
414
526
629
707
766
841
936
1003
1013
1000
1023
1081
1138
1159
1143
1118
1099
1077
1036
1014
1009
997
946
865
800
746
668
544
416
342
273
167
64
6
-38
-106
-218
-349
-454
-488
-482
-521
-621
-723
-787
-835
-900
-956
-978
-975
-972
-994
-1035
-1049
-1019
-968
-926
-905
-884
-826
-748
-693
-668
-665
-656
-616
-553
-504
-483
-477
-465
-437
-419
-441
-465
-456
-422
-384
-353
-329
-286
-233
-192
-157
-138
-147
-127
-60
3
41
53
78
128
157
139
120
145
205
248
267
286
291
295
299
284
264
266
286
298
288
244
200
165
125
85
83
124
170
233
280
270
178
91
73
112
178
205
209
236
270
243
142
52
97
208
299
344
355
359
378
392
362
345
347
417
498
537
510
440
384
364
377
368
351
352
400
433
395
309
217
176
167
170
188
189
194
183
140
72
27
3
-26
-44
-24
-6
-20
-56
-120
-155
-179
-232
-285
-282
-239
-215
-263
-336
-401
-439
-479
-511
-514
-488
-449
-452
-495
-536
-556
-553
-532
-504
-462
-399
-323
-264
-234
-227
-237
-226
-189
-156
-107
-75
-78
-66
-49
-57
-84
-99
-72
-18
23
10
-45
-78
-83
-79
-87
-93
-82
-56
-35
-27
-45
-54
-53
-40
-5
14
23
36
65
101
128
106
89
114
149
170
188
206
209
221
212
207
198
189
203
247
279
251
217
187
178
180
172
144
103
81
73
76
38
-5
-18
-15
-26
-52
-72
-76
-63
-71
-102
-139
-134
-113
-101
-108
-127
-120
-101
-94
-102
-105
-81
-44
-20
-12
-15
-20
-29
-16
17
34
29
31
71
128
183
207
197
180
169
173
189
212
235
259
284
316
306
244
193
207
270
308
289
238
196
181
158
110
67
60
74
71
41
-1
-25
-60
-97
-121
-123
-110
-88
-58
-53
-72
-106
-126
-117
-91
-70
-59
-39
-16
-20
-41
-67
-77
-64
-54
-43
-37
-48
-51
-54
-69
-95
-118
-121
-96
-67
-48
-40
-43
-47
-63
-90
-99
-93
-73
-52
-64
-93
-125
-146
-162
-178
-168
-145
-116
-112
-126
-141
-169
-206
-229
-223
-197
-168
-165
-186
-213
-245
-282
-305
-323
-337
-309
-285
-298
-321
-330
-348
-371
-383
-378
-361
-346
-315
-299
-285
-269
-237
-193
-156
-106
-52
24
72
129
153
162
211
267
331
373
406
428
462
499
525
520
528
558
575
603
595
592
585
578
577
551
526
505
503
498
470
419
367
320
290
274
250
235
205
172
145
126
114
86
54
27
6
0
-11
-33
-47
-70
-89
-107
-142
-147
-139
-124
-121
-121
-121
-119
-98
-70
-47
-27
-3
14
42
44
36
41
60
82
86
88
90
94
86
86
64
61
54
52
49
24
16
-18
-70
-133
-185
-211
-236
-273
-308
-349
-394
-421
-460
-506
-548
-581
-594
-610
-634
-663
-680
-683
-692
-722
-739
-733
-708
-681
-656
-628
-595
-580
-581
-555
-511
-454
-400
-341
-276
-224
-187
-152
-117
-72
-26
28
98
157
214
260
298
337
397
457
500
529
563
618
656
661
666
681
704
718
710
717
745
759
736
697
674
648
615
584
551
536
519
480
432
377
321
274
230
182
130
84
54
30
11
-27
-65
-89
-111
-112
-115
-127
-152
-168
-172
-177
-172
-157
-143
-128
-117
-112
-105
-99
-82
-55
-29
-9
6
10
16
27
46
59
70
98
113
116
113
108
99
99
95
75
59
35
16
-10
-28
-38
-61
-94
-130
-155
-188
-226
-259
-294
-326
-349
-363
-388
-422
-446
-456
-449
-439
-426
-407
-391
-386
-386
-388
-384
-374
-370
-370
-361
-333
-310
-289
-266
-249
-222
-194
-175
-160
-137
-115
-97
-94
-100
-100
-90
-63
-40
-14
19
48
64
82
105
125
152
179
208
238
257
276
285
290
294
295
304
303
298
297
301
304
303
279
249
224
213
208
178
151
127
111
98
63
44
44
51
57
56
56
63
85
97
103
115
135
158
170
174
181
195
209
216
228
241
256
276
288
278
264
246
229
223
205
191
183
170
148
114
82
58
36
8
-16
-41
-85
-136
-161
-175
-196
-231
-260
-265
-259
-257
-269
-269
-263
-260
-275
-282
-271
-249
-231
-230
-224
-212
-201
-191
-172
-146
-126
-126
-123
-110
-81
-54
-43
-33
-16
3
7
8
5
18
31
29
12
0
3
25
38
32
24
14
15
9
12
1
-12
-27
-48
-60
-62
-62
-59
-61
-71
-89
-114
-132
-154
-157
-142
-150
-190
-234
-245
-244
-231
-218
-197
-179
-179
-171
-179
-170
-124
-114
-104
-75
-47
-15
-9
-4
10
27
52
76
104
155
189
208
216
205
221
253
286
309
335
350
368
378
366
354
347
348
343
349
336
332
330
306
279
251
217
189
177
158
131
104
65
28
-12
-39
-47
-69
-90
-94
-112
-141
-162
-184
-206
-221
-224
-225
-218
-221
-211
-186
-176
-169
-159
-131
-96
-68
-51
-26
2
24
40
53
74
101
131
143
143
142
144
140
148
149
156
168
181
176
165
160
144
141
118
89
71
65
56
28
-3
-32
-53
-87
-123
-160
-189
-221
-266
-282
-300
-311
-330
-354
-375
-397
-427
-441
-426
-413
-410
-421
-431
-429
-421
-402
-365
-328
-303
-270
-230
-194
-167
-145
-113
-64
-16
31
78
118
153
176
190
209
233
256
288
312
320
320
323
320
308
304
296
307
317
308
290
282
272
250
236
218
211
198
184
162
140
131
110
87
55
34
23
14
9
8
12
10
-2
-9
-12
-7
-5
-16
-21
-29
-24
-23
-22
-8
-9
-21
-29
-31
-13
7
15
35
49
60
69
70
76
84
91
105
110
115
125
137
154
151
137
124
112
97
72
48
37
24
0
-27
-57
-80
-89
-104
-122
-128
-152
-168
-186
-213
-239
-255
-283
-306
-311
-306
-289
-283
-284
-288
-299
-318
-324
-315
-300
-291
-293
-298
-299
-290
-275
-257
-222
-183
-154
-127
-108
-97
-87
-70
-37
4
42
57
64
90
117
133
155
182
217
265
287
291
303
302
309
321
328
331
329
321
310
294
254
224
213
206
204
178
146
132
132
123
108
99
101
114
110
99
89
75
51
28
14
0
4
17
18
9
-16
-40
-43
-42
-39
-30
-24
-21
-10
-9
-16
-25
-42
-45
-44
-46
-36
-13
-8
-11
-25
-43
-53
-50
-42
-27
-6
-7
-22
-51
-60
-64
-72
-90
-90
-90
-100
-102
-124
-129
-141
-137
-142
-151
-162
-164
-177
-195
-205
-226
-217
-234
-215
-204
-195
-184
-183
-158
-140
-119
-119
-100
-88
-80
-64
-53
-31
-16
14
7
3
0
9
33
54
74
69
69
59
68
71
80
100
119
131
140
148
149
144
128
112
101
93
92
93
98
105
113
125
136
145
154
171
184
200
211
221
225
220
218
204
188
176
172
163
147
131
125
124
117
108
93
85
81
85
78
68
55
38
21
0
-12
-15
-13
-23
-36
-47
-38
-34
-38
-42
-46
-40
-35
-39
-44
-47
-54
-62
-78
-97
-96
-100
-121
-151
-178
-193
-208
-219
-234
-246
-258
-261
-282
-293
-307
-327
-321
-318
-316
-309
-297
-280
-272
-276
-267
-254
-235
-218
-206
-194
-165
-134
-117
-99
-66
-37
-18
7
36
73
109
135
149
164
179
176
179
192
206
220
231
238
244
249
241
231
221
213
204
208
200
183
162
146
148
141
148
153
154
156
140
126
103
87
80
72
53
53
48
36
29
5
0
-8
-6
-8
-1
12
16
12
5
1
2
14
8
20
43
69
84
75
80
85
81
74
80
88
100
105
106
89
75
71
67
82
88
99
103
91
69
47
17
-7
-11
-11
-17
-43
-71
-101
-130
-153
-164
-165
-168
-173
-168
-171
-173
-183
-201
-215
-219
-233
-252
-258
-254
-253
-262
-280
-297
-280
-252
-217
-189
-187
-195
-189
-182
-178
-170
-148
-130
-107
-90
-81
-70
-61
-40
-19
0
3
14
24
32
53
75
87
89
113
131
155
177
179
182
189
199
203
208
218
226
227
217
199
183
167
145
134
122
114
108
98
92
80
59
38
22
21
36
40
29
14
4
-16
-24
-30
-40
-34
-28
-33
-37
-36
-42
-43
-53
-50
-33
-8
21
33
39
32
41
41
49
58
71
91
104
117
107
101
96
91
85
84
92
92
89
85
84
78
72
58
60
69
68
68
47
38
19
-3
-25
-48
-69
-77
-95
-108
-121
-129
-124
-135
-133
-139
-137
-139
-142
-131
-140
-145
-144
-146
-139
-138
-146
-134
-125
-115
-115
-107
-90
-83
-73
-59
-51
-33
-23
-20
3
8
18
32
30
36
39
41
40
37
33
35
40
51
55
51
48
50
52
43
46
52
53
47
44
41
34
32
27
21
12
1
-6
-3
1
-3
-12
-27
-42
-54
-73
-94
-105
-111
-111
-110
-119
-120
-117
-114
-107
-107
-96
-79
-60
-43
-37
-28
-25
-18
-14
-11
2
23
37
61
63
65
78
79
99
116
125
133
133
134
150
148
140
137
125
118
98
88
88
90
80
69
62
51
45
50
58
60
58
46
44
46
46
46
26
17
13
8
6
-4
-9
-8
-5
-3
-6
-13
-1
-2
0
4
7
18
20
20
25
27
23
26
31
33
36
40
42
47
49
47
45
36
27
22
17
11
12
16
23
27
22
15
11
14
10
4
-8
-32
-46
-47
-50
-61
-75
-84
-102
-117
-137
-146
-151
-171
-184
-182
-164
-163
-156
-136
-132
-139
-140
-146
-143
-143
-147
-134
-125
-124
-122
-111
-108
-108
-111
-118
-125
-122
-104
-78
-59
-45
-38
-36
-33
-33
-25
-21
-22
-22
-23
-14
-16
-9
-2
11
29
43
63
70
72
81
91
92
93
90
94
94
89
91
96
102
107
117
129
135
141
144
146
150
153
159
159
158
166
162
164
168
156
160
172
181
171
152
146
146
147
141
138
135
125
102
97
91
79
69
56
49
33
21
10
2
5
5
9
4
-1
-12
-36
-66
-85
-84
-78
-81
-88
-93
-106
-122
-131
-131
-128
-128
-134
-140
-145
-145
-140
-130
-136
-138
-128
-121
-106
-93
-84
-78
-81
-83
-81
-72
-63
-51
-49
-50
-48
-47
-36
-33
-32
-24
-19
-17
-13
-17
-17
-17
-8
10
16
12
-1
-12
-16
-23
-26
-30
-35
-33
-35
-39
-48
-55
-64
-75
-76
-73
-73
-68
-68
-62
-61
-63
-63
-69
-71
-66
-57
-54
-51
-45
-30
-20
-15
-8
4
18
33
47
55
62
60
61
68
81
86
85
87
85
86
98
106
120
130
139
140
140
148
154
159
150
139
135
142
153
159
164
166
158
154
145
131
117
96
81
72
62
56
52
41
29
18
-6
-29
-39
-51
-49
-43
-41
-48
-62
-73
-95
-118
-130
-132
-130
-123
-111
-98
-88
-88
-89
-98
-99
-100
-103
-98
-93
-86
-77
-72
-59
-46
-30
-21
-19
-13
0
21
35
39
43
43
43
44
45
53
54
58
64
59
58
51
34
32
28
21
18
14
19
16
11
2
-16
-29
-26
-32
-31
-35
-50
-53
-59
-69
-72
-65
-57
-48
-56
-63
-68
-67
-63
-56
-43
-39
-35
-33
-28
-27
-26
-23
-22
-21
-15
-12
-14
-9
-4
0
-10
-9
-2
7
16
14
7
7
9
1
2
-5
-5
5
6
8
4
1
6
2
3
14
24
31
34
25
17
10
6
-1
-18
-27
-35
-32
-39
-45
-49
-42
-35
-27
-17
2
27
36
46
51
34
23
18
12
12
24
36
45
37
31
33
34
32
31
38
43
50
54
55
48
44
44
38
25
22
30
39
43
40
44
56
69
81
90
95
98
92
81
77
78
84
90
90
89
85
83
76
74
77
74
67
60
52
47
38
30
23
7
6
8
2
-10
-25
-37
-53
-65
-76
-84
-81
-82
-81
-79
-74
-71
-71
-83
-95
-97
-103
-95
-98
-96
-84
-87
-98
-118
-133
-133
-132
-129
-126
-121
-113
-102
-105
-114
-127
-131
-129
-130
-127
-117
-110
-102
-90
-88
-86
-80
-70
-46
-28
-18
-10
-6
5
16
28
39
40
35
42
51
56
64
73
69
69
60
50
42
41
45
42
39
33
34
45
50
52
52
51
50
50
49
54
52
45
49
41
35
35
47
55
62
66
68
77
90
104
98
93
77
66
62
60
63
57
59
57
64
76
74
73
76
78
74
74
73
83
80
73
72
66
59
59
62
64
68
70
69
66
57
47
35
19
8
1
-6
-8
-7
-8
-17
-34
-39
-50
-66
-72
-80
-82
-84
-88
-92
-96
-103
-105
-109
-109
-107
-98
-98
-104
-109
-110
-109
-110
-98
-94
-83
-73
-60
-51
-50
-38
-36
-34
-34
-38
-35
-28
-31
-29
-31
-37
-39
-50
-52
-50
-51
-52
-55
-54
-55
-53
-55
-56
-57
-58
-55
-53
-45
-37
-32
-40
-47
-54
-43
-37
-32
-11
-9
-4
-3
-5
-10
-7
2
8
18
22
31
42
50
58
60
62
67
68
65
61
61
61
66
73
82
94
103
111
115
123
122
115
110
114
114
104
97
102
103
109
119
122
125
119
104
89
68
56
52
42
38
39
46
41
34
23
5
-2
-15
-23
-16
-18
-19
-25
-38
-44
-52
-57
-60
-59
-51
-49
-52
-47
-49
-47
-41
-46
-49
-61
-72
-70
-66
-55
-43
-39
-31
-32
-28
-23
-26
-31
-39
-44
-45
-49
-54
-55
-50
-48
-40
-29
-25
-24
-21
-15
-19
-18
-19
-9
-7
-2
-7
-13
-15
-22
-12
-10
-10
-13
-8
0
14
19
26
27
18
7
-5
-9
-11
-12
-4
0
5
-4
-15
-18
-21
-20
-24
-33
-40
-37
-38
-33
-29
-31
-29
-26
-28
-23
-15
-1
5
5
-1
-8
1
13
15
13
8
9
24
32
34
39
41
42
44
44
52
59
64
55
43
35
17
14
16
15
25
27
26
21
6
-2
-12
-19
-24
-29
-19
-6
4
11
11
17
14
13
14
7
4
9
14
21
20
19
24
17
18
5
7
6
2
5
9
13
-1
-10
-16
-8
-8
-9
-8
-1
5
12
24
20
6
-7
-1
1
-2
-5
1
5
1
-2
-2
11
15
14
11
6
6
3
14
16
7
2
-4
-1
-3
0
15
22
26
20
19
21
16
15
13
5
6
19
26
28
27
28
24
17
17
13
21
21
18
12
3
-9
-14
-7
-10
-14
-19
-19
-16
-5
4
3
-7
-27
-46
-59
-60
-59
-55
-47
-32
-36
-45
-41
-53
-62
-76
-90
-96
-99
-96
-81
-59
-56
-60
-72
-66
-69
-75
-77
-81
-66
-54
-51
-48
-45
-42
-36
-31
-18
-11
-1
16
21
35
41
44
57
63
60
57
47
47
54
48
49
47
47
42
39
40
40
40
39
32
25
27
26
17
4
8
10
9
5
2
5
12
11
3
7
4
-3
11
23
29
39
34
38
35
32
36
40
49
49
53
50
42
46
56
52
55
60
57
60
65
72
74
81
87
86
84
87
92
96
88
84
87
89
91
98
90
67
60
49
41
44
35
26
21
15
-5
-7
-15
-36
-51
-55
-64
-77
-87
-103
-109
-117
-125
-129
-134
-147
-151
-149
-157
-154
-153
-161
-166
-161
-157
-163
-147
-150
-145
-136
-139
-130
-119
-105
-102
-90
-87
-77
-75
-59
-56
-53
-24
-24
-11
1
2
3
7
4
13
26
31
51
58
69
66
55
49
50
61
61
70
71
73
77
70
66
67
68
71
70
71
78
69
51
38
37
30
23
29
33
27
26
22
23
25
16
17
9
15
17
17
24
29
41
47
30
28
33
35
52
39
48
52
51
62
44
48
56
62
72
72
81
90
82
79
89
82
87
78
74
67
54
52
34
41
25
15
21
8
4
7
1
9
5
-10
-11
-28
-20
-39
-48
-54
-90
-82
-94
-105
-70
-61
-80
-71
-81
-77
-76
-93
-88
-106
-92
-111
-114
-91
-96
-75
-51
-58
-56
-44
-60
-47
-38
-36
-30
-33
-39
-33
-14
-26
-22
-7
-18
-27
-18
-11
-8
-1
-1
-6
-16
-17
-23
-17
-14
-12
-5
-8
-7
-4
-10
-18
-26
-32
-34
-30
-21
-18
-8
-7
-1
9
16
26
31
38
37
33
26
16
21
19
16
19
28
29
29
33
36
47
47
46
43
43
47
51
55
51
50
40
42
46
52
51
53
51
44
42
35
38
39
40
37
41
45
47
45
42
34
30
35
32
23
8
-3
-8
-9
-13
-12
-3
-3
-5
-4
-5
-3
1
1
-9
-20
-21
-28
-25
-30
-35
-33
-33
-35
-33
-29
-27
-29
-38
-41
-38
-34
-30
-30
-20
-7
1
14
16
21
24
30
33
35
30
26
28
16
16
10
13
7
-2
-6
-9
-7
-7
-4
-4
-6
-17
-15
-23
-31
-33
-29
-21
-15
-12
-8
-9
-19
-21
-36
-29
-27
-24
-18
-26
-16
-16
-13
-12
-25
-33
-39
-37
-29
-20
-23
-27
-21
-25
-28
-24
-20
-24
-19
-8
-5
1
-6
-10
-13
-10
-16
-21
-22
-23
-10
-11
-4
-11
-9
-14
-11
-15
-21
-12
-20
-11
-6
1
-2
-6
-5
0
7
18
27
34
53
41
37
33
24
25
29
34
28
35
32
34
29
25
18
11
14
9
15
27
26
37
38
39
42
35
45
54
58
57
57
50
49
51
46
46
49
54
55
62
57
49
42
46
31
19
1
-13
-4
-12
-11
-19
-35
-52
-61
-63
-59
-67
-77
-77
-79
-70
-77
-71
-58
-61
-61
-54
-38
-24
-19
-20
-20
-19
-17
-9
0
19
29
45
39
35
38
32
37
29
22
23
20
26
37
47
40
35
25
18
9
9
8
7
14
4
-2
-6
-6
-8
-17
-23
-37
-43
-47
-47
-43
-50
-52
-51
-49
-57
-60
-66
-69
-68
-64
-56
-58
-57
-60
-54
-53
-49
-36
-31
-28
-30
-27
-21
-2
11
23
27
30
29
28
33
35
42
44
45
39
53
56
65
69
70
70
64
61
48
51
46
41
41
38
32
40
49
46
46
34
21
8
-5
-3
-3
-6
-7
-17
-25
-23
-28
-34
-43
-53
-56
-66
-60
-65
-56
-39
-52
-47
-50
-47
-31
-23
-18
-9
-5
-8
-9
-12
-16
-22
-1
-5
-3
21
26
38
40
42
52
56
55
61
61
64
65
64
79
79
76
56
46
45
31
30
34
39
41
34
26
12
-1
-12
-17
-24
-30
-33
-39
-48
-50
-57
-65
-66
-69
-65
-60
-55
-49
-48
-44
-44
-41
-28
-24
-18
-8
2
9
10
15
16
17
15
12
13
12
21
27
31
36
40
40
47
54
52
53
51
60
62
57
54
59
50
36
28
19
21
14
11
9
-1
-18
-32
-31
-51
-72
-69
-66
-71
-71
-73
-71
-73
-88
-88
-84
-84
-94
-91
-83
-87
-93
-95
-97
-95
-93
-83
-67
-53
-31
-25
-15
-11
-8
-8
-1
2
5
15
24
38
42
54
51
53
51
48
53
51
70
74
73
67
57
55
56
53
51
53
54
59
47
54
34
21
31
13
12
13
3
9
2
-9
-10
-16
-10
-20
-10
-10
-9
2
3
3
-2
-7
-6
18
15
27
13
39
45
31
34
22
49
58
61
48
58
57
60
64
65
69
57
61
38
50
48
44
44
37
34
18
16
7
6
11
4
-11
-7
-11
-9
-14
-33
-35
-42
-43
-47
-44
-36
-37
-46
-48
-58
-73
-69
-83
-83
-86
-92
-104
-98
-95
-98
-102
-100
-91
-90
-73
-68
-61
-40
-31
-32
-32
-38
-28
-18
-14
-8
-6
0
3
6
14
17
24
27
31
36
25
20
11
3
-2
2
-1
-4
-4
-5
-6
-16
-15
-14
-4
4
8
9
6
11
5
0
-2
-7
-12
-16
-19
-8
-2
4
12
13
20
22
28
26
24
26
25
29
37
35
35
35
35
40
41
53
56
58
50
51
54
55
56
55
68
65
59
56
65
74
79
76
61
45
39
37
32
32
32
38
37
32
35
26
15
3
-8
-9
-20
-31
-33
-30
-32
-37
-38
-38
-31
-27
-30
-36
-35
-40
-51
-55
-50
-45
-45
-43
-53
-65
-65
-69
-65
-62
-57
-51
-47
-47
-36
-26
-22
-16
-16
-12
-8
6
11
10
11
1
0
2
7
14
20
14
14
10
5
6
-1
1
-2
0
5
3
2
6
13
8
2
0
5
6
-5
-9
-16
-13
-15
-13
-10
-6
1
5
3
-7
-10
-16
-11
-12
-18
-22
-21
-12
-4
1
4
3
4
7
0
5
14
21
29
27
27
32
35
27
18
20
17
20
26
25
20
16
13
17
11
7
-3
-11
-20
-29
-26
-37
-40
-41
-47
-43
-39
-39
-33
-32
-30
-28
-33
-35
-28
-12
-5
-7
-4
-6
-10
-6
-1
-4
-5
-1
7
17
14
25
25
28
28
17
24
26
26
26
34
42
37
44
47
56
59
66
69
67
63
54
53
39
48
46
48
47
41
48
49
50
39
38
24
3
-15
-18
-17
-15
-2
-7
-9
-8
-2
-1
5
-2
-11
-14
-14
-13
-15
-19
-28
-36
-28
-28
-22
-19
-35
-35
-42
-47
-48
-52
-45
-45
-50
-46
-35
-23
-19
-23
-21
-16
-13
-8
-12
-13
-9
-11
-2
3
5
11
16
22
24
24
18
9
6
8
13
8
6
-3
-13
-19
-36
-44
-45
-49
-55
-50
-55
-62
-65
-67
-74
-77
-83
-85
-69
-51
-45
-50
-44
-50
-50
-48
-54
-53
-48
-48
-40
-37
-34
-27
-14
-1
9
23
34
43
43
40
31
34
30
40
52
61
63
63
70
72
85
97
100
94
91
84
86
91
92
91
88
86
81
83
77
77
70
74
72
64
71
72
72
58
54
49
43
38
42
41
36
40
31
29
21
12
-8
-21
-33
-43
-36
-38
-35
-36
-44
-47
-47
-48
-50
-51
-40
-40
-41
-47
-54
-42
-53
-64
-72
-72
-64
-58
-55
-57
-53
-54
-52
-51
-44
-38
-25
-21
-35
-38
-39
-26
-19
-15
-20
-16
-14
-12
-8
-2
1
-10
-7
-9
-8
-17
-3
-17
-21
-21
-36
-21
-17
-11
-31
-27
-28
-20
-31
-25
-33
-14
7
-14
14
7
12
12
10
16
28
32
24
29
26
23
2
5
-16
-8
7
7
18
20
5
2
-1
-9
-3
-12
-5
-13
-5
3
-5
9
-1
-2
10
5
-3
9
18
27
20
7
12
8
13
19
23
28
30
41
35
30
29
21
26
22
27
28
27
23
25
23
26
20
25
38
27
44
35
32
42
35
33
27
35
30
27
19
14
11
10
8
10
13
2
10
9
18
20
15
18
11
21
23
13
4
3
5
-6
-16
-34
-33
-32
-34
-32
-25
-25
-21
-25
-42
-34
-37
-30
-31
-23
-21
-30
-22
-19
-13
6
5
-8
-6
-11
-7
-5
-5
-6
-10
-7
-12
-16
-11
-16
-7
1
-11
-10
-13
-15
-15
-16
-21
-21
-35
-48
-47
-40
-27
-25
-12
-15
-15
-13
-26
-27
-31
-34
-36
-39
-42
-46
-42
-40
-36
-32
-33
-48
-35
-29
-32
-20
-27
-18
0
-2
4
10
5
6
3
13
23
34
39
33
36
30
22
28
33
21
20
10
3
15
13
11
5
6
4
8
18
19
18
19
20
22
31
33
45
49
42
38
44
50
60
58
55
58
53
61
59
61
57
52
55
37
34
35
26
20
17
13
17
20
12
25
25
20
15
8
10
1
-1
5
4
2
2
3
2
3
9
12
9
4
-5
-5
3
0
-2
-9
-19
-29
-30
-30
-36
-49
-56
-64
-61
-50
-42
-38
-45
-50
-56
-62
-60
-56
-54
-45
-39
-45
-45
-46
-49
-46
-51
-55
-50
-45
-33
-29
-22
-21
-14
-7
-15
-10
1
2
-1
-11
-10
0
2
5
10
22
20
20
22
20
16
5
4
3
2
10
11
15
14
-1
-9
-12
-10
-14
-10
-7
-3
-5
-1
-2
5
13
15
30
24
32
41
48
40
31
28
16
19
19
23
29
40
30
17
5
-8
-8
-9
-8
-6
6
0
0
5
0
0
13
13
9
21
10
12
12
11
8
9
16
18
19
36
29
23
28
14
25
13
14
19
21
21
14
17
0
-11
-23
-32
-27
-12
-4
3
7
-8
-15
-25
-38
-38
-36
-21
-20
-13
-1
-6
-10
-26
-37
-26
-16
1
12
10
18
10
3
2
-1
-2
-11
-6
-4
6
18
5
3
16
14
21
28
26
33
39
31
29
24
18
20
26
22
21
25
10
7
8
0
1
14
23
16
24
14
2
-2
-6
-3
-6
-11
-21
-14
-22
-15
-21
-35
-41
-41
-31
-29
-30
-34
-34
-47
-45
-49
-46
-42
-44
-25
-34
-40
-40
-34
-35
-33
-29
-41
-36
-32
-26
-23
-24
-21
-14
-9
-8
-5
-10
-17
-21
-19
-18
-19
-20
-25
-11
-2
-2
2
8
5
2
-5
-8
0
6
23
25
28
21
5
-5
-10
-13
-7
1
1
8
6
22
18
25
34
13
34
24
25
30
22
24
23
18
18
28
32
43
37
55
44
42
56
37
56
58
54
54
60
67
74
71
66
62
60
60
54
77
57
57
60
49
57
43
40
26
20
15
5
3
13
7
18
17
-11
-5
-31
-22
-25
-33
-29
-42
-31
-28
-28
-30
-33
-41
-37
-48
-51
-47
-65
-54
-49
-46
-48
-56
-58
-64
-51
-55
-61
-54
-47
-39
-34
-41
-39
-31
-37
-42
-50
-32
-25
-33
-31
-36
-31
-30
-37
-33
-29
-31
-28
-21
-17
-14
-22
-40
-47
-53
-43
-38
-31
-20
-25
-19
-18
-16
-20
-15
-22
-11
-15
-19
-14
-21
-11
-10
-1
1
3
6
9
12
9
1
7
-2
8
18
12
16
18
19
21
28
41
61
62
64
65
65
83
79
84
87
89
92
98
104
100
103
82
74
68
65
69
68
74
57
41
26
12
8
7
1
14
16
11
21
10
6
-1
-5
-10
-8
5
9
9
9
7
-6
1
-13
-8
-7
-9
-5
-15
-13
-20
-21
-24
-23
-23
-18
-21
-22
-18
-15
-9
-12
-20
-30
-31
-36
-34
-33
-38
-39
-39
-32
-32
-27
-23
-23
-23
-31
-37
-31
-28
-35
-33
-33
-35
-33
-30
-26
-23
-27
-30
-31
-29
-20
-16
-12
-19
-23
-22
-21
-15
-9
1
4
-1
2
-13
-25
-22
-30
-32
-30
-22
-25
-15
-12
-18
-13
-12
-26
-25
-16
-22
-15
-22
-21
-18
-13
-9
-10
-7
-8
-12
-13
-8
-3
4
4
8
4
13
15
16
16
5
16
10
15
20
25
25
24
30
22
32
36
43
37
40
52
48
52
57
62
53
58
50
60
65
69
77
66
72
62
58
41
39
35
37
34
29
33
24
30
17
29
13
15
4
-4
-2
-12
0
-8
4
-3
-10
-20
-25
-19
-16
-10
-14
1
-9
-7
-2
-17
-17
-22
-14
-16
-11
-4
-13
-12
-21
-16
-13
-14
-11
-11
-18
-10
0
-6
3
-12
-18
-35
-48
-48
-46
-31
-36
-23
-26
-32
-33
-37
-43
-40
-33
-46
-36
-40
-38
-40
-43
-35
-42
-31
-34
-25
-15
-19
-21
-15
-9
-7
-11
-16
-8
-5
3
6
9
14
8
7
2
11
13
16
11
10
8
8
5
-5
-8
-11
1
-10
-5
-8
-5
-7
2
4
5
11
-5
5
-4
10
-1
0
6
10
13
6
15
10
16
3
8
5
3
14
8
11
4
7
17
23
27
28
18
10
6
17
30
25
22
18
13
19
13
15
28
29
36
29
20
11
19
26
22
33
32
32
36
40
39
40
33
29
31
30
37
29
30
34
21
20
12
14
26
25
30
30
31
34
30
22
7
-15
-22
-26
-23
-24
-26
-33
-40
-42
-48
-53
-55
-52
-54
-51
-43
-48
-53
-57
-53
-54
-55
-55
-52
-43
-40
-27
-25
-23
-27
-21
-13
-7
-5
-5
9
10
13
16
18
8
-3
-8
-9
-1
3
6
5
5
-4
-7
0
-8
-9
-1
-4
-12
-15
-5
1
1
-8
-6
-3
-4
-7
1
6
-5
-12
-20
-23
-18
-13
-10
-4
-1
-6
-7
-18
-8
0
0
-4
-12
-1
-5
0
2
4
0
-1
-4
6
11
11
20
3
10
9
3
10
6
9
11
12
27
28
30
46
31
28
28
21
27
27
27
25
30
27
29
34
41
27
12
24
11
9
13
15
18
15
17
8
0
-5
-11
-12
-14
-9
2
-3
1
7
9
10
4
1
3
4
4
10
16
30
20
13
20
17
22
6
0
-2
6
-3
1
-8
-7
-6
-20
-13
-24
-9
-12
-5
2
-3
-8
-9
-13
-25
-21
-24
-17
-10
-5
-7
-14
-25
-29
-39
-48
-47
-31
-16
-19
-11
-10
-6
-13
-16
-10
-8
-11
-7
-2
-4
8
16
18
10
7
9
3
9
5
-1
-2
0
1
6
-6
-10
-18
-23
-29
-34
-19
-28
-22
-34
-33
-30
-32
-21
-17
-24
-25
-14
-24
1
-2
10
6
4
8
-2
6
-4
3
-3
2
2
8
11
6
8
-5
0
-1
4
-1
-4
-6
-9
-6
-7
-6
0
-7
-5
-1
7
12
14
14
10
12
12
21
30
42
44
50
39
40
40
34
33
26
39
41
48
56
48
56
46
47
49
38
26
23
29
33
35
32
27
10
2
6
12
9
5
5
-7
-6
-1
-16
-8
-6
-18
-17
-23
-14
-10
-13
-20
-14
-11
-17
-17
-18
-15
-13
-13
-17
-20
-13
-18
-24
-25
-25
-21
-9
-14
-14
-10
-25
-21
-29
-17
-18
-9
-12
-16
-18
-10
-12
-1
2
-18
-4
-26
-26
-33
-32
-27
-36
-28
-29
-30
-31
-32
-45
-22
-30
-29
-35
-49
-33
-31
-22
-35
-35
-35
-27
-32
-26
-28
-21
-18
-16
4
4
20
27
26
19
18
15
14
19
28
42
38
48
43
47
43
43
58
54
47
41
48
51
46
32
29
38
34
40
35
36
34
33
33
27
17
0
4
5
0
-2
8
-10
-14
-11
-35
-29
-30
-26
-18
-23
-12
-18
-16
-16
-16
-5
-2
-18
-19
-13
-10
4
-8
8
8
-7
3
5
19
26
24
16
20
22
16
12
4
12
5
5
19
12
15
9
18
26
26
17
21
13
10
26
7
9
-2
1
-6
-4
-7
-17
-2
-5
-16
-20
-18
-46
-44
-55
-63
-53
-50
-45
-44
-34
-51
-45
-35
-38
-48
-36
-40
-51
-34
-37
-19
-12
-14
-13
-5
-5
-1
17
19
27
32
24
35
44
38
38
33
36
42
42
42
29
37
26
16
16
23
28
33
27
32
34
22
22
22
21
23
22
13
17
25
15
4
-5
-23
-24
-34
-44
-31
-29
-15
-15
-10
-18
-28
-27
-38
-39
-53
-57
-56
-43
-54
-52
-50
-43
-43
-58
-37
-41
-26
-24
-35
-21
-28
-11
-12
-4
1
9
10
18
22
22
21
1
-4
-16
-5
2
5
18
27
41