19
20
26
27
22
25
29
32
36
40
40
40
44
47
49
50
47
48
48
48
51
52
48
42
38
36
36
34
36
35
32
33
32
31
24
25
23
19
20
20
21
20
22
12
5
5
-3
-7
-8
-7
-6
-5
-3
-2
0
-5
-17
-26
-30
-36
-37
-36
-32
-32
-35
-36
-34
-31
-31
-31
-30
-29
-24
-13
-12
-14
-15
-15
-14
-17
-15
-17
-19
-14
-11
-10
-14
-18
-18
-14
-13
-14
-12
-9
-11
-12
-6
-1
-1
0
-5
-7
-7
-3
1
2
11
14
9
2
0
-2
-3
-3
-1
0
0
0
3
6
7
8
6
11
10
6
8
4
2
-2
-1
-4
-9
-9
-15
-18
-14
-15
-20
-16
-11
-9
-9
-2
1
8
14
12
15
18
22
22
23
24
22
24
25
24
19
17
16
14
23
27
26
21
17
10
6
7
-1
-4
-7
-7
-9
-11
-12
-14
-9
-7
-3
0
3
2
10
20
18
15
15
16
10
6
9
13
12
11
13
14
14
7
5
4
1
-1
-2
-13
-17
-17
-26
-22
-21
-22
-26
-31
-31
-30
-28
-32
-28
-24
-20
-17
-24
-25
-21
-17
-8
-8
-5
-4
1
0
3
8
10
11
9
3
-1
5
4
9
11
15
13
17
18
10
12
11
12
10
1
-4
1
2
9
13
17
21
22
18
17
16
12
12
2
5
2
2
4
2
4
6
2
-2
-5
-10
-12
-16
-13
-12
-15
-16
-12
-6
-3
3
7
10
8
6
6
1
-3
-6
-6
-8
-10
-9
-11
-4
0
-2
-2
-7
1
8
0
5
11
3
-2
0
-2
-5
-12
-16
-12
-11
-14
-13
-9
-8
-6
-6
-12
-14
-15
-12
-12
-13
-12
-13
-13
-9
-6
-3
2
4
4
15
20
15
16
12
15
13
10
12
12
11
6
4
2
0
-7
-12
-8
-5
-5
-2
7
9
5
3
2
0
-2
-3
-3
5
4
4
14
17
19
18
17
20
22
20
18
13
5
3
-3
-6
-5
-8
-7
-7
-6
-7
-10
-9
-10
-6
-4
-2
-5
-6
-2
-5
-6
-2
2
0
2
6
14
13
8
6
1
3
0
3
7
12
10
5
4
7
8
8
5
6
2
0
-3
-4
0
-5
-1
-7
-3
-4
-4
-1
-3
-3
-10
-10
-7
-7
-5
-2
-6
-11
-9
-10
-7
-6
-9
-8
-4
-4
-6
-11
-13
-15
-12
-6
-10
-7
-8
-12
-14
-15
-12
-17
-18
-19
-19
-13
-8
-6
-7
-9
-10
-7
-3
5
5
10
18
18
18
19
23
22
20
22
23
31
29
27
21
13
8
4
0
-6
-7
-6
2
4
-4
-5
-7
-13
-14
-15
-11
-7
-6
-3
5
3
-3
-7
-11
-10
-9
-5
0
11
16
16
13
17
11
9
11
11
15
7
2
0
4
5
-5
-7
-6
-10
-8
-8
-3
-1
4
2
0
3
-1
0
0
2
5
0
1
9
11
10
12
11
7
7
5
-10
-7
-6
-11
-10
-17
-15
-16
-21
-16
-12
-14
-7
-2
0
-2
-5
-9
-9
-3
-3
-3
-2
2
-2
-4
-1
1
7
6
2
5
13
13
15
12
15
19
14
18
22
27
28
25
20
16
9
-1
-2
-1
2
-1
-4
-6
-11
-7
-5
-6
-1
4
-2
4
4
1
0
-5
-8
-11
-14
-17
-19
-18
-19
-24
-24
-32
-28
-28
-32
-23
-12
-10
-6
-5
-2
3
2
-4
-8
-11
-16
-15
-10
-5
-5
-5
-7
-7
-10
-18
-17
-14
-11
-1
2
1
3
7
7
15
19
21
14
12
13
10
9
9
13
11
10
13
10
10
5
2
2
11
17
15
23
23
26
33
36
34
34
33
27
24
24
31
31
29
31
27
15
6
-5
-12
-8
-8
-4
0
2
0
-5
-1
-4
-11
-19
-24
-31
-34
-34
-33
-30
-25
-23
-28
-29
-32
-30
-22
-18
-13
-10
-13
-9
-10
-7
-9
-10
-11
-12
-9
-11
-14
-10
-8
-10
-7
-4
5
7
5
10
10
8
12
11
10
10
5
3
5
2
3
6
8
7
4
17
19
10
10
8
9
7
2
3
4
1
0
6
9
7
7
8
8
9
7
6
6
4
10
7
4
2
1
-1
-3
0
-2
-1
2
0
-6
-3
0
-3
1
0
-2
-8
-9
-5
-4
2
7
10
7
7
7
3
-1
-11
-13
-17
-23
-21
-15
-14
-12
-15
-19
-19
-17
-23
-18
-10
-20
-27
-22
-12
-5
-6
-2
13
16
17
21
25
24
14
14
13
15
12
12
17
23
25
19
15
16
15
9
2
3
11
11
6
7
4
2
1
2
0
-9
-8
-7
-5
-7
-8
-9
-17
-24
-21
-14
-8
-5
-7
-3
-8
-6
-10
-14
-14
-22
-20
-11
-9
-10
-5
0
4
4
6
10
16
17
19
22
28
28
26
21
22
21
16
11
9
16
16
17
10
4
2
1
0
-3
0
3
4
0
-3
0
-8
-7
-10
-7
-9
-10
-7
-13
-9
-14
-12
-12
-18
-20
-21
-13
-14
-12
-6
-7
-13
-20
-25
-19
-18
-16
-13
-11
-3
-7
-9
-6
-3
4
4
2
5
6
7
1
2
0
2
4
4
12
11
10
8
4
4
6
6
7
7
4
5
5
9
12
7
6
1
-1
-3
-3
2
-2
-3
-3
-10
-12
-19
-17
-24
-17
-14
-15
-6
-9
1
-4
2
3
11
14
8
15
10
15
5
7
11
18
25
23
26
20
25
24
22
26
27
28
27
18
15
10
1
3
3
8
7
5
2
-4
-5
-6
-10
-15
-17
-22
-22
-23
-22
-16
-8
3
8
12
14
12
13
9
0
-1
-3
-6
-4
-5
-6
-7
-12
-13
-14
-15
-17
-23
-22
-21
-23
-27
-22
-13
-8
-2
-3
-8
-3
-2
-1
2
9
12
9
3
-6
-8
-11
-12
-20
-8
-12
-17
-10
-16
-5
-24
-11
-11
-10
-8
-13
-4
-22
-10
-28
-22
-15
-17
6
-4
12
9
15
15
17
23
18
19
14
21
13
14
5
0
5
4
3
7
17
21
30
28
27
21
14
11
7
5
8
11
12
13
15
18
21
22
22
20
20
20
24
16
19
20
21
14
19
18
14
29
-45
-5
67
56
-17
-38
-4
-13
2
27
23
-29
-56
-36
9
-20
-60
-32
14
-4
-34
-2
1
-41
-52
-26
5
-13
-21
-39
0
35
-19
-28
13
26
-12
-30
-29
0
16
-13
-23
-19
-16
-18
-28
-31
-16
-10
-17
-22
-21
-10
-16
-17
-9
-6
-11
-15
-6
-9
-7
3
5
1
0
3
2
6
5
8
11
6
7
7
-1
-7
-8
-8
-2
3
0
0
0
2
3
0
1
-1
3
2
5
11
18
21
21
28
25
23
27
35
36
34
42
35
34
43
30
23
25
22
21
25
23
15
5
-3
-8
-4
-6
-5
-8
-11
-9
-8
-6
-8
-4
-5
-7
-7
-9
-7
-6
-9
-7
-7
-9
-11
-14
-7
-2
-2
-4
-3
-1
-6
-9
-14
-16
-20
-25
-22
-15
-9
-14
-13
-12
-13
-13
-16
-9
-9
0
6
9
15
13
9
12
12
13
14
9
10
5
2
-3
0
1
-16
-16
-17
-13
-9
-7
-3
8
15
14
13
10
12
14
18
18
11
9
2
-5
-4
1
7
-2
-6
10
12
8
-5
-13
-11
-9
-11
-17
-12
-4
-10
-15
-15
-9
-9
-13
-20
-13
-3
-10
-13
-16
-12
-15
-22
-25
-19
-13
-9
-8
-8
-7
-6
-7
-16
-22
-21
-17
-12
-6
4
7
2
1
-6
-12
-12
-16
-10
-1
7
11
14
15
16
18
16
13
14
19
23
26
25
28
33
25
16
15
13
16
23
27
23
24
31
32
26
21
19
18
17
22
22
30
30
21
12
-1
-1
-14
3
7
12
27
7
13
2
-5
5
0
10
4
2
-7
-6
-13
-22
-12
-24
-18
-18
-28
-12
-23
-10
-2
-7
0
-9
-7
-14
-13
-10
-12
-11
-11
-10
-10
-7
-11
-15
-9
-8
-18
-19
-21
-25
-24
-16
-18
-21
-16
-6
-7
-15
-16
-15
-11
-9
-12
-2
7
7
-1
-13
-4
-2
-7
5
3
12
5
5
14
5
4
7
4
4
7
6
2
-5
-12
-13
-20
-18
-9
-7
-16
-25
-21
-17
-11
-19
-18
-6
-5
-9
-12
-13
-7
-7
-4
-1
-2
6
12
19
24
17
9
6
12
20
17
14
21
22
21
12
6
11
10
5
-4
-7
-8
-3
-3
-3
1
-3
1
4
8
21
21
25
30
37
40
39
39
38
40
38
41
39
36
37
27
21
20
5
-1
0
0
-1
3
10
13
14
10
10
9
5
2
2
9
5
9
17
16
11
-8
-18
-25
-32
-31
-19
-12
-6
-11
-11
-8
-12
-25
-26
-18
-16
-13
-11
-13
-18
-18
-23
-27
-35
-35
-30
-25
-21
-18
-13
-23
-28
-30
-31
-40
-36
-28
-35
-31
-30
-22
-12
-18
-13
-4
0
4
5
13
14
12
12
9
-2
-4
-5
-6
-3
-6
-4
-6
-7
-17
-19
-7
-7
-7
-10
-5
0
-3
-8
-4
-3
-5
-4
-5
5
6
1
3
8
6
5
9
11
18
20
21
19
20
25
20
17
17
23
20
21
19
18
17
13
13
6
6
10
17
13
8
9
2
3
4
5
8
6
19
19
19
20
20
29
32
23
16
17
21
19
18
19
19
16
15
7
0
5
3
9
7
4
0
-5
1
0
2
4
9
13
9
12
12
10
16
13
11
8
10
12
7
7
5
0
-4
-14
-18
-21
-19
-18
-22
-24
-27
-26
-32
-38
-32
-33
-31
-28
-24
-24
-25
-23
-21
-17
-12
-15
-12
-6
-11
-11
-6
-4
-8
-14
-12
-15
-17
-20
-28
-28
-26
-26
-30
-26
-18
-19
-27
-27
-23
-21
-17
-12
-4
-9
-3
-3
-14
-12
-15
-13
-7
-7
-7
-3
-4
0
1
10
13
9
12
10
9
15
17
15
21
21
18
17
15
10
6
3
4
6
7
8
6
4
9
10
12
10
5
11
17
13
14
17
26
26
25
25
31
35
36
32
28
30
26
26
26
26
25
24
28
23
20
20
16
22
23
21
23
21
26
23
17
18
18
18
12
13
16
19
16
10
9
11
9
6
-2
-7
-12
-18
-22
-31
-36
-38
-36
-38
-41
-32
-30
-24
-29
-28
-28
-38
-35
-33
-30
-29
-23
-19
-18
-17
-18
-20
-24
-22
-19
-19
-22
-17
-14
-20
-25
-31
-24
-21
-25
-23
-26
-23
-10
-5
-1
0
0
2
-1
1
0
-3
2
-4
-2
-4
-3
5
3
9
7
7
1
0
4
5
11
15
18
22
22
23
25
17
14
14
14
13
11
19
20
14
14
14
8
-2
3
1
4
8
13
16
15
7
12
19
13
14
15
10
6
8
16
17
17
18
11
9
8
6
-3
-8
-9
-15
-17
-21
-15
-12
-10
-10
-14
-11
-12
-20
-20
-16
-14
-11
-14
-12
-5
-1
-2
0
3
-1
-4
-5
-7
-7
-8
-10
-7
-4
-7
-10
-3
3
5
3
-3
-7
-8
-11
-17
-16
-11
-6
4
11
15
12
8
11
10
11
15
16
23
25
25
26
26
23
25
24
27
31
37
38
38
32
26
25
10
1
-1
5
6
5
7
3
3
-6
-10
-11
-14
-11
-5
3
6
10
6
3
-6
-15
-20
-19
-19
-22
-23
-23
-23
-22
-18
-20
-28
-33
-33
-28
-28
-23
-18
-20
-19
-18
-18
-16
-9
-3
0
-1
-1
-7
-11
-13
-10
0
7
17
16
16
14
3
-1
-4
-7
-5
-3
-6
-6
-14
-14
-24
-25
-16
-16
-17
-10
-4
-13
-10
-10
-14
-13
-10
-9
-17
-9
-3
-1
-1
-1
-13
-15
-17
-22
-18
-18
-13
-9
-7
-2
5
8
11
15
15
15
21
23
34
37
38
41
41
44
38
35
33
28
25
27
28
28
29
34
40
33
31
38
33
30
24
16
13
9
6
8
7
9
13
11
11
5
-2
-6
-10
-14
-16
-12
-8
1
7
2
-5
-8
-8
-14
-14
-11
-6
0
11
12
3
1
-3
-7
-11
-15
-10
-3
-1
-7
-10
-7
-3
-10
-13
-18
-8
-5
-8
-6
-16
-21
-26
-24
-17
-22
-15
-5
-8
-3
-11
-22
-27
-25
-23
-25
-18
-14
-18
-17
-17
-15
-16
-20
-22
-23
-22
-15
-10
-2
3
-4
-8
-4
-7
-8
-7
-4
1
1
-5
-13
-13
-10
-13
-20
-14
-8
0
3
4
8
7
7
3
4
2
1
6
8
9
10
2
1
7
13
22
33
39
40
33
28
20
14
17
16
23
34
34
31
21
17
12
2
-1
4
10
13
8
0
0
-3
-3
0
0
7
6
0
4
1
-4
0
3
1
0
-2
-2
4
14
17
15
14
12
-4
-10
-10
-16
-9
-7
-1
-2
-8
-11
-18
-27
-25
-24
-20
-11
-8
-8
-13
-9
-9
-9
-5
-5
-4
4
7
8
6
11
13
8
13
12
14
13
10
11
9
5
5
4
1
-1
-3
-1
4
9
6
8
10
3
-3
-6
-5
5
11
11
11
5
12
12
12
13
14
22
20
15
14
10
11
9
-5
-10
-5
-4
-1
-4
-5
-3
-8
-4
2
-11
-16
-17
-14
-12
-13
-14
-30
-34
-32
-41
-48
-49
-47
-40
-39
-43
-43
-33
-29
-35
-29
-19
-20
-23
-22
-20
-17
-11
-9
-11
-10
-7
-6
-2
2
0
-1
1
3
3
7
7
10
10
9
6
5
4
4
3
9
13
14
19
20
19
15
18
19
16
16
19
19
16
20
19
19
17
23
28
25
31
29
28
23
35
43
30
31
32
26
26
23
20
25
26
21
18
22
28
16
13
16
17
14
11
15
9
8
7
-1
-3
-5
-6
-7
-10
-7
-9
-14
-14
-16
-13
-10
-10
-9
-4
-3
-3
3
1
0
7
5
4
5
2
-2
-3
-6
-10
-10
-10
-7
-5
-9
-15
-22
-23
-29
-35
-36
-42
-41
-39
-35
-22
-21
-28
-30
-30
-33
-38
-39
-35
-30
-27
-31
-36
-31
-32
-35
-29
-26
-11
-7
-1
5
1
5
7
8
14
21
19
15
12
9
8
6
3
2
2
9
20
25
16
13
15
10
8
7
8
11
19
10
7
9
8
16
10
5
7
1
-5
-5
-7
-10
-6
-4
-2
-3
1
2
3
6
2
12
17
21
24
21
21
21
24
18
11
5
5
9
2
2
3
11
10
3
1
-1
8
14
11
7
7
13
15
17
21
17
17
20
14
9
6
6
6
6
9
8
12
10
7
4
-3
2
4
-2
-12
-18
-12
-12
-17
-21
-25
-14
-11
-11
-10
-9
-2
-5
-1
5
7
8
7
7
9
10
7
12
13
17
17
16
15
12
3
0
-1
-8
-15
-16
-13
-19
-24
-27
-26
-24
-29
-31
-33
-28
-21
-24
-23
-18
-20
-15
-9
-9
-12
-5
-2
-7
-10
-7
-6
-3
-2
-12
-10
-4
-8
-11
-16
-19
-22
-19
-15
-15
-1
8
12
15
9
6
-3
-6
-7
-12
0
6
9
11
6
5
-3
-8
-4
3
3
4
10
14
12
6
-1
-3
3
3
3
4
4
10
-2
-3
4
1
8
12
8
13
16
19
11
9
9
2
4
-1
-3
2
5
12
8
9
21
15
20
23
14
19
21
20
23
12
10
8
2
2
1
0
-6
-13
-12
-11
-14
-9
4
10
15
5
-2
-1
-4
-8
-5
1
6
6
3
5
4
9
17
17
20
29
26
31
28
28
28
20
18
11
9
7
6
5
4
4
1
1
-4
-12
-10
-16
-2
7
1
9
9
9
4
-7
-11
-18
-16
-19
-22
-20
-16
-19
-24
-19
-24
-21
-20
-25
-29
-29
-26
-24
-22
-19
-24
-21
-16
-14
-14
-21
-19
-21
-23
-27
-33
-30
-25
-16
-18
-20
-20
-21
-24
-26
-27
-31
-25
-18
-19
-14
-13
-13
-10
-10
-11
-21
-16
-3
-5
-6
-3
0
4
-2
-3
-2
7
13
14
15
13
15
14
15
10
10
19
30
27
29
36
41
40
38
34
29
35
45
47
51
46
47
48
42
33
28
33
32
29
29
28
39
37
31
20
9
12
10
12
16
17
25
22
15
3
-5
-7
-8
-1
-5
-6
2
-4
-6
-12
-16
-8
-4
2
0
1
6
2
1
-9
-20
-19
-24
-24
-23
-12
-13
-13
-16
-22
-24
-30
-30
-30
-22
-25
-27
-23
-24
-25
-33
-25
-24
-17
-9
-18
-17
-17
-14
-15
-30
-27
-28
-29
-21
-22
-22
-26
-24
-30
-33
-29
-23
-13
-4
4
6
9
8
4
0
-4
-1
13
18
21
16
17
8
2
4
-3
8
16
18
16
17
17
10
16
16
16
20
30
28
24
21
15
10
5
-3
-13
-11
-7
-5
0
8
6
2
-5
-11
-8
-10
-7
-6
-4
0
-2
-2
-6
-7
-9
-15
-9
-3
12
26
32
34
27
28
23
15
13
11
12
13
20
23
14
12
7
0
-18
-22
-15
-3
11
11
5
2
1
-7
-8
-1
8
15
13
7
3
4
4
-1
-2
2
3
8
8
9
10
8
9
8
-4
-13
-10
-5
-1
1
4
1
-6
-6
-15
-22
-15
-5
-5
-3
-3
-8
-9
-6
-12
-10
-1
-2
1
5
3
-2
-4
-2
-7
-5
-2
-1
12
25
16
8
7
-1
-13
-14
-6
-3
5
7
4
3
-2
-4
-9
-9
-12
-9
1
-2
-8
-7
-15
-14
-10
-10
-16
-12
-3
-9
-6
-12
-12
-11
-17
-22
-28
-16
-13
-17
-15
-13
-16
-18
-21
-19
-16
-15
-11
-9
-6
-16
-22
-19
-17
-13
-8
2
7
15
21
17
12
15
18
18
20
20
20
28
26
18
18
12
9
15
16
9
10
14
12
15
11
6
8
10
13
10
15
24
26
21
11
9
8
-1
-4
-2
4
7
26
31
25
22
20
25
19
7
12
18
16
12
14
13
7
3
-4
-3
1
-1
2
-2
-1
-1
-2
-12
-17
-15
-17
-16
-18
-20
-21
-21
-25
-35
-31
-23
-18
-9
-7
-2
3
1
-1
-10
-11
-8
-12
-7
-5
5
17
16
10
2
-4
-11
-11
-16
-12
-1
1
-2
-12
-18
-24
-20
-17
-21
-20
-12
0
3
3
3
11
6
-7
-7
-4
0
-4
-5
-2
-4
-14
-16
-22
-30
-23
-24
-25
-19
-11
-7
-8
0
-3
-7
-8
-8
2
11
15
23
24
25
24
14
19
13
8
16
13
17
20
14
16
18
14
7
4
9
22
24
27
24
20
26
19
10
16
23
23
25
30
32
33
26
8
-6
-3
-14
-19
-14
-11
-6
-2
-6
-20
-26
-27
-25
-22
-19
-10
-8
3
-1
-12
-12
-18
-15
-17
-22
-14
0
10
11
9
2
-1
-6
-9
-15
-14
-3
-2
-4
-9
-13
-19
-18
-14
-14
-3
0
-4
0
0
4
6
1
-1
-5
-8
-6
-4
0
9
14
16
12
5
11
18
17
13
16
26
23
18
11
3
7
12
6
-1
-5
-6
-4
-7
-7
-9
-11
-6
-8
-11
-17
-4
3
-5
-2
2
1
5
3
-9
-9
-9
-9
-9
-11
-9
-3
5
6
5
4
9
6
4
5
6
7
3
4
4
7
2
-3
-6
-8
-2
3
-3
-4
1
6
3
-2
-2
7
12
9
10
11
16
19
18
1
-9
-14
-13
-18
-19
-10
-2
0
3
5
-6
-1
-3
-17
-27
-27
-15
-17
-15
-9
-3
6
-4
-4
-10
-5
2
-2
-1
-2
2
3
6
-4
-4
0
-6
-7
-8
-7
2
3
-12
-11
-5
-7
-14
-18
-15
-19
-3
4
9
7
12
23
5
-4
-13
-14
-2
2
9
15
33
27
22
27
20
29
24
27
23
29
46
40
36
22
23
17
7
4
6
11
25
26
21
20
17
23
25
10
3
5
0
0
2
0
-2
-9
-13
-14
-20
-26
-28
-21
-27
-19
-11
-25
-20
-26
-28
-29
-36
-27
-21
-18
-9
-7
-11
-17
-27
-39
-44
-40
-43
-27
-19
-14
-13
-11
-5
-2
-4
-17
-5
-4
-18
-9
-6
-13
-6
-8
-6
-2
11
13
17
18
15
20
13
11
15
20
28
20
19
17
17
21
24
28
17
27
28
28
35
30
19
17
21
18
22
22
15
10
5
2
-1
-6
-15
-18
-18
-23
-25
-27
-26
-14
-12
-11
-17
-25
-27
-23
-25
-19
-9
-15
-4
6
4
0
-3
-20
-17
-7
-9
-8
-11
-5
5
17
16
9
12
2
-1
-5
0
5
-3
7
12
13
15
17
15
8
23
25
28
23
12
15
31
32
26
24
13
19
23
-4
-15
-8
-2
9
11
11
9
10
0
-12
-15
-11
-1
-2
-2
11
7
4
-10
-28
-27
-17
-20
-22
-17
-23
-14
-9
-7
-15
-19
-16
-18
-13
-17
-19
-7
-14
-13
-9
-6
-4
-9
-16
-12
4
5
3
0
2
4
3
-7
-14
-14
-15
-10
-12
-20
-11
-3
-6
-3
3
11
7
-2
-2
5
9
10
7
3
7
13
16
7
-3
-1
6
19
24
21
24
23
32
27
15
18
13
9
6
15
17
21
8
-2
1
-2
-7
-7
-4
-2
5
-2
-9
-14
-26
-36
-36
-33
-20
-8
3
-7
-7
-1
-8
-11
-32
-34
-25
-6
2
1
-2
-8
2
6
2
-5
-8
9
17
17
13
18
28
9
13
19
16
18
14
21
28
32
24
26
14
4
14
14
5
-2
-3
10
20
15
8
11
8
4
9
0
1
0
2
11
21
23
21
13
-13
-15
-12
-17
-26
-36
-27
-10
-14
-24
-24
-31
-37
-34
-34
-38
-35
-22
-11
-9
-2
-3
-1
-5
-12
-10
-22
-16
-22
-17
4
12
16
8
2
-7
2
5
-2
-2
-4
11
21
17
16
16
12
-4
-8
-1
-2
4
5
6
9
26
29
16
3
-7
5
0
-7
-16
-15
-7
2
-2
-14
-14
-12
-13
-8
-5
-8
-5
0
2
6
9
0
2
-5
-9
4
-3
-1
-3
11
33
33
29
26
25
18
11
1
-11
-8
2
10
16
19
13
12
13
-7
-10
-9
-16
-18
-8
3
12
17
6
-1
-10
-13
-12
-13
-8
-9
2
9
4
-4
-16
-15
-26
-45
-34
-30
-24
-11
-8
0
5
8
8
11
3
-2
9
11
10
9
12
13
18
16
6
7
-1
2
11
19
24
31
38
39
51
42
35
32
12
17
17
5
1
6
11
5
-1
-11
-9
-16
-26
-12
-10
-16
-7
-2
7
12
10
4
11
2
-7
4
2
-5
-5
-1
1
3
-5
-12
-15
-22
-14
-12
-15
-16
-18
-18
-23
-16
-21
-32
-39
-56
-47
-44
-41
-28
-20
-17
-12
-8
-19
-19
-15
-23
-23
-19
-17
-14
-19
-16
-7
-4
-5
-9
-8
-13
-13
-13
-16
-16
-15
-13
-7
-8
-7
-1
-13
-19
-16
-14
-20
-18
-10
-3
8
8
12
18
15
13
23
18
19
33
37
52
65
62
55
56
48
35
30
27
36
41
45
53
56
60
63
61
46
38
36
34
39
36
45
55
57
50
41
36
25
14
4
6
10
14
18
22
25
17
10
1
-19
-28
-34
-34
-27
-25
-21
-8
-12
-22
-22
-41
-54
-53
-46
-34
-24
-19
-15
-13
-18
-23
-18
-35
-54
-44
-31
-20
-19
-23
-20
-18
-28
-35
-46
-61
-66
-64
-63
-58
-49
-45
-36
-37
-46
-46
-48
-57
-62
-53
-34
-16
-14
-9
5
8
13
15
8
-9
-15
-4
3
13
5
8
9
0
5
3
-3
-11
-6
3
13
18
8
5
4
8
19
14
11
15
30
44
49
47
37
35
47
42
34
34
30
30
35
42
44
42
32
44
49
39
34
22
6
-5
3
7
8
11
9
32
48
48
42
24
5
-7
-4
2
12
11
12
24
27
24
19
5
-4
-13
4
21
27
23
15
25
13
13
6
-9
-13
-13
11
22
24
17
15
20
6
-4
-20
-35
-41
-46
-22
-12
-8
-2
-5
-6
-17
-12
-28
-38
-43
-40
-15
-21
-23
-36
-40
-37
-43
-37
-54
-57
-57
-37
-16
-6
6
-3
0
0
-8
-15
-31
-44
-47
-33
-24
-18
-11
-16
-8
-8
-12
-23
-41
-49
-62
-46
-24
-18
-19
-26
-27
-24
-25
-22
-27
-26
-17
1
16
17
7
-8
-7
-13
-28
-37
-43
-39
-17
23
48
67
80
92
106
99
92
80
56
25
7
9
9
8
17
32
52
66
73
74
59
46
40
31
17
-5
-21
-17
10
22
29
27
3
-7
7
30
39
27
12
10
14
9
11
-11
-34
-28
-9
12
18
14
13
-4
-18
-25
-34
-30
-40
-40
-22
-3
15
15
9
-4
-8
-8
-5
-5
-9
-2
4
27
33
15
8
-16
-23
-30
-24
-23
-34
-13
-6
10
15
2
-7
-18
-16
-19
-25
-39
-51
-41
-28
-13
-17
-20
-15
-11
-1
-3
5
3
7
19
20
36
27
13
13
5
9
4
-2
-9
-14
-7
-3
18
14
0
-11
-22
-25
-30
-28
-38
-31
-22
-19
-5
-3
-3
-10
-13
-7
-12
-10
-20
-22
-13
0
13
0
-8
-21
-22
-10
-14
-12
-22
-14
-5
8
23
13
9
-5
-1
5
-3
3
-7
-1
3
7
21
11
2
-13
0
12
17
21
17
26
26
38
50
45
33
22
27
26
13
2
-23
-26
-28
-11
18
23
31
31
41
36
22
8
-15
-15
-16
11
27
28
25
21
26
11
7
-11
-23
-20
-18
6
20
14
4
-7
-3
-11
-18
-22
-23
-20
-16
-2
8
12
-2
-14
-6
0
7
7
3
5
5
17
20
9
-2
-8
3
11
7
11
11
19
18
29
24
4
-3
-10
-2
-9
1
7
-8
-12
-20
-6
-7
-19
-37
-39
-22
-27
-16
-12
-8
1
6
20
14
5
-6
-5
0
2
8
6
-6
-11
-10
-3
-12
-25
-34
-24
-15
-15
-14
-16
-20
-17
-10
-4
-12
-20
-24
-11
-4
-3
17
10
-5
-16
-19
-1
2
-5
-18
-17
-15
-14
-14
-31
-42
-33
-19
-11
-17
-17
-19
-11
-5
-4
5
-11
-21
-19
-5
12
12
10
1
2
12
16
14
-1
-5
1
18
26
20
17
1
6
3
10
10
-5
0
2
14
30
35
29
3
6
15
28
30
24
30
34
55
57
50
31
18
32
41
58
58
50
44
38
46
42
29
18
7
17
32
52
45
23
14
8
11
3
1
-7
-13
7
16
34
22
-3
-10
-12
-5
1
7
-2
-4
6
7
13
-10
-27
-33
-37
-32
-32
-32
-43
-47
-44
-39
-36
-54
-73
-80
-69
-60
-61
-56
-72
-78
-62
-47
-35
-54
-58
-53
-37
-15
-19
-18
-24
-24
-10
10
14
3
-3
-5
3
5
1
-1
-21
-23
-9
-2
-7
-22
-29
-30
-18
-6
1
7
-3
-3
15
28
28
21
7
11
22
28
29
35
21
15
30
30
30
11
3
13
28
42
49
41
25
31
44
47
42
24
21
23
21
24
23
10
-4
8
26
29
24
12
3
2
6
6
5
6
-15
-3
12
13
8
-15
-20
-20
-16
-11
0
-7
-27
3
27
28
20
3
-1
-2
-11
-12
-3
-17
-25
-1
17
26
22
9
13
13
18
25
24
6
-1
24
32
28
17
1
-3
-4
9
27
27
13
9
26
25
13
6
-7
-7
-8
2
9
5
-11
-21
-6
-10
-13
-21
-29
-30
-33
-20
-16
-21
-32
-31
-12
-23
-28
-30
-47
-49
-53
-44
-28
-37
-55
-40
-15
-13
-16
-30
-46
-53
-53
-34
-16
-20
-30
-23
-5
-5
-5
-11
-23
-18
-10
6
9
4
-1
1
7
-1
-3
-15
-28
-30
-17
6
12
6
-6
3
15
9
14
14
10
7
17
30
37
28
23
28
29
26
31
18
4
5
14
27
39
37
33
41
42
39
29
12
-6
1
18
21
34
29
22
30
27
25
20
11
-3
-5
3
19
28
21
17
24
25
22
19
5
-7
-6
-1
11
15
1
-1
-2
0
8
4
-10
-27
-25
-23
-8
1
-4
5
11
8
4
-1
-11
-21
-17
-4
10
14
7
18
15
16
15
5
-13
-28
-25
-20
-1
2
6
12
11
12
6
-2
-21
-31
-33
-30
-13
-5
-13
-19
-28
-22
-23
-31
-44
-54
-42
-30
-9
4
-4
-3
-5
-5
-9
-25
-41
-43
-35
-23
3
5
-3
-14
-13
-3
-3
-12
-30
-36
-27
-7
21
14
5
-6
-15
-13
-21
-24
-34
-26
-22
-3
31
29
20
7
9
13
12
8
-8
-19
-11
5
23
25
19
10
11
15
17
7
-9
-6
-1
15
38
43
34
25
21
26
21
4
-13
-9
-15
5
31
15
4
-10
1
11
7
4
-7
-7
-7
11
32
29
8
-2
6
14
9
-4
-15
-15
-9
11
41
36
16
10
21
24
21
5
-7
-2
5
30
57
45
20
10
14
15
10
2
-6
-4
3
29
50
37
10
4
19
17
16
6
5
6
5
31
40
23
1
-10
-1
-3
-14
-25
-37
-34
-29
-10
6
-10
-30
-33
-17
-5
-10
-25
-36
-37
-31
-6
3
-15
-35
-40
-29
-23
-21
-45
-58
-48
-44
-13
2
-15
-35
-39
-39
-42
-50
-62
-58
-49
-38
-7
5
-12
-35
-33
-19
-23
-25
-16
-12
-6
4
25
35
12
2
1
10
19
10
-6
-4
13
22
56
63
38
22
19
32
29
19
6
2
12
29
56
51
20
0
3
19
13
10
-2
-3
7
16
46
40
12
3
12
24
12
4
-7
-10
-10
1
29
24
8
-6
-2
8
-2
-12
-33
-33
-30
-9
22
18
0
-17
-18
-8
-8
-18
-23
-22
-9
17
31
15
-2
-15
2
22
31
27
6
1
-3
9
23
8
-10
-16
6
15
12
6
1
20
48
72
85
69
47
23
21
21
20
1
-24
-29
-34
-6
6
-4
-16
-22
-4
12
3
-17
-38
-38
-21
12
33
10
-23
-47
-47
-39
-37
-35
-37
-20
3
28
50
39
19
8
18
26
15
-8
-34
-35
-37
-18
-6
-15
-27
-28
-12
0
8
-10
-15
-9
5
30
39
23
-1
-6
0
13
5
-29
-45
-34
-28
-11
-7
-31
-67
-63
-47
-43
-48
-62
-81
-66
-41
-20
-17
-27
-52
-58
-38
-24
-30
-47
-39
-42
-33
-3
15
-1
-4
-9
3
27
14
-4
-6
7
8
27
53
29
12
8
6
12
-2
-6
-10
15
42
51
56
42
31
35
60
67
59
27
36
48
50
83
88
72
44
46
57
68
50
31
39
38
63
91
69
46
27
30
43
45
26
-1
11
18
31
32
30
1
-28
-9
11
6
-23
-19
-18
1
22
35
38
1
-22
-10
0
-5
-19
-29
-33
-28
-3
11
13
-6
-9
-5
12
13
-8
-22
-25
-18
-8
-5
-10
-27
-53
-31
-14
-46
-60
-74
-77
-51
-43
-38
-35
-61
-67
-56
-37
-45
-51
-55
-61
-48
-47
-33
-66
-86
-109
-94
-66
-60
-67
-84
-74
-68
-31
-29
-37
-45
-53
-42
-29
-29
-44
-49
-53
-11
11
15
18
18
8
19
37
7
22
14
29
64
87
84
80
64
35
67
61
43
37
34
20
43
52
61
46
20
25
36
31
21
14
-11
8
22
31
34
49
16
23
43
32
41
19
18
31
66
63
75
74
51
62
78
85
74
93
82
99
114
115
135
116
100
106
115
98
86
63
21
47
38
24
24
-8
-11
-19
-5
-35
-58
-91
-127
-122
-149
-167
-185
-218
-238
-231
-206
-207
-213
-208
-189
-140
-110
-77
-37
-23
-25
-9
-23
-48
-75
-120
-132
-103
-84
-70
-47
-55
-9
54
94
126
149
162
173
179
147
134
120
81
88
134
178
222
246
232
231
231
187
146
98
30
17
16
10
17
2
-23
-53
-85
-120
-149
-191
-240
-248
-233
-210
-195
-188
-177
-140
-125
-128
-115
-114
-144
-142
-118
-117
-79
-45
-1
52
97
106
130
109
74
62
45
42
17
11
-21
-9
-5
5
17
34
45
75
90
67
57
-6
-22
-33
-38
-56
-33
-32
-59
-12
-17
12
11
-21
-1
30
72
72
100
81
51
56
36
44
23
27
20
41
48
60
75
37
23
32
43
44
42
37
38
39
34
32
60
43
31
52
51
58
63
55
37
33
24
28
59
33
31
49
52
47
17
1
1
0
4
4
26
14
-2
23
28
12
-20
-26
-28
-31
-26
-11
-10
-40
-46
-50
-41
-54
-61
-52
-54
-61
-68
-62
-52
-78
-90
-98
-87
-93
-98
-83
-101
-63
-63
-33
-33
-43
-60
-44
-29
-38
-12
-22
-18
-8
-8
6
6
-12
-24
-24
-6
-6
13
-5
21
7
9
6
7
0
-28
-6
-8
13
1
15
-12
-16
-35
-16
-13
-43
-39
-46
-32
-51
-20
-24
-39
-48
-37
-20
11
-16
-5
-12
14
13
10
28
15
30
22
55
39
47
16
32
18
58
57
56
33
29
37
43
79
52
66
69
91
76
86
84
57
55
58
60
84
59
56
66
82
78
69
64
55
47
28
36
43
19
6
4
4
13
4
-18
-23
-12
-17
-9
-9
-31
-41
-14
-37
-26
-10
-25
-44
-47
-45
-34
-43
-59
-52
-50
-17
-21
6
-22
-27
-17
-30
-25
-33
-26
-42
-34
-34
-5
-5
-37
-32
-43
-4
9
37
17
35
25
29
39
24
18
8
14
8
26
7
24
-24
-19
-11
-14
-4
-32
-18
-22
-4
-6
13
-9
-12
-23
-4
-19
-7
-58
-33
-70
-56
-38
-55
-45
-64
-65
-61
-43
-87
-70
-84
-70
-78
-34
-54
-39
-59
-41
-40
-31
-16
-44
2
-34
8
18
16
-6
-4
8
0
-5
13
3
-4
-13
31
20
19
25
30
22
45
69
42
55
37
38
45
66
46
34
37
36
50
42
28
52
52
43
57
91
65
45
62
67
73
72
43
63
30
41
39
64
34
30
15
14
51
48
47
45
48
18
52
40
33
26
21
-3
8
-7
-10
-10
-19
-37
16
-4
-23
-26
-20
-26
-28
-12
-51
-19
-35
-31
-49
-20
-39
-36
-69
-59
-38
-45
-72
-66
-54
-68
-28
-48
-38
-42
-31
-40
-24
-29
-26
-44
-27
-51
22
2
13
12
-5
45
30
55
4
3
5
16
12
36
16
29
0
34
5
16
12
-10
-3
-11
32
1
-7
-31
-23
-21
-13
-36
-41
-47
-40
-26
1
-23
-13
-60
-57
-55
-25
-40
-26
-61
-54
-22
-22
-2
-36
-44
-51
-17
-22
-2
-11
-20
-56
-16
-24
-20
-27
-16
-25
-2
1
33
7
-11
-9
-2
22
0
45
23
43
47
75
54
51
40
57
65
57
52
64
41
38
41
43
44
36
49
50
100
88
100
41
56
22
40
29
7
19
-18
22
5
34
32
29
24
8
30
0
9
1
11
39
25
51
33
37
4
12
-2
8
5
-35
0
-14
8
-20
-30
-38
-31
-27
-44
-16
-37
-49
-59
-71
-17
-55
-33
-43
-27
-15
-18
24
-18
-12
-60
-16
-40
-2
-24
-10
-24
-20
-10
-3
3
-64
-8
-31
21
-11
9
-28
-30
-10
-46
-10
-72
-58
-68
-34
-19
-18
-5
-9
9
21
17
31
14
6
-6
3
32
2
7
-37
4
-19
17
5
-8
-33
-22
-4
8
19
-6
-4
-31
-1
-20
15
-51
-37
-56
-7
6
15
-6
-25
-30
1
22
23
38
25
24
11
46
15
34
-2
5
26
39
47
43
-1
13
7
48
22
18
-16
-5
12
18
16
16
2
-7
13
21
38
35
22
10
34
29
29
-4
-42
-34
-17
35
4
2
-4
11
22
6
34
19
28
43
48
49
70
33
13
-5
18
4
12
-28
-7
-19
7
24
-12
3
-50
-14
-22
-24
-40
-58
-63
-44
-28
-4
-2
-3
-43
-1
10
24
1
-34
-18
-25
37
14
22
-4
-30
44
35
55
10
32
28
11
38
0
7
-9
-31
-16
24
20
5
-31
-44
-34
3
-18
-43
-44
-46
-32
-31
-23
-18
-27
-25
-18
18
22
-13
-30
-60
-10
-21
5
-32
-29
-26
2
19
32
25
-5
-20
-18
-4
13
3
-16
-6
-13
26
15
-18
-30
-43
-36
-37
4
-36
-9
-25
-31
9
13
23
-3
17
22
47
31
-5
-12
-32
-9
-1
-3
-10
-11
-29
-25
-6
6
-9
-7
20
13
86
5
29
4
33
8
34
49
49
12
8
24
56
70
31
75
31
63
20
62
4
34
-14
12
-17
-5
-40
-51
-88
-58
-49
-47
-37
-35
-9
-31
33
-16
34
-10
47
50
64
89
47
53
13
59
34
27
30
-9
-4
-27
5
5
-8
-28
-11
7
40
9
40
-10
16
13
2
-10
-34
-30
-45
-35
-35
-33
-26
-16
-57
11
-36
49
-48
28
-22
68
23
61
24
14
8
-1
-22
11
-25
-10
-12
-18
25
-32
27
-61
37
-12
29
-4
-3
-20
-18
-17
-3
-40
-49
-98
-46
-68
-26
-46
-35
-33
-55
-31
-43
-22
-65
-58
-37
-24
-23
-25
-42
-41
-5
-16
-6
-20
3
-32
-11
-21
-17
-14
-43
-28
-25
-2
10
-2
-23
-33
19
-5
22
11
17
38
25
47
32
70
29
70
50
76
65
65
49
49
77
79
104
87
58
56
39
72
56
79
47
66
64
53
81
28
54
24
81
33
56
18
23
-8
2
-4
-3
-24
-46
-47
-42
-30
-33
-35
-42
-36
-38
-12
-49
-73
-94
-98
-59
-45
-18
-46
-43
-41
-29
-21
-24
6
-32
-5
-10
9
-13
-3
-21
-35
11
18
31
18
8
18
21
-8
12
-25
-23
-58
-8
-43
-28
-88
-50
-63
-33
-11
-25
-15
-13
-5
-15
11
-26
-19
-41
2
-20
20
-3
-15
0
-30
31
-7
19
-16
-8
12
5
37
3
25
-15
20
23
55
45
12
32
44
61
52
44
34
30
9
25
69
46
25
22
25
44
32
38
30
25
10
14
3
-11
-30
-31
-38
-22
-58
-28
-62
-34
-49
4
-14
-2
-12
15
8
8
12
-20
-14
-39
0
-2
5
-13
-19
-2
-12
18
13
1
15
-3
23
12
51
-10
15
-25
41
11
30
-2
2
1
-31
20
-14
4
-60
-19
-39
13
-17
5
-25
-14
-52
-15
-24
-10
-29
-22
-5
-4
-11
-49
-25
-56
7
17
45
23
20
20
23
39
26
46
7
33
19
67
19
51
12
13
14
24
25
0
11
5
20
34
43
57
5
44
2
37
10
16
30
1
24
17
29
-3
-14
15
2
24
-15
-5
-62
-59
-61
-35
-45
-64
-65
-75
-56
-82
-57
-70
-43
-60
-28
-22
-24
-19
-59
-22
-44
5
-55
-41
-55
-18
-2
23
22
-6
23
-31
31
-19
17
-16
3
10
-21
7
0
11
-1
33
37
44
45
13
32
-4
32
23
31
23
43
45
30
53
27
50
9
45
34
45
30
21
40
0
55
36
29
28
16
13
19
19
-11
-24
-8
-24
12
-14
-14
-14
-5
6
1
23
-3
12
-1
7
-15
3
-15
-17
-20
1
-4
9
7
-12
3
-1
-8
-33
-26
-19
-25
0
-16
24
-26
-4
-8
10
44
-9
32
-32
18
-27
-1
-27
-41
-40
-41
-4
-16
-12
-7
1
-2
-2
8
15
-22
-9
-27
-15
-46
-27
-30
-13
-21
12
4
0
11
-8
-8
-27
-4
-24
-18
-42
-23
7
18
16
24
6
18
-8
28
-31
-2
-41
-18
-34
15
-13
-13
-25
-8
10
-3
-9
-12
2
41
24
65
25
40
9
14
49
13
65
-18
33
-13
32
-23
16
-23
3
2
19
28
18
9
-12
11
13
12
-7
-21
-30
0
-4
10
12
11
12
6
34
11
31
-32
11
-17
22
11
26
32
15
50
10
50
2
33
-5
37
1
38
-7
3
-2
18
19
16
-1
-41
-41
-38
-22
-16
7
-12
-8
11
4
-4
-41
-48
-9
-62
-26
-48
-31
-45
-24
5
-41
-13
-53
-8
-42
-14
9
4
3
-17
47
24
48
22
33
14
15
52
19
2
-28
-32
-32
-33
-21
-31
-34
-58
-29
-19
1
10
-1
27
-14
40
22
48
-21
0
-21
4
12
17
26
-7
15
3
27
-4
-9
-5
-9
9
-13
17
-30
-6
-10
-7
-6
-12
-5
-49
-33
-39
0
-35
1
7
30
48
50
33
1
2
-6
2
-7
-4
7
17
30
49
49
30
-1
14
-7
35
24
-4
-28
-2
12
10
4
10
10
-14
30
20
23
-9
7
3
2
16
41
-11
-18
-21
9
-13
-12
-7
-30
-24
-17
19
34
22
-1
-1
21
7
3
-47
-33
-41
-16
-4
-29
-6
-11
-45
5
-10
6
-29
-51
-33
-53
-12
-5
-7
-8
-11
15
-3
30
36
13
-12
3
60
38
37
23
48
26
30
28
19
39
28
29
34
24
13
-11
7
0
7
-13
-24
-14
11
42
10
35
-20
-31
-15
-4
24
38
-2
-9
-24
-14
-50
-23
-31
-1
4
12
-9
-73
-64
-77
-50
-29
-17
-36
-43
-21
-29
-46
-28
-46
-43
-42
26
30
-24
0
-7
-3
-38
-5
13
42
-27
14
56
27
-8
-66
-42
-54
14
17
31
6
27
7
-13
52
15
27
-27
26
19
15
-11
-50
-3
5
64
58
98
38
42
3
1
14
-15
1
-57
-8
12
34
30
17
-6
-7
44
26
34
36
12
26
21
69
54
-2
16
11
58
53
23
25
-23
-3
-16
28
87
75
35
-20
24
-8
-25
-37
-44
11
-22
1
-15
-27
-35
-41
-10
11
30
17
-31
-15
-58
2
-76
-44
-14
-14
-36
-27
-27
-44
-40
-61
-32
-39
4
-27
-31
-1
-32
-14
-36
-63
-34
-9
-15
-25
57
60
15
-6
-22
101
160
187
222
165
84
-65
-185
-224
-201
-262
-311
-266
-263
-241
-181
-63
96
144
199
215
217
169
82
40
-14
2
11
49
107
179
226
130
94
123
81
126
129
148
159
68
64
-35
-72
-114
-177
-200
-204
-162
-168
-91
-72
-36
-52
-84
-82
-46
-38
-12
99
157
145
81
52
-66
-145
-208
-132
-72
-108
-146
-133
-84
-148
-91
-32
61
90
131
109
110
61
10
11
4
78
136
212
220
230
120
60
10
-1
38
47
100
113
144
138
107
21
-66
-137
-172
-135
-111
-37
-63
-72
-89
-73
-23
4
-3
13
47
32
28
6
-1
-59
-40
8
86
143
134
104
29
-29
-49
-86
-130
-120
-48
32
78
30
33
-8
-11
-55
-27
-42
-95
-84
-109
-78
-87
-49
-39
-27
-11
9
32
-5
-21
-83
-101
-82
-69
-45
1
51
44
44
11
-16
-31
-36
-14
24
79
126
141
142
105
64
24
-13
-23
-23
-11
-13
-16
-14
20
16
42
65
100
114
101
87
78
80
48
23
-11
-30
-42
-35
-13
21
23
35
39
49
38
20
4
-34
-42
-47
-44
-45
-34
-11
31
57
63
85
85
55
25
-19
-28
-39
-84
-116
-94
-99
-133
-150
-181
-191
-217
-251
-268
-289
-320
-335
-352
-347
-328
-314
-292
-267
-205
-148
-95
-61
-23
10
38
78
103
141
126
115
131
164
189
200
215
270
328
332
330
341
329
294
245
225
248
235
222
217
240
246
237
232
226
205
147
127
125
136
159
143
144
203
308
381
395
383
356
308
220
167
181
325
670
1066
1471
1859
2146
2194
1982
1696
1266
487
-619
-1670
-2600
-3485
-4177
-4497
-4422
-4094
-3534
-2711
-1794
-1038
-548
-342
-336
-320
-302
-390
-412
-83
491
1060
1661
2357
2851
2906
2654
2219
1555
649
-370
-1292
-1969
-2349
-2430
-2326
-1970
-1366
-792
-382
-17
298
343
147
9
58
155
280
579
969
1347
1663
1864
1885
1745
1497
1124
711
459
354
298
307
491
764
933
964
897
704
365
-16
-399
-687
-827
-823
-696
-397
90
620
1043
1347
1533
1595
1499
1226
885
553
257
-59
-322
-452
-442
-306
191
1121
1938
2140
2047
2143
2183
1679
713
-411
-1814
-3532
-4923
-5572
-5807
-6003
-5939
-5169
-3742
-2164
-865
-65
275
285
32
-310
-496
-549
-678
-732
-268
814
1965
2698
2981
2961
2754
2331
1530
412
-732
-1775
-2659
-3089
-2791
-2058
-1442
-956
-270
549
1149
1334
1088
601
166
-27
-29
90
403
828
1140
1454
1928
2339
2286
1790
1266
916
706
551
471
504
695
1005
1260
1421
1456
1175
517
-219
-715
-1037
-1350
-1558
-1411
-919
-266
435
1110
1651
1938
2011
1857
1572
1277
873
341
-161
-424
-500
-569
-620
-568
-468
-470
-498
-417
-321
-308
-351
-269
-12
323
984
2065
2945
2934
2447
2253
2104
1293
-104
-1493
-2983
-4819
-6350
-6818
-6639
-6522
-6241
-5120
-3151
-1037
533
1389
1768
1778
1374
744
344
164
-198
-664
-550
345
1333
1747
1630
1287
880
345
-465
-1458
-2277
-2739
-2991
-2949
-2150
-728
500
1272
1968
2699
3003
2686
1954
1018
124
-463
-746
-802
-458
270
944
1425
1984
2616
2853
2495
1984
1552
1090
641
316
143
79
86
66
-4
-50
-132
-438
-885
-1076
-911
-620
-242
344
1105
1812
2346
2655
2704
2467
1903
1086
282
-297
-793
-1281
-1632
-1624
-1278
-898
-559
-179
147
307
375
418
389
246
36
-138
-149
45
298
366
260
528
1616
2930
3234
2520
1941
1833
1271
-88
-1537
-2973
-5027
-7175
-7909
-7166
-6378
-6071
-5212
-3033
-332
1620
2549
2868
2696
1839
617
-119
-182
-477
-1388
-1834
-942
511
1176
947
501
76
-493
-1216
-1869
-2307
-2550
-2605
-2140
-801
1162
2814
3541
3699
3769
3762
3297
2098
406
-1097
-1979
-2307
-2131
-1481
-561
213
870
1779
2833
3521
3389
2626
1903
1637
1541
1149
536
84
-112
-404
-766
-927
-1059
-1453
-1862
-1740
-990
-48
665
1241
1941
2731
3291
3258
2719
1962
1015
-104
-1160
-1858
-2245
-2588
-2741
-2372
-1451
-409
332
773
1177
1561
1714
1545
1123
640
117
-421
-818
-986
-1075
-1184
-1157
-821
-263
537
1917
3482
3942
3186
2564
2511
1844
-25
-2001
-3534
-5364
-7296
-7849
-6816
-5724
-5175
-3950
-1236
1760
3469
3751
3464
2991
1874
182
-1017
-1246
-1507
-2318
-2502
-1117
659
1113
512
105
12
-388
-1191
-1799
-1885
-1635
-1196
-347
1150
2862
3884
3800
3359
3282
2994
1592
-500
-1970
-2578
-2877
-2844
-2136
-1159
-427
339
1376
2280
2627
2392
1810
1332
1290
1363
1037
527
364
404
144
-278
-537
-886
-1492
-1840
-1433
-584
165
740
1365
2127
2893
3261
2848
1957
1059
159
-877
-1767
-2199
-2397
-2543
-2355
-1608
-563
359
934
1276
1638
2088
2334
2122
1661
1289
965
553
139
-220
-643
-1193
-1516
-1437
-1166
-909
-628
-322
-81
455
1913
3776
4404
3379
2239
2019
1645
120
-1652
-2982
-4645
-6628
-7270
-5951
-4498
-4302
-4013
-1935
1024
2783
2938
2525
2006
863
-817
-1809
-1696
-1696
-2596
-3157
-1946
65
817
201
-339
-299
-382
-870
-1187
-992
-658
-385
252
1556
3031
3651
3112
2268
1847
1504
422
-1263
-2555
-3046
-2994
-2432
-1352
-180
686
1399
2233
3038
3434
3220
2495
1742
1461
1477
1303
838
352
52
-138
-295
-416
-634
-981
-1133
-779
60
1041
1748
2108
2348
2679
2895
2504
1492
324
-603
-1265
-1716
-1907
-1798
-1444
-939
-251
590
1334
1656
1540
1317
1164
991
597
-61
-719
-1162
-1426
-1555
-1523
-1457
-1382
-1107
-534
180
798
1222
1464
1529
1429
1149
950
1466
2444
2480
1294
371
425
220
-1101
-2543
-3569
-5154
-7217
-7954
-6921
-5842
-5607
-4681
-1852
1573
3695
4401
4594
4321
3007
949
-589
-1221
-2037
-3465
-4134
-2905
-1007
-271
-538
-467
67
141
-411
-767
-508
-174
-85
308
1502
2898
3362
2817
2283
2059
1418
-19
-1579
-2491
-2783
-2707
-2033
-610
1061
2413
3431
4405
5203
5313
4592
3457
2402
1508
580
-387
-1146
-1523
-1665
-1771
-1730
-1419
-1016
-710
-333
376
1333
2081
2417
2602
2806
2778
2158
1020
-134
-975
-1657
-2273
-2554
-2308
-1729
-1151
-498
378
1202
1606
1606
1507
1445
1273
866
267
-292
-584
-739
-924
-1067
-1108
-1094
-1037
-884
-625
-380
-232
-124
-66
-104
-215
-485
-930
-1236
-712
853
2277
2342
1704
1654
1905
1334
-25
-1472
-3336
-5897
-7705
-7382
-5966
-5222
-4803
-2888
586
3567
4786
4775
4145
2679
431
-1468
-2133
-2269
-2932
-3606
-2842
-671
1064
1261
726
382
114
-450
-937
-818
-354
-4
558
1879
3580
4595
4366
3319
2223
1253
54
-1453
-2685
-3154
-2980
-2233
-740
1161
2588
3268
3685
4036
4025
3455
2441
1312
364
-286
-723
-1044
-1262
-1375
-1417
-1333
-997
-485
-39
320
895
1726
2397
2650
2560
2217
1517
518
-531
-1516
-2383
-2999
-3188
-2860
-2106
-1175
-265
566
1302
1900
2229
2217
1964
1548
1068
614
199
-282
-855
-1337
-1507
-1364
-1202
-1155
-1035
-700
-270
140
539
806
692
275
-171
-588
-977
-1227
-1043
-8
1669
2867
2844
2370
2295
2046
792
-1035
-2760
-4647
-6694
-7721
-6931
-5384
-4290
-3074
-639
2416
4376
4615
3780
2402
560
-1382
-2578
-2738
-2564
-2608
-2370
-1134
520
1261
800
-43
-638
-1041
-1223
-904
-72
882
1759
2932
4310
5028
4575
3294
1688
49
-1425
-2592
-3464
-3941
-3643
-2472
-750
1067
2494
3375
3966
4337
4251
3601
2660
1723
743
-341
-1216
-1644
-1842
-2080
-2167
-1721
-903
-161
481
1234
2125
2897
3226
3054
2604
1966
1026
-171
-1231
-1852
-2174
-2332
-2078
-1268
-129
928
1674
2193
2464
2384
1971
1272
426
-394
-1078
-1579
-1893
-1960
-1827
-1594
-1161
-529
49
536
1012
1337
1386
1127
776
432
-15
-471
-955
-1719
-2534
-2786
-2144
-732
853
1946
2133
1679
1430
1519
1153
-113
-2089
-4222
-5776
-6346
-6087
-5598
-5150
-4157
-2157
360
2488
3532
3260
1959
227
-1082
-1609
-1796
-2025
-2216
-1887
-814
414
1033
824
105
-610
-971
-804
-23
1094
2089
2843
3615
4427
4661
3792
2199
530
-979
-2223
-3031
-3275
-3032
-2396
-1331
308
2282
3889
4638
4700
4522
4207
3570
2608
1642
897
241
-417
-846
-905
-867
-988
-1053
-753
-116
531
1042
1549
2080
2418
2310
1835
1283
689
-13
-646
-952
-885
-684
-567
-475
-267
-50
9
-46
5
158
177
28
-121
-219
-403
-763
-1149
-1439
-1670
-1708
-1475
-1045
-542
-160
0
11
-117
-458
-1004
-1531
-1869
-2043
-2015
-1646
-901
261
1953
3715
4565
3980
2576
1119
-373
-2081
-3721
-5154
-6553
-7536
-7275
-5802
-4144
-2868
-1558
119
1826
3022
3400
2897
1682
220
-819
-1048
-698
-402
-477
-602
-448
-164
-186
-571
-1037
-1280
-983
-8
1424
2785
3615
3750
3499
3191
2695
1699
274
-1054
-1806
-1849
-1421
-872
-305
428
1341
2313
3185
3789
4035
3883
3458
3046
2746
2320
1497
402
-543
-1174
-1646
-1977
-2024
-1703
-975
40
1069
1855
2287
2369
2199
1889
1469
980
428
-99
-467
-660
-784
-919
-1017
-1061
-1063
-1025
-870
-588
-303
-109
-79
-184
-303
-489
-883
-1425
-1815
-1876
-1738
-1465
-963
-320
192
392
318
78
-304
-716
-970
-1091
-1121
-980
-652
-127
760
1851
2475
2303
1672
986
259
-526
-1372
-2507
-4020
-5346
-5780
-5389
-4723
-3955
-2825
-1299
242
1433
2145
2205
1547
547
-164
-272
57
366
392
235
106
-52
-447
-1038
-1484
-1505
-1053
-164
1074
2257
2874
2909
2776
2570
1979
1013
46
-558
-710
-464
62
649
1099
1307
1328
1347
1418
1431
1411
1512
1755
2124
2515
2685
2410
1704
823
-28
-656
-977
-1016
-794
-366
206
736
1060
1150
1035
790
526
366
347
418
498
484
363
69
-450
-1069
-1583
-1836
-1797
-1466
-913
-361
-5
102
-16
-283
-655
-1047
-1211
-990
-627
-308
-51
201
425
538
489
244
-92
-392
-574
-618
-531
-403
-234
229
1120
1961
2114
1492
587
-247
-969
-1611
-2288
-3183
-4229
-4827
-4573
-3730
-2889
-2233
-1462
-494
353
859
958
615
-115
-751
-757
-125
642
1058
1026
699
310
-199
-917
-1637
-1841
-1454
-909
-276
665
1458
1621
1381
1171
874
279
-363
-678
-492
12
538
975
1484
1859
1853
1714
1719
1725
1611
1584
1800
2108
2273
2115
1648
1119
648
206
-64
107
586
995
1227
1380
1331
942
384
-62
-238
-194
-43
200
510
716
682
387
-56
-517
-798
-760
-566
-367
-161
-32
-97
-270
-452
-791
-1203
-1328
-979
-444
-37
269
490
560
356
16
-255
-397
-586
-701
-435
-10
114
-72
-210
-118
270
823
1260
1294
939
294
-491
-1269
-1914
-2675
-3743
-4648
-4800
-4268
-3578
-2929
-2211
-1366
-609
-21
343
379
-44
-636
-901
-574
9
379
479
444
333
115
-156
-358
-244
17
143
248
515
599
324
50
-66
-332
-720
-761
-420
30
381
605
795
1074
1220
1130
1129
1334
1481
1636
2159
2893
3266
3153
2765
2258
1771
1300
905
756
905
1175
1432
1624
1579
1114
394
-155
-321
-197
78
382
603
609
437
239
-6
-354
-653
-543
29
757
1257
1370
1064
546
-22
-695
-1340
-1655
-1699
-1584
-1161
-586
-233
-370
-709
-975
-999
-774
-575
-525
-289
69
124
-28
-269
-681
-991
-609
279
939
1083
949
439
-352
-1039
-1697
-2640
-3701
-4258
-4163
-3744
-3355
-3025
-2805
-2483
-1924
-1247
-705
-462
-463
-452
-210
202
696
1012
1036
809
689
747
745
743
874
908
740
641
615
503
339
226
37
-327
-579
-606
-608
-575
-501
-320
52
449
720
911
1074
1123
1142
1370
1880
2364
2612
2715
2706
2660
2548
2373
2279
2241
2103
1874
1653
1393
981
367
-200
-505
-505
-299
29
368
599
610
450
276
139
64
-3
24
183
445
623
504
43
-453
-801
-993
-882
-540
-263
-186
-76
-65
-346
-711
-966
-1297
-1469
-1147
-664
-432
-404
-405
-607
-844
-843
-657
-460
-238
-11
183
318
262
19
-350
-720
-1073
-1419
-1838
-2329
-2861
-3337
-3643
-3649
-3329
-2942
-2587
-2194
-1777
-1463
-1220
-976
-621
-139
473
1158
1707
1935
1847
1673
1473
1423
1660
1800
1445
882
509
149
-268
-477
-497
-778
-1176
-1182
-863
-568
-368
-314
-266
52
420
664
845
997
1019
1112
1479
1958
2176
2167
2105
1994
1928
1919
2007
2161
2229
2106
1996
1912
1722
1261
714
358
131
-76
-125
-18
0
-57
-129
19
323
567
677
754
861
909
776
600
544
387
139
-72
-251
-433
-578
-708
-848
-886
-766
-629
-656
-642
-571
-592
-722
-935
-1047
-1074
-1160
-1310
-1248
-965
-616
-225
255
595
507
253
-40
-499
-884
-1030
-1320
-1916
-2426
-2662
-2964
-3243
-3109
-2760
-2617
-2568
-2422
-2273
-2212
-2211
-2013
-1553
-914
-283
317
949
1425
1526
1494
1956
2822
3286
2868
2202
1813
1304
618
210
-8
-627
-1431
-1701
-1415
-1221
-1309
-1370
-1090
-453
-20
76
269
618
722
776
1159
1683
1918
1864
1842
1913
2013
2070
2203
2478
2642
2441
2127
1948
1818
1590
1362
1338
1377
1230
924
644
336
-98
-545
-713
-552
-335
-121
219
637
869
796
739
865
1022
1014
1016
1047
879
506
-8
-404
-713
-905
-1033
-1021
-952
-964
-1057
-1128
-1063
-1144
-1270
-1293
-1157
-908
-480
-9
157
0
-366
-680
-864
-809
-673
-851
-1340
-1927
-2371
-2663
-2852
-2957
-2908
-2780
-2656
-2481
-2418
-2475
-2583
-2550
-2259
-1739
-1191
-730
-474
-447
-401
-302
8
640
1776
2974
3412
3039
2654
2482
2128
1851
1759
1440
560
-244
-479
-628
-1089
-1644
-1941
-1862
-1487
-1292
-1229
-950
-581
-289
75
706
1346
1682
1880
2231
2576
2700
2774
2904
3116
3198
2971
2686
2415
2193
2032
1931
1797
1569
1142
731
476
112
-300
-506
-410
-224
-131
-85
22
65
56
121
262
447
656
818
1001
1277
1441
1336
1018
670
295
-16
-123
-70
-281
-656
-908
-1021
-1169
-1354
-1487
-1566
-1447
-1163
-660
-396
-670
-1274
-1494
-1193
-900
-1020
-1515
-2159
-2897
-3316
-3184
-2802
-2683
-2801
-2828
-2665
-2578
-2681
-2806
-2743
-2425
-1911
-1402
-1054
-883
-797
-631
-365
-32
276
592
984
1579
2260
2554
2263
1768
1570
1600
1668
1770
1761
1366
806
605
695
567
95
-419
-724
-753
-646
-613
-662
-682
-632
-533
-320
30
390
730
1184
1756
2250
2539
2685
2905
3175
3293
3189
2964
2725
2495
2304
2157
1890
1451
996
632
344
49
-257
-542
-667
-711
-707
-584
-382
-249
-225
-124
20
37
-56
37
362
695
707
477
307
352
456
470
512
451
228
-81
-168
-147
-204
-396
-482
-287
-94
-402
-1208
-1650
-1224
-656
-839
-1477
-2136
-2979
-3827
-3788
-2873
-2384
-2949
-3572
-3432
-3051
-3131
-3378
-3234
-2827
-2526
-2281
-1825
-1304
-982
-867
-536
92
582
665
691
1062
1671
2147
2468
2757
2967
2772
2214
1899
1969
1988
1628
1298
960
368
-342
-571
-389
-391
-597
-703
-607
-569
-575
-612
-513
-395
-386
-412
-275
112
502
831
1226
1721
2128
2376
2589
2802
2911
2896
2859
2880
2836
2718
2498
2135
1660
1201
795
409
28
-386
-714
-973
-1132
-1176
-1048
-995
-1136
-1173
-961
-636
-451
-184
103
320
396
531
773
969
1037
892
829
826
800
621
450
409
400
618
1049
1089
179
-892
-997
-289
138
-188
-784
-1703
-2965
-3539
-2699
-1605
-1946
-3278
-3949
-3654
-3618
-4042
-4121
-3732
-3518
-3689
-3524
-2881
-2353
-2248
-1983
-1235
-470
-189
-211
105
868
1656
2056
2213
2371
2457
2375
2371
2639
2891
2728
2345
2156
1997
1608
1199
1034
771
294
-87
-289
-640
-1117
-1312
-1180
-1100
-1215
-1258
-1090
-795
-525
-289
-44
251
552
876
1239
1603
1912
2120
2315
2511
2667
2733
2763
2776
2686
2419
2094
1826
1605
1387
1205
1003
679
222
-236
-590
-927
-1217
-1376
-1426
-1526
-1605
-1560
-1413
-1219
-945
-611
-373
-184
47
385
778
1230
1501
1538
1411
1369
1452
1521
1609
1886
2002
1297
141
-223
685
1441
978
10
-683
-1647
-2782
-2808
-1665
-1305
-2696
-4045
-3936
-3434
-3888
-4626
-4596
-4227
-4456
-4862
-4649
-4040
-3716
-3598
-3096
-2179
-1421
-1070
-716
7
1044
1822
2083
2139
2343
2663
2889
3019
3231
3368
3190
2926
2755
2440
1846
1436
1449
1360
787
268
80
-213
-546
-525
-436
-917
-1639
-1863
-1521
-1206
-1181
-1245
-1101
-646
-102
377
767
1170
1543
1768
1905
2170
2546
2768
2780
2758
2748
2617
2332
2119
2108
2087
1845
1430
1051
742
497
314
95
-244
-612
-983
-1397
-1657
-1595
-1418
-1473
-1579
-1520
-1275
-1057
-805
-371
57
408
571
766
1045
1313
1386
1406
1641
1802
1844
2077
2401
1941
626
46
831
1544
887
-169
-613
-1209
-2184
-2151
-854
-612
-2377
-4116
-4110
-3644
-4150
-4703
-4419
-4145
-4764
-5365
-5082
-4492
-4327
-4249
-3705
-2958
-2442
-2157
-1711
-903
109
943
1338
1527
1844
2240
2487
2671
3096
3513
3464
3068
2879
2914
2812
2686
2590
2291
1665
1369
1395
1164
619
264
78
-364
-706
-650
-502
-781
-1169
-1256
-1006
-673
-381
-115
85
323
681
1117
1492
1771
1973
2040
1998
1969
1989
2040
2090
2143
2119
1954
1678
1445
1256
1029
835
649
415
120
-163
-353
-436
-518
-630
-845
-1116
-1367
-1421
-1274
-1100
-902
-712
-626
-707
-655
-355
82
351
495
540
493
399
576
1001
1399
1757
1863
1309
188
-23
972
1692
1001
95
-335
-1006
-1964
-1834
-590
-516
-2220
-3590
-3341
-3115
-3856
-4353
-3888
-3698
-4496
-5090
-4720
-4184
-4087
-3898
-3316
-2814
-2574
-2305
-1860
-1210
-424
286
611
787
1185
1771
2082
2232
2572
2936
3006
2947
3059
3208
3215
3172
3181
2989
2645
2417
2154
1636
1341
1492
1521
1041
492
296
175
37
99
176
-126
-485
-505
-279
-84
95
295
302
112
72
396
735
835
854
898
839
698
656
739
890
989
965
857
740
734
788
760
667
559
369
114
-35
24
144
60
-141
-334
-556
-777
-855
-803
-716
-690
-684
-651
-656
-613
-458
-322
-267
-283
-317
-270
-91
87
393
1002
1332
785
-138
9
969
1271
527
98
63
-660
-1596
-1166
58
-277
-1970
-2783
-2181
-2116
-3055
-3430
-2863
-2735
-3430
-3794
-3509
-3202
-3150
-2930
-2538
-2322
-2252
-2217
-2157
-1739
-988
-477
-568
-650
-99
596
783
963
1588
2106
2117
2045
2264
2495
2611
2834
3084
3017
2894
2916
2902
2648
2636
2986
2883
2110
1717
2166
2444
2090
1633
1489
1045
436
326
650
654
114
-473
-660
-441
-363
-582
-919
-1043
-979
-1055
-1228
-1136
-826
-769
-906
-779
-368
-140
-120
133
612
843
732
682
877
1078
1143
1049
838
623
468
334
266
267
246
82
-230
-528
-629
-543
-447
-373
-391
-508
-682
-769
-736
-591
-456
-492
-737
-927
-768
-435
131
635
428
-570
-948
-30
892
580
-120
-113
-341
-1169
-1183
96
489
-905
-2057
-1517
-833
-1391
-1955
-1592
-1264
-1796
-2297
-2190
-2095
-2325
-2390
-2289
-2383
-2467
-2424
-2535
-2597
-2115
-1475
-1506
-1835
-1453
-593
-150
-9
486
1090
1291
1411
1955
2515
2796
3074
3371
3392
3375
3702
3977
3762
3463
3630
3785
3454
3110
3166
3083
2538
2074
1950
1781
1298
836
475
160
-102
-258
-464
-765
-1105
-1434
-1639
-1684
-1601
-1690
-1906
-1902
-1557
-1229
-1117
-1020
-825
-653
-585
-451
-208
-19
51
109
261
450
602
624
541
501
509
512
522
647
774
760
594
398
271
180
96
-10
-84
-197
-437
-830
-1104
-1117
-1002
-938
-1112
-1323
-1499
-1509
-1348
-935
-668
-569
-241
138
33
-686
-598
447
1112
557
71
228
-75
-881
-613
927
1150
-438
-1514
-805
-202
-872
-1501
-1314
-1318
-2146
-2715
-2593
-2371
-2384
-2426
-2498
-2666
-2569
-2299
-2212
-2024
-1301
-752
-1037
-1265
-519
574
937
999
1468
1968
2088
2290
2842
3272
3435
3580
3638
3419
3435
3909
4080
3629
3294
3384
3187
2546
2253
2488
2522
2061
1481
991
603
488
578
448
-25
-499
-951
-1395
-1472
-1085
-855
-1337
-1971
-2097
-1897
-1848
-1809
-1549
-1330
-1414
-1633
-1629
-1386
-1052
-776
-593
-517
-479
-474
-459
-246
185
527
492
265
200
287
387
551
731
700
440
180
94
98
98
45
-151
-427
-576
-556
-487
-419
-347
-307
-364
-402
-380
-350
-357
-285
-175
-182
-245
-278
-27
437
640
67
-736
-628
289
749
306
62
1
-664
-1342
-576
858
683
-942
-1660
-835
-486
-1093
-1303
-880
-1086
-2002
-2308
-1789
-1415
-1539
-1626
-1634
-1623
-1417
-1103
-880
-571
53
404
82
-100
598
1400
1486
1375
1646
1910
1777
1786
2193
2517
2483
2393
2331
2165
2128
2368
2484
2223
2010
1947
1606
1148
1161
1488
1382
764
228
53
-19
25
168
59
-408
-800
-868
-778
-614
-444
-555
-1042
-1338
-1221
-1089
-1146
-1149
-1056
-1161
-1544
-1710
-1443
-1206
-1195
-1117
-895
-736
-688
-653
-499
-227
68
209
139
87
199
414
594
741
910
920
736
646
876
1127
1184
1074
930
812
728
682
662
605
358
21
-238
-315
-436
-592
-792
-919
-1048
-1114
-1139
-1127
-1128
-1097
-530
189
13
-1129
-1509
-596
309
151
-135
41
-530
-1749
-1528
501
1410
-45
-1476
-933
-42
-319
-433
360
659
-298
-1107
-764
-97
57
-23
-199
-689
-904
-600
-392
-488
-285
125
-140
-797
-689
139
446
169
217
655
736
433
449
739
974
1188
1262
942
701
1081
1519
1357
1103
1387
1568
1070
718
1203
1745
1597
1226
1161
1133
933
812
816
679
546
374
-93
-592
-486
-20
-186
-947
-1355
-1173
-1188
-1412
-1301
-1003
-1168
-1659
-1752
-1402
-1049
-876
-755
-762
-826
-645
-236
127
368
601
701
574
579
975
1391
1430
1295
1246
1205
1060
925
864
795
687
569
393
115
-111
-219
-319
-472
-597
-751
-1054
-1361
-1420
-1273
-1223
-1381
-1556
-1594
-1600
-1673
-1614
-1290
-715
-128
-67
-605
-903
-243
759
1166
1143
1314
1080
106
-185
1251
2768
2298
793
336
750
602
324
851
1308
463
-923
-1376
-965
-610
-597
-900
-1626
-2225
-2081
-1698
-1737
-1831
-1507
-1406
-1975
-2189
-1410
-692
-812
-972
-486
163
314
255
469
828
1136
1361
1436
1488
1822
2150
1949
1592
1852
2356
2199
1594
1454
1798
1867
1562
1479
1651
1499
957
544
477
613
660
376
-188
-534
-477
-436
-649
-762
-581
-696
-1234
-1496
-1119
-668
-654
-832
-785
-661
-722
-644
-320
-55
34
31
-28
-34
138
334
341
163
102
233
234
108
140
292
237
-32
-181
-130
-146
-302
-449
-519
-518
-526
-599
-683
-727
-772
-803
-808
-743
-611
-542
-565
-584
-441
-165
49
141
180
230
272
530
1231
1910
1713
812
573
1200
1690
1639
1783
1800
728
-691
-495
1102
1619
587
-339
-496
-1071
-1853
-1502
-452
-461
-1585
-2391
-2621
-2673
-2416
-1822
-1771
-2517
-2959
-2599
-2287
-2260
-1736
-1027
-1199
-1825
-1543
-448
163
134
185
494
739
1098
1708
2083
1992
1807
1802
1814
2039
2626
2935
2390
1576
1415
1797
2039
2014
1971
1755
1245
779
776
1141
1438
1372
921
334
109
379
584
385
181
192
-14
-521
-785
-522
-278
-492
-842
-903
-756
-717
-745
-769
-863
-924
-815
-763
-798
-712
-603
-686
-835
-688
-295
-176
-472
-629
-459
-296
-238
-114
34
36
-54
-51
8
40
167
298
213
46
51
180
235
224
314
440
361
132
112
317
441
394
248
115
73
157
205
119
24
42
287
501
464
170
-66
-169
-164
23
398
583
12
-888
-1253
-789
-303
-279
-441
-569
-1063
-1849
-2022
-1504
-1065
-1176
-1435
-1680
-1952
-2062
-1779
-1433
-1512
-1684
-1461
-1117
-1054
-963
-572
-393
-596
-552
104
793
1021
973
926
938
1037
1417
1924
2260
2285
2122
1800
1503
1654
2185
2486
2232
1812
1535
1259
971
979
1321
1481
1124
586
361
442
511
558
531
347
91
-2
-25
-51
-3
35
-199
-629
-718
-429
-201
-361
-623
-715
-694
-694
-633
-491
-466
-509
-545
-611
-663
-508
-300
-343
-566
-602
-362
-187
-221
-190
-45
-23
-153
-135
84
301
381
323
175
86
235
419
408
287
271
258
126
6
78
231
195
16
-99
-119
-169
-208
-243
-289
-294
-255
-323
-541
-677
-592
-469
-455
-385
-223
-217
-448
-634
-619
-508
-363
-138
-30
-210
-515
-612
-535
-505
-401
-121
19
-255
-600
-638
-510
-542
-673
-708
-683
-705
-671
-545
-540
-687
-787
-760
-680
-542
-335
-170
-173
-258
-243
-136
-86
-47
94
307
423
401
399
507
599
611
627
703
781
830
936
1093
1168
1061
926
942
1091
1263
1468
1616
1561
1387
1269
1331
1509
1646
1633
1490
1282
1122
1088
1120
1130
1060
857
515
210
135
192
132
-87
-286
-479
-750
-967
-958
-817
-823
-1033
-1232
-1274
-1288
-1271
-1131
-935
-814
-746
-677
-617
-507
-322
-164
-100
-61
66
204
182
91
124
254
239
107
61
25
-138
-334
-427
-417
-402
-454
-576
-701
-790
-827
-838
-883
-852
-732
-665
-736
-792
-732
-634
-585
-520
-397
-316
-217
-51
139
258
331
394
376
334
414
619
683
541
416
426
399
254
177
207
151
-32
-219
-305
-341
-443
-638
-833
-956
-995
-994
-990
-968
-960
-1016
-1133
-1183
-1089
-877
-690
-612
-589
-520
-359
-183
-51
90
297
453
507
591
777
977
1125
1244
1357
1438
1512
1645
1823
1939
1994
2032
2034
1962
1916
1982
2019
1892
1736
1724
1764
1673
1485
1370
1279
1131
962
858
726
481
222
5
-198
-421
-579
-704
-895
-1135
-1307
-1405
-1511
-1606
-1608
-1556
-1619
-1772
-1821
-1708
-1566
-1470
-1378
-1263
-1179
-1104
-975
-800
-637
-482
-341
-241
-177
-73
45
123
164
219
272
271
235
204
210
168
83
-24
-92
-145
-179
-213
-276
-378
-475
-520
-503
-472
-462
-453
-466
-466
-413
-324
-263
-242
-240
-208
-175
-136
-71
34
171
318
444
506
516
514
554
610
678
735
728
625
525
523
517
439
357
313
194
8
-148
-237
-340
-520
-644
-714
-807
-890
-880
-844
-887
-924
-864
-773
-731
-643
-452
-299
-244
-156
43
244
377
548
780
927
997
1150
1387
1516
1529
1557
1606
1614
1630
1700
1715
1566
1338
1207
1150
1087
1041
994
810
490
224
72
-25
-96
-148
-269
-496
-728
-854
-900
-942
-965
-961
-1004
-1074
-1080
-1035
-991
-931
-818
-723
-694
-618
-452
-311
-277
-231
-89
25
32
61
171
205
113
42
63
102
90
44
19
-43
-104
-161
-219
-276
-267
-258
-342
-474
-529
-501
-519
-580
-588
-539
-555
-611
-596
-489
-405
-372
-307
-178
-62
-10
13
50
95
162
265
341
353
329
317
295
291
322
388
373
280
261
332
386
392
434
497
477
390
379
413
351
254
257
281
184
42
6
21
-47
-135
-156
-194
-302
-369
-335
-333
-407
-423
-389
-408
-484
-470
-386
-396
-478
-460
-313
-211
-215
-226
-179
-83
33
141
209
260
322
369
394
466
617
693
622
557
634
717
663
547
519
574
579
511
433
402
361
300
252
257
315
325
224
96
47
38
-7
-80
-99
-67
-103
-241
-322
-249
-164
-176
-246
-260
-238
-259
-294
-240
-117
-110
-193
-277
-274
-234
-205
-211
-176
-147
-172
-194
-205
-157
-111
-80
-95
-145
-178
-213
-201
-195
-160
-120
-193
-324
-435
-383
-311
-254
-240
-228
-258
-299
-255
-152
-29
51
111
123
128
180
297
357
364
356
375
400
388
383
424
420
348
280
279
345
384
380
350
318
275
220
157
121
77
-8
-141
-283
-360
-423
-491
-544
-595
-645
-698
-744
-771
-776
-748
-700
-698
-729
-736
-705
-663
-614
-543
-477
-469
-484
-421
-287
-155
-68
15
88
145
240
396
543
605
587
573
620
670
707
717
709
678
623
592
581
578
587
574
537
517
523
516
471
429
441
475
469
439
415
397
367
344
348
360
378
391
391
378
364
352
336
279
182
114
45
-41
-164
-247
-286
-336
-444
-568
-622
-658
-709
-759
-701
-622
-603
-629
-585
-485
-405
-333
-256
-149
-45
23
71
86
107
119
140
140
160
204
193
154
110
121
140
138
102
93
60
-16
-126
-192
-181
-175
-255
-388
-491
-531
-570
-641
-651
-624
-633
-690
-702
-616
-495
-429
-406
-386
-329
-254
-182
-113
-44
22
68
89
87
85
73
19
-23
18
83
72
44
65
97
48
-35
-35
8
6
-13
-27
-75
-134
-159
-150
-124
-73
-19
5
19
87
219
348
392
430
539
654
744
805
879
954
980
974
972
958
919
859
812
778
747
676
555
433
301
186
128
92
10
-115
-234
-311
-364
-390
-366
-332
-369
-436
-474
-436
-347
-225
-105
-79
-107
-119
-61
18
85
143
158
103
34
31
72
120
124
106
53
-15
-47
-33
-41
-84
-92
-76
-87
-177
-228
-255
-284
-349
-404
-384
-367
-409
-484
-511
-484
-454
-427
-402
-371
-348
-358
-374
-355
-257
-195
-171
-215
-230
-210
-212
-206
-189
-166
-206
-210
-198
-167
-148
-159
-168
-192
-172
-140
-94
-92
-122
-132
-123
-101
-80
-70
-86
-85
-55
16
75
105
144
205
287
362
470
577
607
596
622
703
790
843
850
810
746
706
680
635
587
529
408
250
174
169
112
-15
-143
-200
-215
-253
-263
-243
-288
-408
-504
-497
-423
-359
-334
-346
-364
-381
-364
-307
-252
-208
-185
-191
-180
-112
-35
34
77
110
123
125
127
149
190
229
268
276
262
250
264
263
274
290
308
292
248
232
261
273
235
177
125
94
50
5
-25
-61
-111
-154
-206
-230
-256
-295
-355
-365
-327
-292
-300
-307
-306
-302
-245
-234
-219
-237
-234
-223
-194
-159
-126
-113
-137
-142
-131
-59
7
3
-3
6
53
94
110
115
130
114
105
144
199
227
216
183
185
224
251
289
299
278
226
173
148
140
163
165
122
50
4
-32
-72
-93
-87
-82
-114
-149
-141
-120
-112
-113
-88
-37
-21
-74
-112
-88
-80
-109
-124
-114
-134
-199
-230
-183
-156
-186
-214
-220
-254
-297
-328
-360
-382
-365
-306
-271
-286
-305
-282
-260
-227
-179
-111
-78
-111
-86
10
122
173
183
203
215
209
247
333
368
367
357
378
384
377
385
374
346
301
297
288
257
222
208
197
127
76
42
44
4
-37
-51
-45
-62
-95
-122
-151
-136
-136
-120
-137
-136
-149
-121
-95
-39
30
71
85
105
171
245
320
352
411
444
488
496
537
582
625
657
674
673
654
639
582
540
486
441
406
361
279
215
165
63
-66
-174
-226
-295
-402
-488
-537
-610
-701
-725
-719
-747
-831
-885
-890
-885
-872
-851
-853
-849
-836
-791
-734
-662
-607
-602
-610
-606
-534
-444
-359
-292
-213
-152
-117
-61
33
114
149
166
146
123
131
167
195
199
180
166
155
112
92
115
126
101
66
48
26
21
16
17
32
61
89
83
85
84
123
149
147
199
272
317
295
292
319
339
322
301
309
290
281
265
289
291
281
252
212
183
158
165
155
154
141
158
169
199
253
277
274
260
258
278
284
312
350
346
320
307
349
366
372
366
364
333
311
323
343
367
352
331
297
287
269
268
251
198
136
70
46
29
-5
-72
-123
-182
-240
-276
-323
-354
-409
-482
-552
-581
-609
-644
-685
-725
-763
-803
-836
-851
-842
-852
-837
-827
-847
-847
-788
-713
-659
-614
-568
-519
-504
-433
-329
-246
-199
-160
-129
-70
12
75
127
144
151
166
200
219
245
270
287
301
330
353
336
310
300
298
275
236
194
153
127
118
116
99
62
54
80
87
87
98
102
90
75
108
162
215
248
292
311
298
281
306
376
382
350
303
293
282
304
337
354
332
273
217
189
186
188
196
162
133
102
75
66
46
40
54
38
13
-19
-19
-5
11
8
17
13
-6
1
-1
8
5
-3
-25
-38
-27
-13
-17
-25
-34
-51
-62
-91
-91
-86
-88
-73
-65
-58
-69
-67
-89
-97
-107
-86
-92
-88
-91
-93
-88
-78
-72
-63
-64
-96
-149
-176
-166
-160
-180
-214
-247
-262
-270
-276
-276
-297
-317
-354
-351
-351
-327
-334
-321
-311
-282
-263
-237
-220
-202
-163
-137
-79
-21
19
38
49
61
91
122
167
177
192
225
279
302
324
361
374
343
325
335
323
272
209
186
155
106
74
95
92
34
3
24
41
26
25
28
1
-26
-17
9
44
82
112
103
61
69
97
100
56
25
13
7
-13
-18
-12
-18
-51
-109
-146
-152
-157
-196
-241
-286
-304
-317
-310
-320
-303
-286
-303
-313
-301
-249
-188
-160
-139
-100
-39
24
76
100
128
189
235
259
293
353
368
367
351
378
424
449
445
438
434
467
469
435
421
411
401
346
287
258
254
200
134
66
28
-4
-47
-75
-113
-168
-187
-242
-278
-292
-269
-295
-349
-377
-360
-343
-358
-361
-371
-331
-337
-326
-292
-224
-188
-161
-153
-112
-67
-42
-25
-14
20
44
41
51
82
79
68
44
58
75
80
76
92
113
146
174
205
227
244
254
226
188
177
161
125
85
60
39
-22
-78
-98
-93
-115
-157
-202
-235
-270
-282
-288
-322
-382
-441
-458
-461
-447
-446
-446
-470
-502
-476
-440
-398
-399
-393
-342
-300
-274
-241
-165
-123
-97
-71
-7
47
56
82
116
157
197
233
249
259
270
307
338
359
384
415
425
429
454
497
538
536
519
530
542
524
523
525
518
507
473
459
458
478
496
483
424
391
377
362
317
272
258
193
128
68
63
56
28
-35
-81
-98
-153
-201
-263
-264
-278
-332
-390
-406
-397
-393
-410
-427
-431
-426
-432
-435
-421
-383
-333
-311
-275
-261
-203
-197
-175
-143
-83
-73
-73
-66
-52
-26
-21
16
24
14
-16
-24
-31
-24
-11
-16
-44
-74
-86
-82
-85
-83
-86
-90
-110
-134
-160
-189
-225
-259
-253
-248
-267
-313
-331
-337
-342
-342
-315
-293
-298
-293
-258
-222
-206
-189
-147
-105
-112
-100
-66
-54
-58
-23
47
95
127
171
223
247
265
277
317
350
355
364
362
362
372
408
401
395
380
383
391
390
392
392
386
386
395
409
429
410
387
381
395
401
423
425
412
380
348
359
350
326
279
263
227
194
161
118
65
5
-45
-99
-134
-169
-189
-220
-266
-300
-292
-318
-339
-364
-385
-384
-388
-388
-376
-360
-356
-333
-309
-312
-299
-280
-283
-281
-264
-225
-211
-198
-201
-186
-184
-172
-165
-171
-173
-185
-195
-221
-217
-238
-226
-226
-215
-224
-224
-225
-218
-195
-194
-172
-169
-155
-147
-122
-77
-42
-21
3
34
48
70
94
117
123
126
152
164
182
186
175
159
139
134
144
155
166
171
161
138
139
147
145
134
119
101
74
50
53
65
77
80
71
69
69
77
107
120
108
125
156
179
174
204
245
234
218
213
227
223
213
205
219
200
155
127
117
123
108
109
75
45
28
8
-3
-29
-24
-34
-61
-74
-49
-33
-32
-43
-43
-21
-48
-59
-48
-33
-16
-19
-18
-2
-21
-51
-79
-83
-48
-30
-46
-65
-92
-101
-112
-119
-109
-125
-141
-186
-196
-180
-162
-182
-224
-255
-256
-254
-271
-273
-272
-257
-268
-272
-256
-211
-190
-176
-180
-169
-149
-124
-93
-86
-41
-14
4
1
23
58
81
84
108
145
164
161
153
160
185
209
227
228
227
222
199
176
167
176
164
133
93
106
119
89
61
62
74
56
17
14
51
58
41
16
28
37
42
16
11
5
-19
-41
-67
-56
-79
-62
-119
-134
-110
-103
-121
-127
-110
-93
-84
-97
-72
-66
-35
-52
-29
-20
0
-10
20
16
49
54
108
104
113
140
171
174
168
207
218
253
210
234
229
257
251
249
225
198
174
162
153
107
98
59
32
5
-16
-28
-42
-68
-120
-156
-195
-208
-219
-249
-263
-283
-287
-334
-317
-291
-260
-295
-316
-314
-294
-257
-256
-221
-201
-176
-165
-134
-95
-28
2
-5
-6
9
17
44
62
80
99
107
96
110
122
136
152
146
143
122
111
107
101
95
102
97
96
82
75
91
94
88
88
100
100
90
69
46
72
88
69
27
10
-9
-27
-38
-41
-17
-48
-76
-79
-91
-75
-101
-117
-146
-163
-172
-177
-170
-151
-137
-153
-148
-150
-139
-140
-117
-90
-78
-64
-24
9
54
76
104
133
140
161
178
207
229
242
263
283
274
300
337
345
384
426
419
391
303
259
210
117
21
-51
-80
-148
-203
-232
-213
-207
-187
-147
-120
-88
-81
-85
-104
-137
-141
-186
-216
-227
-209
-209
-218
-180
-163
-147
-130
-75
-42
-2
9
52
73
43
29
25
6
-26
-14
-32
-26
-32
-3
26
46
61
84
107
105
110
115
102
69
38
34
5
-26
-46
-49
-66
-56
-37
-56
-58
-93
-103
-98
-111
-138
-148
-166
-194
-199
-196
-178
-181
-161
-129
-135
-119
-95
-92
-85
-78
-75
-65
-68
-68
-54
-67
-65
-56
-30
-15
16
22
42
52
79
99
79
91
108
129
94
105
103
111
98
117
147
176
171
172
199
216
234
240
265
277
252
260
266
259
255
257
274
266
300
281
299
292
288
274
249
244
238
238
223
211
165
135
102
103
73
55
26
-17
-48
-65
-95
-113
-150
-214
-230
-258
-257
-259
-279
-290
-303
-306
-306
-282
-301
-320
-330
-336
-345
-358
-330
-327
-332
-342
-308
-279
-272
-272
-236
-225
-228
-222
-227
-221
-211
-197
-175
-190
-199
-181
-186
-183
-171
-152
-163
-168
-177
-138
-116
-109
-94
-80
-51
-40
-26
-21
14
18
30
71
93
120
152
168
195
234
237
278
296
313
342
331
339
360
362
377
349
332
335
314
287
284
292
258
232
194
216
200
201
173
166
140
127
109
82
98
72
83
46
44
33
46
20
26
49
47
41
30
57
52
90
87
113
108
131
112
130
156
138
149
134
151
144
141
118
133
109
113
100
103
79
64
36
36
35
-5
-27
-85
-106
-138
-150
-183
-204
-223
-247
-277
-313
-319
-336
-336
-364
-391
-395
-430
-420
-410
-429
-429
-434
-480
-465
-445
-450
-428
-413
-424
-411
-391
-381
-353
-343
-322
-286
-244
-227
-203
-155
-138
-140
-103
-43
-36
-32
7
33
84
83
85
104
109
115
121
127
150
172
171
192
214
229
245
235
226
257
256
254
281
315
310
337
329
352
380
375
363
371
385
370
349
320
339
335
320
288
289
281
273
245
224
213
175
147
138
125
127
89
66
35
39
7
19
36
40
46
7
22
12
37
16
20
13
43
29
24
40
43
62
33
33
23
39
12
24
20
14
21
-9
-11
1
26
-25
-52
-79
-83
-117
-172
-174
-179
-202
-236
-249
-271
-268
-307
-327
-327
-323
-338
-345
-364
-364
-355
-364
-367
-355
-362
-366
-340
-346
-331
-299
-310
-295
-278
-262
-233
-212
-199
-170
-139
-140
-135
-105
-82
-57
-37
-20
-15
35
37
40
56
88
88
60
71
63
86
68
89
69
78
85
83
87
101
144
127
122
106
123
124
124
117
149
173
169
176
211
217
217
232
217
212
222
242
240
255
252
274
278
269
298
247
252
257
261
234
222
222
215
235
214
244
218
230
208
194
180
185
177
166
164
130
110
86
65
73
57
13
-13
-33
-59
-77
-72
-100
-112
-157
-156
-171
-181
-207
-218
-224
-235
-249
-243
-242
-230
-236
-247
-239
-227
-204
-185
-172
-178
-164
-175
-152
-106
-98
-95
-103
-104
-100
-108
-111
-97
-86
-123
-123
-133
-127
-142
-169
-173
-156
-138
-149
-149
-139
-90
-102
-86
-67
-81
-72
-83
-39
-38
-28
-32
-19
6
3
27
30
42
41
40
16
23
27
16
30
26
62
53
20
13
39
33
23
17
22
56
25
41
53
65
52
60
67
84
87
86
96
103
104
122
135
143
152
155
202
184
184
196
225
192
211
199
183
204
188
183
176
150
130
136
110
128
98
76
79
34
45
29
-8
-17
-31
-70
-87
-106
-137
-136
-145
-170
-178
-152
-152
-156
-142
-177
-165
-151
-163
-141
-154
-151
-113
-111
-95
-74
-80
-86
-60
-38
-11
0
-1
31
27
7
23
55
46
61
72
98
99
103
104
110
110
92
119
116
74
62
73
37
36
35
58
47
18
19
22
18
-1
11
-12
-23
-45
-53
-60
-68
-60
-91
-81
-100
-124
-113
-104
-90
-106
-123
-107
-93
-105
-90
-104
-105
-104
-109
-76
-58
-76
-58
-24
-18
-18
-6
6
8
10
16
39
30
48
45
25
19
42
44
26
69
47
59
74
48
78
85
62
69
81
38
77
69
69
55
33
60
59
51
31
32
-1
6
-2
11
-1
0
-31
-48
-53
-45
-58
-66
-70
-93
-108
-138
-122
-113
-92
-117
-125
-115
-101
-88
-81
-75
-56
-60
-54
-38
-13
0
20
34
52
84
92
87
97
107
114
144
134
133
155
143
124
122
119
127
139
118
123
131
114
136
132
114
102
90
73
69
60
28
19
-9
-15
-20
-12
-7
-30
-53
-43
-40
-34
-32
-52
-74
-90
-101
-98
-86
-84
-106
-101
-84
-88
-66
-56
-44
-37
-29
-40
-22
-12
-30
-38
-24
-42
-53
-37
-26
-16
11
2
10
19
10
5
8
15
22
30
12
48
36
36
33
21
36
47
42
7
23
29
32
43
19
36
30
26
-14
15
15
-7
-23
-45
-54
-87
-77
-94
-86
-108
-118
-111
-145
-137
-142
-139
-128
-132
-117
-110
-113
-118
-107
-117
-119
-97
-72
-65
-69
-40
-22
2
-2
11
43
67
69
89
81
75
108
93
85
95
100
104
113
126
123
101
101
81
88
89
81
89
97
67
85
99
70
94
84
102
96
92
99
90
85
76
69
74
46
47
55
27
23
9
11
9
27
17
-1
-19
-39
-35
-39
-43
-67
-71
-89
-103
-74
-92
-103
-119
-101
-106
-116
-141
-135
-88
-120
-100
-133
-75
-50
-65
-30
-3
-14
-32
8
-1
17
14
47
53
61
104
118
109
131
132
163
144
101
76
88
82
62
62
50
53
22
44
31
18
-4
-16
-11
-6
-11
-36
-31
-52
-55
-68
-61
-59
-58
-60
-85
-92
-89
-92
-65
-37
-23
-17
-35
-49
-35
-51
-42
-20
-12
30
38
26
5
-13
-30
-27
-37
-53
-91
-99
-125
-126
-126
-120
-86
-55
-17
-13
35
83
73
38
74
86
39
35
27
31
32
13
24
32
62
78
111
124
99
97
116
110
89
75
46
15
-12
-43
-76
-98
-103
-78
-80
-70
-71
-63
-58
-65
-65
-85
-96
-110
-124
-108
-127
-163
-149
-136
-117
-86
-69
-57
-53
-60
-35
-6
-16
3
13
22
36
39
57
63
71
91
117
145
164
170
177
195
211
231
231
216
215
207
203
184
172
180
167
148
158
145
144
138
122
101
93
82
56
81
82
66
61
25
-11
-22
-24
-33
-54
-67
-97
-111
-118
-108
-115
-128
-139
-150
-140
-133
-137
-164
-180
-192
-176
-175
-165
-173
-161
-150
-150
-130
-142
-131
-120
-90
-77
-62
-29
-27
-19
-45
-31
-31
-45
-43
-28
20
22
22
42
42
54
70
76
80
80
81
58
51
43
44
24
14
18
-3
-6
-29
-25
-33
-49
-64
-71
-77
-107
-108
-110
-112
-130
-129
-123
-141
-129
-103
-92
-88
-73
-50
-39
-54
-43
-37
-17
-14
1
10
20
28
26
41
59
84
82
93
91
103
111
127
126
142
158
172
188
181
198
189
189
194
207
229
226
218
207
212
225
210
196
174
171
145
131
114
101
97
67
51
45
58
57
56
23
-5
-38
-44
-52
-74
-94
-95
-100
-121
-111
-101
-109
-133
-135
-134
-142
-158
-170
-170
-179
-199
-195
-184
-179
-176
-181
-172
-171
-169
-159
-144
-132
-113
-91
-81
-49
-39
-30
-13
-11
-11
4
22
6
15
28
40
59
72
69
57
62
62
68
43
38
32
22
13
-3
-10
-24
-53
-70
-75
-80
-107
-141
-131
-123
-108
-73
-67
-65
-58
-53
-37
-24
-20
-23
-27
-28
-21
-9
-4
2
30
58
75
77
93
111
125
129
130
141
140
141
131
129
134
127
110
119
128
123
116
116
128
134
141
130
128
128
126
111
107
123
121
110
101
106
101
82
57
55
48
25
7
-10
-8
-12
-28
-47
-63
-68
-73
-85
-94
-96
-98
-99
-126
-132
-134
-150
-140
-145
-158
-164
-171
-182
-173
-148
-147
-165
-171
-158
-150
-133
-127
-133
-107
-88
-97
-112
-107
-82
-68
-61
-58
-52
-50
-52
-49
-34
-11
0
12
29
25
32
36
38
54
62
63
57
64
71
93
98
88
94
94
106
112
117
134
148
153
138
139
139
133
121
100
97
101
95
79
72
83
94
97
101
99
86
79
75
67
59
58
57
43
38
52
56
41
27
16
13
12
9
12
10
5
-3
-9
-5
6
-13
-30
-51
-59
-55
-61
-70
-89
-95
-110
-130
-126
-108
-112
-127
-137
-141
-131
-125
-132
-152
-150
-145
-141
-135
-128
-126
-120
-112
-110
-103
-91
-80
-78
-65
-54
-34
-6
5
0
-7
-9
-7
0
9
22
21
18
9
4
11
4
0
-6
-25
-17
-7
-1
-2
-7
-14
-12
-7
-15
-13
-4
1
-1
-4
-2
1
-1
1
14
35
59
74
90
94
96
116
136
154
161
155
161
160
151
159
174
180
181
179
180
190
179
177
164
154
144
120
108
93
92
92
84
78
76
75
68
63
49
40
31
5
-3
-13
-23
-14
-24
-38
-42
-59
-74
-79
-89
-96
-105
-118
-131
-145
-158
-161
-149
-150
-155
-159
-166
-155
-151
-164
-166
-171
-185
-189
-167
-162
-166
-150
-146
-137
-129
-117
-94
-76
-76
-74
-70
-55
-36
-21
-9
-11
-12
-5
0
-7
4
10
11
29
45
39
29
18
11
16
28
47
41
27
31
22
10
4
8
19
24
24
31
40
53
62
67
76
74
74
77
81
81
82
71
54
59
66
63
59
58
62
68
68
75
77
72
64
52
54
65
65
71
78
80
80
83
85
91
93
80
78
80
83
76
71
68
55
48
47
52
49
28
16
18
2
-18
-25
-21
-21
-22
-16
-23
-29
-31
-39
-39
-35
-42
-64
-75
-76
-74
-73
-90
-109
-99
-91
-104
-113
-120
-108
-113
-115
-99
-106
-93
-96
-120
-112
-101
-97
-92
-79
-65
-52
-43
-44
-43
-29
-23
-26
-19
-14
-6
-1
12
28
36
35
21
14
13
2
-7
-15
-24
-23
-36
-36
-24
-30
-23
-16
-24
-10
12
13
17
21
29
26
26
27
23
34
50
70
74
59
60
82
79
70
73
69
75
82
87
92
102
101
87
85
76
74
67
51
53
62
66
64
68
87
89
83
85
73
72
77
64
52
40
26
14
7
11
14
8
-6
-18
-17
-13
-21
-37
-53
-50
-54
-53
-58
-69
-74
-81
-89
-104
-112
-107
-104
-117
-126
-124
-113
-95
-82
-75
-83
-92
-101
-113
-107
-99
-97
-89
-93
-95
-85
-72
-63
-57
-40
-32
-28
-25
-19
-13
-11
1
9
15
23
17
8
23
42
48
41
27
29
41
53
70
82
76
72
79
78
72
61
53
49
46
48
46
54
62
59
61
70
76
75
68
68
72
64
54
49
51
50
51
46
51
64
60
54
61
66
63
64
55
54
57
54
52
53
50
46
33
13
0
-10
-12
-15
-27
-36
-48
-57
-63
-65
-71
-78
-89
-94
-100
-101
-96
-107
-91
-88
-92
-83
-75
-72
-85
-78
-74
-79
-71
-67
-65
-62
-55
-43
-37
-37
-34
-31
-21
-16
-16
-15
-19
-30
-34
-25
-29
-23
-10
-7
-2
2
-4
-9
-2
-2
3
18
20
14
18
23
24
26
24
18
12
5
12
17
23
22
24
32
26
29
30
26
39
46
43
42
48
57
58
53
39
41
46
32
34
40
46
53
55
68
70
71
69
70
77
76
72
61
52
49
49
43
43
37
28
30
23
20
22
17
17
17
4
4
0
-22
-30
-29
-30
-34
-33
-39
-44
-49
-52
-55
-69
-71
-83
-98
-92
-82
-79
-89
-97
-104
-106
-107
-96
-87
-85
-78
-75
-64
-66
-72
-69
-61
-51
-28
-13
-18
-16
-4
6
5
-4
-8
2
6
11
28
41
41
56
66
49
56
76
76
78
75
76
79
73
79
86
79
57
46
41
40
52
44
37
43
45
45
38
35
26
16
18
14
12
-2
-12
-8
-19
-22
-24
-32
-43
-45
-34
-26
-30
-30
-34
-39
-42
-35
-14
-11
-18
-15
-10
-6
-3
13
14
-3
-4
-6
-5
6
7
-1
-5
3
3
-11
-5
10
18
18
10
-1
-10
-7
0
0
-2
-10
-18
-11
-11
-6
-2
-4
-15
-16
-10
-21
-23
-23
-25
-29
-27
-39
-39
-41
-42
-38
-46
-36
-38
-35
-25
-21
-29
-37
-27
-26
-26
-23
-22
-11
1
4
-1
1
6
10
16
17
35
38
28
43
56
59
56
46
52
60
76
77
64
57
49
49
63
75
72
66
66
60
54
55
42
26
21
14
15
24
33
33
33
17
-5
14
13
-3
-6
-4
-12
-40
-54
-39
-33
-42
-39
-49
-57
-55
-50
-42
-40
-43
-54
-59
-47
-43
-51
-62
-60
-50
-36
-34
-35
-36
-37
-47
-44
-25
-24
-31
-20
0
13
26
30
30
24
17
11
5
-9
-5
5
-2
0
-4
-16
-18
-12
-8
-1
-1
-5
4
-5
-5
-5
-3
-2
0
8
4
1
-2
-5
-13
-26
-25
-27
-23
-8
-10
-15
-19
-8
6
16
7
-1
-5
-3
9
13
31
33
30
32
21
13
26
31
38
53
55
48
43
43
48
56
53
58
59
52
46
54
61
56
58
54
47
56
67
54
47
58
38
17
0
-1
2
8
18
20
21
4
-14
-13
-26
-37
-37
-39
-44
-44
-33
-52
-68
-57
-43
-41
-47
-53
-65
-66
-64
-69
-59
-62
-65
-58
-55
-60
-60
-46
-39
-30
-20
-19
-37
-40
-38
-41
-30
-35
-26
-12
-4
-9
-32
-55
-55
-38
-28
-20
-15
-18
-19
-19
-10
-8
-4
-9
-26
-18
-10
-12
-18
-13
0
3
9
16
25
35
40
45
47
53
54
49
51
56
68
79
73
64
51
50
59
60
68
76
82
82
102
103
97
99
93
97
91
74
69
72
74
72
63
40
30
38
36
40
41
32
20
-4
-19
-23
-36
-35
-37
-47
-56
-69
-71
-66
-66
-72
-77
-81
-83
-77
-79
-91
-93
-96
-107
-103
-100
-95
-76
-79
-87
-75
-73
-75
-68
-64
-64
-53
-44
-29
-12
-12
-11
3
6
-4
-2
2
3
10
19
33
34
34
34
25
25
34
40
38
32
29
21
6
8
19
25
24
16
4
-2
-2
0
0
0
-17
-28
-19
-23
-22
-17
-18
-4
-2
-10
-4
2
8
10
4
2
5
9
10
6
19
31
32
48
53
55
60
65
71
79
101
97
90
80
70
77
74
78
73
69
75
81
84
69
52
45
41
41
34
24
15
4
-4
-16
-25
-18
-7
-19
-34
-58
-75
-69
-64
-62
-53
-56
-76
-71
-70
-72
-63
-70
-81
-78
-73
-91
-88
-68
-66
-64
-70
-81
-81
-85
-83
-78
-63
-46
-55
-52
-39
-39
-37
-30
-19
-22
-12
-3
1
17
20
30
52
61
66
69
58
58
67
55
51
52
58
56
41
37
38
42
41
30
21
14
5
4
5
5
3
6
4
-1
5
-4
-14
-13
-3
3
-7
-4
5
7
-2
-3
14
12
-1
13
27
34
29
17
19
21
13
23
26
14
22
17
17
19
27
24
24
41
43
32
21
21
18
25
22
13
13
18
10
0
-3
-7
4
10
15
14
1
-5
-4
-4
-23
-35
-42
-42
-36
-25
-21
-36
-34
-39
-49
-45
-44
-42
-37
-43
-54
-62
-70
-71
-62
-58
-58
-52
-44
-42
-34
-35
-42
-39
-43
-34
-25
-25
-27
-29
-16
-1
-1
0
1
-2
8
17
26
25
24
30
41
54
51
46
39
33
32
43
44
32
26
39
45
43
38
46
46
45
46
36
22
12
38
40
31
28
22
16
19
26
23
25
16
25
39
37
29
17
12
16
20
26
31
36
30
17
15
10
7
-7
-9
4
14
19
19
3
-15
-24
-25
-19
-11
-4
-19
-43
-51
-52
-42
-41
-30
-30
-36
-31
-29
-19
-23
-28
-31
-42
-43
-43
-48
-42
-26
-23
-25
-33
-46
-48
-52
-44
-25
-26
-31
-27
-27
-29
-30
-41
-40
-31
-28
-23
-22
-14
-19
-33
-29
-38
-33
-29
-22
-6
-6
-13
-21
-17
-21
-15
2
0
-2
7
6
8
25
37
40
44
44
39
37
39
42
50
51
38
31
35
45
52
51
51
54
55
58
47
40
42
58
66
68
61
43
42
36
36
42
38
36
40
38
47
63
57
51
61
70
61
48
46
43
42
34
29
29
5
-1
-3
-5
-12
-28
-29
-29
-42
-51
-41
-34
-43
-53
-43
-49
-52
-56
-69
-63
-59
-59
-55
-55
-63
-63
-59
-71
-66
-54
-51
-55
-60
-66
-69
-56
-44
-40
-47
-58
-52
-36
-34
-38
-34
-22
-14
-23
-28
-26
-21
-14
-17
-16
-6
-7
-6
-14
-8
-7
-11
-3
-9
0
3
2
9
24
44
35
15
22
21
15
19
8
14
24
21
16
18
33
23
7
6
18
47
61
64
65
53
58
60
53
57
59
50
49
58
52
37
41
33
31
41
39
47
54
48
44
42
31
27
18
17
9
4
4
-18
-23
-21
-17
-26
-35
-29
-18
-17
-22
-30
-44
-30
-26
-21
-8
-13
-20
-13
-20
-25
-21
-22
-15
-23
-27
-18
-12
-16
-23
