-44
-47
-44
-35
-29
-11
-2
9
23
21
24
16
12
0
-8
-11
-13
-12
-13
-9
-11
-9
-16
-18
-23
-23
-22
-34
-40
-49
-58
-66
-71
-71
-70
-66
-65
-59
-55
-51
-41
-35
-25
-13
-8
-13
-20
-21
-21
-23
-25
-22
-10
3
13
16
16
12
6
13
13
14
21
25
26
20
18
20
27
32
25
18
20
18
14
15
10
8
4
6
7
9
12
18
14
9
8
5
9
4
12
20
14
14
10
6
-5
-19
-31
-30
-34
-42
-48
-51
-53
-50
-41
-35
-23
-4
13
25
30
18
7
4
7
5
3
9
14
23
24
21
22
25
18
13
19
22
34
33
27
25
16
7
-5
-9
-17
-14
3
15
19
20
18
12
15
18
19
23
25
28
27
26
22
22
31
40
35
36
40
35
18
1
-14
-25
-27
-36
-40
-43
-40
-29
-21
-8
0
-6
-10
-15
-21
-19
-19
-17
-16
-18
-24
-24
-20
-18
-15
-8
-6
-4
3
-2
-13
-16
-10
-10
-11
-8
-9
-10
-13
-16
-21
-24
-27
-24
-15
0
11
20
29
36
27
20
12
7
4
1
-2
2
4
3
12
13
12
12
19
26
28
28
25
26
17
13
16
12
15
20
20
17
14
15
14
17
18
8
-7
-14
-19
-21
-24
-31
-38
-43
-49
-51
-43
-34
-36
-45
-56
-65
-60
-50
-38
-20
-8
1
6
5
-4
-9
-14
-13
-8
-15
-24
-26
-30
-30
-25
-26
-14
-3
2
3
-5
-10
-8
-7
-6
-14
-18
-10
-10
-4
2
3
9
16
20
18
20
27
41
47
45
44
53
60
60
60
59
52
53
47
39
41
45
43
50
50
37
25
9
13
24
34
41
45
47
37
29
32
32
27
33
27
14
-4
-21
-21
-20
-15
-4
4
9
3
-3
-4
-15
-23
-25
-19
-13
-11
2
5
7
-2
-13
-21
-28
-30
-41
-40
-41
-39
-33
-28
-24
-21
-22
-20
-15
-24
-33
-36
-41
-40
-39
-43
-41
-41
-30
-22
-23
-24
-19
-13
-13
-17
-21
-24
-23
-23
-25
-21
-25
-29
-16
-8
-20
-28
-23
-7
-7
-18
-24
-26
-30
-45
-49
-41
-35
-30
-13
-3
-3
-2
4
11
18
26
36
41
49
45
37
26
15
15
16
17
31
47
51
51
45
45
45
43
48
61
66
49
36
28
18
17
10
14
25
24
28
35
39
46
49
54
50
47
46
44
41
27
9
-5
-4
1
13
16
18
19
10
-5
-28
-39
-45
-48
-49
-48
-40
-31
-32
-36
-41
-47
-45
-44
-44
-40
-44
-58
-63
-56
-42
-28
-20
-9
-9
-1
9
11
14
17
8
-4
-12
-21
-23
-27
-28
-26
-22
-16
-12
-2
8
15
10
5
9
9
6
7
10
11
15
23
34
37
35
33
33
30
28
22
24
34
42
53
57
58
50
36
31
19
5
-6
-17
-24
-26
-20
-12
-5
-2
-3
-2
-7
-20
-26
-31
-35
-36
-33
-32
-30
-25
-23
-14
-13
-14
-13
-11
-11
-10
-14
-26
-37
-40
-41
-35
-24
-21
-7
5
16
19
8
-1
-13
-19
-25
-25
-25
-17
-1
6
10
10
10
8
3
4
6
4
9
13
16
12
10
6
0
2
2
1
1
4
-2
0
-5
-1
5
4
2
0
0
2
10
12
15
10
8
16
20
25
27
29
32
31
19
14
9
1
-12
-13
-12
-18
-11
-7
6
14
17
21
25
15
7
8
9
7
7
9
15
21
25
30
25
23
16
17
18
8
3
1
-7
-5
-2
9
19
16
18
16
14
5
-6
-13
-13
-6
2
4
7
6
1
0
-3
-1
6
11
4
-1
0
6
7
1
-1
-5
-1
3
2
1
4
-8
-27
-41
-50
-50
-45
-44
-46
-38
-33
-17
-7
-9
-13
-15
-19
-27
-32
-35
-41
-47
-48
-47
-39
-32
-25
-14
-8
-7
-8
0
8
16
22
24
27
32
22
18
16
5
-1
-3
-6
-9
-7
-12
-19
-22
-23
-18
-15
-19
-17
-12
-13
-18
-21
-26
-31
-25
-23
-16
-11
-10
-7
-5
-2
-5
-14
-8
-1
6
18
34
44
43
41
39
37
37
42
46
43
35
27
29
33
30
29
26
32
43
44
53
68
80
87
82
77
69
67
63
56
54
45
41
40
40
30
27
24
16
7
-2
-12
-21
-25
-39
-53
-62
-65
-57
-54
-60
-61
-64
-62
-49
-45
-45
-37
-34
-25
-24
-27
-26
-29
-27
-22
-22
-18
-15
-12
-9
-15
-13
-21
-22
-19
-19
-18
-22
-23
-20
-22
-16
-12
-8
-2
0
-1
-1
-5
-5
-1
-1
3
3
5
11
13
14
21
35
39
39
34
22
13
12
9
5
4
-10
-21
-30
-37
-34
-31
-24
-23
-27
-25
-21
-26
-24
-18
-15
-13
-17
-20
-22
-22
-18
-19
-22
-18
-12
-2
8
13
16
16
23
26
30
29
37
43
47
44
43
43
36
36
33
30
26
24
16
15
7
-12
-20
-25
-18
-6
3
6
10
9
-3
-4
-7
-9
-3
5
14
19
20
15
18
16
19
19
14
14
19
17
17
14
14
18
15
21
26
30
33
24
13
-1
-14
-17
-15
-20
-23
-17
-13
-10
-17
-28
-29
-25
-20
-12
-9
-5
-8
-16
-30
-37
-36
-37
-29
-21
-12
5
14
13
9
0
-8
-12
-14
-19
-14
-11
-13
-3
5
11
12
9
12
11
16
15
14
12
7
14
12
17
24
23
22
19
23
23
25
29
20
15
9
0
1
-3
-9
-6
-6
-3
-6
-6
-7
-14
-26
-29
-23
-20
-21
-25
-36
-46
-60
-67
-70
-70
-63
-56
-39
-31
-30
-24
-24
-20
-14
-9
2
13
21
25
21
18
18
12
7
7
12
15
22
26
36
45
47
43
45
49
43
33
19
7
1
-8
-19
-23
-25
-31
-36
-28
-16
-12
-7
-6
-4
-7
-7
-4
0
9
9
21
24
19
20
14
6
5
5
6
10
16
27
30
29
25
17
14
13
22
24
26
31
26
28
32
25
13
18
25
30
33
25
25
21
18
11
-1
-7
-11
-12
-12
-11
-12
-19
-27
-28
-23
-29
-35
-44
-55
-57
-51
-40
-30
-27
-16
-12
-7
2
1
5
-4
-9
-11
-15
-15
-16
-11
-11
-6
0
4
12
25
34
47
55
55
58
52
40
19
9
4
-11
-11
-3
-8
-18
-23
-22
-15
-16
-16
-15
-21
-30
-35
-33
-28
-29
-26
-13
-13
-14
-13
-16
-14
-20
-23
-27
-31
-31
-22
-23
-19
-9
-2
1
-5
-6
-8
-5
-6
-2
1
-1
-1
-5
-17
-25
-24
-20
-12
-7
-2
6
17
24
34
40
45
43
36
38
32
32
28
20
14
3
-8
-14
-5
6
1
7
10
10
9
4
13
17
18
21
27
33
31
30
25
13
9
9
14
19
22
29
23
18
8
-3
-12
-10
-6
-8
2
-6
-7
-7
-16
-31
-37
-31
-32
-23
-18
-10
-3
-4
-5
-10
-16
-18
-8
5
12
24
30
26
18
11
7
5
16
20
26
34
36
41
35
25
14
15
19
22
21
19
17
13
-3
-13
-8
-12
-9
-10
-15
-19
-26
-34
-35
-38
-42
-46
-46
-45
-52
-55
-54
-51
-46
-38
-29
-31
-35
-36
-42
-39
-39
-30
-14
-8
-6
-4
1
5
12
24
30
32
33
30
21
16
11
8
12
21
26
36
46
50
48
42
28
12
4
-12
-26
-30
-30
-18
-5
9
21
25
28
25
19
13
9
8
8
12
13
8
10
7
0
-4
-11
-23
-28
-20
-19
-26
-30
-36
-46
-50
-52
-48
-38
-25
-17
-21
-26
-32
-39
-37
-34
-31
-24
-17
-1
11
22
32
35
30
23
23
20
17
26
26
28
35
36
40
46
49
51
54
57
57
52
46
37
32
33
28
22
20
29
31
34
32
24
24
22
23
18
5
-2
1
-3
-9
-15
-19
-13
-5
3
7
12
17
10
7
7
4
3
5
5
7
-6
-16
-14
-9
0
2
2
-3
-15
-27
-42
-49
-44
-40
-41
-41
-41
-37
-35
-39
-40
-44
-42
-41
-40
-47
-52
-60
-59
-51
-51
-50
-53
-44
-33
-34
-33
-34
-27
-26
-33
-30
-32
-24
-15
-13
-7
-10
-11
-12
-8
-6
-8
-5
0
3
3
7
16
27
42
47
56
62
57
45
33
24
11
14
26
30
33
35
33
43
51
48
50
47
46
45
50
48
45
47
44
42
38
37
42
40
39
40
39
33
29
22
11
3
-8
-12
-13
-13
-11
-11
-1
-3
-10
-14
-18
-11
-10
-7
-7
-15
-23
-29
-36
-42
-49
-49
-48
-48
-35
-25
-16
-1
9
12
11
0
-1
-1
-1
-1
-8
-9
-13
-12
-17
-16
3
14
19
19
10
5
-3
-10
-6
-3
0
5
3
0
-7
-19
-26
-24
-16
-5
3
14
18
10
-2
-12
-16
-8
1
2
5
-1
-8
-9
-8
-11
-12
-16
-25
-32
-36
-40
-36
-29
-24
-19
-18
-22
-25
-23
-32
-26
-18
-17
-13
-8
2
1
-4
-6
-8
-9
-12
-5
15
25
37
45
47
48
40
37
27
27
30
25
25
17
9
13
17
24
32
26
29
26
14
3
-10
-14
-18
-18
-14
-6
6
15
15
12
8
9
11
8
11
10
14
10
-1
-15
-26
-25
-24
-14
-7
1
4
-6
-10
-11
-5
-9
-4
6
7
4
4
6
4
7
11
12
18
19
16
16
11
9
6
4
5
2
2
7
10
16
22
25
20
21
19
12
8
-2
-11
-18
-21
-23
-13
-11
-11
-3
4
2
-5
-14
-16
-17
-25
-23
-23
-22
-19
-19
-27
-29
-25
-23
-25
-26
-25
-23
-19
-12
0
3
15
22
16
4
-7
-11
-12
-5
2
9
11
15
15
12
8
3
10
10
8
10
7
1
-7
-15
-16
-11
-6
-1
8
17
19
9
4
1
-8
-13
-15
-22
-23
-26
-32
-32
-28
-25
-20
-17
-23
-30
-27
-19
-11
-8
-9
-7
-12
-17
-9
2
9
20
24
24
28
33
35
39
40
38
38
34
30
36
38
37
32
24
35
38
36
41
44
46
41
29
21
16
8
4
-3
-13
-15
-17
-14
-11
-14
-9
-5
-2
-3
-4
-3
-8
-19
-27
-37
-41
-36
-27
-16
-12
-8
-7
-3
-8
-21
-14
-15
-16
-10
-11
-7
-8
-11
-5
-5
3
18
24
24
23
14
5
1
2
-2
-2
3
12
11
4
-1
-8
-17
-23
-18
-15
-14
-10
-5
0
-6
-15
-21
-27
-18
-10
-10
-3
2
12
14
8
14
19
19
20
14
2
-4
-9
-19
-33
-38
-40
-42
-34
-31
-26
-23
-21
-18
-21
-20
-10
7
18
23
27
28
33
38
35
36
36
31
21
19
10
0
-6
-13
-16
-17
-14
-4
9
21
29
29
24
17
7
-5
-11
-17
-21
-19
-19
-23
-28
-29
-25
-16
-10
-4
3
16
23
25
15
9
6
6
11
10
14
13
14
13
10
5
-2
-19
-20
-7
-5
-6
-5
6
9
7
5
19
35
35
29
26
24
21
20
15
15
9
18
28
29
31
26
22
19
15
15
15
15
17
14
4
-2
-4
-3
-6
-7
-4
-13
-19
-30
-41
-46
-45
-41
-33
-30
-21
-7
1
11
14
7
-7
-15
-26
-28
-30
-27
-16
-9
-2
7
8
1
1
8
-1
-14
-9
-5
-2
-15
-27
-23
-30
-32
-26
-16
-11
-26
-33
-40
-49
-48
-43
-39
-39
-37
-44
-47
-45
-43
-39
-34
-32
-23
-15
-10
-3
3
9
16
14
17
28
40
52
58
63
57
48
47
44
37
31
31
33
36
38
40
51
54
52
45
36
29
25
25
18
24
24
23
27
22
28
21
12
13
2
4
7
10
12
13
8
5
3
3
0
0
3
2
5
-7
-10
-12
-17
-10
-6
-3
-5
-6
-14
-16
-18
-20
-14
-9
-2
5
9
10
6
5
-2
-14
-19
-24
-26
-14
-13
-15
-11
-10
-6
-9
-13
-16
-22
-22
-29
-37
-39
-41
-31
-24
-17
-8
-5
-7
-1
-8
-17
-13
-13
-15
-16
-15
-8
-3
3
8
9
14
12
13
8
2
-8
-13
-15
-17
-14
-12
-4
-3
-3
-3
-10
-9
-11
-15
-18
-21
-16
-7
-3
5
12
23
29
31
25
22
20
15
17
20
17
22
26
24
23
13
8
5
5
3
-3
-6
-1
0
2
4
7
8
12
17
12
6
1
0
-3
-8
-7
-10
-19
-27
-34
-34
-40
-40
-39
-40
-38
-34
-22
-13
-11
-11
-11
-22
-29
-31
-31
-23
-15
-6
1
8
12
15
20
27
30
26
30
32
32
32
30
33
45
54
53
53
58
59
55
53
44
36
34
34
34
36
46
49
56
63
58
35
15
8
1
1
3
7
15
17
12
3
-2
3
0
-5
-4
0
4
4
2
2
2
3
2
0
-3
-6
-10
-13
-16
-22
-28
-32
-29
-28
-28
-34
-39
-41
-42
-43
-51
-61
-67
-69
-70
-76
-74
-63
-52
-44
-43
-45
-51
-47
-46
-48
-46
-47
-39
-38
-42
-45
-34
-28
-27
-22
-22
-15
-7
0
1
-1
-10
-15
-20
-25
-26
-25
-10
5
10
3
-12
-14
-12
-16
-23
-25
-22
-19
-14
-13
-14
-12
-9
-3
-2
5
11
16
26
28
38
54
68
77
77
81
92
92
99
102
106
111
114
119
109
107
108
98
95
89
81
77
66
56
53
48
46
44
44
49
45
38
22
12
11
4
-1
-14
-27
-32
-32
-36
-45
-49
-48
-34
-27
-28
-29
-35
-38
-39
-35
-36
-39
-39
-36
-32
-34
-28
-14
-4
2
-1
-3
3
-1
-8
-14
-15
-18
-29
-34
-17
-10
-21
-21
-21
-34
-49
-59
-62
-58
-48
-41
-44
-41
-40
-40
-37
-34
-28
-21
-17
-23
-38
-45
-42
-35
-36
-45
-46
-45
-39
-37
-38
-38
-36
-32
-23
-14
-12
-3
-7
-11
-11
-12
-11
-14
-10
-13
-12
-8
-9
-5
-3
-5
-9
-11
-11
-14
-16
-20
-20
-8
9
25
37
51
54
64
62
59
55
41
36
29
24
30
38
45
59
70
70
67
65
56
50
41
39
42
55
65
64
66
67
72
69
59
57
55
55
58
60
57
39
19
15
15
3
2
10
13
9
7
4
-6
-10
-18
-30
-34
-28
-23
-16
-15
-18
-28
-39
-37
-38
-36
-35
-39
-30
-23
-22
-28
-26
-13
-9
-9
-10
-25
-38
-48
-50
-45
-45
-41
-41
-43
-39
-42
-40
-31
-16
-9
-11
-13
-8
-4
3
5
8
8
7
8
-1
2
4
6
3
-1
-1
-3
1
6
0
-2
-8
-13
-21
-27
-21
-21
-18
-7
1
0
-2
1
-11
-20
-28
-31
-27
-30
-34
-40
-35
-29
-21
-13
-1
6
5
12
14
5
-3
-3
5
-1
-5
-3
-11
-13
-13
-14
-5
-2
-6
-20
-25
-15
-9
8
22
26
25
33
38
40
44
40
39
40
46
49
48
41
24
18
9
6
8
7
20
24
26
23
18
16
12
11
12
19
20
22
24
24
20
15
14
15
16
9
0
-2
-1
3
5
0
-5
-10
-18
-26
-31
-35
-35
-25
-19
-16
-24
-35
-27
-22
-23
-16
-6
9
19
28
29
31
38
46
55
52
51
52
43
29
27
23
24
30
24
13
4
0
1
16
21
18
21
12
0
-15
-23
-24
-20
-17
-10
5
11
9
6
1
-5
-10
-10
-5
-2
-3
-8
-23
-33
-39
-48
-49
-45
-30
-25
-31
-46
-60
-68
-78
-76
-70
-64
-63
-62
-57
-61
-62
-55
-46
-35
-24
-17
-9
-1
-6
-7
-21
-14
2
-3
15
22
17
10
-1
-2
-8
-13
3
25
37
32
34
39
31
15
5
2
-1
5
11
7
-3
-5
-7
-16
-23
-29
-28
-27
-25
-15
-5
-2
3
10
12
16
19
20
23
24
20
5
-2
0
8
18
26
40
46
52
49
48
51
57
59
61
54
49
45
33
33
27
30
38
38
39
43
30
16
27
40
44
43
47
61
69
60
50
49
45
38
31
33
35
35
30
22
13
-3
-18
-32
-44
-48
-45
-38
-31
-24
-18
-19
-28
-38
-39
-34
-34
-33
-33
-29
-14
-10
-8
-11
-23
-26
-29
-36
-44
-48
-43
-44
-42
-38
-34
-27
-20
-21
-28
-38
-50
-58
-65
-62
-49
-40
-36
-33
-28
-31
-31
-23
-18
-6
-6
-11
-19
-24
-25
-34
-38
-37
-26
-13
-6
-4
-5
-16
-30
-42
-56
-65
-64
-61
-59
-55
-46
-35
-30
-28
-28
-28
-24
-22
-13
-5
9
17
28
35
40
41
43
47
54
56
57
64
63
66
63
66
71
88
102
105
102
91
93
95
90
79
66
56
55
54
51
47
47
47
56
56
58
65
58
64
58
49
38
27
22
18
1
-14
-14
-21
-27
-23
-20
-23
-28
-34
-43
-51
-56
-58
-66
-64
-59
-58
-50
-48
-37
-35
-35
-38
-36
-25
-20
-20
-14
-13
-18
-21
-25
-16
-12
-6
-1
6
17
19
16
10
-4
-13
-20
-27
-35
-37
-35
-37
-39
-38
-36
-30
-25
-25
-19
-12
-8
-2
5
9
17
17
20
28
23
25
27
22
25
14
1
-6
-18
-14
-15
-16
-14
-16
-13
-9
-4
2
9
12
14
2
-7
-12
-20
-26
-28
-20
-9
-4
1
-3
-4
-9
-10
-8
-10
-10
-14
-11
-15
-27
-38
-33
-19
-7
-2
4
-2
-10
-16
-26
-30
-38
-35
-31
-26
-11
5
15
23
27
36
42
36
32
27
30
28
27
21
12
9
10
9
14
25
31
28
21
17
5
13
26
38
44
47
41
35
28
15
12
11
25
30
30
34
33
29
21
13
7
4
4
1
7
16
26
26
12
13
13
6
6
9
10
8
-1
-8
-15
-19
-11
-1
11
25
29
20
14
8
6
2
-9
-16
-24
-33
-30
-24
-23
-15
-1
1
10
14
11
10
0
-12
-19
-24
-25
-27
-18
-2
6
11
18
11
-2
-26
-49
-61
-67
-59
-47
-42
-36
-27
-16
-12
-26
-42
-43
-45
-43
-41
-42
-37
-35
-41
-40
-36
-26
-19
-11
-6
-5
-8
-10
-18
-26
-21
-17
-15
-13
-4
-6
-4
5
5
10
18
18
28
29
23
17
7
0
-10
-7
1
5
15
13
12
15
14
9
7
10
15
15
17
27
28
32
28
27
33
32
37
37
28
17
10
1
-4
-9
-5
3
7
9
10
9
9
12
13
17
20
19
12
13
15
17
9
2
0
6
20
28
45
61
62
55
46
37
40
40
47
59
65
58
55
42
22
14
2
-1
2
5
7
1
-7
-11
-23
-29
-28
-21
-11
-10
-16
-27
-38
-47
-47
-41
-31
-27
-28
-29
-30
-34
-42
-47
-47
-44
-42
-33
-27
-19
-20
-20
-27
-39
-34
-29
-26
-28
-39
-32
-34
-39
-31
-24
-9
1
5
13
23
31
36
29
18
4
-7
-9
-12
-14
-18
-22
-28
-41
-40
-29
-17
-11
-4
-1
2
-3
-5
6
-4
-8
-3
-2
10
13
24
30
32
33
24
12
5
-10
-11
-13
-19
-14
-22
-22
-21
-19
-18
-7
9
16
24
30
14
-10
-27
-32
-34
-33
-26
-16
-3
11
27
39
50
57
56
60
60
61
64
64
67
59
47
31
21
15
13
22
22
17
12
1
2
-2
3
14
15
19
29
33
22
13
4
-4
-10
-14
-14
-16
-6
-5
-12
-5
-11
-13
-15
-10
-5
-9
-5
-1
-5
1
10
3
-9
-19
-27
-33
-38
-37
-24
-7
9
23
32
36
38
30
21
21
13
8
5
-2
-6
-5
0
0
-5
2
10
14
10
-5
-20
-37
-43
-41
-33
-27
-21
-10
-5
-2
3
7
-5
-15
-25
-29
-33
-32
-28
-29
-29
-33
-30
-19
-2
8
13
15
13
1
-13
-21
-35
-47
-54
-49
-44
-38
-27
-8
8
16
12
6
-4
-14
-29
-34
-31
-33
-24
-25
-23
-17
-13
-9
-2
6
6
-3
-22
-25
-23
-21
-15
-7
3
14
19
19
22
22
11
-1
-8
-11
-8
6
8
7
16
22
27
29
31
36
36
39
47
56
65
64
70
72
68
64
59
58
60
56
55
52
47
49
51
53
55
49
45
43
40
26
16
21
9
-7
-4
-5
-5
-2
4
18
17
3
-1
-4
-13
-19
-30
-36
-35
-23
-13
-8
-5
-9
-11
-16
-17
-23
-29
-40
-42
-44
-42
-35
-30
-29
-34
-37
-44
-43
-41
-46
-53
-63
-74
-74
-60
-53
-43
-28
-17
-8
2
1
-2
-2
-11
-14
-14
-17
-13
-10
-4
1
4
3
1
-2
-9
-18
-32
-30
-23
-32
-40
-36
-27
-18
-16
-5
11
11
13
10
8
-5
-14
-12
-17
-21
-20
-18
-9
-1
11
15
17
25
27
31
33
29
30
23
18
17
19
21
24
23
21
23
19
22
24
24
27
35
36
44
59
63
68
63
58
56
49
47
53
45
37
36
31
23
17
16
13
12
17
19
13
10
4
-13
-25
-29
-23
-15
-8
3
1
-5
-2
-12
-17
-13
-16
-17
-16
-21
-23
-16
-11
-10
-18
-22
-14
-7
-14
-23
-29
-39
-36
-32
-28
-26
-22
-26
-30
-36
-41
-40
-41
-34
-20
-8
6
11
20
12
12
4
5
-1
-4
-4
6
41
63
365
279
8
-131
-331
-366
-301
-136
24
161
207
106
-125
-130
-16
132
59
-50
72
66
-32
-57
-148
-210
-261
-264
-181
0
35
139
464
478
455
271
27
-153
-344
-337
-128
69
260
309
194
-95
-205
-70
-127
-152
4
227
239
176
-136
-410
-378
-409
-438
-308
-290
-130
220
212
294
235
252
132
36
-48
125
335
281
384
282
301
283
181
59
41
46
316
269
196
271
-51
53
-137
-299
-139
-145
-42
-1
-267
-296
-328
-539
-390
-442
-377
-362
-431
-522
-511
-481
-257
-89
-20
171
211
249
185
260
172
240
325
475
402
430
470
333
434
308
222
190
245
210
239
205
223
29
-153
-214
-404
-364
-388
-366
-278
-174
-178
-236
-397
-515
-473
-486
-304
-120
-12
53
43
-2
-58
-148
-69
97
203
314
372
385
367
280
170
110
185
272
334
340
299
268
194
90
-60
-177
-117
-157
-103
-49
-38
-63
-125
-183
-257
-258
-244
-145
-76
-27
-70
-40
-106
-73
-38
-3
65
104
166
169
164
172
199
110
80
69
61
70
35
14
111
130
85
10
-59
-103
-120
-94
-101
-96
-88
-141
-140
-163
-187
-114
-93
-124
-107
-22
-4
-4
-5
-38
-22
13
-8
-18
-18
-7
55
95
56
20
22
26
-8
-8
26
-15
-13
-26
-36
-43
-42
17
53
17
54
73
66
73
55
71
87
110
101
67
16
23
-34
-47
-43
-39
-44
-55
-68
-148
-200
-191
-192
-241
-191
-183
-169
-132
-152
-131
-147
-169
-163
-132
-103
-31
34
49
103
83
106
83
44
71
105
193
221
228
215
132
45
42
-8
6
76
131
192
169
134
113
82
27
4
38
81
170
251
247
261
253
238
173
100
70
79
150
215
307
345
300
285
192
26
-29
-8
29
164
208
235
161
29
-110
-256
-328
-324
-236
-161
-64
-73
-75
18
306
620
713
573
392
367
460
501
451
509
601
508
97
-385
-557
-535
-682
-1051
-1326
-1258
-1049
-1072
-1454
-1878
-2056
-2086
-2140
-2169
-2060
-1803
-1519
-1345
-1210
-972
-701
-515
-410
-238
149
733
1238
1511
1608
1679
1855
1986
1957
1837
1770
1784
1774
1684
1508
1266
926
515
177
-33
-195
-359
-549
-683
-723
-724
-708
-717
-738
-740
-674
-518
-274
25
306
494
695
917
1073
1168
1175
1145
1164
1208
1249
1294
1259
1144
977
777
555
345
131
-81
-195
-288
-425
-555
-699
-901
-1123
-1237
-1237
-1167
-1083
-978
-865
-752
-634
-522
-410
-229
-7
374
1094
1797
1927
1507
1213
1263
1293
1078
812
820
1035
815
46
-588
-679
-777
-1457
-2359
-2794
-2545
-2239
-2469
-3094
-3529
-3499
-3357
-3487
-3662
-3490
-2972
-2384
-1958
-1552
-918
-164
287
410
656
1354
2244
2774
2905
3055
3476
3935
4002
3652
3291
3121
2860
2374
1884
1569
1199
637
45
-444
-814
-1209
-1717
-2190
-2383
-2345
-2202
-2030
-1829
-1611
-1420
-1189
-855
-436
-32
320
678
1115
1646
2077
2320
2445
2509
2545
2520
2464
2388
2249
2004
1710
1433
1156
810
357
-132
-541
-860
-1141
-1382
-1577
-1769
-1909
-1969
-1969
-1888
-1788
-1690
-1525
-1260
-900
-566
-298
-97
100
320
551
774
996
1445
2231
2963
2947
2340
1904
1834
1719
1255
820
839
961
425
-651
-1374
-1341
-1370
-2227
-3394
-3833
-3387
-2904
-3145
-3874
-4224
-3986
-3687
-3761
-3931
-3716
-3092
-2430
-1985
-1534
-768
119
650
749
941
1724
2737
3218
3105
3049
3442
3926
3939
3531
3210
3097
2838
2327
1832
1449
987
337
-306
-736
-995
-1327
-1784
-2137
-2269
-2262
-2170
-2005
-1767
-1534
-1336
-1044
-577
-57
364
656
943
1347
1779
2104
2281
2417
2543
2615
2607
2567
2445
2214
1898
1554
1282
1046
754
356
-64
-414
-679
-915
-1116
-1287
-1446
-1604
-1654
-1609
-1535
-1467
-1401
-1240
-947
-666
-401
-127
99
283
453
642
794
890
936
1010
1331
1995
2593
2544
1912
1418
1285
1140
678
167
-18
24
-320
-1122
-1711
-1709
-1677
-2297
-3247
-3675
-3360
-3006
-3191
-3787
-4072
-3793
-3425
-3397
-3506
-3312
-2766
-2252
-1941
-1568
-929
-127
420
596
850
1559
2382
2778
2708
2681
3018
3423
3495
3280
3120
3096
2954
2544
2058
1674
1240
592
-63
-475
-694
-914
-1252
-1562
-1701
-1738
-1766
-1755
-1625
-1394
-1195
-972
-618
-160
270
537
716
979
1349
1694
1921
2040
2154
2237
2274
2312
2298
2175
1918
1624
1416
1253
1025
711
385
58
-223
-470
-668
-882
-1144
-1367
-1485
-1464
-1363
-1307
-1302
-1191
-1015
-787
-580
-432
-300
-155
-2
190
362
472
521
532
577
715
1082
1603
1875
1642
1271
1087
1042
823
410
77
17
-65
-521
-1085
-1246
-1083
-1217
-1848
-2499
-2635
-2400
-2361
-2796
-3278
-3350
-3091
-2931
-2997
-3005
-2760
-2400
-2138
-1916
-1544
-959
-401
-107
27
367
1020
1592
1793
1808
1985
2374
2671
2671
2529
2480
2451
2237
1896
1635
1404
1036
563
176
-18
-142
-376
-685
-886
-936
-937
-953
-902
-798
-739
-692
-529
-229
110
381
559
763
1045
1379
1599
1687
1772
1854
1891
1874
1845
1834
1810
1640
1425
1270
1126
899
572
250
-2
-141
-297
-489
-682
-818
-935
-1019
-1071
-1122
-1132
-1121
-1049
-975
-865
-731
-598
-475
-364
-263
-175
-51
37
80
125
207
293
336
355
482
788
1025
954
715
605
642
559
302
78
43
14
-287
-713
-925
-803
-759
-1113
-1645
-1885
-1767
-1682
-1931
-2356
-2559
-2459
-2321
-2345
-2388
-2260
-1985
-1764
-1686
-1571
-1198
-710
-397
-319
-149
314
831
1091
1133
1219
1485
1799
1907
1855
1841
1844
1743
1548
1381
1308
1219
993
707
524
462
376
206
49
-21
-41
-76
-91
-39
32
71
98
164
316
521
695
797
846
909
963
1018
1040
1016
1020
1006
993
967
921
829
661
462
281
123
-27
-165
-297
-397
-455
-485
-525
-571
-638
-683
-697
-669
-652
-666
-628
-534
-412
-296
-161
-19
92
123
145
211
289
336
299
217
196
230
245
212
170
169
267
438
490
316
125
76
45
-87
-268
-350
-330
-398
-667
-933
-926
-779
-836
-1160
-1445
-1434
-1292
-1293
-1472
-1647
-1663
-1573
-1578
-1674
-1705
-1601
-1466
-1376
-1284
-1085
-760
-475
-341
-281
-107
177
429
545
614
759
961
1125
1201
1239
1266
1273
1223
1190
1216
1242
1196
1099
1033
1006
963
847
730
672
651
636
617
632
659
627
537
461
495
593
597
508
426
417
445
413
350
325
312
280
217
198
198
140
19
-109
-153
-130
-107
-132
-164
-169
-153
-129
-115
-124
-169
-222
-211
-173
-165
-154
-112
-42
-7
2
54
98
83
-9
-115
-156
-140
-153
-241
-317
-319
-293
-300
-346
-371
-272
-17
247
285
185
175
279
285
137
19
74
147
-45
-401
-575
-412
-278
-492
-902
-1101
-1046
-1030
-1261
-1576
-1749
-1769
-1798
-1937
-2039
-1989
-1843
-1773
-1754
-1657
-1383
-1042
-794
-685
-565
-265
129
417
574
767
1052
1338
1517
1629
1746
1893
1964
1943
1942
1982
1964
1819
1631
1498
1387
1229
1035
852
703
572
436
322
256
176
62
-38
-74
-36
-21
-56
-93
-104
-86
-78
-69
-5
70
116
149
227
321
358
332
272
260
288
320
325
316
302
287
267
234
194
129
41
-65
-129
-190
-272
-358
-417
-467
-518
-543
-544
-526
-532
-549
-573
-574
-563
-575
-575
-502
-365
-221
-46
282
712
947
881
739
762
839
774
603
512
530
402
43
-277
-320
-281
-514
-1021
-1424
-1538
-1523
-1665
-2008
-2341
-2483
-2502
-2571
-2694
-2755
-2646
-2471
-2313
-2138
-1827
-1361
-922
-669
-506
-169
367
839
1086
1255
1550
1915
2180
2305
2375
2461
2482
2392
2261
2185
2070
1828
1497
1191
980
782
560
340
166
43
-59
-146
-211
-264
-319
-342
-301
-182
-37
78
175
254
337
443
564
669
745
786
838
921
996
1020
966
879
804
728
635
525
412
293
137
-28
-146
-216
-308
-448
-592
-679
-704
-747
-826
-893
-908
-860
-794
-702
-607
-555
-511
-462
-414
-376
-323
-232
-79
192
646
1150
1396
1284
1078
1001
975
853
663
539
478
242
-195
-531
-556
-550
-895
-1523
-1991
-2081
-2058
-2232
-2611
-2936
-3031
-3030
-3113
-3192
-3116
-2903
-2700
-2532
-2296
-1862
-1292
-811
-498
-225
227
849
1385
1718
1979
2321
2654
2838
2878
2872
2899
2839
2617
2353
2143
1913
1563
1156
803
507
242
-4
-208
-349
-475
-609
-687
-672
-610
-576
-540
-416
-202
53
318
563
781
980
1149
1287
1395
1478
1513
1502
1458
1430
1400
1333
1211
1021
798
586
389
169
-72
-322
-554
-724
-814
-903
-1008
-1107
-1182
-1230
-1240
-1202
-1136
-1035
-930
-820
-698
-566
-436
-344
-305
-283
-220
-52
271
821
1457
1781
1635
1360
1243
1199
1016
793
709
693
445
-122
-624
-683
-591
-922
-1646
-2216
-2274
-2092
-2138
-2520
-2910
-3063
-3091
-3230
-3379
-3310
-3017
-2744
-2603
-2409
-1925
-1213
-606
-297
-120
270
906
1501
1834
2038
2316
2670
2915
2988
3022
3085
3047
2777
2392
2077
1799
1413
923
429
44
-244
-476
-663
-820
-956
-1066
-1116
-1049
-894
-763
-684
-577
-316
62
465
803
1057
1266
1444
1630
1849
2079
2190
2151
2081
2030
1953
1804
1575
1286
971
680
446
242
7
-320
-690
-970
-1169
-1356
-1538
-1670
-1741
-1767
-1719
-1591
-1444
-1299
-1164
-1064
-968
-813
-632
-495
-354
-174
93
644
1492
2161
2206
1812
1509
1402
1288
1132
1112
1266
1239
653
-193
-597
-485
-617
-1384
-2258
-2605
-2433
-2289
-2530
-3009
-3338
-3498
-3750
-4093
-4162
-3798
-3296
-3001
-2837
-2447
-1683
-864
-406
-255
44
716
1492
2081
2506
2971
3474
3773
3772
3694
3701
3648
3324
2830
2484
2334
2094
1575
936
357
-194
-766
-1269
-1589
-1785
-1986
-2137
-2095
-1863
-1618
-1481
-1415
-1259
-945
-525
-45
479
985
1399
1755
2114
2480
2774
2906
2883
2836
2822
2817
2751
2559
2238
1841
1448
1098
708
239
-255
-714
-1065
-1329
-1562
-1806
-2062
-2309
-2475
-2494
-2338
-2117
-1937
-1801
-1618
-1363
-1134
-915
-661
-297
393
1480
2428
2634
2234
1860
1774
1802
1852
2075
2473
2533
1700
374
-398
-375
-472
-1299
-2265
-2563
-2266
-2131
-2594
-3361
-3937
-4367
-4932
-5437
-5315
-4513
-3707
-3411
-3400
-3155
-2521
-1850
-1489
-1265
-711
300
1403
2255
2930
3581
4013
4018
3755
3670
3932
4213
4182
3906
3674
3453
3000
2263
1437
634
-154
-832
-1239
-1392
-1511
-1770
-2148
-2506
-2744
-2872
-2910
-2795
-2482
-1997
-1363
-616
91
578
843
1012
1254
1707
2335
2958
3439
3738
3848
3813
3686
3434
3035
2600
2262
2026
1843
1634
1282
726
24
-688
-1303
-1738
-2021
-2243
-2380
-2385
-2376
-2400
-2415
-2429
-2463
-2422
-2173
-1711
-1039
-71
1249
2423
2668
1959
1213
1163
1644
2180
2820
3675
4057
3053
1002
-437
-430
-8
-422
-1388
-1787
-1475
-1480
-2489
-3935
-4906
-5310
-5615
-5850
-5513
-4548
-3763
-3875
-4620
-5048
-4578
-3529
-2550
-1756
-783
468
1494
1849
1825
2056
2636
3118
3440
3997
4914
5591
5380
4505
3728
3323
2986
2620
2434
2386
2060
1219
165
-674
-1259
-1794
-2249
-2362
-2175
-1999
-2047
-2328
-2687
-2927
-2854
-2376
-1569
-726
-124
229
486
755
1033
1349
1763
2235
2693
3089
3393
3507
3333
2940
2568
2393
2356
2294
2092
1784
1390
877
256
-282
-648
-999
-1414
-1673
-1641
-1608
-1818
-2175
-2453
-2491
-2278
-1967
-1660
-1209
-261
1077
1896
1450
401
112
887
1879
2571
3369
4238
3925
1675
-869
-1145
746
2135
1428
-193
-976
-1095
-1895
-3474
-4424
-4049
-3498
-3927
-4827
-5027
-4593
-4673
-5547
-6174
-5491
-3827
-2539
-2274
-2413
-2079
-1286
-577
-3
913
2251
3248
3298
2936
3152
4033
4655
4507
4161
4205
4340
3998
3363
3039
2975
2548
1585
764
589
554
46
-724
-1216
-1437
-1700
-2055
-2367
-2515
-2532
-2511
-2328
-1892
-1467
-1322
-1308
-1133
-713
-149
406
837
1121
1304
1495
1805
2173
2375
2337
2274
2377
2537
2493
2227
1927
1649
1347
1054
914
865
621
73
-499
-836
-993
-1129
-1302
-1444
-1520
-1620
-1740
-1700
-1524
-1396
-1093
-1
1482
1825
516
-744
-241
1476
2678
2956
3206
3403
2199
-384
-1667
298
3401
3919
1413
-1203
-1882
-1551
-1837
-2455
-2284
-1726
-2345
-4301
-5789
-5490
-4384
-4213
-4994
-5346
-4652
-3830
-3849
-4292
-3982
-2672
-1288
-604
-291
257
867
1057
1131
1960
3579
4797
4614
3583
3086
3511
4067
4235
4288
4337
3836
2601
1468
1306
1766
1774
1137
455
-112
-834
-1606
-2032
-2057
-1991
-2047
-2119
-2093
-2177
-2508
-2690
-2309
-1498
-701
-256
-263
-471
-437
82
955
1767
2146
2080
1882
1854
2085
2474
2811
2884
2622
2202
1897
1773
1630
1340
984
682
427
74
-359
-715
-890
-1012
-1228
-1472
-1617
-1666
-1721
-1790
-1557
-485
1139
1718
296
-1427
-1089
1081
2722
2806
2596
2831
2174
-125
-1564
611
4485
5250
1728
-2132
-2647
-821
183
-385
-1008
-1243
-2343
-4523
-5858
-4903
-3099
-2922
-4572
-6009
-5805
-4752
-4288
-4414
-4116
-3094
-2155
-1956
-2039
-1583
-559
410
1096
1873
2794
3184
2700
2213
2818
4260
5133
4766
3896
3310
2974
2711
2805
3278
3370
2428
1002
192
104
62
-204
-502
-903
-1575
-2230
-2411
-2188
-2086
-2295
-2382
-2084
-1736
-1617
-1495
-1155
-745
-406
-22
480
872
991
1059
1418
2043
2514
2584
2428
2304
2268
2272
2284
2237
2027
1647
1246
966
815
597
218
-244
-642
-874
-1011
-1171
-1392
-1514
-1493
-1458
-1516
-1482
-777
585
1296
368
-1018
-718
1308
2880
2789
2272
2498
2289
571
-679
1179
4679
5249
1627
-2166
-2217
262
1430
295
-1120
-1746
-2667
-4349
-5147
-3924
-2399
-2981
-5295
-6682
-5884
-4436
-4104
-4536
-4370
-3503
-2927
-2959
-2780
-1832
-677
-4
403
1092
1858
2064
1858
2142
3301
4477
4554
3656
2936
3042
3508
3699
3592
3326
2697
1692
926
916
1251
1105
308
-621
-1260
-1565
-1548
-1308
-1228
-1635
-2224
-2389
-2029
-1559
-1254
-1042
-887
-830
-651
-130
494
812
842
1014
1488
1942
2104
2076
2093
2135
2107
2099
2143
2065
1731
1310
1022
893
713
404
36
-241
-391
-542
-811
-1146
-1412
-1505
-1401
-1221
-1145
-1090
-554
508
1089
275
-925
-572
1412
2838
2482
1741
1989
2110
785
-337
1342
4400
4502
748
-2547
-1755
1099
1791
-170
-1963
-2302
-2712
-3984
-4466
-3185
-2072
-3257
-5685
-6556
-5232
-3790
-3806
-4384
-4107
-3238
-2891
-3064
-2741
-1623
-540
-31
263
795
1353
1533
1613
2212
3256
3879
3519
2755
2610
3238
3823
3685
3048
2463
2082
1827
1767
1863
1687
886
-133
-608
-460
-220
-267
-571
-1031
-1533
-1738
-1457
-960
-749
-907
-1056
-929
-613
-217
210
487
456
370
640
1170
1520
1532
1442
1413
1396
1378
1471
1615
1520
1095
703
633
694
573
268
-26
-265
-457
-645
-775
-795
-752
-837
-990
-1055
-1005
-1005
-947
-329
912
1709
889
-683
-739
1222
2924
2665
1679
1795
2164
1110
-235
870
3717
4205
887
-2435
-1963
754
1574
-189
-1878
-2160
-2459
-3592
-4081
-3005
-2035
-3017
-5070
-5809
-4715
-3531
-3482
-3885
-3749
-3308
-3187
-3098
-2389
-1247
-534
-479
-445
7
584
987
1479
2225
2798
2694
2153
1956
2448
3158
3421
3118
2612
2185
1876
1773
1908
2039
1689
922
335
254
365
251
-37
-256
-470
-821
-1038
-792
-355
-332
-699
-836
-525
-177
-80
-21
187
345
337
411
772
1109
1032
744
747
1080
1352
1323
1113
910
743
642
685
798
737
372
-41
-165
-50
62
-92
-357
-583
-677
-714
-691
-548
-337
-243
-327
-101
665
1234
637
-336
-31
1682
2672
1858
771
1124
1880
1131
-183
530
2758
2935
30
-2477
-1488
1098
1467
-725
-2577
-2578
-2173
-2642
-3045
-2473
-2089
-3292
-5099
-5338
-3776
-2435
-2733
-3787
-4074
-3509
-2938
-2580
-2007
-1282
-947
-1002
-840
-192
513
922
1194
1567
1916
2034
1992
2022
2285
2694
2940
2788
2355
2018
2015
2215
2332
2234
1900
1387
875
620
723
907
841
438
-121
-522
-488
-119
100
-150
-589
-739
-544
-340
-256
-118
53
-20
-308
-361
28
479
563
416
425
608
684
561
461
552
737
829
799
676
508
357
326
369
352
167
-77
-183
-146
-105
-213
-403
-539
-450
-295
-257
-254
276
1133
1174
-56
-943
149
2154
2512
1051
315
1301
1828
423
-581
1117
3376
2363
-1144
-2572
-293
1977
1021
-1524
-2397
-1671
-1678
-2729
-2991
-2124
-2046
-3607
-4970
-4435
-3063
-2906
-3895
-4323
-3620
-2894
-2858
-2844
-2247
-1575
-1408
-1353
-809
-1
465
618
899
1382
1747
1812
1802
2022
2536
3062
3139
2675
2205
2252
2714
2981
2779
2348
1965
1652
1453
1442
1492
1312
860
353
33
12
220
332
-30
-670
-931
-575
-202
-298
-580
-573
-423
-481
-516
-136
306
185
-259
-220
358
736
591
408
547
726
644
522
609
718
612
404
388
444
302
4
-150
-108
-75
-175
-338
-440
-492
-494
-473
-380
-295
-87
370
779
498
-264
-322
843
1937
1668
791
779
1344
915
-178
163
2103
2793
646
-1855
-1575
605
1305
-298
-1956
-2163
-1988
-2512
-2954
-2511
-2155
-3105
-4590
-4850
-3798
-3033
-3368
-3918
-3773
-3297
-3106
-2921
-2248
-1473
-1256
-1348
-1010
-214
378
616
990
1584
1912
1781
1730
2168
2786
3098
3046
2894
2818
2788
2750
2811
2944
2943
2580
1998
1653
1776
1961
1675
1010
571
557
545
310
105
73
-36
-324
-506
-430
-362
-487
-597
-478
-327
-340
-363
-253
-168
-232
-219
22
211
110
-26
121
369
360
192
211
417
450
183
-44
4
168
143
-7
-99
-127
-229
-347
-341
-185
-98
-194
-385
-466
-349
-97
432
1094
1241
334
-636
-216
1425
2273
1431
377
580
1076
398
-517
371
2220
1956
-820
-2730
-1385
958
902
-1323
-2774
-2403
-1931
-2468
-2922
-2449
-2158
-3168
-4426
-4260
-2937
-2274
-2887
-3536
-3263
-2620
-2382
-2250
-1662
-984
-902
-1118
-833
-3
664
837
910
1213
1561
1692
1756
2055
2509
2762
2657
2393
2332
2564
2806
2817
2638
2387
2115
1910
1979
2220
2136
1517
883
792
1057
1139
913
590
246
-102
-225
56
323
67
-491
-710
-494
-319
-394
-462
-415
-480
-712
-797
-548
-237
-185
-334
-420
-348
-246
-180
-116
-11
37
4
-47
-29
109
281
334
235
93
25
112
280
366
275
118
54
115
153
190
256
462
822
970
517
-200
-250
650
1416
1063
221
146
595
301
-572
-390
1002
1425
-300
-2161
-1721
202
762
-756
-2318
-2391
-1796
-1787
-2131
-2065
-1944
-2578
-3571
-3709
-2784
-2034
-2373
-3180
-3335
-2772
-2234
-1997
-1717
-1352
-1250
-1337
-1059
-321
298
487
584
885
1186
1320
1507
1922
2330
2480
2492
2497
2469
2483
2755
3140
3176
2725
2234
2149
2411
2600
2429
2000
1588
1364
1304
1278
1192
1003
624
97
-285
-218
113
104
-427
-984
-1118
-975
-900
-887
-892
-1021
-1319
-1441
-1120
-673
-579
-859
-1030
-867
-608
-446
-283
-70
25
-43
-32
215
514
576
444
383
528
678
687
646
643
644
544
406
310
394
514
434
123
-65
256
931
1108
297
-569
-276
910
1331
549
-13
519
803
-271
-1302
-315
1588
1426
-1062
-2668
-1392
579
403
-1398
-2330
-1854
-1586
-2204
-2549
-2028
-1781
-2714
-3794
-3610
-2551
-2181
-2828
-3313
-2926
-2343
-2237
-2251
-1837
-1256
-1089
-1165
-882
-221
335
620
883
1198
1412
1519
1727
2118
2545
2811
2831
2662
2540
2729
3126
3343
3182
2852
2618
2567
2601
2626
2540
2266
1874
1528
1319
1248
1250
1125
680
102
-155
-11
35
-343
-785
-886
-879
-1132
-1412
-1314
-1069
-1235
-1699
-1849
-1531
-1257
-1350
-1493
-1410
-1280
-1249
-1120
-776
-454
-404
-452
-291
31
286
391
489
648
761
791
814
879
964
997
997
965
932
890
794
666
584
604
659
655
646
775
789
291
-390
-320
574
1105
416
-519
-489
21
-262
-999
-715
427
427
-1283
-2547
-1603
151
202
-1430
-2572
-2188
-1510
-1682
-2190
-2167
-1975
-2409
-3158
-3185
-2415
-1934
-2373
-2966
-2799
-2115
-1736
-1765
-1618
-1121
-767
-724
-544
3
571
845
1014
1331
1676
1844
1957
2218
2629
2952
3008
2856
2713
2792
3101
3345
3254
2918
2618
2531
2532
2545
2516
2255
1756
1331
1192
1262
1193
789
270
-124
-249
-205
-266
-523
-925
-1270
-1370
-1337
-1307
-1381
-1517
-1660
-1780
-1802
-1699
-1572
-1532
-1560
-1525
-1377
-1195
-1030
-879
-723
-560
-366
-120
147
347
425
502
719
998
1183
1260
1308
1338
1313
1265
1280
1314
1233
1047
860
735
611
445
292
158
-32
-233
-336
-207
54
-52
-729
-1338
-1048
-93
301
-360
-1020
-793
-382
-778
-1272
-563
683
443
-1349
-2327
-1113
549
330
-1334
-2243
-1724
-1136
-1442
-1940
-1847
-1684
-2190
-2896
-2828
-2075
-1696
-2099
-2465
-2199
-1697
-1529
-1489
-1091
-529
-296
-269
37
644
1137
1368
1610
1957
2202
2292
2429
2774
3175
3328
3180
2897
2759
2886
3027
2924
2656
2438
2266
1965
1664
1591
1598
1331
776
374
379
460
253
-115
-377
-486
-605
-725
-804
-882
-1004
-1111
-1187
-1271
-1320
-1265
-1151
-1161
-1274
-1277
-1071
-864
-872
-975
-907
-677
-455
-340
-295
-253
-167
-25
176
376
512
557
540
569
739
986
1080
916
706
742
922
968
817
700
629
469
236
148
228
227
-29
-311
-416
-438
-528
-657
-642
-586
-495
-396
-478
-954
-1291
-855
32
147
-667
-1189
-795
-413
-831
-1172
-464
314
-419
-1927
-2121
-655
368
-416
-1811
-2037
-1283
-888
-1257
-1559
-1363
-1240
-1560
-1827
-1463
-811
-690
-1110
-1280
-809
-191
-13
-65
149
559
755
783
976
1359
1638
1710
1753
1834
1856
1821
1874
2041
2159
2089
1834
1556
1483
1636
1758
1593
1216
973
975
993
896
792
711
539
313
215
285
303
161
-11
-73
-109
-154
-150
-128
-192
-328
-398
-382
-386
-438
-436
-413
-509
-701
-744
-563
-376
-383
-546
-667
-662
-574
-407
-240
-190
-298
-401
-287
13
291
350
280
254
341
492
612
684
731
710
588
488
520
594
542
347
160
30
-143
-397
-521
-476
-517
-825
-1172
-1245
-1196
-1297
-1496
-1484
-1362
-1306
-1266
-1179
-1263
-1494
-1385
-709
-155
-411
-849
-609
-13
-77
-516
-123
1002
1236
125
-712
106
1466
1508
352
-341
130
707
461
-96
-113
146
-60
-672
-857
-395
-52
-406
-956
-963
-530
-339
-507
-556
-296
-96
-204
-300
-93
255
412
396
415
548
643
590
590
830
1149
1182
862
613
793
1179
1302
1127
952
881
822
805
957
1173
1112
758
506
592
835
906
762
517
323
315
488
646
574
305
84
45
79
73
37
3
-69
-215
-363
-406
-308
-157
-133
-316
-548
-583
-401
-216
-198
-296
-393
-421
-383
-265
-125
-93
-223
-370
-381
-278
-190
-196
-259
-370
-483
-554
-542
-521
-626
-822
-960
-940
-884
-940
-1063
-1106
-1086
-1045
-1012
-963
-887
-810
-762
-716
-581
-380
-183
-117
7
395
796
652
185
264
1140
1753
1291
667
931
1605
1407
653
820
1895
2072
735
-424
166
1472
1497
213
-700
-463
-7
-278
-873
-978
-811
-1045
-1690
-1990
-1603
-1164
-1340
-1851
-2013
-1710
-1463
-1488
-1474
-1228
-967
-941
-1002
-848
-457
-92
57
35
107
349
608
775
952
1235
1447
1379
1210
1341
1761
2046
1941
1711
1670
1766
1827
1839
1866
1861
1709
1459
1301
1354
1487
1460
1188
852
717
783
774
585
392
318
205
-50
-252
-233
-185
-395
-772
-989
-911
-815
-905
-1129
-1335
-1431
-1407
-1320
-1290
-1382
-1518
-1577
-1504
-1333
-1146
-1044
-1068
-1121
-1010
-726
-506
-443
-421
-305
-195
-176
-114
112
337
328
172
164
351
477
450
391
414
412
310
218
253
355
350
214
121
151
220
193
128
167
270
264
140
77
299
708
838
418
-87
59
754
1079
585
92
291
620
184
-520
-278
665
719
-529
-1575
-1131
-63
-29
-1057
-1793
-1548
-1117
-1323
-1761
-1690
-1322
-1363
-1855
-2025
-1511
-983
-1067
-1415
-1275
-719
-433
-517
-427
51
480
530
459
636
1002
1266
1347
1376
1443
1552
1672
1754
1797
1845
1851
1732
1566
1568
1722
1751
1517
1266
1215
1231
1124
973
903
850
713
541
425
354
317
296
213
-3
-209
-209
-89
-158
-398
-507
-424
-420
-649
-834
-740
-583
-709
-1025
-1146
-980
-825
-891
-1035
-1047
-951
-900
-895
-811
-678
-623
-661
-632
-420
-185
-100
-82
50
243
315
309
424
674
792
679
578
687
840
788
630
578
581
486
309
223
215
107
-103
-267
-363
-470
-604
-722
-804
-915
-1046
-1146
-1184
-1167
-1164
-1181
-1221
-1220
-1103
-937
-842
-839
-775
-568
-272
-45
-17
-125
-106
230
641
702
508
521
786
835
553
498
992
1360
902
96
-5
643
973
442
-256
-304
35
8
-425
-648
-495
-431
-730
-1023
-905
-596
-567
-808
-860
-581
-331
-372
-450
-230
184
424
394
336
512
856
1090
1133
1115
1186
1285
1309
1312
1396
1480
1374
1123
992
1079
1152
1022
810
680
591
437
310
328
372
268
67
-53
-56
-47
-16
34
28
-69
-154
-97
42
119
96
67
75
66
49
83
137
119
6
-108
-130
-106
-138
-248
-386
-501
-611
-709
-764
-793
-847
-972
-1100
-1127
-1080
-1061
-1086
-1098
-1081
-1061
-1034
-957
-863
-807
-770
-701
-585
-498
-466
-411
-297
-169
-133
-135
-65
37
87
48
21
68
116
70
-20
-24
67
111
17
-108
-104
-23
-16
-100
-151
-81
-6
-32
-80
-30
89
122
72
86
220
339
396
495
599
537
383
446
786
984
788
556
628
781
628
405
588
993
913
290
-103
240
749
668
112
-208
-60
105
-72
-314
-279
-133
-240
-545
-641
-421
-241
-326
-451
-364
-191
-194
-274
-196
38
216
214
137
177
355
539
622
586
552
589
619
622
663
771
787
600
401
430
593
588
374
169
110
99
54
7
-21
-107
-262
-372
-359
-304
-329
-425
-505
-504
-435
-395
-440
-524
-526
-423
-370
-439
-505
-447
-329
-296
-340
-347
-312
-318
-349
-326
-270
-283
-378
-410
-328
-284
-340
-402
-362
-280
-252
-232
-174
-148
-195
-218
-123
0
15
-35
-34
45
122
143
126
114
121
137
138
132
127
95
25
-47
-78
-61
-53
-119
-190
-198
-185
-221
-278
-277
-229
-217
-251
-260
-211
-155
-119
-48
55
98
91
123
245
366
427
470
559
666
703
728
799
902
978
1033
1042
952
840
886
1063
1117
925
706
660
671
545
391
393
428
245
-120
-335
-258
-127
-223
-537
-825
-903
-845
-821
-912
-1062
-1159
-1205
-1233
-1216
-1143
-1067
-1049
-1053
-1000
-884
-779
-700
-602
-465
-343
-265
-188
-118
-18
119
234
289
274
278
359
456
515
526
512
474
449
493
567
601
546
457
423
457
512
538
513
451
419
449
512
544
515
476
456
459
460
458
461
444
415
384
367
363
349
297
218
135
105
105
52
-86
-227
-311
-381
-463
-541
-562
-583
-648
-713
-711
-669
-665
-666
-628
-619
-625
-650
-613
-484
-354
-309
-342
-334
-256
-142
-43
28
74
104
110
150
237
330
367
308
223
213
260
286
231
152
114
77
39
-5
-42
-57
-86
-125
-165
-181
-195
-245
-273
-259
-237
-223
-230
-227
-205
-175
-157
-146
-124
-73
-34
-9
15
43
96
125
143
145
154
167
155
151
161
174
180
150
103
76
84
102
73
-5
-71
-89
-79
-100
-141
-168
-190
-238
-303
-332
-303
-269
-283
-314
-310
-268
-242
-228
-190
-145
-125
-121
-79
11
90
106
115
171
255
318
345
370
436
505
526
513
526
589
653
668
650
660
692
710
690
677
699
721
682
631
605
612
620
591
548
511
485
471
455
443
425
373
322
289
263
202
115
53
14
-51
-145
-193
-214
-275
-398
-491
-494
-507
-595
-716
-773
-796
-873
-956
-968
-930
-943
-1021
-1065
-1015
-955
-950
-951
-907
-861
-859
-840
-768
-678
-632
-617
-592
-514
-429
-390
-366
-317
-240
-183
-160
-132
-83
-28
-11
-30
-1
84
151
155
141
182
271
336
335
331
372
429
441
427
471
543
579
548
478
463
523
580
571
489
405
376
368
342
285
243
193
118
31
-28
-44
-72
-141
-229
-280
-275
-256
-284
-322
-324
-313
-310
-320
-308
-264
-218
-191
-168
-120
-66
-14
53
140
227
283
326
401
500
573
613
651
705
745
763
791
837
872
858
820
814
826
814
772
721
681
638
595
561
511
430
358
333
307
229
118
42
12
-37
-123
-205
-248
-273
-334
-411
-463
-478
-511
-582
-643
-659
-665
-695
-735
-758
-747
-726
-733
-751
-749
-727
-703
-702
-713
-696
-652
-608
-575
-558
-528
-479
-423
-357
-286
-221
-186
-169
-130
-62
-7
18
50
108
148
146
141
188
239
242
213
198
206
192
151
118
105
94
52
-27
-98
-112
-92
-110
-188
-238
-236
-250
-310
-375
-361
-318
-333
-396
-395
-326
-302
-318
-302
-238
-177
-164
-149
-75
-9
17
32
95
187
246
272
312
378
438
468
487
537
591
619
623
626
660
717
754
738
700
710
747
757
717
669
646
612
544
472
444
424
367
269
194
170
151
94
4
-68
-91
-94
-138
-205
-252
-273
-293
-326
-333
-306
-308
-349
-356
-319
-269
-251
-253
-219
-173
-150
-121
-74
-17
31
40
55
98
146
175
185
188
188
207
231
250
262
239
198
177
201
231
229
186
139
111
88
70
59
45
-4
-73
-136
-151
-141
-162
-226
-303
-369
-438
-493
-530
-549
-585
-660
-713
-727
-721
-737
-775
-803
-814
-827
-839
-831
-794
-768
-764
-761
-720
-630
-544
-496
-468
-395
-272
-152
-97
-44
52
164
263
333
426
519
573
604
650
735
785
772
740
727
740
743
716
678
622
532
464
434
408
345
251
157
90
43
-5
-51
-92
-128
-183
-237
-259
-247
-231
-233
-241
-251
-253
-236
-203
-145
-85
-47
-22
4
53
105
158
204
240
275
286
291
312
351
376
380
381
383
371
359
368
370
353
325
323
338
336
312
306
314
301
274
250
254
256
220
169
151
143
116
89
66
35
-3
-38
-49
-48
-70
-124
-194
-243
-267
-266
-262
-296
-346
-383
-412
-441
-456
-438
-423
-461
-527
-540
-484
-429
-421
-445
-444
-420
-394
-342
-276
-220
-189
-195
-195
-160
-108
-62
-35
-10
20
43
64
88
123
153
170
164
147
148
175
210
205
174
149
129
114
73
32
5
-25
-69
-117
-133
-144
-165
-215
-276
-301
-315
-339
-389
-422
-431
-427
-414
-432
-437
-395
-345
-319
-309
-265
-198
-174
-185
-151
-48
42
62
63
110
200
283
321
348
400
456
507
561
626
694
724
711
705
731
774
781
762
759
760
755
721
679
653
618
565
504
452
408
348
277
204
134
62
-16
-103
-185
-260
-330
-383
-433
-494
-550
-605
-645
-675
-692
-713
-743
-778
-795
-762
-700
-659
-656
-650
-608
-532
-442
-360
-305
-249
-192
-123
-31
53
124
170
192
227
296
379
461
505
509
497
503
540
584
609
595
550
505
471
466
472
465
427
350
281
237
215
172
98
-2
-82
-128
-172
-208
-244
-274
-320
-383
-440
-467
-468
-467
-486
-525
-560
-564
-545
-513
-489
-482
-496
-493
-440
-369
-310
-276
-255
-228
-195
-151
-95
-28
25
59
82
125
191
242
274
300
333
364
385
395
401
413
429
429
428
429
435
429
413
396
386
361
302
243
212
208
182
120
50
-12
-51
-83
-104
-125
-182
-262
-331
-349
-337
-347
-401
-454
-480
-478
-486
-511
-527
-527
-517
-507
-489
-444
-389
-351
-325
-294
-236
-170
-123
-85
-32
39
100
132
166
224
285
328
369
407
433
437
441
474
514
520
490
467
464
469
455
443
431
392
336
286
276
263
214
157
112
81
44
4
-6
0
-17
-59
-78
-79
-79
-100
-130
-145
-143
-137
-141
-142
-135
-128
-118
-111
-119
-118
-105
-74
-40
-23
-8
7
19
28
36
49
73
99
100
94
93
100
117
133
139
133
121
123
121
116
112
113
105
73
29
4
-12
-36
-54
-82
-119
-148
-169
-190
-221
-277
-310
-321
-353
-393
-408
-397
-395
-426
-455
-445
-437
-452
-468
-454
-419
-393
-369
-344
-314
-282
-250
-223
-195
-150
-101
-61
-37
-22
-3
22
59
83
101
122
140
154
164
177
175
182
189
183
161
135
130
136
154
159
168
183
199
203
186
188
210
225
198
160
158
184
191
172
177
210
219
186
169
188
210
197
155
140
138
130
110
98
100
92
55
13
11
28
46
38
27
39
61
73
72
95
145
165
158
169
200
225
225
234
262
281
264
244
271
308
300
265
254
264
251
211
186
183
169
117
62
34
15
-29
-87
-127
-162
-213
-277
-323
-349
-388
-441
-486
-512
-516
-531
-569
-590
-591
-563
-548
-570
-579
-552
-496
-463
-455
-438
-414
-385
-360
-328
-270
-206
-164
-146
-124
-84
-36
2
33
58
85
111
139
182
230
255
247
222
226
254
272
257
233
229
241
235
213
206
206
207
186
149
128
126
114
86
50
29
20
-6
-51
-71
-70
-86
-128
-168
-172
-155
-167
-197
-195
-167
-151
-166
-165
-138
-107
-89
-67
-33
15
43
46
65
109
149
176
202
238
273
294
315
346
391
414
421
432
435
431
425
426
434
427
400
379
365
354
340
317
282
228
165
116
97
64
12
-33
-54
-74
-114
-163
-190
-212
-249
-299
-326
-314
-304
-331
-359
-362
-341
-328
-335
-342
-337
-326
-326
-330
-331
-312
-279
-254
-239
-221
-195
-170
-144
-108
-66
-25
-22
-31
-2
49
76
88
112
156
179
169
165
196
224
227
225
230
243
225
189
159
147
134
104
72
33
-7
-44
-76
-100
-125
-160
-192
-217
-237
-254
-255
-257
-272
-290
-311
-315
-292
-274
-270
-267
-262
-239
-208
-191
-157
-117
-89
-77
-52
-1
38
57
78
116
159
191
202
222
260
263
244
244
272
287
277
282
291
289
275
250
242
247
234
198
166
150
141
126
87
52
32
15
-14
-27
-23
-24
-47
-76
-89
-87
-71
-71
-85
-93
-110
-122
-125
-125
-113
-117
-138
-153
-151
-135
-128
-125
-119
-114
-98
-74
-45
-23
-6
6
17
36
59
77
95
116
136
149
169
192
206
209
209
226
245
260
255
250
262
268
259
240
228
216
191
170
156
149
129
93
62
53
47
15
-11
-24
-27
-53
-99
-129
-139
-148
-184
-217
-236
-251
-267
-293
-313
-327
-345
-363
-380
-380
-369
-370
-376
-375
-346
-325
-319
-316
-288
-247
-219
-211
-197
-146
-110
-93
-72
-41
-2
28
51
74
104
136
163
177
185
190
195
208
221
232
238
231
211
202
207
205
173
132
103
83
68
51
43
50
35
-11
-46
-64
-72
-87
-109
-132
-142
-144
-150
-146
-139
-119
-101
-101
-105
-105
-88
-70
-69
-61
-35
-15
-3
7
17
45
56
56
74
109
131
142
157
185
206
196
190
206
235
262
261
264
278
286
272
261
266
270
256
240
238
233
230
208
182
162
147
134
116
105
86
60
39
15
6
-5
-24
-47
-73
-85
-99
-112
-116
-127
-149
-171
-183
-182
-182
-197
-214
-217
-204
-200
-210
-212
-193
-171
-164
-163
-150
-128
-125
-127
-122
-111
-103
-112
-106
-98
-89
-86
-86
-82
-87
-88
-88
-92
-102
-103
-99
-102
-108
-103
-99
-99
-99
-112
-122
-127
-133
-142
-142
-157
-169
-160
-161
-157
-150
-133
-105
-96
-100
-103
-92
-71
-53
-47
-44
-30
-3
26
62
97
125
144
154
167
180
208
241
268
284
295
305
321
341
371
396
403
400
381
362
351
337
323
302
272
245
224
196
153
114
89
57
18
-20
-42
-49
-73
-113
-142
-159
-179
-200
-221
-237
-246
-258
-265
-253
-236
-238
-242
-236
-222
-212
-207
-204
-190
-165
-127
-89
-59
-38
-14
10
35
65
97
117
127
143
158
174
178
184
190
204
210
218
239
251
250
238
232
224
203
183
171
160
138
107
79
62
35
4
-25
-46
-59
-93
-126
-146
-157
-184
-219
-242
-255
-251
-257
-261
-256
-249
-266
-291
-300
-294
-280
-274
-276
-278
-266
-253
-231
-214
-210
-194
-173
-150
-117
-80
-54
-47
-53
-49
-19
9
27
30
24
34
60
94
127
152
172
192
216
238
255
264
258
239
223
224
241
269
272
259
241
217
196
182
180
184
164
135
124
114
90
55
27
0
-30
-51
-66
-66
-72
-102
-129
-143
-157
-171
-187
-200
-203
-204
-203
-209
-211
-208
-204
-193
-175
-162
-144
-128
-117
-93
-67
-44
-33
-15
-2
20
61
82
97
118
141
151
158
168
178
183
175
157
157
163
156
134
113
111
104
85
69
60
52
40
35
47
61
56
44
39
42
40
20
1
5
12
8
0
8
31
37
30
26
36
38
40
43
52
59
64
62
56
56
41
39
30
19
19
26
24
13
14
19
13
-1
-7
-9
-19
-41
-51
-56
-66
-84
-102
-114
-123
-136
-145
-154
-165
-187
-202
-198
-203
-212
-235
-244
-254
-265
-272
-276
-266
-260
-262
-256
-241
-220
-195
-185
-179
-170
-157
-142
-128
-108
-85
-55
-39
-25
10
65
103
122
135
152
177
188
196
208
216
224
224
224
228
232
228
232
217
209
205
190
165
136
130
122
103
90
86
80
67
48
43
56
56
36
29
29
22
8
0
5
13
14
3
0
3
-4
-6
-7
-9
-11
-13
-5
4
2
4
7
3
4
-7
-2
6
11
16
22
41
53
72
86
95
100
113
124
130
140
146
152
147
147
154
163
164
159
146
136
135
121
99
91
78
56
23
-4
-13
-24
-50
-79
-102
-127
-148
-167
-171
-176
-195
-218
-241
-254
-257
-258
-261
-264
-272
-270
-275
-274
-264
-257
-244
-253
-257
-245
-223
-222
-218
-201
-189
-185
-186
-173
-158
-147
-148
-141
-125
-118
-109
-102
-89
-70
-59
-43
-24
-14
1
15
23
37
56
89
114
133
157
172
186
193
197
211
227
222
215
214
227
233
223
222
225
223
215
210
208
205
195
178
168
163
155
140
135
134
125
109
97
92
81
69
57
58
66
66
54
43
39
28
20
13
7
9
8
4
-1
0
-14
-23
-12
-14
-24
-28
-39
-45
-57
-71
-69
-65
-61
-53
-42
-32
-36
-40
-34
-31
-30
-30
-26
-20
-12
-16
-26
-27
-35
-41
-41
-26
-6
-7
-15
-23
-32
-35
-42
-50
-52
-53
-46
-51
-59
-59
-64
-67
-73
-76
-71
-68
-69
-63
-54
-61
-73
-86
-78
-70
-74
-72
-71
-61
-63
-77
-80
-71
-79
-80
-65
-66
-64
-58
-51
-41
-50
-62
-59
-59
-68
-71
-70
-73
-77
-83
-78
-75
-73
-70
-70
-70
-69
-65
-60
-51
-43
-21
9
25
38
46
56
63
68
78
98
123
133
142
163
191
212
215
214
213
220
223
216
219
227
223
219
212
204
202
200
179
163
151
126
109
99
87
73
45
20
0
-18
-33
-48
-63
-68
-83
-101
-119
-136
-143
-156
-167
-175
-179
-167
-157
-155
-151
-138
-132
-131
-128
-121
-113
-113
-112
-98
-84
-66
-56
-44
-27
-18
-13
-16
0
14
16
6
5
17
28
45
54
58
69
63
62
73
91
103
97
91
90
90
94
108
118
111
95
85
77
80
88
77
57
33
19
14
12
8
10
13
4
-3
-9
-10
-15
-36
-53
-66
-70
-70
-79
-92
-102
-106
-107
-110
-105
-92
-90
-87
-94
-100
-95
-98
-94
-95
-92
-88
-86
-79
-62
-45
-46
-52
-52
-46
-42
-47
-51
-49
-42
-38
-39
-32
-22
-24
-23
-15
5
29
32
33
34
36
37
28
23
33
44
39
30
33
45
55
55
59
72
80
79
79
85
92
86
66
58
61
59
46
37
40
46
49
41
34
34
18
4
-2
1
5
-5
-8
-6
0
4
10
16
17
21
14
0
-11
-20
-35
-43
-34
-22
-7
5
10
20
22
24
30
37
41
36
32
42
56
56
46
45
49
48
41
37
46
56
49
46
54
64
69
70
79
89
96
95
91
98
95
84
75
72
68
52
33
13
4
0
-5
-12
-16
-34
-52
-69
-79
-82
-100
-112
-123
-140
-145
-144
-141
-143
-156
-165
-172
-177
-182
-181
-181
-175
-164
-163
-162
-158
-151
-141
-134
-129
-131
-122
-111
-98
-86
-83
-73
-72
-68
-57
-54
-45
-37
-29
-12
7
25
40
52
59
74
81
81
77
66
59
66
76
90
100
97
97
91
99
107
116
127
129
130
121
114
105
91
86
96
102
101
106
110
114
110
97
88
75
63
51
44
49
47
43
39
33
34
34
35
45
45
41
38
38
38
36
29
15
10
0
-10
-16
-12
-10
-7
-14
-19
-8
6
3
-9
-18
-17
-15
-16
-21
-19
-20
-34
-38
-40
-32
-23
-24
-26
-21
-25
-34
-36
-36
-37
-44
-58
-59
-54
-58
-61
-67
-72
-74
-72
-62
-53
-51
-51
-50
-42
-38
-39
-35
-39
-50
-56
-52
-52
-56
-50
-44
-31
-11
-8
-2
11
14
9
-7
-9
-1
0
6
9
15
21
19
15
16
18
19
16
7
0
2
2
1
-3
-9
-2
0
-4
-3
-12
-19
-27
-31
-20
-19
-24
-28
-27
-30
-40
-48
-46
-43
-43
-46
-45
-41
-41
-45
-39
-29
-19
-4
11
21
21
19
23
32
39
51
57
67
84
93
105
113
121
133
136
125
126
135
134
136
142
146
146
135
121
123
115
90
67
57
57
46
24
5
-12
-26
-24
-23
-30
-45
-68
-89
-104
-116
-127
-138
-138
-142
-149
-157
-160
-148
-136
-129
-130
-127
-114
-92
-79
-83
-81
-68
-55
-41
-31
-9
19
34
43
54
60
70
83
93
96
101
107
115
116
115
115
115
121
123
128
132
118
96
85
78
74
68
56
41
27
5
-17
-13
-16
-28
-39
-52
-55
-62
-74
-83
-87
-96
-107
-112
-116
-115
-114
-111
-106
-103
-102
-102
-105
-113
-116
-118
-115
-97
-85
-75
-67
-66
-56
-33
-16
-4
11
24
34
43
47
57
77
90
97
103
100
92
78
63
54
51
47
56
54
41
30
12
-7
-28
-42
-50
-53
-50
-48
-47
-43
-44
-52
-53
-57
-56
-56
-43
-31
-20
-12
-5
12
25
37
41
42
46
48
57
66
71
82
89
93
83
81
75
71
70
59
57
66
65
63
65
57
46
40
33
27
25
27
34
43
49
51
42
27
20
13
7
3
-1
-2
1
5
2
-3
-9
-13
-20
-27
-27
-33
-39
-50
-63
-66
-66
-69
-73
-73
-79
-80
-79
-73
-70
-65
-55
-49
-39
-42
-37
-22
-9
-8
-1
12
9
4
13
23
32
37
41
56
62
55
50
45
39
26
7
-3
-10
-15
-21
-22
-32
-48
-63
-74
-76
-82
-94
-102
-114
-121
-116
-112
-93
-84
-72
-57
-56
-54
-38
-14
-14
-5
8
16
22
18
23
37
45
48
67
81
80
78
76
77
60
44
43
36
35
30
23
13
14
20
31
47
56
69
84
89
92
89
82
77
71
75
78
80
84
95
98
88
74
63
51
32
16
-4
-17
-30
-48
-61
-71
-77
-85
-95
-109
-118
-130
-145
-150
-150
-146
-140
-131
-127
-113
-87
-70
-63
-57
-44
-20
-3
13
32
49
56
54
67
86
96
105
110
118
115
116
113
103
97
79
63
49
45
43
48
39
22
9
-5
-17
-18
-13
-12
-15
-31
-51
-64
-71
-71
-69
-63
-59
-63
-62
-56
-59
-60
-64
-66
-62
-66
-69
-65
-55
-45
-40
-34
-33
-31
-33
-30
-23
-18
-11
-4
6
18
26
37
49
61
74
81
81
82
91
103
122
133
140
146
148
147
131
116
101
78
58
42
39
42
36
33
20
11
0
-21
-31
-42
-52
-66
-79
-84
-93
-100
-110
-111
-112
-114
-109
-113
-112
-113
-117
-124
-120
-108
-105
-104
-99
-88
-85
-83
-78
-66
-58
-47
-42
-36
-21
-3
10
20
29
35
35
26
25
27
38
53
72
83
91
86
84
87
89
90
86
83
81
79
75
70
67
67
58
46
39
31
17
1
1
0
-6
-17
-29
-40
-41
-38
-40
-38
-30
-24
-26
-30
-22
-20
-13
-11
-8
-1
4
11
16
20
22
31
40
46
48
46
43
38
40
41
58
73
83
91
86
81
73
64
60
57
60
64
61
51
41
33
22
22
17
5
-3
-12
-22
-30
-37
-46
-60
-78
-93
-96
-96
-103
-105
-104
-94
-90
-93
-100
-108
-115
-116
-112
-112
-99
-90
-86
-79
-62
-55
-56
-49
-42
-33
-27
-18
-13
-9
-5
2
15
25
43
40
36
37
40
44
44
53
60
63
65
60
50
34
22
17
12
13
18
19
18
12
-7
-24
-27
-24
-18
-16
-18
-24
-33
-43
-44
-41
-39
-33
-30
-29
-26
-20
-15
-15
-11
0
3
5
10
16
20
18
18
29
49
65
82
90
99
106
105
106
111
114
117
118
117
113
110
108
104
96
83
70
62
53
52
51
47
43
30
17
3
-18
-35
-51
-59
-61
-62
-60
-65
-73
-90
-107
-111
-115
-113
-110
-102
-99
-100
-105
-105
-97
-90
-91
-90
-86
-84
-74
-72
-67
-50
-38
-28
-18
-13
2
18
26
29
31
40
44
44
52
65
80
84
86
87
84
83
82
77
66
50
43
33
37
37
32
23
12
3
0
-5
-11
-11
-19
-25
-31
-39
-47
-51
-62
-75
-81
-83
-79
-76
-63
-58
-51
-46
-48
-45
-48
-47
-41
-34
-26
-23
-23
-20
-23
-26
-23
-11
11
25
36
47
53
59
66
66
73
75
72
76
73
75
74
71
78
82
86
87
87
83
78
61
48
40
22
8
-7
-19
-28
-39
-44
-48
-46
-50
-54
-51
-58
-64
-72
-88
-95
-99
-96
-94
-90
-84
-84
-75
-65
-50
-39
-28
-18
1
10
12
12
13
17
22
27
40
51
57
72
77
82
91
98
90
81
76
67
58
55
62
70
72
66
56
49
38
33
20
5
0
-10
-15
-17
-11
-9
-17
-28
-43
-59
-62
-66
-68
-68
-74
-79
-81
-75
-72
-76
-83
-78
-72
-63
-51
-40
-31
-27
-22
-17
-6
4
12
27
36
44
55
64
79
91
90
78
74
81
80
81
85
95
98
97
95
85
82
74
61
39
26
17
-4
-19
-23
-35
-50
-56
-62
-65
-79
-88
-84
-85
-91
-97
-96
-93
-88
-88
-96
-97
-102
-108
-108
-116
-123
-129
-131
-127
-117
-101
-85
-74
-70
-60
-46
-37
-27
-14
4
22
30
36
47
60
82
95
107
120
122
120
118
116
111
114
118
118
115
114
111
104
98
94
93
92
96
85
69
61
47
42
31
20
12
5
4
4
7
3
0
-4
-5
-5
-3
-10
-26
-35
-48
-57
-65
-76
-82
-81
-85
-76
-73
-68
-71
-72
-66
-72
-73
-63
-55
-51
-39
-22
-9
5
7
10
9
7
-2
-3
15
32
47
60
70
80
81
82
86
81
68
57
53
48
40
28
24
23
22
20
14
8
-5
-18
-26
-30
-22
-18
-16
-13
-17
-23
-30
-38
-48
-52
-58
-64
-60
-61
-57
-53
-51
-49
-46
-44
-45
-38
-34
-36
-38
-37
-37
-30
-23
-27
-30
-29
-26
-19
-14
-10
-13
-19
-26
-22
-13
-11
-4
10
27
43
53
52
50
51
51
53
50
48
42
39
40
47
53
50
48
35
22
7
-1
-17
-31
-38
-44
-42
-35
-38
-54
-62
-61
-54
-51
-45
-36
-38
-39
-40
-32
-18
-24
-19
-8
1
22
36
51
63
57
56
62
67
71
70
71
71
64
67
64
59
63
63
58
49
46
48
48
33
18
12
5
-5
-4
2
7
12
12
21
29
30
29
33
41
33
28
21
19
16
5
3
6
3
-2
-9
-20
-27
-36
-36
-38
-38
-37
-37
-33
-36
-44
-54
-63
-75
-77
-75
-71
-77
-71
-53
-43
-36
-26
-17
-3
7
9
19
22
13
8
7
10
9
10
16
16
12
6
-4
-16
-23
-32
-39
-55
-68
-69
-66
-60
-61
-52
-47
-44
-40
-37
-43
-48
-57
-64
-62
-62
-54
-53
-44
-40
-29
-7
5
7
17
23
25
22
19
26
33
33
34
36
42
48
56
65
63
63
63
55
45
44
42
42
41
42
45
44
49
54
58
56
53
55
49
47
46
42
41
44
46
44
47
41
41
44
50
51
46
43
31
23
21
7
-1
-5
-8
-5
-2
3
-2
-6
-6
-18
-25
-27
-27
-31
-30
-28
-26
-21
-17
-16
-11
-9
-13
-14
-12
-8
-5
-4
-12
-9
-15
-16
-17
-29
-24
-27
-23
-25
-31
-31
-35
-35
-40
-49
-54
-63
-69
-69
-67
-53
-32
-25
-24
-26
-30
-26
-22
-23
-30
-30
-26
-20
-10
-5
-10
-8
-3
0
4
-3
-11
-13
-11
-13
-14
-13
-10
-9
-15
-14
-13
-9
1
4
11
17
24
27
32
39
33
34
32
32
39
46
50
55
54
55
58
57
53
37
24
15
11
11
11
4
-1
-4
-2
4
5
8
2
-7
-20
-21
-24
-25
-20
-15
-15
-15
-13
-13
-7
-10
-10
-5
4
9
7
14
18
22
26
27
23
24
22
15
20
22
26
28
20
13
12
12
16
21
24
27
27
31
28
18
12
-6
-22
-31
-36
-39
-40
-27
-25
-24
-23
-24
-25
-34
-43
-45
-50
-53
-52
-46
-39
-34
-30
-28
-28
-27
-24
-24
-12
-7
-2
4
6
7
4
5
3
0
-1
4
13
15
12
22
34
34
42
47
52
51
46
44
47
48
51
64
65
62
53
55
55
44
43
43
43
40
36
26
21
17
0
-12
-19
-26
-33
-42
-54
-57
-57
-57
-56
-55
-54
-56
-66
-65
-74
-75
-75
-71
-64
-59
-48
-42
-27
-23
-15
-13
-18
-15
-15
-13
-13
-7
-7
-11
-18
-26
-27
-28
-23
-17
-5
-1
-1
0
-2
-5
-8
-2
4
13
12
10
23
20
20
28
34
32
32
33
26
27
31
35
30
26
18
15
8
-2
-11
-12
-10
-9
-6
1
10
16
19
21
23
22
13
4
-1
-8
-19
-20
-17
-16
-1
13
19
25
41
47
55
58
47
43
47
60
58
54
53
48
47
46
43
44
49
49
49
39
27
9
-3
-4
-6
4
11
18
27
25
22
15
8
2
3
3
-8
-10
-15
-18
-23
-20
-15
-12
-13
-21
-27
-34
-45
-49
-52
-54
-47
-40
-35
-32
-38
-39
-45
-45
-44
-43
-36
-37
-46
-45
-39
-28
-25
-22
-21
-27
-33
-36
-33
-36
-38
-40
-50
-61
-63
-62
-60
-58
-55
-55
-56
-61
-72
-75
-78
-76
-69
-61
-54
-35
-31
-30
-22
-14
-9
-5
-4
2
11
21
26
30
34
41
52
61
70
81
94
103
99
100
101
98
102
103
101
102
101
104
106
107
101
102
108
111
114
112
107
102
90
75
62
51
42
37
32
20
6
0
-12
-30
-45
-51
-52
-51
-51
-53
-53
-64
-62
-62
-64
-68
-77
-80
-86
-88
-90
-86
-75
-70
-64
-64
-62
-53
-45
-44
-41
-44
-45
-31
-15
1
12
26
29
24
7
-7
-12
-6
8
22
35
50
52
44
36
33
32
34
45
49
52
51
44
38
26
20
22
27
27
25
16
9
2
-4
-7
-1
-4
-14
-19
-29
-39
-44
-41
-42
-38
-39
-38
-38
-41
-48
-51
-53
-57
-62
-63
-62
-57
-48
-39
-35
-34
-36
-39
-50
-61
-53
-48
-43
-38
-25
-17
-22
-22
-21
-15
-5
-3
5
8
12
11
15
22
20
15
14
17
21
31
34
37
42
39
43
47
47
51
56
61
64
69
72
78
84
85
83
82
84
83
70
61
55
50
43
38
36
31
22
11
3
-9
-17
-26
-26
-27
-30
-23
-25
-31
-26
-19
-20
-19
-13
-7
-7
-16
-16
-19
-16
-16
-17
-22
-18
-8
-3
-2
2
3
2
7
3
4
1
0
-1
-7
-15
-21
-18
-10
-3
-4
-10
-10
-7
1
3
-5
-17
-23
-19
-10
5
10
8
3
-2
-6
-5
-1
-3
0
1
-8
-8
-6
-13
-14
-23
-25
-27
-28
-19
-15
-17
-33
-33
-27
-33
-38
-39
-31
-26
-26
-20
-17
-17
-9
-3
10
22
19
22
16
3
-7
-10
-13
-19
-22
-22
-27
-32
-30
-28
-29
-29
-29
-34
-38
-44
-44
-36
-28
-19
-17
-18
-19
-17
-11
-3
2
3
0
2
9
11
16
29
35
36
43
40
39
38
36
40
41
42
44
51
51
50
48
55
52
43
51
52
56
46
35
44
44
47
48
54
67
59
54
58
55
60
59
51
51
57
54
50
46
41
30
18
15
18
18
11
8
-3
-14
-24
-31
-34
-36
-39
-46
-55
-64
-66
-61
-56
-57
-56
-56
-59
-56
-57
-59
-57
-56
-55
-57
-56
-59
-57
-55
-44
-40
-36
-21
-14
-7
-7
-9
-4
-12
-14
-11
-9
-13
-30
-42
-51
-53
-52
-45
-43
-39
-35
-35
-31
-27
-25
-21
-20
-19
-11
-9
-9
-6
-7
-10
-3
3
13
31
37
42
45
38
36
36
36
36
31
31
28
33
37
48
55
56
47
41
31
18
12
-2
-13
-19
-20
-14
-11
-10
-7
-8
-4
4
13
24
30
28
30
18
12
8
9
13
9
11
15
22
32
44
51
59
63
65
64
52
48
47
39
40
30
28
28
26
28
33
35
31
36
26
10
-4
-15
-23
-24
-28
-22
-16
-14
-11
-15
-27
-29
-31
-35
-32
-40
-36
-40
-45
-46
-48
-54
-57
-48
-48
-47
-45
-47
-51
-52
-52
-51
-42
-40
-30
-27
-29
-22
-30
-26
-33
-33
-26
-22
-16
-20
-23
-21
-17
-12
0
9
13
12
9
7
2
-3
-1
9
19
19