-44
-39
-41
-43
-42
-38
-41
-37
-32
-29
-27
-23
-16
-18
-17
-14
-14
-13
-12
-10
-5
-3
0
4
4
6
5
8
10
9
11
18
21
21
27
29
34
40
40
46
50
49
41
36
35
33
33
25
29
28
26
30
28
24
20
23
26
34
33
34
33
26
21
18
12
7
7
11
14
14
17
12
14
10
15
14
16
14
5
8
0
1
1
4
1
0
3
2
12
12
8
6
1
0
-6
-6
0
-16
-23
-14
-14
-21
-31
-32
-27
-30
-32
-30
-28
-28
-34
-31
-26
-33
-33
-31
-27
-28
-16
-8
-4
-1
-1
3
-3
1
5
10
11
7
8
5
8
8
4
9
4
0
-4
-10
-11
-15
-15
-17
-24
-26
-23
-21
-21
-21
-16
-12
-12
-11
-10
-13
-12
-3
-5
-4
-9
-13
-16
-16
-15
-15
-5
-1
-9
-6
-4
-6
-5
-8
-5
-3
-8
-7
-1
9
8
-3
-2
-2
3
4
6
8
8
14
11
14
18
18
23
20
23
26
27
30
32
41
46
43
37
39
38
31
26
20
17
16
17
18
18
20
20
16
12
12
10
9
7
4
-4
-8
-16
-17
-15
-13
-12
-7
0
-4
0
-4
-6
-9
-11
-6
-2
-2
-3
-4
-2
-4
-2
-6
-7
-1
-1
-6
-7
-3
-7
-1
0
-3
-11
-13
-10
-13
-12
-14
-15
-19
-22
-21
-18
-18
-17
-17
-15
-16
-16
-13
-12
-13
-15
-8
-5
-4
-5
-2
3
3
10
11
19
20
15
14
11
15
20
28
30
31
31
30
34
33
30
28
22
11
9
10
11
14
11
6
6
-1
-5
-14
-9
-7
-9
-11
-16
-19
-31
-36
-34
-29
-32
-36
-39
-38
-39
-39
-36
-38
-37
-43
-38
-32
-27
-25
-22
-21
-29
-32
-35
-35
-35
-39
-31
-31
-24
-23
-22
-14
-8
-2
-3
7
7
5
13
14
13
18
18
19
26
29
29
31
31
33
35
36
38
43
47
43
41
41
39
41
39
34
31
30
27
31
28
28
22
16
20
20
22
21
28
28
27
25
25
28
26
23
16
15
8
5
6
6
5
7
7
3
1
3
5
8
5
9
13
14
21
19
18
11
5
4
-4
-8
-8
-10
-13
-10
-11
-11
-13
-13
-16
-20
-21
-26
-27
-25
-23
-27
-30
-36
-45
-45
-46
-49
-45
-48
-51
-49
-45
-39
-35
-34
-33
-29
-29
-26
-24
-24
-25
-28
-28
-27
-27
-27
-27
-24
-24
-23
-20
-15
-13
-12
-5
-3
-5
-7
-8
-9
-7
-10
-9
-4
-8
-7
-3
0
3
6
3
7
8
8
12
15
14
9
8
10
12
11
16
13
13
12
7
6
8
9
7
8
12
12
13
14
16
25
32
38
43
47
48
48
51
51
52
60
64
70
73
72
70
69
64
60
56
51
50
42
40
38
34
31
17
10
10
11
12
2
5
6
4
1
-2
-5
-13
-15
-16
-13
-15
-20
-27
-28
-28
-38
-39
-42
-42
-36
-38
-38
-40
-45
-47
-49
-53
-50
-51
-47
-50
-50
-44
-49
-49
-48
-45
-40
-39
-35
-28
-26
-25
-25
-22
-20
-24
-22
-23
-20
-15
-17
-11
-6
-6
-2
0
-1
-1
-4
-3
-2
3
7
10
14
12
12
16
19
23
29
27
27
25
20
24
24
27
26
26
25
22
27
27
28
23
20
18
16
11
11
13
14
15
10
9
6
-2
-11
-15
-18
-19
-19
-11
-7
-6
-5
-10
-11
-13
-13
-14
-10
-9
-9
-7
-7
-9
-15
-15
-15
-13
-8
-4
0
-4
-2
2
4
2
5
9
11
14
17
17
19
25
26
28
27
27
24
17
19
23
26
28
28
20
20
19
18
24
20
18
25
24
21
17
18
12
10
9
4
6
6
5
1
-3
-11
-18
-23
-25
-23
-23
-25
-26
-24
-24
-25
-21
-21
-14
-11
-13
-14
-20
-17
-18
-24
-25
-25
-28
-31
-27
-23
-23
-24
-21
-15
-11
-8
-2
6
13
14
16
19
26
25
24
25
19
15
11
15
18
22
19
16
21
18
19
19
20
18
14
11
3
-3
-7
-12
-15
-16
-13
-13
-12
-9
-4
-5
-7
-9
-7
-8
-14
-12
-14
-13
-13
-19
-19
-17
-21
-21
-20
-15
-18
-25
-27
-31
-29
-33
-38
-38
-42
-41
-42
-40
-37
-32
-33
-31
-28
-28
-21
-19
-16
-11
-11
-13
-8
-3
3
9
17
22
22
22
21
20
27
29
29
31
33
37
33
33
40
46
50
53
51
52
60
52
47
47
53
43
20
13
13
20
21
19
16
20
26
25
22
27
36
45
42
39
37
40
38
29
27
29
39
37
41
43
37
31
19
4
-10
-20
-31
-36
-40
-45
-50
-52
-46
-41
-37
-35
-36
-37
-42
-46
-46
-49
-46
-42
-34
-30
-25
-15
-13
-8
-9
-5
-5
-13
-26
-31
-38
-38
-29
-31
-25
-25
-24
-18
-17
-20
-19
-18
-24
-25
-24
-16
-14
-16
-9
-5
-2
-6
-16
-19
-19
-20
-16
-7
-4
-1
-4
-7
-12
-18
-20
-16
-16
-17
-10
-2
3
-1
3
7
-5
-7
4
6
3
2
6
10
11
13
19
25
20
22
31
38
33
32
30
25
21
18
23
24
26
36
37
34
32
32
31
28
26
24
19
18
20
27
31
30
28
27
28
29
25
21
22
22
22
20
24
21
17
19
18
15
11
11
3
-5
-12
-19
-16
-23
-24
-27
-33
-34
-40
-32
-26
-32
-35
-29
-24
-25
-22
-16
-9
-8
-13
-2
1
-1
-11
-8
-10
-13
-5
-7
0
0
6
4
4
8
5
8
2
-2
1
-1
-3
-3
1
8
12
14
12
12
10
17
18
12
10
4
3
-5
-4
-9
-16
-14
-17
-14
-18
-24
-21
-25
-21
-19
-15
-6
-7
-6
-5
-5
-5
-5
-8
-8
-12
-16
-21
-26
-25
-30
-33
-28
-24
-24
-25
-24
-22
-24
-25
-20
-21
-23
-25
-21
-19
-18
-12
-8
-2
3
4
5
4
5
11
15
24
28
32
35
33
33
33
31
23
24
16
11
2
-6
-2
0
-1
0
-6
-3
1
-2
0
4
9
12
13
13
12
8
7
9
10
11
10
15
17
23
27
30
34
33
32
32
31
30
30
34
34
24
20
15
10
7
8
13
21
21
22
20
16
14
6
10
14
11
13
15
10
8
6
1
-5
-16
-15
-16
-3
-2
-9
-3
-12
-18
-23
-22
-17
-15
-16
-16
-16
-18
-16
-18
-23
-24
-20
-20
-15
-8
-3
0
-2
-7
-9
-7
-8
-7
-6
-10
-13
-19
-20
-21
-18
-17
-12
-13
-18
-18
-21
-23
-29
-28
-28
-26
-22
-22
-20
-14
-11
-6
-6
-6
-7
-13
-19
-24
-22
-28
-28
-29
-28
-27
-26
-25
-23
-25
-24
-27
-32
-32
-35
-30
-24
-14
-6
1
10
13
10
10
14
15
18
26
30
36
37
36
36
29
22
20
19
21
22
27
31
33
32
33
32
33
27
27
35
31
34
36
39
40
38
35
32
25
23
23
25
29
25
25
21
16
18
18
19
20
23
23
25
24
23
20
15
8
7
6
1
-2
-4
-7
-10
-15
-16
-14
-12
-19
-24
-23
-25
-21
-16
-15
-8
-1
-7
-6
-5
-6
-7
-10
-14
-18
-24
-24
-22
-20
-13
-15
-13
-15
-13
-13
-12
-17
-20
-16
-22
-25
-27
-31
-26
-25
-23
-18
-21
-15
-9
-8
-9
-11
-14
-17
-15
-18
-14
-8
-4
-3
-5
-8
-8
-14
-11
-9
-4
2
-2
-5
-6
-6
-6
-2
-2
2
5
-1
2
3
5
3
2
5
2
4
8
5
3
4
0
1
5
6
8
6
11
10
10
10
4
6
1
-7
-6
-2
2
4
8
7
4
7
0
1
5
2
5
3
6
10
8
7
12
12
17
19
18
16
15
14
12
14
10
13
7
4
7
4
2
-6
-10
-17
-16
-17
-18
-12
-9
-4
-1
-1
-4
-9
-15
-17
-12
-13
-8
-5
-9
-12
-9
0
-2
-1
1
8
14
16
19
27
33
39
36
33
36
38
47
49
45
42
38
34
35
35
37
33
30
28
22
16
21
21
22
23
24
23
14
16
18
14
12
6
6
1
-2
-6
-11
-11
-13
-10
-13
-16
-21
-23
-27
-30
-28
-33
-34
-38
-42
-44
-44
-44
-51
-52
-54
-51
-50
-55
-58
-60
-58
-65
-69
-69
-68
-65
-61
-52
-50
-40
-38
-42
-43
-45
-43
-43
-37
-31
-26
-24
-22
-17
-13
-11
-13
-12
-5
2
5
11
17
18
20
25
30
28
28
28
34
38
43
51
55
61
59
62
64
56
54
51
44
42
41
36
41
43
42
38
33
28
22
19
14
14
12
11
8
4
11
21
23
21
23
17
18
17
14
16
14
12
18
25
27
32
29
31
26
21
15
12
10
3
4
-3
-3
-6
-9
-9
-7
-4
-8
-6
-7
-11
-15
-18
-20
-18
-18
-12
-12
-9
-1
-1
4
3
1
-1
-1
-3
-6
-6
-3
2
0
-1
2
-4
-10
-11
-10
-10
-15
-18
-21
-33
-42
-45
-35
-33
-35
-32
-28
-30
-31
-33
-27
-24
-25
-28
-27
-24
-25
-21
-18
-8
-4
-9
-6
-8
-11
-12
-13
-8
-5
-6
-6
-5
-12
-20
-24
-30
-29
-29
-27
-24
-22
-18
-17
-22
-18
-16
-21
-18
-20
-24
-21
-19
-16
-7
1
4
4
9
10
9
13
15
24
31
34
40
45
42
40
40
42
35
33
29
31
35
33
35
36
35
32
27
29
29
22
28
34
36
32
29
24
22
25
24
21
19
16
18
23
21
19
15
14
8
3
5
2
-2
-9
-9
-12
-18
-14
-9
-4
-7
-15
-10
-2
-15
-9
4
-5
-9
-15
-12
-10
-16
-15
-5
-1
-5
-11
-5
-8
-8
3
0
1
-5
-1
-4
-4
3
3
4
3
5
8
6
2
1
3
9
9
6
4
6
10
15
17
12
8
9
4
2
-6
-13
-11
-8
2
-2
0
-4
-9
-7
-3
1
-2
-2
-5
-12
-20
-26
-32
-30
-29
-33
-28
-29
-33
-27
-26
-27
-30
-32
-31
-31
-35
-42
-45
-41
-46
-48
-43
-45
-41
-36
-34
-23
-19
-20
-21
-17
-16
-21
-18
-18
-15
-14
-14
-20
-18
-14
-15
-13
-14
-12
-12
-8
-3
1
7
11
13
18
24
24
24
27
31
32
33
32
39
46
52
58
64
70
78
82
82
87
81
78
70
62
62
56
52
46
39
32
25
24
26
25
17
17
15
16
10
3
3
-3
-8
-3
3
3
0
2
0
1
13
19
21
18
9
6
5
-1
-5
-4
1
7
10
12
6
0
-3
3
5
2
-2
-7
-8
-6
-7
-18
-23
-27
-29
-23
-23
-23
-28
-32
-33
-41
-49
-56
-59
-55
-50
-45
-44
-42
-39
-38
-39
-37
-39
-37
-35
-41
-44
-45
-45
-36
-29
-25
-28
-28
-27
-23
-19
-17
-18
-17
-7
-8
-14
-21
-16
-6
-8
-9
-13
-25
-29
-24
-20
-26
-28
-23
-13
-6
-3
-7
-6
1
3
6
5
2
6
13
18
18
14
18
32
44
44
39
35
42
56
64
64
53
44
43
43
44
36
37
42
44
46
36
21
12
4
9
16
13
21
25
29
31
26
21
16
16
19
16
14
17
14
21
27
20
13
9
10
13
17
15
10
11
11
16
17
14
14
11
15
14
8
8
-1
-7
-11
-11
-12
-13
-15
-18
-8
-9
-12
-22
-31
-31
-27
-18
-15
-22
-28
-24
-19
-24
-34
-36
-32
-28
-18
-11
-7
-10
-11
-11
-14
-12
-14
-15
-23
-21
-20
-26
-31
-32
-35
-42
-42
-42
-36
-26
-19
-10
-7
-4
1
7
13
18
13
6
-2
-5
-1
2
3
8
8
8
10
14
14
6
4
9
11
8
2
-4
-9
-10
-12
-11
-10
-8
-3
-1
10
10
3
0
-1
5
8
4
2
3
5
9
13
11
1
-5
-2
11
19
20
20
15
12
9
5
-4
-9
-22
-20
-11
-1
5
2
-5
-11
-11
-13
-24
-29
-28
-21
-12
-8
-12
-17
-15
-16
-18
-8
-6
-6
-1
7
11
1
-3
-7
-1
1
1
4
14
24
29
36
39
37
38
40
40
41
41
45
46
46
41
40
40
34
36
33
32
30
30
32
31
28
17
14
15
15
15
4
-5
-4
-2
-4
-6
-12
-13
-13
-10
-9
-4
-2
1
9
13
14
12
12
9
10
11
3
-5
-10
-3
-1
-8
-13
-16
-14
-18
-19
-19
-23
-24
-22
-19
-20
-22
-32
-31
-33
-26
-18
-23
-27
-30
-26
-29
-31
-30
-22
-18
-24
-25
-29
-34
-42
-46
-41
-38
-39
-47
-45
-38
-35
-37
-35
-31
-29
-27
-29
-29
-24
-26
-24
-22
-24
-23
-24
-24
-19
-16
-9
-5
-8
-9
-9
-7
-4
-5
-3
2
5
9
12
6
3
0
5
6
14
20
26
28
30
33
33
35
31
29
37
46
54
53
54
62
61
55
55
50
43
45
45
55
56
51
48
46
47
40
32
25
25
26
32
33
32
31
27
24
28
28
26
31
36
40
38
34
23
24
33
29
22
20
25
27
23
15
12
9
-4
-4
-2
5
2
-4
-5
-6
-11
-19
-27
-34
-35
-37
-38
-37
-40
-43
-57
-60
-63
-73
-79
-79
-76
-79
-75
-75
-69
-61
-64
-63
-63
-61
-55
-52
-44
-42
-36
-36
-38
-40
-38
-39
-40
-34
-28
-24
-14
-18
-20
-10
-5
-6
1
5
7
7
8
12
14
14
13
14
14
11
15
21
23
24
23
30
36
37
36
29
25
24
25
21
23
28
21
13
8
6
5
2
5
10
12
8
3
-1
-3
5
6
8
15
13
11
8
1
5
5
2
11
18
30
33
31
34
33
28
27
28
29
27
22
21
22
25
28
35
28
19
5
1
6
6
1
-4
-10
-23
-22
-27
-32
-37
-32
-20
-10
0
-1
1
-4
-4
4
6
5
0
4
8
7
15
18
20
15
17
24
25
23
23
19
23
29
22
16
12
14
15
16
16
15
15
8
9
8
-2
-6
-9
-11
-13
-12
-11
-10
-15
-16
-15
-20
-23
-25
-24
-24
-30
-30
-29
-33
-30
-26
-26
-26
-29
-26
-21
-19
-18
-15
-12
-8
-17
-18
-15
-15
-10
-9
-1
-10
-17
-3
-7
-18
-31
-34
-31
-37
-43
-43
-41
-44
-44
-42
-39
-41
-39
-32
-33
-26
-20
-23
-23
-22
-15
-11
-11
-11
-9
-3
6
7
3
6
12
12
14
16
18
29
37
43
40
36
35
35
41
42
47
46
43
49
48
41
39
32
26
30
34
35
32
29
20
17
18
17
10
0
7
14
4
8
16
13
15
15
15
13
7
5
12
16
17
9
12
14
10
16
17
16
25
30
28
24
15
9
9
5
8
15
12
12
9
8
13
6
2
1
-4
-1
1
4
5
-1
-10
-9
-8
-14
-12
-18
-18
-13
-10
-7
-6
-15
-22
-18
-14
-10
-11
-11
-14
-20
-18
-12
-17
-20
-27
-23
-23
-28
-25
-32
-40
-39
-42
-37
-30
-36
-33
-31
-34
-33
-32
-29
-25
-32
-34
-34
-31
-28
-28
-31
-24
-16
-8
-3
-6
-5
-14
-26
-28
-27
-28
-28
-27
-27
-25
-21
-16
-11
-12
-5
-3
-7
-14
-14
-17
-16
-13
-8
-4
-8
3
12
18
30
34
36
43
46
51
56
57
56
50
53
60
64
67
68
70
68
68
65
62
59
50
43
39
33
34
36
37
40
35
32
31
23
16
13
13
11
10
5
1
-2
-1
-4
-12
-14
-17
-17
-15
-15
-17
-15
-9
-14
-14
-10
-8
-9
-9
8
16
29
37
46
58
66
82
91
99
101
97
102
102
95
86
73
59
42
22
-1
-26
-52
-85
-120
-146
-176
-209
-239
-271
-304
-335
-363
-387
-398
-403
-406
-403
-395
-381
-363
-338
-309
-272
-230
-187
-139
-94
-53
-4
39
84
139
189
233
271
311
342
362
386
407
422
436
436
441
445
443
436
429
418
398
376
355
334
315
291
266
242
214
187
157
129
109
93
73
47
24
-1
-26
-47
-68
-85
-104
-114
-113
-96
-61
-19
10
7
-32
-61
-62
-52
-51
-70
-84
-71
-58
-83
-144
-202
-235
-256
-288
-322
-351
-393
-453
-532
-581
-621
-681
-763
-841
-860
-819
-764
-738
-726
-711
-675
-629
-571
-505
-433
-368
-299
-205
-84
33
109
153
187
249
335
430
508
566
611
650
697
737
771
766
731
699
698
728
752
742
709
672
637
609
574
533
477
416
372
353
340
307
240
161
101
67
44
23
0
-26
-46
-57
-62
-62
-66
-88
-110
-102
-76
-52
-48
-49
-52
-54
-55
-64
-75
-88
-97
-98
-91
-83
-89
-110
-139
-166
-191
-213
-238
-254
-269
-283
-288
-292
-297
-315
-333
-341
-347
-347
-339
-331
-316
-292
-267
-244
-230
-204
-167
-105
-45
-23
-14
6
46
84
91
93
119
154
172
152
123
108
104
81
30
-7
-35
-80
-149
-219
-269
-307
-368
-445
-507
-530
-523
-515
-518
-513
-494
-471
-455
-427
-382
-326
-271
-221
-151
-67
20
84
120
160
218
287
348
395
434
472
501
526
553
575
580
571
567
582
605
627
631
625
617
608
592
566
540
508
475
440
417
407
380
331
272
231
201
168
125
88
61
28
-8
-42
-68
-97
-137
-167
-175
-168
-160
-162
-158
-146
-144
-138
-128
-115
-94
-87
-77
-69
-65
-58
-65
-74
-90
-108
-124
-126
-141
-154
-154
-167
-169
-186
-198
-222
-237
-262
-285
-296
-322
-321
-328
-326
-318
-323
-316
-307
-296
-256
-218
-205
-203
-210
-183
-153
-148
-135
-115
-58
-18
-16
-33
-27
-10
-11
-33
-72
-81
-88
-112
-155
-203
-232
-270
-326
-373
-388
-378
-365
-374
-377
-354
-331
-321
-317
-300
-264
-210
-159
-108
-43
25
72
99
124
159
209
244
274
304
342
386
421
448
472
498
519
534
557
591
616
636
652
671
686
681
669
652
636
619
603
587
574
555
521
471
423
379
331
280
223
181
148
108
63
17
-22
-63
-109
-140
-152
-153
-158
-171
-179
-184
-190
-196
-205
-205
-201
-201
-194
-174
-154
-160
-170
-179
-184
-188
-199
-204
-200
-200
-207
-213
-231
-230
-243
-259
-276
-302
-309
-311
-311
-316
-318
-335
-328
-334
-336
-320
-338
-320
-307
-284
-246
-235
-232
-227
-233
-228
-213
-213
-169
-131
-98
-82
-101
-90
-69
-60
-75
-92
-108
-98
-97
-116
-139
-181
-207
-249
-283
-288
-275
-261
-261
-255
-240
-209
-182
-174
-161
-143
-107
-53
-3
63
123
168
208
238
280
331
365
389
426
473
520
560
576
590
597
595
595
607
633
659
671
669
668
667
659
627
584
551
529
505
479
449
411
363
302
245
201
170
116
65
28
-3
-18
-58
-93
-130
-159
-185
-207
-205
-205
-201
-217
-220
-221
-222
-217
-252
-246
-235
-217
-218
-212
-212
-220
-213
-242
-210
-257
-226
-244
-269
-238
-263
-232
-260
-239
-262
-258
-256
-266
-230
-258
-241
-255
-247
-226
-245
-234
-224
-236
-224
-214
-218
-170
-195
-156
-121
-123
-76
-96
-74
-69
-60
-41
-42
-12
-18
16
6
-12
-12
-29
-20
-47
-62
-72
-87
-100
-126
-149
-179
-216
-238
-270
-272
-280
-281
-271
-277
-251
-236
-212
-187
-173
-141
-103
-58
-3
55
118
170
206
244
288
333
362
397
428
469
510
534
563
590
597
621
634
636
647
643
643
626
615
595
586
544
507
471
436
407
345
339
282
266
220
182
158
120
102
51
41
8
-8
-19
-33
-42
-57
-78
-101
-105
-107
-124
-152
-159
-187
-180
-207
-252
-238
-292
-287
-310
-305
-316
-336
-343
-357
-348
-364
-368
-375
-359
-363
-359
-365
-357
-340
-324
-334
-347
-329
-326
-303
-286
-294
-258
-267
-249
-242
-228
-214
-201
-193
-181
-155
-147
-113
-108
-87
-69
-67
-47
-41
-31
-15
5
20
32
38
34
32
28
24
16
9
-6
-5
-19
-43
-68
-99
-113
-133
-154
-155
-147
-139
-124
-117
-91
-66
-50
-34
-13
11
47
83
132
196
239
284
316
349
373
395
424
435
464
491
516
533
546
538
533
533
525
518
516
516
498
500
481
474
451
404
394
354
309
302
272
255
232
217
182
167
151
113
110
50
38
-6
-29
-73
-88
-105
-145
-175
-215
-223
-259
-262
-295
-297
-303
-304
-332
-348
-351
-364
-370
-404
-402
-406
-396
-386
-384
-361
-393
-359
-394
-377
-356
-376
-314
-346
-307
-311
-329
-303
-325
-307
-312
-309
-300
-272
-244
-246
-229
-224
-211
-166
-155
-144
-97
-115
-57
-45
-33
8
2
51
64
91
92
103
105
106
111
82
89
57
41
44
18
24
3
-15
-31
-47
-44
-49
-41
-46
-34
-17
-13
18
32
52
88
108
146
179
212
253
268
291
320
332
360
377
387
408
420
438
455
475
476
477
472
467
467
449
437
417
411
391
392
370
350
337
330
320
283
289
255
250
230
216
185
182
121
91
62
34
24
-50
-46
-96
-116
-148
-188
-183
-222
-241
-275
-294
-319
-327
-313
-338
-326
-319
-356
-331
-358
-358
-331
-381
-350
-378
-352
-354
-358
-358
-376
-364
-354
-345
-323
-323
-318
-311
-307
-293
-313
-308
-290
-296
-247
-261
-238
-216
-219
-182
-188
-158
-151
-128
-131
-110
-111
-96
-59
-61
-15
-21
-7
-6
-17
8
-10
-7
-38
-39
-44
-49
-48
-57
-68
-70
-93
-91
-75
-79
-49
-47
-22
0
8
31
46
68
102
135
180
224
257
295
314
339
368
388
418
434
448
468
489
505
524
514
532
510
529
521
506
524
499
511
503
507
508
490
490
449
435
436
393
396
375
352
350
308
288
244
228
190
150
156
97
97
20
-19
-51
-104
-126
-191
-205
-230
-274
-255
-331
-323
-359
-384
-386
-434
-414
-422
-431
-407
-471
-438
-472
-490
-443
-489
-431
-491
-464
-476
-462
-436
-454
-435
-460
-463
-454
-432
-435
-411
-423
-401
-378
-377
-328
-353
-307
-298
-282
-248
-250
-249
-229
-228
-211
-157
-173
-87
-82
-61
-22
-68
-24
-36
-39
-22
-46
-14
-27
-25
-19
-37
-22
-36
-27
5
12
57
75
88
135
147
187
203
228
268
307
336
379
396
435
460
458
495
479
517
512
519
545
543
548
554
546
547
535
507
534
513
514
467
455
453
429
455
431
426
425
414
383
369
332
335
308
285
264
239
259
200
224
187
139
95
42
17
-18
-25
-58
-124
-115
-146
-183
-235
-300
-270
-338
-291
-335
-339
-361
-398
-369
-490
-435
-505
-461
-463
-449
-472
-453
-490
-500
-484
-541
-477
-531
-483
-498
-474
-484
-476
-483
-487
-444
-483
-419
-447
-385
-381
-353
-311
-307
-249
-250
-232
-246
-218
-190
-172
-137
-123
-103
-63
-61
-72
-51
-80
-41
-40
-45
-16
-29
-6
-28
-21
-56
-48
-69
-80
-43
-55
33
22
97
89
132
161
146
208
193
274
290
348
397
412
466
453
475
468
493
515
520
563
531
589
528
579
564
559
578
513
525
500
508
479
444
461
399
483
371
391
300
348
315
295
334
242
330
201
318
158
289
150
193
161
85
193
31
162
-10
64
-60
-59
-39
-158
-22
-221
-62
-248
-146
-271
-302
-224
-377
-291
-425
-368
-443
-337
-408
-435
-467
-528
-441
-549
-483
-573
-511
-554
-510
-509
-561
-455
-594
-455
-593
-454
-527
-480
-439
-479
-381
-436
-342
-407
-300
-309
-291
-263
-263
-184
-192
-135
-185
-79
-152
-47
-96
-66
-22
-81
-8
-98
-34
-90
-58
-97
-111
-87
-131
-85
-149
-81
-91
-37
-6
-14
63
48
128
116
170
211
258
298
358
388
454
465
494
519
514
618
576
658
592
675
571
635
591
580
644
543
642
521
603
535
522
510
454
530
386
456
368
368
353
276
327
220
351
189
258
138
143
154
120
162
39
148
-3
85
3
-19
-31
-103
-61
-147
-70
-146
-119
-141
-220
-180
-287
-211
-318
-275
-320
-309
-359
-355
-370
-412
-357
-438
-377
-463
-437
-435
-484
-427
-454
-496
-464
-492
-478
-515
-540
-509
-496
-474
-452
-485
-443
-453
-398
-394
-370
-313
-288
-252
-235
-257
-223
-209
-196
-147
-140
-102
-74
-92
-57
-66
-54
-45
-94
-68
-109
-91
-98
-126
-131
-136
-127
-155
-151
-141
-114
-74
-54
-23
20
78
113
176
179
245
290
315
407
440
512
551
567
604
620
636
638
648
674
689
678
684
667
659
633
629
624
574
538
508
504
493
442
413
415
348
395
333
292
283
264
239
252
200
242
163
152
161
99
107
10
19
8
76
-58
-36
-121
-133
-97
-137
-168
-162
-227
-176
-244
-323
-261
-326
-379
-361
-424
-395
-399
-430
-392
-474
-486
-479
-494
-431
-430
-468
-467
-484
-509
-443
-448
-443
-409
-478
-432
-436
-353
-352
-265
-294
-281
-259
-323
-276
-257
-279
-209
-217
-177
-132
-156
-172
-194
-196
-191
-204
-258
-231
-281
-283
-289
-327
-349
-367
-436
-450
-431
-395
-328
-274
-228
-176
-118
-94
-31
10
59
164
216
323
435
491
577
645
684
738
766
769
838
835
871
869
858
900
855
832
737
710
644
688
658
654
654
590
581
468
451
380
422
361
396
393
370
403
318
281
187
228
228
233
211
194
188
155
177
51
11
-69
-62
-32
-72
-80
-167
-159
-262
-264
-303
-349
-342
-374
-354
-392
-409
-458
-429
-488
-442
-498
-540
-572
-600
-564
-599
-558
-577
-546
-574
-514
-552
-509
-492
-542
-441
-443
-284
-296
-298
-349
-362
-342
-344
-279
-263
-133
-169
-180
-237
-223
-204
-223
-279
-384
-355
-375
-334
-370
-423
-439
-535
-586
-627
-602
-535
-449
-456
-394
-336
-280
-208
-213
-130
-74
36
172
325
460
564
621
622
672
711
777
860
926
965
1013
1049
1054
1074
1037
1014
928
880
832
817
757
747
681
624
617
507
473
372
373
344
340
343
342
339
335
271
197
164
197
179
193
242
264
292
195
176
95
100
-8
-31
-5
-23
29
-11
-31
-130
-171
-269
-292
-345
-338
-315
-295
-339
-362
-373
-499
-531
-588
-563
-565
-537
-533
-492
-485
-533
-522
-550
-530
-468
-391
-308
-262
-267
-293
-313
-365
-383
-337
-273
-159
-136
-193
-276
-323
-304
-317
-416
-497
-556
-571
-582
-651
-710
-775
-854
-954
-1011
-1003
-904
-818
-812
-789
-756
-679
-605
-533
-468
-361
-235
-106
56
226
370
468
515
571
666
788
913
1004
1098
1148
1189
1187
1226
1265
1266
1242
1157
1143
1135
1126
1074
972
884
770
713
642
617
575
522
457
362
365
334
306
251
216
217
224
209
153
169
171
184
177
127
149
213
211
201
134
138
158
134
87
13
-7
-45
-49
-93
-149
-205
-233
-252
-235
-210
-260
-349
-446
-486
-486
-448
-458
-448
-459
-461
-383
-323
-263
-301
-369
-433
-402
-371
-376
-315
-284
-199
-307
-488
-629
-632
-536
-547
-644
-756
-796
-826
-935
-1068
-1198
-1267
-1331
-1387
-1356
-1235
-1117
-1100
-1161
-1198
-1110
-971
-818
-676
-548
-387
-230
-86
90
246
390
494
552
681
833
1007
1123
1173
1182
1150
1147
1192
1259
1325
1317
1244
1190
1143
1126
1100
1003
908
852
799
773
747
725
669
581
492
433
452
432
385
330
280
294
325
320
300
288
252
225
214
230
264
257
232
126
94
89
67
119
120
80
20
-20
-91
-102
-152
-212
-225
-226
-184
-207
-274
-365
-401
-405
-334
-278
-172
14
116
109
-93
-243
-223
-162
-117
-39
89
220
181
-154
-500
-580
-463
-351
-409
-560
-684
-752
-956
-1231
-1461
-1621
-1695
-1815
-1859
-1744
-1580
-1564
-1728
-1931
-1950
-1761
-1507
-1274
-1057
-855
-710
-608
-468
-282
-51
148
305
499
748
1025
1157
1195
1168
1140
1185
1290
1481
1654
1667
1524
1338
1222
1222
1234
1183
1135
1079
1030
963
840
753
662
558
479
474
567
632
574
408
281
264
310
362
423
470
459
413
328
310
342
357
318
271
289
352
364
273
160
55
-5
-16
15
38
29
-67
-217
-317
-337
-322
-337
-372
-368
-305
-205
-63
73
20
-207
-438
-452
-235
-18
81
106
118
-18
-367
-721
-724
-375
-88
-185
-553
-857
-961
-1092
-1295
-1490
-1542
-1509
-1626
-1763
-1807
-1738
-1731
-1875
-1999
-1835
-1497
-1155
-1011
-994
-968
-910
-720
-434
-59
257
431
477
496
619
843
1056
1172
1229
1235
1246
1289
1354
1399
1308
1152
1032
1045
1156
1170
1064
872
705
622
597
623
666
646
560
412
319
329
385
422
370
339
372
447
477
459
458
454
442
446
516
561
557
480
396
400
424
462
383
280
202
136
101
53
-11
-90
-171
-236
-248
-220
-196
-216
-285
-352
-282
-3
294
277
-108
-433
-397
-92
146
207
265
344
157
-408
-872
-723
-54
326
-54
-766
-1175
-1177
-1161
-1351
-1529
-1515
-1549
-1852
-2194
-2230
-1975
-1856
-2030
-2165
-1937
-1454
-1159
-1177
-1290
-1262
-1010
-623
-160
298
546
495
322
320
679
1210
1571
1632
1525
1368
1246
1267
1460
1700
1692
1441
1188
1107
1116
1029
827
640
605
630
572
479
357
225
40
-118
-66
150
326
240
-22
-189
-108
97
256
360
429
432
328
237
337
559
700
644
552
558
631
641
541
449
445
489
503
416
272
122
-20
-107
-108
-49
-9
-35
-153
-206
-34
175
130
-213
-459
-326
8
161
106
120
193
-39
-649
-1086
-757
93
519
8
-1011
-1639
-1583
-1308
-1219
-1301
-1385
-1640
-2156
-2609
-2565
-2084
-1718
-1797
-2056
-2033
-1728
-1451
-1367
-1316
-1084
-719
-328
37
324
427
362
342
602
1153
1710
1952
1790
1464
1245
1284
1569
1991
2260
2119
1583
1064
923
1105
1338
1345
1204
979
683
394
202
216
346
408
307
157
48
-46
-224
-398
-330
-47
221
215
12
-170
-241
-213
-68
202
472
518
304
71
41
198
340
382
416
433
395
282
154
88
99
159
210
234
215
171
67
-10
135
453
573
251
-183
-255
62
272
136
19
169
236
-303
-1067
-1168
-422
263
-16
-1040
-1790
-1784
-1478
-1412
-1583
-1683
-1839
-2280
-2785
-2810
-2278
-1761
-1771
-2122
-2238
-1954
-1561
-1351
-1218
-969
-597
-238
30
235
354
459
618
929
1375
1767
1879
1705
1462
1430
1641
1929
2174
2234
1988
1502
1137
1146
1440
1601
1454
1129
843
677
548
478
494
568
563
404
185
43
12
-14
-70
-40
140
323
220
-89
-287
-194
76
245
304
277
199
53
-52
31
231
362
297
169
93
105
138
113
22
-8
27
68
79
81
104
84
0
116
551
829
486
-206
-393
162
714
636
274
246
353
-80
-926
-1168
-313
656
403
-1012
-2168
-2139
-1475
-1228
-1534
-1866
-2069
-2541
-3175
-3317
-2685
-1930
-1877
-2440
-2805
-2544
-2003
-1647
-1487
-1273
-905
-536
-273
-87
72
292
567
938
1352
1701
1798
1593
1369
1432
1790
2152
2302
2198
1898
1475
1210
1318
1675
1850
1593
1139
806
708
743
766
764
746
685
509
273
134
195
322
325
247
270
387
352
123
-50
88
371
521
431
281
209
172
171
237
417
538
432
148
-51
6
188
274
148
-5
-38
-5
-47
-103
-43
114
184
201
351
484
255
-232
-340
155
708
685
267
36
0
-292
-799
-820
-60
643
195
-1205
-2263
-2108
-1333
-1003
-1367
-1898
-2309
-2770
-3225
-3216
-2559
-1871
-1849
-2445
-2885
-2714
-2135
-1662
-1398
-1159
-849
-536
-346
-231
-59
255
682
1087
1371
1544
1579
1451
1345
1478
1845
2174
2212
1974
1606
1303
1214
1376
1597
1632
1380
990
669
551
608
715
740
671
526
343
160
59
120
237
291
243
229
258
208
69
12
163
402
502
409
280
257
271
304
376
480
520
418
252
187
273
368
378
249
97
57
128
225
241
237
220
211
311
506
556
267
-50
16
430
638
422
176
217
230
-260
-874
-828
-5
563
-41
-1421
-2269
-1998
-1314
-1159
-1589
-2034
-2370
-2788
-3186
-3095
-2429
-1862
-1999
-2588
-2896
-2542
-1893
-1459
-1305
-1178
-897
-563
-336
-177
73
464
861
1120
1275
1437
1565
1537
1452
1540
1858
2133
2097
1790
1447
1246
1243
1352
1452
1402
1147
795
541
480
551
601
521
386
270
171
70
10
14
63
59
58
105
145
97
4
26
179
338
384
336
291
279
296
341
463
584
568
382
186
190
367
493
391
202
133
226
323
325
325
406
551
684
676
466
204
208
558
865
770
452
384
520
341
-252
-645
-262
462
507
-468
-1614
-1986
-1596
-1235
-1406
-1844
-2222
-2608
-3090
-3338
-2972
-2316
-2058
-2421
-2864
-2872
-2433
-1897
-1494
-1234
-1034
-845
-627
-329
7
376
741
1045
1260
1429
1570
1628
1627
1666
1810
1972
2028
1958
1742
1403
1156
1182
1350
1327
1014
679
527
463
367
297
299
271
114
-89
-189
-161
-64
4
-56
-180
-200
-51
87
48
-30
15
156
200
179
212
309
343
305
293
317
332
318
327
339
327
271
226
178
154
148
205
306
399
418
447
634
800
629
165
66
581
1207
1146
540
270
607
776
212
-418
-149
767
959
-148
-1511
-1786
-1093
-655
-1069
-1769
-2142
-2393
-2815
-3104
-2784
-2147
-1960
-2437
-2967
-2932
-2380
-1788
-1459
-1331
-1190
-915
-567
-285
-34
322
807
1222
1413
1495
1593
1718
1788
1882
2056
2199
2178
2022
1805
1537
1329
1309
1422
1376
1029
596
345
278
254
210
172
85
-108
-312
-420
-401
-301
-235
-264
-354
-401
-354
-231
-129
-96
-57
9
41
9
-10
74
216
286
247
183
126
72
21
58
178
225
106
-128
-272
-234
-84
25
89
175
229
258
354
523
496
238
119
481
987
1036
689
542
754
698
116
-304
211
1130
1148
-101
-1438
-1603
-857
-393
-775
-1483
-2014
-2439
-2877
-2951
-2445
-1854
-1910
-2557
-3047
-2865
-2200
-1596
-1317
-1264
-1174
-896
-457
-39
305
592
840
1111
1458
1861
2143
2135
1949
1896
2112
2393
2500
2428
2167
1757
1365
1269
1450
1521
1252
781
357
81
-33
0
127
98
-190
-533
-694
-625
-464
-364
-372
-428
-442
-360
-247
-168
-88
9
82
125
193
291
346
334
334
377
402
381
290
191
129
127
158
106
-60
-267
-405
-446
-365
-198
-12
41
-80
-94
121
294
44
-236
59
780
1039
509
36
335
850
553
-271
-435
471
1192
591
-856
-1651
-1284
-664
-712
-1331
-1840
-2174
-2576
-3026
-3014
-2475
-1987
-2115
-2707
-3066
-2795
-2074
-1469
-1270
-1281
-1084
-628
-175
109
418
879
1320
1554
1709
1991
2280
2376
2286
2260
2389
2563
2610
2451
2102
1715
1499
1462
1438
1250
961
658
317
-3
-150
-122
-110
-249
-456
-588
-652
-654
-572
-438
-365
-356
-303
-168
-61
10
152
326
427
419
437
570
703
737
690
648
624
534
402
331
347
362
246
27
-193
-298
-310
-325
-342
-362
-331
-310
-284
-102
300
495
104
-483
-461
310
978
920
526
476
599
254
-451
-593
280
1226
997
-485
-1815
-1915
-1193
-820
-1161
-1679
-2066
-2613
-3330
-3572
-2981
-2166
-1952
-2437
-2947
-2942
-2428
-1811
-1400
-1173
-857
-364
52
206
327
739
1397
1950
2204
2287
2364
2397
2313
2240
2377
2685
2868
2647
2017
1307
961
1097
1336
1221
735
203
-203
-503
-661
-616
-518
-586
-781
-945
-1018
-1025
-951
-749
-542
-403
-205
67
204
123
94
369
804
1090
1149
1087
1021
974
974
1036
1147
1226
1141
811
370
137
213
378
319
34
-299
-515
-661
-707
-555
-239
-24
-102
-128
119
275
-83
-475
-180
738
1287
998
489
421
494
87
-471
-320
669
1289
535
-1098
-2096
-1855
-1207
-1107
-1518
-1920
-2377
-3096
-3727
-3615
-2847
-2191
-2212
-2652
-2946
-2737
-2155
-1570
-1220
-958
-524
45
473
680
895
1274
1801
2243
2499
2656
2749
2649
2380
2218
2334
2604
2723
2413
1621
785
422
629
865
629
78
-376
-721
-1050
-1216
-1139
-996
-1025
-1146
-1167
-1066
-942
-826
-729
-563
-198
335
730
722
511
519
835
1238
1564
1739
1667
1381
1134
1050
1168
1326
1340
1034
506
115
58
157
97
-158
-421
-582
-764
-900
-837
-527
-247
-219
-169
249
592
261
-345
-272
665
1436
1354
936
963
1068
498
-514
-768
208
1310
1130
-359
-1749
-2101
-1803
-1780
-2084
-2247
-2326
-2797
-3578
-3984
-3649
-3023
-2731
-2812
-2840
-2474
-1848
-1392
-1345
-1343
-867
85
1001
1505
1721
1818
1847
1911
2281
2929
3441
3423
2933
2387
2073
1966
1992
2014
1771
1160
424
-47
-202
-342
-664
-1002
-1204
-1304
-1367
-1431
-1534
-1653
-1644
-1408
-1006
-594
-298
-166
-175
-103
281
921
1434
1593
1563
1590
1656
1700
1760
1837
1820
1685
1504
1316
1112
840
469
102
-88
-84
-122
-388
-741
-1033
-1258
-1437
-1341
-907
-403
-222
-393
-426
72
747
859
456
365
1038
1765
1734
1349
1470
1865
1527
336
-502
-51
979
1154
53
-1276
-1873
-1871
-2055
-2628
-3051
-3065
-3114
-3514
-3881
-3745
-3331
-3155
-3290
-3252
-2648
-1616
-763
-552
-747
-681
10
1024
1872
2445
2789
2897
2810
2785
2967
3174
3188
2973
2649
2276
1890
1506
1143
672
-16
-699
-1064
-1066
-1058
-1376
-1927
-2374
-2491
-2368
-2120
-1837
-1631
-1514
-1390
-1109
-633
-46
448
687
828
1164
1744
2262
2444
2376
2286
2248
2246
2244
2262
2138
1777
1259
812
558
313
-73
-542
-851
-955
-969
-1114
-1413
-1742
-1952
-1910
-1577
-1074
-536
-153
-12
209
741
1198
1182
1024
1273
1958
2416
2370
2341
2555
2355
1311
80
-292
389
1057
646
-661
-1773
-2167
-2298
-2792
-3501
-3910
-3981
-4027
-4058
-3830
-3414
-3170
-3274
-3404
-3117
-2140
-780
220
442
368
696
1464
2170
2569
2914
3343
3780
4113
4196
3987
3551
2825
1991
1453
1320
1413
1361
732
-462
-1718
-2567
-2800
-2636
-2525
-2556
-2583
-2587
-2557
-2376
-2141
-2030
-1963
-1649
-851
235
1128
1567
1636
1570
1683
2129
2727
3130
3238
3160
2928
2630
2392
2118
1584
863
276
15
-72
-235
-569
-1123
-1841
-2388
-2499
-2291
-2038
-1903
-1837
-1716
-1500
-1217
-888
-579
-224
317
1150
2152
2819
2772
2280
1989
2157
2527
2681
2688
2780
2687
1859
492
-561
-782
-595
-892
-1849
-2683
-2779
-2564
-2861
-3850
-4846
-5245
-5132
-4754
-4138
-3267
-2423
-1990
-1962
-1885
-1313
-278
694
1189
1521
2221
3275
4065
4181
3868
3568
3423
3327
3337
3604
3838
3440
2350
1119
199
-369
-868
-1487
-1988
-2179
-2308
-2638
-3057
-3366
-3461
-3465
-3404
-2949
-2016
-1067
-446
-80
206
506
786
1089
1516
2049
2522
2892
3226
3459
3453
3137
2570
1967
1575
1332
1056
753
467
104
-461
-1168
-1761
-2090
-2307
-2491
-2458
-2174
-1850
-1659
-1589
-1490
-1203
-850
-559
-215
209
685
1121
1477
1836
2405
3037
3293
2988
2440
2164
2221
2209
1874
1534
1459
1355
666
-543
-1580
-1964
-1937
-2183
-2844
-3340
-3254
-2901
-2841
-3324
-3951
-4266
-4201
-3858
-3272
-2485
-1625
-845
-296
85
506
1080
1565
1713
1708
1995
2725
3482
3793
3585
3153
2712
2312
1897
1448
1050
803
663
334
-234
-746
-1086
-1524
-2199
-2825
-2975
-2579
-2068
-1846
-1810
-1689
-1363
-918
-522
-219
112
523
949
1418
1859
2092
2100
1989
1825
1706
1673
1643
1574
1416
1203
987
744
357
-133
-579
-957
-1224
-1274
-1150
-1107
-1184
-1292
-1314
-1230
-1136
-1055
-915
-690
-403
-30
352
628
767
778
739
814
968
1057
1086
1075
1093
1193
1320
1487
1667
1627
1308
899
612
538
506
322
111
0
-141
-431
-789
-1018
-966
-881
-1116
-1598
-1867
-1665
-1226
-1066
-1392
-1826
-1973
-1826
-1619
-1435
-1250
-984
-660
-360
-99
209
532
658
481
221
269
650
968
900
648
522
573
633
626
564
424
213
-91
-383
-486
-357
-179
-156
-296
-373
-257
-70
-24
-136
-207
-140
25
175
317
491
640
644
528
470
517
520
337
103
47
160
272
276
209
73
-105
-261
-330
-359
-441
-569
-679
-665
-516
-340
-235
-208
-181
-139
-94
-29
41
120
183
258
387
527
642
712
760
762
718
712
754
749
670
568
516
532
570
594
542
398
232
170
296
429
409
383
500
690
737
601
496
546
544
279
-45
-116
19
30
-251
-616
-707
-514
-411
-638
-1041
-1314
-1343
-1345
-1489
-1667
-1744
-1720
-1683
-1659
-1642
-1571
-1438
-1256
-1106
-961
-696
-331
-30
57
10
54
238
412
515
550
638
812
975
1009
896
784
748
702
547
383
345
393
380
233
34
-99
-164
-259
-409
-539
-548
-445
-372
-407
-407
-329
-265
-231
-176
-107
-59
-40
-42
6
101
224
376
508
564
620
727
816
839
784
722
722
810
911
945
912
836
724
627
601
629
652
613
535
439
326
225
225
313
373
353
332
355
344
252
153
159
213
200
133
129
210
264
250
251
294
305
239
233
396
606
670
536
318
151
-56
-430
-820
-1048
-1127
-1266
-1584
-1884
-1882
-1688
-1737
-2154
-2568
-2598
-2266
-1979
-1994
-2137
-2145
-1944
-1639
-1337
-1081
-792
-467
-116
208
539
912
1222
1281
1043
792
787
957
1012
865
621
475
461
456
343
122
-160
-442
-632
-723
-684
-536
-417
-400
-364
-206
34
232
288
224
182
275
489
737
933
1093
1231
1303
1355
1461
1587
1644
1591
1478
1359
1210
1013
832
715
614
542
545
550
469
337
254
243
253
218
173
169
180
156
183
317
472
506
438
425
505
549
447
326
303
334
332
333
349
307
145
-108
-342
-449
-485
-563
-714
-841
-846
-752
-696
-670
-516
-301
-245
-387
-525
-451
-277
-335
-627
-856
-878
-883
-1069
-1344
-1371
-1117
-961
-1141
-1437
-1532
-1388
-1246
-1356
-1644
-1901
-1952
-1791
-1612
-1567
-1531
-1335
-998
-696
-467
-184
112
264
202
61
42
149
241
251
183
159
317
599
779
744
610
511
482
445
429
507
617
668
689
827
1127
1470
1709
1807
1838
1834
1787
1690
1535
1344
1165
1047
1022
1057
1063
991
866
700
540
440
385
304
182
99
95
117
75
-32
-121
-131
-76
40
205
349
407
408
427
485
542
520
429
327
259
220
167
67
-65
-181
-246
-261
-260
-261
-302
-398
-533
-632
-672
-687
-706
-741
-745
-672
-506
-275
-16
287
592
765
783
729
708
702
490
25
-442
-740
-971
-1315
-1773
-2032
-1988
-1954
-2231
-2660
-2900
-2853
-2741
-2776
-2901
-2988
-3004
-2952
-2747
-2422
-2063
-1694
-1184
-487
254
886
1359
1710
1905
1923
1838
1753
1671
1565
1440
1363
1377
1441
1494
1489
1380
1173
956
780
625
448
237
48
13
170
454
800
1145
1423
1635
1800
1944
2034
1962
1728
1511
1387
1245
1040
794
581
398
197
9
-142
-312
-508
-647
-706
-745
-773
-797
-790
-715
-593
-439
-301
-181
-57
62
159
221
306
418
518
614
711
768
759
675
543
393
233
97
-2
-83
-183
-306
-442
-555
-596
-557
-498
-476
-525
-607
-681
-734
-770
-799
-813
-714
-344
188
583
686
618
551
476
185
-297
-702
-937
-1236
-1771
-2360
-2605
-2397
-2145
-2270
-2635
-2754
-2429
-1963
-1816
-1968
-2135
-2139
-1998
-1757
-1405
-934
-407
169
828
1563
2361
3050
3416
3357
3072
2820
2706
2522
2069
1441
922
691
666
662
614
575
493
295
-8
-271
-410
-551
-807
-1039
-1002
-658
-193
219
594
1027
1483
1833
2034
2089
2010
1811
1532
1295
1183
1104
969
798
592
416
294
131
-109
-414
-759
-1097
-1380
-1547
-1513
-1361
-1217
-1073
-847
-538
-215
23
140
170
146
119
83
74
109
180
273
350
442
587
736
734
530
222
-90
-375
-670
-977
-1238
-1410
-1501
-1464
-1278
-1036
-836
-744
-727
-720
-764
-894
-1051
-1193
-1257
-1218
-978
-414
346
969
1307
1489
1708
1885
1721
1241
754
419
21
-616
-1271
-1435
-1082
-791
-964
-1280
-1202
-684
-295
-480
-983
-1409
-1580
-1634
-1691
-1667
-1392
-865
-183
546
1301
2095
2768
3071
2921
2528
2151
1864
1494
956
413
112
125
291
398
448
521
563
453
172
-157
-471
-784
-1123
-1356
-1292
-933
-448
13
474
987
1495
1846
1936
1784
1503
1165
798
466
217
72
25
42
101
207
312
353
256
-4
-335
-667
-988
-1269
-1512
-1692
-1705
-1531
-1233
-905
-609
-332
-93
47
85
81
45
-46
-181
-323
-431
-491
-493
-408
-250
-75
87
201
226
146
6
-103
-183
-267
-282
-204
-71
67
218
389
577
700
694
608
497
385
282
179
62
-59
-143
-167
-63
297
822
1222
1308
1134
943
856
635
147
-377
-698
-871
-1184
-1709
-2024
-1767
-1278
-1147
-1403
-1552
-1189
-574
-346
-616
-975
-1021
-730
-428
-288
-182
135
714
1346
1830
2214
2539
2671
2467
1981
1493
1165
839
287
-421
-982
-1165
-1048
-933
-967
-1047
-1071
-1072
-1153
-1310
-1414
-1404
-1336
-1192
-864
-310
338
855
1205
1533
1891
2143
2161
1918
1510
1062
599
154
-218
-488
-677
-800
-864
-880
-862
-878
-948
-1051
-1148
-1191
-1109
-907
-685
-452
-131
253
649
1007
1264
1464
1622
1681
1635
1517
1373
1253
1139
1009
914
876
864
858
795
633
378
44
-312
-648
-944
-1144
-1237
-1248
-1168
-984
-709
-412
-165
21
129
113
-9
-146
-269
-389
-524
-634
-631
-514
-317
-122
26
126
167
123
6
-157
-371
-464
-253
147
457
531
531
688
944
992
801
616
550
393
-127
-827
-1202
-1098
-935
-1114
-1445
-1449
-936
-330
-155
-466
-896
-1075
-1029
-1008
-1155
-1298
-1192
-789
-261
225
673
1087
1384
1409
1160
807
504
183
-311
-951
-1496
-1658
-1495
-1250
-1061
-892
-635
-320
-87
-27
-83
-175
-219
-196
-76
201
614
1057
1465
1858
2224
2520
2648
2525
2221
1819
1393
982
596
266
36
-51
-8
117
258
365
434
422
297
114
-39
-116
-117
-67
28
223
498
740
876
922
927
907
822
601
232
-189
-531
-748
-872
-943
-935
-843
-691
-514
-362
-283
-333
-515
-773
-1031
-1186
-1198
-1112
-965
-771
-523
-217
132
449
654
703
603
412
184
-44
-279
-470
-561
-553
-448
-273
-46
175
305
289
151
-40
-253
-504
-773
-986
-1078
-1055
-854
-436
100
537
716
704
679
671
527
185
-204
-462
-673
-1005
-1389
-1463
-1093
-666
-585
-783
-857
-588
-248
-240
-575
-947
-1049
-893
-693
-573
-465
-190
308
862
1311
1638
1847
1882
1697
1332
968
744
597
386
94
-117
-66
204
448
495
396
310
274
185
2
-182
-308
-373
-360
-213
101
490
829
1080
1288
1466
1563
1508
1292
988
697
472
345
307
315
318
285
280
317
332
258
75
-164
-386
-539
-619
-651
-675
-683
-626
-476
-264
-51
95
155
145
74
-55
-226
-412
-610
-767
-830
-786
-683
-551
-402
-242
-116
-58
-56
-88
-160
-278
-422
-560
-671
-727
-696
-602
-493
-410
-347
-270
-181
-105
-67
-93
-160
-214
-246
-282
-308
-285
-195
-56
88
214
329
421
453
400
287
160
47
-42
-115
-179
-221
-218
-180
-132
-117
-129
-55
159
411
543
506
407
404
484
505
437
379
369
283
0
-352
-491
-380
-305
-498
-798
-861
-591
-262
-166
-316
-477
-449
-297
-154
-95
-72
5
172
437
751
1070
1333
1492
1522
1443
1315
1198
1067
817
443
72
-151
-203
-184
-196
-237
-261
-277
-297
-309
-319
-386
-512
-645
-683
-600
-475
-383
-318
-189
19
236
389
457
463
416
320
201
108
35
-45
-128
-173
-141
-75
-13
57
112
128
96
48
24
-17
-118
-260
-353
-321
-197
-77
10
90
195
302
331
252
113
-33
-178
-339
-485
-539
-491
-397
-322
-223
-60
152
361
466
449
367
257
134
-7
-166
-307
-381
-382
-326
-237
-157
-94
-55
-54
-92
-172
-291
-440
-595
-716
-772
-723
-583
-398
-203
-21
159
320
434
487
478
417
314
207
117
43
12
51
147
281
466
679
848
891
804
672
580
501
339
128
-41
-149
-267
-428
-520
-448
-290
-233
-320
-392
-311
-134
-42
-126
-292
-418
-496
-534
-544
-507
-438
-369
-303
-203
-35
146
270
301
264
208
173
161
135
75
-22
-94
-94
-32
55
122
151
180
215
253
276
251
189
123
93
117
197
306
411
484
519
536
555
553
494
396
279
145
11
-104
-193
-278
-348
-383
-378
-329
-263
-181
-97
-21
62
140
170
155
121
102
127
147
137
114
91
70
38
-16
-74
-130
-181
-243
-321
-398
-432
-412
-372
-330
-265
-170
-42
72
122
141
142
133
123
101
55
10
-21
-39
-33
-1
59
104
92
24
-68
-153
-244
-369
-503
-607
-689
-737
-717
-624
-491
-353
-245
-170
-110
-73
-59
-56
-74
-46
100
364
642
787
800
818
930
1058
1069
921
734
546
256
-196
-648
-815
-702
-603
-740
-936
-834
-375
81
184
-34
-232
-213
-115
-128
-240
-245
-55
206
415
603
884
1242
1478
1444
1219
965
755
489
49
-496
-944
-1178
-1234
-1216
-1159
-1022
-830
-655
-539
-444
-327
-211
-180
-247
-317
-287
-133
66
260
448
651
850
1016
1112
1145
1111
994
776
487
209
-15
-201
-358
-456
-483
-436
-344
-235
-127
-37
18
22
-21
-90
-146
-150
-113
-53
31
141
265
386
491
561
569
503
374
195
-18
-261
-495
-688
-840
-943
-996
-965
-843
-680
-529
-404
-273
-127
-15
20
-8
-51
-60
-33
14
84
188
322
462
572
640
664
666
644
569
428
245
79
-46
-143
-234
-294
-284
-211
-124
-51
17
96
150
129
60
-16
-59
-70
-81
-102
-105
-61
21
95
125
118
97
74
37
-21
-76
-103
-99
-108
-141
-148
-86
40
168
249
309
397
497
549
516
419
305
196
88
-36
-168
-294
-385
-436
-462
-495
-534
-562
-574
-566
-544
-520
-508
-516
-518
-481
-413
-341
-269
-192
-118
-63
-33
10
56
87
67
6
-40
-49
-28
-32
-57
-73
-79
-88
-89
-58
-5
52
80
105
162
234
299
325
343
377
428
463
472
477
492
514
525
535
534
521
503
486
482
476
433
361
279
213
172
152
134
110
80
63
60
65
68
61
47
39
34
11
-28
-75
-107
-124
-138
-159
-175
-155
-126
-112
-139
-177
-186
-175
-161
-180
-221
-245
-234
-211
-206
-211
-207
-182
-153
-129
-121
-114
-106
-110
-133
-159
-166
-154
-128
-109
-102
-101
-109
-127
-146
-161
-184
-221
-267
-300
-312
-320
-325
-312
-285
-278
-298
-317
-284
-216
-158
-128
-124
-114
-93
-55
-12
32
65
108
169
223
246
243
235
219
198
172
146
112
88
64
35
-2
-36
-52
-48
-40
-61
-81
-87
-73
-44
-29
-22
1
48
117
189
223
248
292
345
379
386
370
341
293
246
218
198
166
112
55
6
-24
-38
-56
-64
-77
-97
-120
-115
-73
5
131
309
527
710
812
863
921
983
1026
995
877
719
514
253
-18
-225
-323
-369
-464
-626
-768
-785
-696
-630
-678
-798
-889
-885
-850
-842
-821
-725
-523
-300
-124
26
218
465
679
778
762
687
605
476
265
7
-222
-383
-489
-590
-675
-714
-709
-672
-645
-641
-620
-559
-489
-416
-357
-298
-205
-88
54
198
346
494
626
737
818
865
854
791
699
579
442
273
105
-26
-132
-223
-305
-378
-433
-464
-464
-423
-362
-311
-287
-264
-191
-73
53
155
212
238
246
251
257
260
239
169
57
-61
-133
-151
-146
-154
-186
-211
-197
-127
-50
-8
0
25
80
132
166
190
246
341
432
494
549
626
700
721
683
622
577
533
444
290
103
-56
-177
-285
-398
-504
-586
-622
-612
-586
-549
-492
-423
-354
-277
-203
-135
-66
-10
34
66
97
129
148
154
145
123
95
71
54
23
-22
-81
-144
-198
-240
-266
-270
-271
-271
-269
-255
-216
-172
-132
-102
-78
-43
-7
17
19
12
22
41
68
87
97
95
103
117
127
145
128
82
28
-22
-61
-109
-153
-172
-172
-187
-207
-214
-195
-160
-138
-123
-108
-86
-61
-19
40
101
152
196
256
327
383
408
421
461
504
523
522
511
511
520
515
508
510
512
496
439
356
275
210
164
104
27
-31
-64
-83
-100
-125
-147
-180
-215
-244
-257
-277
-303
-324
-343
-346
-335
-307
-274
-242
-208
-184
-146
-111
-100
-118
-157
-207
-265
-306
-334
-345
-365
-400
-426
-432
-426
-427
-428
-424
-404
-394
-388
-392
-393
-375
-363
-350
-329
-291
-243
-199
-158
-108
-45
33
110
167
210
243
274
308
330
339
347
348
338
319
308
303
307
310
287
234
184
162
167
174
179
190
208
210
201
189
183
185
197
234
277
304
320
338
357
371
370
352
328
306
274
235
199
161
133
112
98
84
68
62
61
60
47
22
-7
-25
-43
-65
-87
-96
-85
-60
-30
-3
9
9
18
35
47
29
-7
-53
-82
-108
-134
-161
-182
-198
-230
-278
-334
-355
-360
-359
-371
-396
-397
-374
-347
-345
-356
-341
-288
-225
-173
-144
-116
-89
-74
-64
-61
-59
-57
-64
-78
-82
-54
-19
-5
-17
-53
-70
-72
-46
-20
-11
-6
-21
-28
-23
-19
-8
5
38
75
112
152
170
179
170
164
163
161
158
139
124
97
71
53
50
54
50
45
38
47
55
55
43
31
16
16
26
33
44
59
67
72
75
68
35
4
-23
-40
-67
-117
-157
-177
-166
-152
-138
-114
-74
-30
-1
3
-5
3
31
56
74
90
122
155
177
197
220
236
246
260
276
295
310
309
296
276
252
231
212
193
165
141
121
88
39
-20
-84
-144
-194
-235
-253
-258
-257
-255
-258
-256
-240
-207
-164
-124
-82
-43
7
50
58
62
78
91
91
77
67
59
44
34
17
-1
-22
-45
-53
-56
-50
-45
-50
-60
-77
-85
-78
-76
-79
-78
-75
-61
-33
1
38
64
96
124
144
158
156
144
131
113
85
56
28
10
-12
-49
-90
-114
-128
-149
-180
-212
-237
-275
-324
-388
-446
-471
-493
-509
-519
-515
-479
-433
-375
-321
-265
-216
-159
-98
-43
19
74
122
148
169
184
193
208
226
240
245
256
278
295
299
291
273
255
238
218
199
177
163
150
147
152
155
169
194
215
226
229
243
266
270
254
231
221
222
214
200
179
163
138
100
63
26
-8
-47
-89
-116
-135
-133
-117
-92
-70
-64
-60
-61
-62
-55
-57
-81
-112
-128
-125
-113
-96
-72
-39
7
53
80
94
103
111
113
85
43
-7
-45
-67
-91
-102
-105
-94
-81
-85
-86
-89
-86
-86
-96
-122
-154
-169
-168
-161
-150
-144
-142
-129
-107
-88
-76
-75
-72
-79
-83
-78
-80
-82
-90
-102
-107
-106
-102
-108
-114
-126
-136
-127
-123
-123
-119
-101
-72
-36
11
60
109
153
187
213
226
228
221
210
191
170
151
133
116
108
96
79
58
33
22
19
13
-4
-25
-28
-12
7
23
50
89
121
138
142
136
115
93
57
20
-16
-50
-90
-120
-128
-123
-123
-136
-142
-129
-109
-110
-126
-129
-106
-71
-45
-23
13
70
128
166
185
211
242
261
256
232
209
185
157
121
71
33
4
-14
-23
-30
-33
-34
-50
-82
-106
-119
-131
-147
-155
-144
-129
-115
-89
-59
-31
-14
-1
21
47
62
57
41
28
8
-9
-19
-30
-35
-46
-60
-66
-79
-100
-123
-154
-174
-180
-179
-174
-162
-137
-102
-64
-26
19
65
94
115
124
132
141
136
125
125
127
123
119
120
126
132
113
94
70
57
61
55
40
19
4
4
-3
-22
-38
-44
-44
-47
-46
-49
-47
-43
-37
-34
-30
-15
0
21
32
32
26
13
-8
-36
-65
-96
-119
-127
-133
-133
-134
-131
-121
-102
-70
-37
-8
16
35
44
58
75
93
102
100
107
118
132
149
159
157
151
132
112
94
72
54
35
29
23
22
23
19
10
-9
-29
-45
-57
-85
-130
-171
-197
-197
-186
-178
-166
-134
-96
-60
-34
-13
4
3
-14
-38
-54
-72
-85
-99
-105
-93
-79
-55
-43
-31
-20
-11
-5
0
-8
-8
-11
-19
-14
-8
9
21
36
50
58
67
65
57
39
25
19
16
14
11
12
22
37
46
40
31
27
33
45
59
68
76
95
117
143
171
190
209
223
228
220
200
165
127
83
37
7
-9
-15
-17
-25
-28
-29
-28
-22
-28
-47
-66
-80
-88
-88
-80
-60
-38
-10
28
74
121
149
159
157
146
133
118
87
49
14
-8
-20
-35
-46
-59
-69
-77
-96
-118
-139
-159
-168
-168
-159
-144
-129
-106
-86
-77
-74
-73
-68
-79
-102
-143
-176
-186
-195
-200
-203
-191
-170
-153
-148
-140
-126
-129
-151
-180
-207
-225
-230
-226
-216
-191
-140
-78
-10
59
101
123
147
165
167
155
124
101
95
100
108
118
136
157
186
219
244
263
277
280
271
251
228
208
201
194
179
163
158
173
179
175
157
142
129
111
80
54
38
21
1
-23
-52
-69
-73
-78
-90
-102
-112
-114
-110
-100
-84
-62
-43
-24
-7
-1
0
-9
-27
-44
-62
-73
-85
-94
-105
-103
-77
-52
-22
6
26
44
51
46
33
12
-9
-28
-51
-66
-66
-53
-32
-13
5
14
32
52
58
37
9
-12
-30
-43
-66
-87
-98
-96
-81
-64
-52
-51
-46
-50
-60
-74
-90
-101
-119
-143
-162
-170
-165
-144
-119
-100
-89
-75
-58
-50
-51
-59
-68
-61
-49
-44
-30
-18
1
20
33
50
71
91
103
108
111
119
138
167
181
188
198
213
219
216
195
177
158
136
118
100
90
88
82
73
56
38
21
0
-12
-21
-35
-58
-70
-76
-79
-82
-93
-97
-79
-51
-29
-19
-15
-6
5
12
16
19
22
29
41
69
81
79
75
68
58
37
9
-9
-11
-20
-30
-43
-52
-49
-44
-44
-53
-50
-38
-28
-31
-51
-63
-63
-54
-43
-41
-36
-20
0
5
-4
-8
-16
-34
-57
-83
-107
-118
-126
-140
-148
-152
-141
-133
-121
-104
-96
-86
-96
-93
-87
-99
-96
-76
-58
-34
-8
34
82
121
146
159
161
163
166
157
137
99
69
50
35
28
23
31
38
48
53
50
47
50
48
33
24
15
4
3
7
11
24
42
59
72
87
95
101
101
92
79
67
64
73
81
85
93
92
79
63
47
33
20
-2
-21
-30
-32
-39
-46
-50
-44
-33
-23
-2
9
10
16
16
2
-21
-41
-36
-21
-8
-3
10
35
48
48
48
44
33
11
-14
-35
-61
-96
-137
-165
-183
-194
-198
-204
-209
-199
-191
-186
-185
-199
-214
-223
-219
-197
-165
-120
-87
-64
-50
-29
-5
4
9
12
20
33
34
30
28
21
6
-7
-22
-26
-23
-28
-30
-27
-18
-1
3
14
27
46
66
84
107
134
160
180
193
205
217
221
228
243
258
277
288
297
305
289
267
245
219
187
146
110
80
58
44
25
3
-16
-28
-36
-50
-60
-67
-60
-54
-55
-57
-54
-50
-54
-63
-67
-61
-55
-56
-76
-99
-117
-126
-133
-135
-133
-132
-124
-122
-109
-98
-94
-98
-119
-138
-149
-159
-166
-177
-177
-170
-152
-132
-121
-97
-64
-38
-12
0
2
7
2
-8
-25
-34
-32
-21
-6
11
37
66
90
109
111
118
128
131
121
103
88
71
62
59
48
41
44
58
75
71
60
50
46
39
19
9
-2
-15
-23
-32
-30
-20
-12
-8
0
3
10
24
41
47
47
42
42
41
35
26
13
7
14
16
17
20
20
24
31
39
44
51
55
47
26
5
-13
-23
-42
-66
-86
-87
-75
-69
-70
-75
-63
-49
-39
-41
-48
-42
-41
-53
-62
-68
-65
-57
-59
-63
-57
-39
-23
-13
-1
1
-5
-16
-33
-44
-45
-43
-49
-55
-51
-45
-27
-11
3
21
41
56
67
79
89
102
107
108
118
117
121
120
115
111
113
106
94
79
63
54
38
26
3
-19
-32
-47
-51
-58
-61
-61
-60
-55
-51
-47
-32
-16
-12
-13
-12
-1
15
27
32
42
50
47
40
42
53
60
54
43
37
39
37
29
15
8
-4
-8
-7
-15
-9
-3
-3
-8
-19
-29
-34
-38
-42
-46
-49
-54
-57
-55
-51
-53
-53
-41
-34
-28
-33
-40
-40
-41
-40
-48
-62
-77
-86
-90
-105
-122
-128
-121
-110
-111
-107
-101
-86
-70
-62
-58
-58
-64
-66
-67
-68
-61
-47
-32
-11
5
28
57
81
95
100
106
114
116
117
120
121
116
110
101
93
98
106
114
119
122
120
110
107
101
95
85
75
67
58
53
47
40
30
21
12
4
-5
-2
6
16
25
31
32
28
26
22
19
15
10
8
3
0
-16
-24
-33
-41
-40
-39
-30
-27
-32
-32
-36
-40
-49
-54
-57
-62
-61
-56
-53
-48
-49
-53
-50
-43
-44
-42
-39
-32
-23
-21
-13
-11
-10
-16
-14
-16
-13
-8
-19
-24
-25
-24
-26
-19
-18
-23
-31
-32
-33
-33
-27
-25
-15
-14
-21
-25
-26
-20
-13
-14
-18
-16
-8
-3
-1
-3
-4
-3
1
5
2
4
4
6
9
7
3
4
15
17
7
5
8
-1
-12
-26
-37
-44
-53
-56
-55
-46
-43
-42
-35
-27
-14
-4
6
19
23
38
58
75
86
95
103
112
122
119
123
125
125
126
124
121
119
108
104
100
92
86
68
49
37
23
13
0
-9
-4
2
5
5
9
9
14
20
22
21
20
23
22
16
7
-6
-13
-27
-50
-68
-83
-90
-104
-122
-141
-151
-158
-164
-164
-163
-160
-159
-150
-146
-135
-122
-111
-92
-75
-61
-52
-40
-26
-13
-1
10
21
31
34
38
38
25
16
9
0
-16
-27
-30
-33
-38
-42
-39
-30
-13
2
11
23
36
54
64
74
74
76
87
98
106
114
126
134
130
117
105
96
88
91
94
94
87
81
76
69
66
61
58
51
41
26
16
6
4
0
-7
-11
-8
5
16
21
20
14
6
-3
-21
-36
-58
-70
-72
-69
-58
-59
-58
-63
-66
-66
-68
-69
-65
-63
-63
-63
-62
-59
-67
-72
-68
-57
-51
-50
-44
-35
-35
-37
-36
-38
-25
-25
-19
-14
-13
-5
0
0
0
-1
-1
3
7
10
17
27
32
38
39
43
47
45
36
27
19
10
7
0
-5
-17
-26
-22
-17
-17
-16
-13
-13
-15
-16
-22
-37
-43
-45
-47
-48
-48
-38
-27
-21
-9
9
31
48
52
51
53
56
61
64
65
72
70
66
70
67
62
61
57
49
41
38
35
30
27
29
34
37
37
37
35
31
31
47
61
70
70
69
70
72
73
66
60
51
40
30
15
-1
-16
-26
-39
-57
-70
-81
-76
-75
-85
-83
-91
-108
-111
-111
-120
-125
-113
-97
-83
-83
-75
-59
-48
-36
-24
-7
-3
-8
-13
-21
-28
-31
-32
-39
-41
-43
-37
-29
-23
-15
-12
-17
-24
-29
-34
-28
-24
-27
-25
-19
-14
-6
6
18
29
41
51
55
61
63
61
58
59
62
68
69
64
60
54
48
38
27
18
7
0
-8
-11
-17
-21
-20
-12
-6
-13
-7
6
12
12
11
10
12
-1
-11
-11
-2
2
3
14
18
21
20
22
32
38
37
29
24
20
15
11
6
8
12
14
20
23
20
19
22
18
19
21
16
8
2
3
7
11
16
18
21
21
17
19
21
26
23
25
27
26
27
23
19
16
6
0
-3
-6
-13
-15
-12
-19
-25
-29
-33
-34
-32
-35
-41
-48
-52
-55
-53
-44
-40
-35
-30
-25
-21
-16
-12
-13
-11
-13
-17
-23
-29
-33
-36
-39
-41
-38
-38
-42
-51
-58
-62
-67
-78
-85
-82
-81
-86
-91
-83
-72
-64
-54
-45
-32
-24
-16
-8
2
6
10
15
17
26
25
32
42
48
52
52
51
49
48
38
33
31
27
26
23
19
16
17
22
33
49
64
74
74
84
91
97
100
103
107
104
102
101
107
112
114
111
106
100
93
86
77
67
55
47
38
30
19
11
0
-3
-1
-7
-10
-10
-15
-15
-16
-20
-21
-31
-43
-49
-64
-74
-75
-82
-86
-93
-102
-105
-107
-99
-92
-88
-82
-80
-73
-71
-67
-61
-57
-48
-47
-43
-41
-44
-43
-45
-42
-34
-30
-29
-28
-28
-25
-24
-25
-22
-17
-23
-23
-23
-16
-11
-15
-14
-12
-1
15
15
23
28
28
34
32
32
29
26
24
21
16
11
8
1
-3
-9
-11
-13
-17
-23
-34
-38
-36
-28
-24
-20
-14
-4
-2
2
12
17
26
31
39
45
50
57
61
71
78
78
80
82
85
78
72
75
72
66
55
45
38
29
17
17
15
13
16
11
8
0
-2
-3
-2
1
3
10
16
27
32
40
50
45
40
35
31
36
29
27
25
18
15
11
-1
-9
-12
-22
-26
-36
-35
-30
-37
-47
-48
-50
-51
-58
-68
-66
-64
-69
-69
-68
-67
-65
-73
-78
-71
-68
-60
-59
-62
-59
-57
-46
-38
-33
-30
-24
-22
-29
-29
-31
-23
-16
-12
-9
-4
1
-4
-3
-9
-7
0
5
4
4
10
15
23
25
27
27
25
28
28
30
38
43
40
38
43
46
48
51
46
40
37
32
25
21
19
17
18
14
10
15
18
20
21
22
24
27
27
28
29
26
24
23
21
21
24
32
30
31
26
24
23
15
7
4
2
-3
-8
-17
-25
-31
-34
-34
-29
-24
-25
-24
-17
-14
-19
-25
-28
-29
-32
-29
-25
-30
-32
-33
-32
-24
-13
1
12
14
12
2
-5
-7
-5
-3
-3
-6
-15
-9
-8
-10
-13
-11
-8
-12
-8
-6
-2
-1
0
-5
-18
-23
-23
-24
-21
-17
-12
-5
2
0
-9
-12
-13
-16
-17
-19
-19
-14
-14
-13
-12
-16
-17
-8
0
9
25
34
34
32
26
28
23
24
29
33
36
36
40
47
48
49
46
44
42
39
39
36
26
13
8
6
6
7
7
11
21
22
23
30
32
35
34
26
21
16
15
12
12
6
5
1
-2
-7
-11
-10
-10
-12
-16
-25
-31
-31
-38
-39
-37
-38
-38
-41
-48
-55
-61
-63
-66
-69
-69
-74
-76
-71
-66
-57
-45
-39
-30
-29
-29
-27
-30
-29
-26
-25
-25
-18
-12
-7
-5
2
11
15
10
9
8
7
10
9
20
20
20
16
12
12
8
17
19
17
14
22
29
30
29
25
25
25
32
28
32
30
21
20
21
20
22
27
27
23
18
21
23
23
28
31
37
41
49
54
59
63
63
66
71
71
66
61
60
59
52
50
40
31
21
10
7
3
3
5
-1
-10
-15
-18
-19
-21
-23
-29
-35
-39
-49
-60
-65
-73
-75
-74
-70
-67
-64
-59
-57
-58
-61
-63
-57
-54
-53
-45
-46
-46
-48
-49
-46
-41
-38
-37
-33
-32
-31
-29
-24
-15
-18
-20
-17
-8
2
9
19
23
24
25
25
26
26
31
40
46
49
44
45
37
32
29
27
28
24
19
21
25
25
24
25
22
18
14
13
13
3
-3
-15
-21
-33
-37
-39
-42
-40
-38
-31
-26
-19
-11
-4
5
9
14
16
16
19
16
14
21
19
23
19
22
30
30
33
31
30
28
24
27
32
34
36
37
37
38
34
26
15
5
2
-6
-5
-7
-8
-11
-18
-19
-16
-14
-17
-18
-12
-12
-19
-14
-6
-17
-22
-16
-17
-24
-28
-21
-17
-24
-24
-18