32
29
27
30
33
32
29
28
37
37
36
30
25
29
27
15
-2
-11
-19
-31
-31
-25
-20
-18
-20
-8
2
8
16
22
17
9
-3
-23
-26
-27
-29
-26
-23
-22
-17
-4
-2
-7
-9
-14
-22
-23
-30
-32
-32
-27
-23
-31
-24
-15
-12
-6
-10
-12
-15
-8
2
7
14
14
13
2
-2
-6
0
-7
-5
6
11
16
22
40
51
57
61
64
62
58
56
50
46
40
34
31
23
25
31
36
33
30
21
17
19
21
23
14
14
16
19
24
27
22
17
10
-3
-12
-18
-10
-7
-5
-2
6
16
20
25
25
25
24
15
8
-1
-9
-22
-32
-43
-52
-42
-33
-26
-29
-35
-50
-60
-62
-58
-46
-38
-32
-33
-32
-30
-35
-39
-34
-41
-49
-56
-53
-48
-50
-45
-37
-29
-19
-10
-5
1
3
-6
-11
-15
-18
-21
-17
-16
-22
-26
-29
-32
-39
-45
-33
-34
-33
-15
-14
-18
-18
-24
-27
-29
-28
-18
-4
2
5
16
19
8
5
10
9
22
28
27
25
24
30
38
42
52
62
70
79
79
77
69
60
48
47
51
54
57
57
61
58
55
54
48
45
43
44
44
39
35
39
37
32
32
36
36
33
32
28
33
39
27
15
8
-4
-15
-3
4
-6
-7
1
1
0
-4
-2
1
-6
-24
-31
-30
-38
-45
-53
-50
-45
-49
-51
-54
-48
-40
-44
-47
-42
-40
-41
-42
-53
-57
-51
-43
-30
-20
-16
-19
-22
-29
-30
-26
-23
-19
-17
-15
-11
-10
-15
-12
-11
-8
-8
-4
0
7
9
8
-1
1
-15
-13
-24
-29
-38
-130
-129
-114
6
91
156
168
83
38
-98
-171
-205
-113
54
115
107
13
16
15
-7
-49
-49
-7
40
87
103
118
81
34
-20
-39
-52
-16
15
37
65
65
64
28
-1
-35
-46
-38
-13
26
49
65
63
38
18
-1
-28
-36
-29
-16
-7
3
6
-10
-14
-8
6
33
46
56
63
50
34
24
17
17
15
15
15
11
-2
-4
-9
-3
6
11
5
-4
2
4
15
17
16
14
6
7
-7
-18
-23
-15
-2
10
18
20
17
16
17
12
3
-7
-3
-4
3
-5
-7
-10
-4
23
25
20
-4
-26
-43
-56
-62
-54
-33
-20
-22
-50
-65
-65
-49
-39
-32
-15
-5
-1
-1
-11
-25
-26
-32
-19
-6
0
11
15
14
19
23
17
22
30
27
28
27
18
19
5
-13
-24
-31
-29
-19
-7
-3
-5
-13
-28
-41
-46
-50
-57
-55
-36
-31
-24
-15
-5
-3
-12
-13
-11
-3
-3
9
22
34
39
33
22
5
4
4
13
23
35
43
49
49
37
36
37
40
39
30
21
13
13
15
13
5
-3
-7
-4
5
14
28
31
26
29
25
23
22
24
30
29
20
4
1
1
-10
-16
-16
-18
-26
-34
-45
-55
-57
-55
-50
-51
-47
-39
-41
-34
-15
0
14
25
25
21
14
5
-6
-2
7
5
2
1
2
16
29
46
51
47
44
32
22
3
-7
-13
-5
7
13
27
34
43
43
38
24
13
18
16
9
0
-13
-27
-36
-33
-30
-25
-19
-16
-21
-26
-30
-29
-34
-39
-39
-35
-24
-12
4
10
8
1
-3
-9
-7
-4
-10
-21
-32
-34
-30
-26
-20
-15
-11
-7
-15
-12
-8
-13
-12
-22
-26
-20
-13
-6
-1
15
18
10
6
4
2
-1
-3
-2
0
1
10
20
28
22
19
25
19
15
9
-1
4
12
20
22
16
4
-4
-12
-14
-10
-9
-1
2
8
20
26
30
30
29
19
12
10
10
10
14
19
21
16
12
6
-6
-10
-10
-7
-2
2
-7
-12
-11
-17
-14
-12
-9
-14
-26
-27
-23
-16
-8
5
16
20
19
19
18
20
16
15
14
15
15
15
19
22
20
11
13
8
1
0
-3
-5
-5
-11
-13
-13
-11
-13
-11
-9
-14
-13
-2
4
6
-1
-9
-6
-6
-6
6
10
10
5
4
-4
-11
-12
-16
-12
-11
-13
-12
-3
8
21
24
14
8
-5
-5
-1
-3
-2
2
6
1
-6
-8
-12
-17
-17
-16
-17
-21
-23
-21
-26
-18
-2
-3
8
4
-4
-12
-27
-34
-33
-32
-28
-26
-18
-9
-5
-7
-15
-16
-19
-12
0
13
18
23
22
14
10
10
11
20
24
17
9
1
-3
4
18
23
26
15
5
7
1
-10
-18
-15
-2
8
5
8
6
-3
2
10
16
13
8
0
-12
-15
-14
-4
10
27
36
32
30
27
28
36
37
33
31
23
13
13
15
16
18
23
22
16
7
8
20
23
30
31
25
23
15
13
10
9
4
-4
-19
-28
-32
-40
-45
-47
-51
-58
-61
-64
-57
-45
-39
-27
-23
-22
-25
-32
-28
-23
-16
-11
-4
0
2
3
7
13
26
30
28
17
16
17
11
7
0
-8
-21
-25
-22
-19
-8
-3
0
5
-4
-6
-14
-16
-11
-14
-13
-14
-17
-24
-30
-21
-15
0
9
14
11
3
8
23
36
42
45
41
44
39
34
25
14
13
9
9
14
13
8
8
8
8
7
11
6
-7
-19
-24
-35
-43
-49
-58
-43
-36
-31
-12
3
9
14
15
11
-1
-2
-3
-1
3
3
5
11
12
9
9
6
9
9
16
18
13
0
-13
-19
-21
-24
-14
0
18
30
41
57
49
42
28
17
11
11
14
16
20
23
24
22
24
27
26
23
27
28
24
16
-2
-18
-21
-22
-26
-25
-21
-16
-15
-17
-20
-25
-36
-48
-50
-39
-37
-35
-28
-17
-11
-13
-15
-17
-18
-26
-26
-20
-19
-17
-16
-13
-21
-25
-24
-21
-16
-12
-13
-16
-8
2
8
6
8
8
6
14
13
9
7
12
16
17
20
19
17
18
15
17
20
27
31
26
25
23
20
20
16
12
9
7
7
7
15
24
37
43
36
28
25
23
20
22
22
25
19
1
-9
-19
-25
-31
-46
-46
-41
-42
-38
-28
-19
-21
-33
-49
-55
-59
-56
-42
-19
-3
2
-6
-10
-10
-17
-6
3
3
5
1
-3
-4
-1
-6
-9
-15
-15
-10
-2
7
8
2
1
11
19
18
22
24
23
21
18
19
21
18
18
26
19
9
7
11
12
13
18
21
23
22
26
25
26
23
24
30
32
28
27
26
21
17
7
0
6
14
17
16
19
15
2
-7
-9
-15
-13
-15
-23
-20
-17
-20
-24
-24
-27
-24
-13
-16
-28
-39
-53
-58
-52
-39
-28
-26
-40
-34
-22
-28
-14
-27
-19
7
11
37
18
11
12
10
5
-9
-40
-13
19
10
7
-22
-1
22
23
-4
-16
13
31
40
25
4
14
35
33
19
4
15
28
14
1
-4
5
20
26
17
14
25
25
15
4
-5
-2
4
6
-7
-12
-20
-26
-26
-36
-34
-41
-51
-52
-52
-41
-38
-27
-20
-24
-24
-27
-22
-14
-11
-14
-28
-46
-60
-66
-66
-53
-33
-26
-17
1
14
27
33
25
17
15
13
6
5
8
6
21
28
39
49
48
57
64
74
84
91
93
91
83
79
75
74
67
53
50
51
53
55
52
46
44
40
33
20
16
11
4
7
6
3
3
3
-4
-20
-25
-26
-27
-18
-8
-2
-4
-9
-14
-12
-17
-29
-38
-43
-51
-57
-58
-73
-74
-67
-67
-66
-56
-47
-49
-49
-61
-71
-75
-71
-67
-75
-77
-73
-62
-58
-55
-52
-46
-42
-34
-23
-17
-11
-10
-6
-5
-3
-4
5
21
22
20
14
4
-1
3
5
7
10
13
22
31
32
25
28
30
32
34
36
44
54
58
67
75
68
70
64
47
35
30
31
26
20
16
19
24
23
19
14
17
23
33
39
44
49
40
32
23
12
2
3
-2
-16
-22
-21
-18
-9
-1
5
10
7
7
2
-10
-19
-20
-29
-29
-30
-29
-29
-36
-38
-39
-40
-39
-40
-37
-36
-35
-28
-24
-19
-21
-24
-27
-17
-13
-12
-5
6
12
5
3
0
-7
-2
2
11
20
24
23
18
17
14
19
21
26
33
39
47
44
43
42
40
46
41
41
44
41
28
17
8
-5
-15
-22
-28
-23
-21
-14
-13
-23
-32
-38
-27
-23
-23
-28
-21
-13
-12
-19
-33
-37
-43
-36
-31
-24
-15
-8
-5
-11
-14
-14
-9
3
8
5
2
-1
-10
-14
-16
-28
-23
-16
-16
-14
-15
-12
-9
-5
-2
2
3
8
14
20
18
12
4
-7
-12
-14
-14
-10
-6
-1
-1
-11
-17
-18
-21
-25
-21
-14
-13
-9
-2
-3
-4
-13
-14
-13
-4
8
20
19
9
5
1
-4
1
11
7
-1
-11
-19
-24
-23
-13
-1
13
29
42
49
55
67
74
72
61
58
51
51
54
50
63
67
67
59
45
43
49
52
55
46
34
34
26
21
14
14
15
15
14
6
-5
-12
-15
-22
-24
-21
-19
-20
-25
-36
-38
-36
-44
-46
-51
-58
-53
-48
-54
-51
-51
-50
-36
-34
-26
-20
-20
-15
-13
-14
-11
1
5
6
2
-2
-4
-2
10
18
15
8
6
10
16
19
10
0
-3
-8
-7
-5
-7
-12
-28
-47
-57
-63
-57
-47
-36
-29
-30
-40
-51
-51
-58
-57
-48
-43
-32
-27
-23
-23
-20
-15
-13
-15
-10
1
8
18
20
20
20
16
6
2
5
10
20
24
22
30
41
43
45
50
54
50
44
37
35
42
41
35
29
20
20
24
31
33
23
14
9
5
5
6
4
9
18
17
13
18
21
20
13
3
-3
-6
-1
11
13
13
17
20
11
3
1
9
11
5
3
4
11
11
9
15
11
12
11
5
5
-3
-8
-6
-9
-8
-3
2
14
23
27
29
16
7
-9
-22
-26
-25
-19
-20
-16
-13
-13
-14
-19
-20
-25
-30
-36
-33
-26
-17
-13
-11
-8
-13
-12
-8
-7
-3
-3
2
11
4
-4
-13
-22
-19
-24
-22
-21
-24
-16
-17
-17
-5
9
9
10
13
7
3
5
4
4
2
4
1
-11
-11
-3
-1
1
-1
-4
-10
-25
-32
-31
-30
-28
-24
-18
-18
-18
-18
-20
-19
-19
-16
-12
-7
-8
-10
-11
-15
-10
-6
4
22
18
19
28
32
23
13
5
4
5
1
4
1
-2
-7
-18
-14
-12
-7
-6
-10
-9
-10
0
9
14
16
12
11
11
18
14
12
0
-17
-22
-23
-11
-9
-6
-1
0
14
25
26
28
32
41
53
57
63
68
54
34
17
-1
-11
-7
6
15
12
2
-2
6
12
24
38
49
51
40
47
55
51
54
51
44
44
40
38
43
38
30
28
24
24
23
25
29
28
26
12
-8
-7
-9
-11
-7
-2
-4
-13
-19
-34
-48
-64
-67
-61
-59
-49
-45
-43
-45
-41
-35
-26
-20
-22
-28
-36
-39
-43
-43
-45
-45
-44
-41
-43
-45
-51
-57
-60
-55
-49
-45
-44
-45
-51
-56
-53
-57
-52
-41
-35
-34
-30
-29
-28
-27
-38
-50
-55
-51
-43
-27
-11
-6
1
-1
-3
-3
-1
7
26
46
51
47
39
26
16
10
11
18
27
29
33
33
25
21
18
17
19
22
28
31
37
40
35
23
20
21
22
30
27
23
30
40
42
52
64
76
90
94
89
86
79
65
58
58
61
62
57
56
55
58
59
54
48
45
41
36
34
31
18
2
-1
-4
-7
7
11
15
10
0
-6
-13
-14
-22
-27
-25
-26
-40
-44
-39
-33
-31
-30
-32
-29
-28
-29
-27
-27
-29
-36
-42
-44
-48
-55
-58
-56
-58
-60
-69
-72
-69
-73
-66
-59
-53
-48
-42
-43
-45
-44
-45
-36
-34
-31
-26
-32
-31
-34
-36
-28
-26
-26
-20
-19
-11
-4
-1
8
8
8
14
19
21
15
2
0
-4
-13
-13
-10
11
35
39
38
39
35
29
22
15
7
3
-8
-15
-17
-17
-10
-3
0
8
12
13
11
4
-5
-17
-18
-18
-4
11
15
19
23
26
30
38
34
32
28
29
35
39
41
48
51
40
38
33
39
44
37
45
44
42
44
48
54
56
51
47
43
29
16
10
13
24
31
25
22
15
6
3
-9
-22
-23
-31
-33
-29
-30
-22
-22
-14
-10
-10
-2
-7
-11
-16
-27
-31
-24
-19
-18
-22
-34
-39
-37
-33
-31
-27
-26
-18
-14
-2
5
11
18
6
-3
-17
-20
-19
-17
-9
-5
-7
-4
-6
-16
-24
-27
-23
-21
-18
-21
-20
-13
-6
1
0
4
9
16
18
16
11
8
3
1
4
9
19
25
35
35
34
34
40
41
35
25
10
0
-9
-11
-16
-12
-10
-14
-27
-30
-24
-26
-12
-5
-10
-14
-16
-21
-15
-19
-28
-29
-33
-34
-37
-47
-47
-48
-48
-47
-45
-42
-45
-52
-53
-59
-56
-45
-41
-35
-36
-41
-50
-52
-45
-34
-20
-14
-10
-10
-14
-15
-11
2
10
12
17
28
46
60
67
69
60
58
70
76
78
72
70
79
85
77
69
73
67
65
68
63
62
71
80
78
80
81
78
78
70
55
44
37
39
42
43
37
34
29
13
4
-20
-42
-58
-66
-66
-64
-59
-49
-30
-24
-16
-12
-15
-9
-10
-15
-17
-17
-19
-19
-11
-1
4
5
9
8
7
5
5
-9
-15
-23
-32
-26
-19
-18
-20
-25
-34
-41
-41
-43
-47
-49
-46
-44
-50
-47
-39
-35
-35
-36
-30
-29
-21
-11
-18
-30
-43
-53
-46
-42
-45
-40
-41
-48
-56
-61
-55
-46
-41
-33
-25
-23
-30
-34
-28
-25
-18
-9
-1
4
7
13
19
16
19
21
18
22
19
26
36
37
33
36
36
35
35
35
48
54
55
56
59
46
40
38
28
27
18
17
19
15
5
-6
-5
-4
-8
-14
-10
6
15
16
22
24
18
16
12
17
27
30
31
27
17
8
7
1
2
10
15
25
39
46
52
45
36
35
37
38
34
35
27
26
19
10
9
8
5
7
7
-1
-3
-1
5
5
6
12
9
20
13
3
5
6
5
1
-9
-15
-18
-16
-14
-9
-11
-19
-27
-36
-39
-39
-28
-28
-37
-30
-36
-47
-51
-54
-47
-40
-40
-40
-40
-42
-53
-60
-65
-76
-72
-75
-72
-62
-54
-48
-38
-29
-29
-23
-11
-3
3
9
9
11
3
5
6
3
7
16
22
28
31
32
37
33
30
31
31
34
40
30
29
27
20
15
16
21
19
19
22
19
15
12
12
14
7
6
9
14
19
21
14
6
-4
-9
-1
-6
-3
-2
-12
-13
-20
-18
-14
-8
-8
-22
-27
-38
-36
-22
-9
1
0
-5
-16
-16
-11
-15
-23
-23
-17
-18
-10
-3
-3
0
9
17
24
25
20
17
22
30
27
12
-1
5
5
13
21
21
32
40
39
41
40
30
27
33
37
39
35
37
43
43
37
37
42
42
37
42
35
22
9
-5
-6
-13
-14
-3
5
10
10
6
11
4
-8
0
11
16
16
18
15
10
7
-3
-11
-16
-12
-3
-9
-16
-21
-25
-25
-27
-28
-26
-27
-39
-41
-44
-50
-55
-62
-63
-63
-51
-41
-30
-21
-20
-29
-40
-53
-57
-53
-56
-51
-43
-35
-26
-13
-6
-17
-15
-18
-32
-33
-29
-31
-33
-30
-34
-34
-32
-18
-3
-6
-13
-17
-9
-7
-7
-1
8
11
2
3
0
2
9
9
5
7
3
5
17
18
26
29
25
24
20
22
24
26
36
40
41
38
34
36
34
37
34
35
36
37
39
41
39
42
49
52
60
67
75
73
66
61
53
50
49
48
40
31
17
12
18
20
24
32
39
36
23
13
9
5
3
0
1
5
2
0
-3
-8
-12
-15
-21
-25
-29
-42
-43
-45
-45
-38
-39
-29
-19
-11
-8
-15
-14
-18
-23
-26
-45
-63
-63
-70
-75
-68
-69
-74
-82
-82
-82
-81
-81
-74
-58
-52
-39
-29
-19
-12
-5
-4
4
11
20
23
28
39
44
44
47
55
54
58
56
57
49
37
29
10
-7
-11
-10
-4
8
14
17
14
1
-8
-17
-19
-16
-12
-6
-3
-9
-8
-3
5
7
2
-2
-4
-12
-14
-10
-5
5
8
9
4
7
18
22
28
26
19
13
6
-9
-18
-25
-18
-13
-7
6
11
9
6
1
-16
-27
-33
-38
-36
-35
-32
-24
-14
-3
6
5
4
7
11
14
11
14
14
14
17
15
12
4
-1
1
9
16
20
34
43
45
46
40
44
40
33
31
26
25
22
22
26
32
31
22
16
12
18
25
38
47
40
33
22
19
23
21
26
28
25
20
8
6
-7
-19
-31
-47
-62
-74
-68
-59
-58
-61
-62
-59
-59
-59
-50
-50
-45
-34
-28
-23
-22
-28
-27
-23
-17
-5
4
6
7
4
-3
-4
-9
-7
-4
-10
-11
-3
3
-1
5
15
26
31
35
42
44
35
30
20
10
1
-7
2
8
12
19
20
27
26
17
14
5
-5
-13
-27
-23
-16
-15
-3
7
18
31
29
15
5
-14
-30
-37
-51
-61
-71
-82
-87
-90
-89
-81
-76
-72
-62
-53
-45
-45
-41
-36
-31
-28
-27
-15
-1
14
18
17
18
13
13
24
36
47
59
72
78
79
75
70
74
79
75
68
59
51
45
41
42
40
29
29
29
38
43
43
39
32
37
37
43
47
49
50
37
28
21
20
20
19
16
19
23
16
11
8
-1
-3
2
6
12
11
12
1
-11
-26
-41
-42
-33
-22
-17
-18
-19
-23
-37
-41
-47
-54
-55
-50
-49
-41
-34
-36
-37
-43
-40
-45
-42
-35
-29
-20
-16
-26
-37
-38
-43
-45
-42
-39
-28
-13
-6
-2
-4
-17
-33
-40
-42
-41
-38
-35
-28
-34
-38
-27
-14
-9
-9
-9
-14
-14
-10
-10
-18
-18
-10
-6
0
-2
2
19
26
26
15
13
21
25
28
27
36
41
40
38
39
37
35
36
37
38
47
55
48
36
30
22
24
29
26
38
50
55
61
58
54
47
38
37
37
26
19
8
-2
-4
-6
-5
-2
-1
-3
-7
-7
-13
-23
-27
-25
-19
-15
-13
-16
-14
-7
-11
-13
-12
-17
-19
-23
-25
-23
-23
-23
-24
-24
-24
-24
-24
-19
-12
-2
9
9
8
18
20
12
9
5
0
6
12
13
7
6
7
17
24
21
7
-3
-8
-13
-16
-23
-24
-24
-10
-4
-4
-7
-11
-8
-11
-18
-31
-30
-21
-22
-22
-15
-11
-3
3
5
6
7
2
-5
-7
-10
-1
12
16
10
6
-3
-5
-7
-13
-18
-26
-15
-9
2
14
20
22
23
19
9
2
-4
-1
-2
-10
-15
-18
-24
-27
-25
-24
-23
-22
-19
-24
-21
-17
-6
5
10
12
14
21
16
9
10
9
6
9
8
12
18
16
11
4
-3
-5
-7
-1
6
5
11
8
5
-5
-16
-17
-17
-7
-1
9
18
20
25
25
25
18
21
24
30
35
30
28
19
11
13
8
5
18
22
22
18
10
-2
-18
-30
-30
-22
-18
-8
2
7
11
7
6
2
-1
7
10
7
7
9
5
6
10
9
14
14
20
22
26
30
28
24
16
4
-1
-9
-18
-13
-17
-15
-13
-18
-16
-29
-39
-31
-24
-20
-16
-11
-12
-13
-10
-10
-4
-9
-8
3
1
2
-5
-15
-20
-23
-18
-20
-22
-25
-32
-40
-38
-35
-26
-21
-23
-24
-25
-30
-31
-28
-23
-16
-14
-13
-10
-7
-8
2
9
11
22
26
28
43
53
49
50
50
38
24
26
25
17
24
31
39
34
32
32
23
5
-14
-23
-23
-21
-27
-28
-26
-27
-29
-24
-22
-21
-15
-8
0
1
0
5
5
4
3
3
5
5
9
14
31
35
31
19
7
-1
-12
-24
-35
-33
-32
-30
-31
-29
-20
-9
-1
-6
-7
-4
-4
-4
0
5
2
1
7
19
19
17
23
28
21
16
27
37
44
40
47
62
69
64
53
49
42
34
28
28
34
26
15
-4
-28
-44
-47
-46
-40
-28
-27
-28
-30
-27
-24
-26
-18
-11
0
1
5
5
5
5
-8
-21
-25
-18
-9
0
2
-1
-7
-10
-14
-15
-20
-28
-27
-32
-34
-38
-39
-37
-31
-32
-36
-35
-37
-35
-30
-27
-25
-24
-17
-5
12
19
22
31
34
37
46
50
46
41
45
46
37
30
24
21
19
20
22
16
23
26
16
14
12
10
7
12
17
10
0
-10
-15
-26
-42
-46
-36
-22
-21
-16
-17
-24
-26
-25
-17
-20
-27
-29
-29
-27
-21
-15
-12
-9
-10
-23
-30
-35
-43
-43
-49
-49
-50
-41
-35
-31
-24
-14
-5
-6
-4
3
10
18
29
47
65
66
67
62
56
66
69
73
78
82
74
63
55
53
46
38
39
37
36
38
36
32
22
12
2
-4
-9
-16
-17
-20
-19
-15
-6
1
-11
-14
-15
-25
-33
-38
-44
-36
-24
-24
-7
4
13
19
22
19
7
-3
-15
-9
-2
-7
-6
-2
-1
1
-2
-3
-9
-10
-6
-2
7
7
2
-4
-7
-9
-9
-11
-12
3
20
30
30
19
-1
-17
-28
-36
-32
-27
-20
-13
-11
-20
-32
-41
-53
-67
-78
-69
-61
-65
-68
-71
-63
-57
-50
-42
-30
-16
-8
-7
-7
-17
-30
-37
-41
-32
-18
-6
8
21
21
22
22
26
30
34
36
32
38
41
53
63
52
46
43
40
41
31
24
23
14
4
-5
-6
-4
1
-5
-2
11
10
20
15
12
16
20
40
57
65
70
72
61
52
55
51
44
43
44
45
43
42
36
37
34
25
14
6
11
15
11
0
-10
-22
-22
-26
-26
-24
-20
-15
-20
-31
-34
-38
-45
-51
-51
-42
-37
-32
-23
-21
-23
-20
-20
-18
-21
-22
-16
-12
-11
-11
-14
-29
-34
-33
-22
-10
-7
1
-2
-8
-15
-16
-15
-23
-21
-22
-27
-26
-36
-31
-14
4
13
18
27
33
34
35
35
32
36
20
8
3
-7
-6
-6
-5
-10
-16
-23
-29
-28
-34
-48
-47
-54
-57
-57
-56
-47
-40
-35
-33
-25
-16
-9
-1
-4
2
10
6
3
-3
-12
-12
0
6
24
39
53
56
58
56
46
46
41
43
40
43
49
61
65
56
55
51
50
47
37
29
22
14
9
3
-4
-9
-8
-2
-6
-16
-14
-10
-10
-6
0
3
0
0
4
1
-3
-7
-8
-12
-23
-27
-32
-30
-27
-20
-3
2
4
-4
-22
-32
-34
-32
-24
-18
-4
13
24
31
28
15
16
18
19
24
21
22
17
11
12
18
26
30
33
29
18
6
-5
-15
-20
-27
-22
-16
-20
-16
-10
-8
-12
-18
-19
-18
-14
-9
-7
-11
-17
-25
-35
-38
-37
-31
-18
-13
-8
-14
-22
-20
-24
-21
-9
9
16
18
15
11
12
15
16
17
18
14
9
4
2
-5
-13
-12
-12
-17
-16
-17
-19
-22
-22
-11
-7
-6
6
13
13
11
2
-14
-29
-41
-50
-49
-46
-37
-28
-22
-12
0
10
8
10
4
-2
0
1
4
11
8
11
9
9
12
15
22
24
24
14
3
-1
-12
-14
-19
-19
3
15
19
23
24
24
25
33
41
51
59
64
62
56
37
21
19
20
28
25
26
28
33
35
37
33
35
34
31
30
23
21
13
5
-4
-4
6
13
14
13
7
-7
-11
-18
-19
-21
-29
-31
-38
-49
-49
-45
-43
-37
-38
-32
-33
-32
-27
-27
-25
-22
-16
-6
4
-2
-1
-7
-11
-19
-31
-24
-17
-10
4
10
14
14
10
8
0
-12
-20
-21
-16
-6
0
10
20
32
34
28
25
24
26
16
2
-7
-10
-12
-6
-8
-19
-29
-29
-35
-42
-53
-57
-57
-50
-44
-41
-41
-48
-42
-34
-29
-26
-20
-19
-15
-17
-26
-21
-15
-2
3
5
12
11
14
4
0
1
5
16
21
19
18
27
31
25
24
21
21
34
35
33
37
35
25
18
7
2
12
12
23
35
28
29
31
34
45
56
59
67
73
67
60
51
41
41
36
33
32
25
21
16
18
14
11
-2
-13
-24
-38
-35
-22
-8
-8
-14
-10
-11
-15
-17
-11
-3
-12
-11
2
-4
-17
-26
-18
-16
-21
-24
-18
-17
-19
-18
-18
-21
-25
-22
-14
-13
-13
-19
-22
-30
-32
-24
-18
-10
-11
-15
-15
-9
-12
-17
-25
-29
-25
-20
-16
-12
-11
-19
-33
-42
-37
-30
-17
1
9
10
14
12
0
-5
-4
0
15
21
24
23
19
23
22
12
6
10
10
5
6
21
18
15
15
13
11
-1
-5
-2
-1
-4
-4
-6
-9
-22
-31
-22
-23
-25
-28
-31
-34
-29
-25
-24
-13
-4
13
20
19
20
24
28
27
28
26
26
21
16
11
8
1
-9
-12
-26
-35
-36
-33
-25
-19
-16
-16
-16
-16
-17
-5
7
13
26
31
32
33
32
31
24
16
16
25
29
28
28
38
40
40
37
40
41
37
31
27
22
18
21
20
21
16
10
10
0
-11
-13
-19
-18
-12
-17
-20
-18
-16
-9
3
12
19
34
41
34
28
11
-1
-6
-7
8
20
25
37
39
44
50
45
44
40
32
18
21
28
20
12
-2
-14
-22
-29
-33
-29
-35
-44
-53
-62
-65
-65
-69
-61
-54
-61
-69
-74
-80
-87
-98
-102
-99
-94
-77
-69
-71
-75
-76
-81
-79
-77
-76
-68
-62
-60
-50
-48
-43
-36
-29
-7
0
5
11
8
4
11
26
36
40
38
50
59
63
76
87
92
100
106
101
93
85
77
72
78
80
78
65
54
48
48
40
34
42
44
45
34
11
10
0
0
-2
2
9
19
28
22
24
13
9
-1
-9
-8
-4
5
11
17
17
10
0
4
1
-8
-12
-12
-16
-22
-21
-17
-11
-11
-3
4
8
11
10
15
15
11
11
16
18
20
8
3
-5
-12
-9
-9
1
7
6
0
-2
-8
-10
-4
-3
-2
-6
-20
-26
-26
-23
-27
-34
-40
-52
-56
-62
-60
-56
-49
-50
-51
-44
-34
-16
5
11
10
0
-15
-20
-21
-20
-20
-26
-19
-16
-23
-23
-17
-20
-31
-35
-34
-24
-19
-23
-33
-35
-43
-48
-46
-45
-43
-41
-32
-27
-30
-28
-22
-8
2
16
28
38
42
38
30
27
27
33
46
53
54
50
48
45
44
35
27
22
18
23
26
28
31
27
34
45
46
51
62
74
87
86
85
83
81
72
57
42
25
21
21
19
15
15
14
4
-4
-13
-11
-10
-7
-1
-5
-13
-19
-14
-16
-19
-28
-26
-30
-25
-31
-33
-37
-52
-60
-73
-59
-71
-36
-61
101
262
34
-132
-207
-227
-225
-169
-131
-43
56
56
-91
-372
-214
82
109
43
6
35
178
137
82
-32
-116
-26
94
128
102
406
367
177
17
-85
-121
-192
-95
-10
139
153
38
-123
-254
-225
-30
55
152
242
181
130
62
-55
-128
3
97
201
198
-49
-232
-305
-302
-197
-130
48
-61
-133
152
122
161
127
-110
-43
140
115
102
223
275
135
-111
-340
-283
-107
26
106
88
363
217
349
271
16
35
-100
-131
-93
-10
35
78
-187
-183
-476
-742
-677
-611
-477
-187
-155
-59
-153
-295
149
-7
15
49
2
-42
411
324
416
502
145
167
-241
-82
-63
334
392
325
266
165
256
12
75
-201
-127
30
-4
116
46
-24
-57
18
-154
-242
-232
-318
-133
-67
-39
228
90
50
-61
-246
-42
-26
-61
51
185
47
274
199
-99
37
-299
-130
-33
46
288
227
188
203
181
-19
115
-14
31
137
152
318
333
104
217
37
-88
63
-83
35
21
-5
67
24
-82
-101
-132
-245
-264
-248
-314
-198
-249
-145
-141
-304
-75
-173
-132
-60
-89
40
94
153
21
29
-16
34
249
66
134
49
137
129
123
166
208
168
105
19
-83
-116
-213
-8
-142
-54
-170
-139
-220
-316
-188
-310
-171
-292
-40
-100
-55
-85
-140
-73
-58
164
35
168
167
191
185
124
64
41
105
49
85
106
69
64
28
2
4
19
0
-44
43
-32
-63
101
5
31
17
-14
-3
-7
-80
13
57
-34
190
42
68
185
3
47
30
-49
75
113
28
103
164
94
56
-137
-55
-52
-59
92
-5
-62
97
-54
-98
-89
-218
-117
-120
-74
-54
86
8
17
7
-110
-66
-174
-91
-58
-19
36
-12
31
-19
-26
-135
-79
-21
-107
91
1
55
70
23
-23
5
-74
-98
-6
-82
97
139
178
183
132
11
83
8
4
134
136
185
257
220
102
107
-35
-92
-63
9
95
132
197
154
146
-22
-96
-121
-143
-82
3
114
103
107
-43
-141
-208
-225
-154
-71
-13
88
122
132
23
-158
-146
-150
-123
-65
-17
-4
46
-10
-115
-133
-166
-65
17
144
560
1116
1352
1003
572
466
483
361
293
549
906
840
275
-390
-506
-264
-293
-768
-1237
-1160
-866
-808
-1100
-1306
-1432
-1763
-2207
-2367
-2069
-1720
-1536
-1395
-1209
-1075
-929
-775
-673
-533
-325
-51
398
928
1394
1610
1533
1403
1506
1594
1511
1573
1616
1618
1587
1572
1469
1297
976
520
244
104
138
217
183
100
-1
-130
-237
-348
-323
-320
-263
-101
185
453
517
423
275
248
287
408
544
688
745
711
615
528
408
290
230
324
696
1314
1949
2140
1719
1003
503
270
192
245
485
699
508
-184
-903
-1163
-1255
-1580
-2346
-2975
-2933
-2435
-2068
-2192
-2596
-3120
-3650
-4090
-4210
-3881
-3327
-2849
-2570
-2330
-1921
-1396
-953
-794
-768
-483
231
1210
2141
2849
3244
3344
3259
3179
3131
3036
2813
2479
2240
2137
1995
1729
1279
688
51
-595
-1036
-1220
-1293
-1371
-1435
-1446
-1372
-1183
-1047
-1044
-1002
-843
-593
-146
391
949
1346
1583
1796
2019
2158
2251
2347
2400
2492
2551
2611
2569
2330
1973
1470
970
548
168
-178
-448
-668
-913
-1106
-1378
-1595
-1768
-2001
-2119
-2093
-1811
-1301
-627
258
1070
1481
1343
1011
835
838
922
1110
1573
1922
1755
1030
235
-96
-239
-784
-1828
-2701
-2894
-2629
-2517
-2860
-3424
-4001
-4563
-5078
-5324
-5131
-4638
-4164
-3834
-3502
-2900
-2071
-1338
-884
-643
-143
801
1951
2979
3769
4304
4603
4740
4760
4731
4520
4126
3634
3127
2732
2362
1911
1347
687
-40
-722
-1253
-1625
-1874
-2114
-2331
-2396
-2244
-1956
-1683
-1531
-1326
-1035
-632
-120
450
1017
1467
1848
2139
2510
2821
3051
3175
3140
3138
3115
2983
2696
2367
1888
1329
785
244
-173
-584
-1002
-1429
-1793
-2015
-2264
-2484
-2556
-2475
-2367
-2197
-1834
-1152
-112
782
1247
1292
1167
1206
1234
1293
1528
1997
2276
1973
1260
694
638
583
11
-1110
-2052
-2370
-2258
-2286
-2695
-3174
-3688
-4241
-4762
-5002
-4837
-4464
-4268
-4259
-4073
-3441
-2466
-1642
-1198
-980
-565
246
1278
2278
3073
3607
3908
4050
4139
4275
4306
4020
3468
2879
2431
2102
1745
1275
662
-19
-617
-1039
-1247
-1417
-1682
-2005
-2214
-2174
-1877
-1567
-1343
-1147
-881
-490
-35
543
1025
1350
1531
1756
2072
2473
2846
3033
3057
2956
2920
2847
2669
2355
1923
1413
1074
755
380
-106
-625
-1060
-1498
-1851
-2045
-2125
-2192
-2176
-2187
-2103
-1968
-1775
-1379
-654
261
1111
1467
1493
1561
1522
1382
1245
1536
2025
2079
1484
818
679
922
746
-204
-1343
-1993
-2111
-2139
-2394
-2753
-3040
-3463
-4001
-4423
-4498
-4255
-4036
-4054
-4149
-3908
-3127
-2138
-1482
-1231
-1031
-546
318
1224
1987
2662
3132
3359
3461
3608
3835
3919
3648
3126
2603
2225
1977
1711
1323
794
268
-150
-436
-590
-730
-1052
-1458
-1650
-1549
-1295
-1070
-864
-655
-413
-144
185
528
801
953
1064
1256
1568
1940
2180
2289
2258
2178
2084
1990
1827
1602
1334
951
576
310
44
-313
-689
-1054
-1343
-1521
-1603
-1644
-1677
-1732
-1741
-1700
-1598
-1435
-1279
-1087
-692
14
817
1295
1320
1220
1189
1144
1059
1090
1290
1483
1284
746
392
461
600
216
-637
-1388
-1703
-1717
-1825
-2137
-2432
-2683
-3009
-3311
-3444
-3328
-3108
-3013
-3074
-3074
-2718
-2045
-1376
-997
-785
-482
11
587
1136
1649
2066
2391
2592
2726
2910
3122
3122
2870
2576
2313
2091
1873
1630
1356
999
614
332
180
64
-150
-451
-736
-880
-872
-794
-752
-687
-588
-520
-418
-236
-15
128
176
170
243
445
661
868
956
965
974
990
1034
1046
924
668
442
289
230
152
13
-125
-279
-359
-461
-560
-618
-689
-789
-856
-845
-699
-487
-350
-238
-169
-79
93
457
946
1300
1346
1196
1136
1141
1090
971
946
960
766
269
-172
-234
-70
-154
-733
-1383
-1735
-1781
-1820
-2015
-2304
-2598
-2854
-3057
-3114
-2984
-2754
-2608
-2588
-2603
-2371
-1772
-1096
-635
-424
-245
90
561
1015
1408
1743
1992
2170
2315
2499
2657
2676
2494
2207
1963
1756
1533
1330
1158
926
594
278
100
1
-172
-439
-711
-854
-840
-768
-671
-575
-490
-416
-334
-206
-43
94
119
195
371
503
594
598
531
507
506
507
559
601
552
369
110
-53
-69
-58
-16
-58
-128
-134
-224
-320
-385
-478
-540
-549
-495
-347
-185
-83
-32
4
56
239
566
980
1347
1456
1405
1371
1317
1207
1074
1020
994
841
467
113
35
123
38
-438
-1048
-1421
-1517
-1615
-1818
-2022
-2165
-2303
-2479
-2605
-2585
-2445
-2318
-2265
-2252
-2034
-1530
-956
-591
-451
-316
-42
381
783
1135
1485
1760
1960
2115
2295
2476
2495
2287
1975
1744
1617
1512
1344
1124
853
491
116
-199
-430
-687
-1015
-1281
-1407
-1363
-1247
-1138
-1079
-1024
-954
-847
-670
-466
-277
-162
-63
87
274
439
575
660
703
749
772
798
812
765
667
540
420
356
300
227
158
93
16
-107
-214
-280
-345
-420
-478
-505
-483
-438
-366
-258
-126
72
409
876
1273
1385
1279
1189
1169
1091
981
1006
1098
1027
673
276
160
273
202
-298
-921
-1287
-1369
-1431
-1598
-1821
-2010
-2187
-2395
-2544
-2533
-2372
-2210
-2134
-2110
-1897
-1423
-908
-634
-608
-520
-228
203
655
1041
1355
1577
1663
1704
1807
1938
1939
1743
1497
1353
1292
1200
1062
869
603
258
-38
-168
-185
-229
-391
-560
-582
-466
-297
-153
-20
104
208
339
500
705
833
840
785
779
858
925
950
887
801
729
675
609
494
330
119
-58
-171
-250
-326
-400
-457
-496
-564
-647
-722
-780
-810
-833
-843
-754
-599
-515
-446
-320
-13
477
981
1284
1267
1154
1114
1077
967
889
947
1017
850
384
-15
-48
33
-232
-908
-1548
-1772
-1759
-1847
-2078
-2298
-2485
-2761
-3070
-3212
-3102
-2874
-2753
-2770
-2688
-2307
-1721
-1183
-864
-693
-443
-48
412
913
1414
1842
2086
2193
2308
2492
2652
2640
2462
2229
2034
1876
1703
1505
1259
908
524
235
52
-117
-345
-604
-804
-864
-800
-680
-533
-360
-206
-98
47
285
521
642
691
754
850
993
1135
1239
1259
1209
1132
1082
1064
979
824
616
434
332
266
187
53
-106
-274
-423
-520
-591
-708
-851
-943
-958
-907
-772
-583
-206
393
994
1278
1170
1084
1100
1033
847
846
1157
1424
1214
613
237
319
385
-134
-1004
-1580
-1670
-1663
-1866
-2175
-2376
-2611
-3047
-3539
-3796
-3686
-3466
-3410
-3477
-3342
-2815
-2099
-1603
-1401
-1219
-855
-354
171
757
1445
2055
2407
2610
2892
3265
3489
3382
3105
2884
2724
2516
2267
2032
1738
1256
674
233
-44
-333
-760
-1227
-1539
-1650
-1636
-1569
-1444
-1256
-1105
-988
-760
-404
-57
152
291
494
749
997
1213
1405
1519
1513
1455
1450
1502
1497
1400
1224
1043
868
656
372
42
-266
-558
-872
-1147
-1297
-1383
-1495
-1649
-1699
-1544
-999
-146
553
717
553
550
679
690
654
996
1599
1875
1448
772
663
1070
1118
303
-716
-1136
-1025
-1037
-1336
-1644
-1901
-2396
-3190
-3826
-3918
-3622
-3473
-3640
-3822
-3587
-2905
-2194
-1846
-1777
-1616
-1212
-636
98
1037
2036
2773
3101
3299
3673
4125
4311
4124
3833
3720
3754
3724
3593
3352
2878
2113
1275
632
158
-334
-888
-1322
-1563
-1646
-1687
-1758
-1859
-1997
-2139
-2160
-1871
-1350
-840
-451
-125
215
555
823
1005
1141
1237
1340
1531
1818
2074
2127
1983
1746
1500
1220
873
484
119
-222
-558
-894
-1201
-1454
-1776
-2147
-2305
-1812
-808
-38
-47
-481
-651
-580
-558
-480
173
1183
1603
946
42
10
670
808
-98
-1082
-1215
-744
-491
-658
-972
-1417
-2309
-3511
-4315
-4213
-3558
-3161
-3318
-3603
-3462
-2897
-2380
-2300
-2434
-2342
-1893
-1188
-193
1083
2282
2906
2910
2839
3124
3608
3922
4006
4050
4191
4341
4367
4256
3934
3232
2203
1260
755
544
307
-47
-423
-787
-1195
-1623
-1989
-2240
-2458
-2647
-2583
-2059
-1255
-620
-325
-220
-178
-151
-19
356
899
1393
1773
2129
2548
2846
2823
2493
2096
1843
1750
1714
1644
1493
1175
653
14
-545
-952
-1301
-1445
-925
138
822
416
-482
-1013
-1191
-1344
-1205
-182
1173
1540
448
-818
-909
-193
-121
-1017
-1692
-1411
-708
-496
-792
-1207
-1865
-3084
-4412
-4866
-4078
-2847
-2257
-2564
-3189
-3433
-3269
-3094
-3073
-2884
-2276
-1440
-563
459
1609
2313
2100
1391
1165
1846
2963
3840
4306
4460
4286
3769
3157
2791
2598
2210
1535
1064
1031
1076
791
140
-714
-1608
-2238
-2417
-2135
-1695
-1422
-1514
-1747
-1706
-1427
-1207
-1110
-916
-564
-121
397
990
1411
1435
1186
1070
1303
1714
2115
2342
2391
2290
2147
2016
1857
1593
1158
668
364
363
359
69
-367
-228
645
1312
857
-196
-653
-513
-361
-158
850
2291
2444
516
-1857
-2329
-843
488
291
-490
-673
-537
-981
-1903
-2499
-2752
-3359
-4328
-4584
-3513
-2101
-1844
-3006
-4518
-5113
-4540
-3408
-2318
-1450
-795
-561
-671
-474
479
1615
2034
1834
2026
3041
4141
4518
4194
3651
3111
2670
2580
3025
3637
3644
2668
1260
256
-162
-344
-574
-783
-1001
-1257
-1572
-1864
-2110
-2436
-2718
-2711
-2165
-1311
-630
-373
-450
-635
-721
-467
216
1028
1482
1489
1387
1458
1611
1678
1669
1647
1679
1768
1882
1930
1735
1259
669
216
87
180
157
-147
-573
-297
833
1710
1130
-455
-1250
-790
8
567
1562
2860
2784
275
-2721
-3031
-519
1881
1725
74
-989
-1251
-1724
-2500
-2599
-2124
-2359
-3585
-4373
-3692
-2512
-2601
-4062
-5398
-5299
-3954
-2562
-1855
-1798
-2034
-2326
-2247
-1155
885
2573
2701
1701
1187
2031
3448
4324
4499
4339
3984
3443
3156
3479
3934
3629
2484
1517
1319
1421
1161
536
-209
-958
-1580
-1768
-1473
-1254
-1653
-2462
-2791
-2262
-1436
-1016
-954
-944
-1016
-1110
-740
244
1114
1186
773
738
1250
1739
1806
1622
1511
1515
1615
1844
2014
1863
1272
545
164
266
547
433
-71
-631
-788
10
1365
1932
651
-1268
-1718
-449
988
1708
2440
2990
1814
-1405
-3600
-1939
1980
3886
2019
-925
-2206
-1986
-1783
-1723
-1113
-768
-2044
-4171
-4929
-3707
-2441
-2966
-4522
-5366
-4814
-3701
-3031
-2997
-3244
-3395
-3166
-2270
-686
858
1188
201
-659
192
2449
4273
4518
3714
2895
2486
2564
3329
4622
5301
4476
2691
1583
1794
2306
2187
1624
1125
533
-222
-765
-850
-908
-1374
-1944
-1992
-1496
-1199
-1491
-1928
-1905
-1504
-1082
-607
-33
184
-257
-695
-257
855
1497
1276
866
924
1300
1580
1804
1981
1908
1454
931
756
951
1024
717
252
16
-13
-81
337
1205
1511
310
-1232
-1086
491
1559
1439
1518
2008
1296
-1185
-2723
-804
2705
3767
1218
-1765
-2490
-1557
-822
-632
-336
-661
-2511
-4748
-5068
-3277
-1752
-2385
-4258
-5415
-5191
-4349
-3719
-3361
-3163
-3142
-3149
-2692
-1583
-412
-89
-525
-507
772
2593
3481
3076
2423
2408
2996
3738
4431
4886
4574
3449
2500
2708
3645
4034
3394
2340
1384
669
386
643
927
420
-744
-1582
-1505
-1058
-1032
-1407
-1681
-1755
-1851
-1840
-1409
-833
-793
-1226
-1266
-583
79
44
-209
67
737
1131
1149
1142
1184
1095
884
1022
1450
1684
1247
531
218
365
557
374
513
1258
1849
1046
-715
-1286
-11
1526
1667
1203
1296
1167
-588
-2674
-1887
1621
3897
1938
-2000
-3639
-2283
-463
26
-156
-636
-2165
-4441
-5152
-3215
-887
-1089
-3570
-5551
-5553
-4401
-3447
-2865
-2569
-2842
-3568
-3714
-2589
-941
-146
-524
-860
-135
1264
2128
2125
2030
2426
3022
3403
3704
4072
4101
3560
3144
3584
4382
4394
3393
2353
2020
2162
2302
2242
1883
1012
-128
-795
-561
107
290
-428
-1516
-2131
-2017
-1553
-1172
-1067
-1330
-1859
-2129
-1659
-834
-476
-748
-952
-593
-31
310
506
714
766
619
650
1077
1472
1385
997
903
1180
1346
1128
950
1550
2409
2327
903
-278
245
1702
2229
1643
1371
1514
575
-1597
-2241
270
3191
2633
-1115
-3805
-3009
-783
118
-419
-1079
-2070
-3890
-5137
-3987
-1521
-911
-3093
-5528
-5787
-4425
-3267
-2961
-2980
-3262
-3932
-4248
-3307
-1544
-467
-799
-1490
-1186
49
1131
1449
1458
1784
2333
2712
2941
3241
3486
3353
3163
3483
4148
4246
3412
2472
2322
2755
2946
2600
1964
1245
566
270
555
974
729
-310
-1399
-1767
-1405
-927
-794
-1080
-1628
-2171
-2301
-1770
-979
-694
-1102
-1518
-1227
-422
142
179
60
100
291
648
1152
1625
1637
1287
1002
1204
1633
1819
1612
1476
2009
2741
2691
1386
283
734
2144
2570
1716
1139
1334
834
-941
-1630
486
3006
2251
-1430
-3776
-2487
-11
609
-547
-1600
-2496
-3881
-4719
-3371
-1067
-902
-3438
-5816
-5689
-4069
-2981
-2870
-3038
-3498
-4320
-4642
-3490
-1607
-692
-1230
-1980
-1665
-502
535
966
1218
1666
2108
2260
2326
2696
3257
3533
3552
3697
3920
3704
3084
2800
3158
3551
3315
2590
1869
1379
1126
1142
1268
1050
228
-793
-1282
-1014
-548
-606
-1228
-1911
-2260
-2222
-1850
-1329
-1080
-1389
-1903
-1899
-1230
-529
-360
-516
-469
-99
278
571
860
1032
960
839
999
1429
1746
1725
1471
1387
1963
2710
2648
1342
282
884
2449
2816
1668
820
1010
794
-599
-1026
892
2856
1552
-2044
-3694
-1807
576
620
-972
-2107
-2783
-3682
-3909
-2432
-788
-1472
-4119
-5823
-5002
-3288
-2543
-2776
-3162
-3632
-4225
-4129
-2790
-1190
-772
-1553
-2124
-1483
-166
814
1171
1374
1698
1899
1915
2160
2877
3611
3790
3586
3529
3597
3418
3187
3391
3841
3768
2988
2213
1925
1934
1918
1849
1636
989
-6
-699
-637
-169
-52
-616
-1423
-1916
-1935
-1689
-1406
-1275
-1478
-1946
-2249
-1906
-1164
-701
-829
-1168
-1136
-694
-178
146
296
350
338
422
658
1034
1257
1235
1032
1043
1776
2689
2690
1319
130
709
2409
2953
1881
1047
1323
1285
-118
-896
725
2740
1854
-1531
-3335
-1621
726
674
-1166
-2409
-2816
-3399
-3739
-2667
-1211
-1722
-4139
-5813
-4997
-3257
-2643
-3146
-3641
-3893
-4196
-4051
-2857
-1352
-980
-1782
-2354
-1658
-271
675
961
1112
1438
1679
1780
2104
2775
3389
3536
3460
3555
3734
3632
3414
3530
3852
3831
3249
2647
2415
2390
2309
2153
1905
1372
603
31
38
370
382
-188
-991
-1455
-1452
-1285
-1163
-1181
-1397
-1829
-2149
-1935
-1312
-907
-1042
-1344
-1317
-945
-558
-213
82
246
237
272
553
890
1040
1022
1055
1148
1211
1543
2189
2462
1650
444
508
1970
2968
2151
873
816
1356
634
-740
-302
1836
2505
1
-2923
-2769
-308
863
-448
-2198
-2775
-2966
-3413
-3231
-2065
-1684
-3350
-5511
-5665
-3919
-2635
-2970
-3929
-4315
-4251
-4062
-3399
-2169
-1352
-1718
-2506
-2269
-799
618
1003
697
705
1258
1833
2179
2605
3268
3725
3662
3446
3540
3837
3936
3834
3788
3761
3510
3065
2742
2680
2633
2304
1776
1288
940
642
417
321
160
-315
-1030
-1465
-1361
-1102
-1165
-1516
-1810
-1937
-1925
-1692
-1285
-1051
-1230
-1483
-1273
-675
-213
-46
48
191
285
343
595
985
1246
1144
1036
1142
1370
1361
1393
1889
2340
1943
759
397
1443
2611
2182
974
674
1202
826
-450
-438
1310
2160
162
-2517
-2538
-233
890
-461
-2340
-2832
-2717
-2977
-3011
-2201
-1931
-3398
-5251
-5332
-3798
-2878
-3397
-4186
-4249
-4033
-3906
-3409
-2367
-1687
-1950
-2351
-1846
-610
292
501
572
998
1600
2025
2315
2788
3374
3643
3476
3331
3615
4053
4146
3919
3720
3570
3258
2893
2795
2892
2680
2043
1414
1070
843
521
230
127
-38
-550
-1221
-1523
-1306
-1052
-1220
-1666
-1931
-1858
-1646
-1455
-1283
-1147
-1165
-1243
-1127
-730
-249
-18
-8
0
168
441
683
791
850
888
959
987
1019
1102
1211
1238
1255
1636
1961
1662
639
281
1199
2343
2032
805
485
1085
924
-419
-699
932
2109
402
-2455
-2945
-717
813
-242
-2291
-3161
-3103
-3193
-3148
-2434
-2059
-3318
-5199
-5593
-4150
-2820
-2884
-3706
-4134
-4058
-3743
-2975
-1806
-1015
-1195
-1726
-1500
-319
900
1436
1448
1547
1962
2423
2745
3101
3600
3896
3727
3435
3488
3771
3864
3746
3619
3388
2860
2321
2213
2329
2132
1581
1103
820
441
-19
-180
-32
-94
-641
-1237
-1344
-1069
-941
-1157
-1403
-1394
-1299
-1357
-1402
-1166
-826
-789
-988
-976
-589
-200
-98
-162
-89
64
160
262
541
870
948
762
598
705
990
1176
1095
884
845
1359
1953
1814
795
153
833
2024
2028
857
270
756
925
-205
-901
211
1499
404
-2289
-3251
-1436
287
-485
-2575
-3572
-3285
-3088
-3146
-2814
-2532
-3381
-4790
-5078
-3799
-2598
-2676
-3409
-3667
-3345
-2893
-2277
-1377
-647
-628
-947
-782
87
1057
1587
1732
1835
2052
2277
2503
2830
3306
3630
3516
3121
2902
3017
3237
3330
3223
2920
2417
1943
1808
2009
2119
1784
1149
645
457
470
459
311
15
-378
-735
-878
-769
-634
-696
-964
-1224
-1311
-1265
-1176
-1062
-991
-1071
-1191
-1116
-818
-508
-358
-324
-303
-265
-140
155
542
778
725
577
589
847
1098
1221
1135
967
829
811
934
1209
1731
1863
1154
-64
-311
792
1847
1301
-36
-339
246
-14
-1346
-1501
143
1102
-737
-3345
-3358
-914
424
-848
-2688
-3080
-2674
-2681
-2576
-1729
-1234
-2328
-3914
-3975
-2489
-1468
-1778
-2399
-2388
-2140
-2115
-1831
-949
-184
-297
-806
-737
40
780
1061
1156
1364
1574
1556
1514
1781
2345
2749
2678
2383
2239
2331
2467
2592
2690
2609
2240
1840
1814
2032
2049
1709
1356
1124
840
496
410
654
698
113
-729
-1046
-682
-287
-432
-931
-1300
-1366
-1342
-1267
-1054
-873
-981
-1259
-1281
-958
-594
-437
-373
-259
-108
-10
134
353
529
578
588
645
699
729
740
785
787
677
502
350
331
424
647
995
1049
447
-504
-682
282
1337
1085
-12
-416
90
148
-697
-739
715
1692
200
-2205
-2322
22
1573
461
-1538
-2147
-1664
-1447
-1436
-1005
-835
-1906
-3404
-3554
-2278
-1408
-1900
-2786
-2964
-2664
-2458
-2172
-1532
-1008
-1193
-1705
-1603
-691
239
545
408
425
769
1136
1308
1487
1932
2405
2440
2146
2063
2467
2921
2935
2677
2569
2609
2427
2142
2105
2369
2427
1981
1308
971
1085
1204
973
512
121
-119
-256
-378
-474
-624
-907
-1196
-1226
-1069
-1093
-1369
-1535
-1439
-1309
-1380
-1495
-1355
-1068
-996
-1132
-1082
-741
-412
-348
-389
-313
-129
0
74
229
430
444
300
271
475
669
660
560
494
580
732
1174
1732
1755
824
-81
336
1716
2365
1508
567
639
1011
416
-244
558
1990
1563
-881
-2427
-1148
1032
1127
-774
-2249
-2225
-1825
-1810
-1707
-1384
-1776
-3042
-3915
-3364
-2250
-1977
-2573
-3061
-3052
-2921
-2736
-2202
-1447
-1134
-1437
-1736
-1378
-511
239
564
665
803
967
1107
1376
1937
2578
2818
2525
2212
2339
2845
3271
3374
3229
2917
2552
2373
2604
2907
2804
2232
1668
1367
1260
1116
926
795
528
-101
-846
-1039
-654
-390
-860
-1717
-2181
-2026
-1770
-1745
-1803
-1944
-2319
-2622
-2359
-1698
-1324
-1518
-1823
-1708
-1237
-784
-449
-130
41
-20
-36
293
853
1290
1353
1193
1134
1291
1499
1665
1812
1794
1606
1346
1214
1227
1411
1755
2066
1762
661
-230
251
1606
1976
857
-185
-41
298
-350
-952
1
1412
755
-1789
-3041
-1412
771
637
-1301
-2596
-2471
-2097
-2079
-1822
-1386
-1824
-3170
-3982
-3359
-2279
-2067
-2611
-2959
-2854
-2745
-2629
-2095
-1243
-789
-1053
-1421
-1132
-235
589
960
1087
1262
1417
1419
1506
2015
2750
3057
2671
2145
2129
2573
2944
2971
2755
2432
2094
1868
1849
1913
1880
1627
1188
680
320
304
459
369
-150
-708
-903
-810
-778
-916
-1038
-1067
-1132
-1334
-1465
-1313
-1001
-826
-919
-1130
-1204
-983
-561
-180
-73
-253
-434
-272
218
654
750
612
527
642
850
1049
1216
1225
989
688
693
991
1179
980
655
508
515
452
300
292
401
522
658
832
622
-47
-494
15
1017
1203
390
-265
-81
63
-473
-714
241
1179
308
-1732
-2356
-739
901
431
-1347
-2347
-2108
-1675
-1570
-1385
-1247
-1794
-2878
-3352
-2722
-1918
-1885
-2395
-2703
-2653
-2513
-2308
-1886
-1393
-1230
-1430
-1564
-1307
-722
-116
248
312
209
189
397
788
1275
1660
1738
1489
1242
1373
1843
2254
2319
2120
1885
1772
1869
2192
2448
2356
2022
1835
1859
1858
1759
1762
1881
1766
1259
821
925
1305
1343
883
390
204
226
187
67
-73
-318
-705
-1002
-989
-869
-910
-1138
-1386
-1497
-1505
-1469
-1353
-1159
-1043
-1085
-1154
-1056
-725
-340
-136
-141
-107
65
254
402
610
860
940
767
609
732
1028
1145
960
755
751
871
1058
1355
1471
1022
226
11
770
1569
1323
365
-58
185
151
-410
-401
479
782
-531
-2136
-1981
-361
367
-842
-2417
-2756
-2268
-2114
-2357
-2441
-2494
-3092
-3887
-4003
-3382
-2925
-3149
-3625
-3761
-3557
-3290
-2975
-2525
-2055
-1844
-1876
-1789
-1251
-420
262
590
760
1030
1406
1795
2273
2894
3439
3576
3403
3392
3776
4302
4610
4583
4342
4066
3915
3986
4159
4169
3790
3132
2545
2329
2338
2234
1804
1159
576
201
-30
-218
-416
-769
-1259
-1711
-1929
-1966
-1980
-2091
-2258
-2433
-2616
-2736
-2630
-2344
-2137
-2134
-2199
-2141
-1916
-1562
-1222
-978
-848
-719
-477
-63
397
722
862
878
947
1200
1578
1802
1813
1712
1671
1695
1731
1766
1764
1634
1339
1016
847
862
853
725
595
566
373
-258
-945
-896
-186
160
-569
-1535
-1642
-1204
-1339
-1993
-1946
-1098
-961
-2306
-3513
-2870
-1192
-816
-2168
-3409
-3222
-2412
-2158
-2321
-2272
-2227
-2644
-3059
-2686
-1735
-1232
-1497
-1846
-1642
-1046
-525
-176
192
579
828
904
1078
1585
2241
2645
2678
2639
2790
3026
3124
3210
3467
3690
3476
2918
2622
2856
3192
3088
2553
2038
1811
1759
1688
1541
1351
1098
760
385
145
138
242
148
-290
-776
-988
-905
-787
-814
-999
-1251
-1475
-1577
-1481
-1269
-1154
-1263
-1500
-1640
-1540
-1244
-972
-905
-977
-1026
-969
-783
-499
-249
-125
-91
-35
128
348
545
695
784
785
780
849
957
973
897
803
734
656
545
413
258
81
-51
-152
-315
-583
-801
-826
-768
-832
-988
-863
-637
-803
-1423
-1583
-845
-20
-242
-1090
-1207
-503
-197
-774
-908
65
876
59
-1386
-1382
203
1228
470
-866
-1185
-637
-298
-384
-427
-429
-841
-1462
-1601
-1072
-571
-632
-1080
-1380
-1317
-1007
-638
-337
-144
-94
-134
-70
264
800
1248
1343
1241
1278
1531
1766
1869
1983
2178
2221
1985
1748
1806
2071
2194
2072
1834
1600
1369
1232
1289
1417
1336
1026
681
448
353
392
498
457
121
-323
-488
-350
-231
-389
-632
-756
-830
-986
-1112
-1050
-915
-954
-1212
-1446
-1476
-1348
-1179
-1079
-1156
-1349
-1434
-1253
-951
-776
-769
-762
-686
-594
-439
-146
176
275
166
160
420
769
954
955
920
864
815
840
968
1058
968
778
623
530
426
367
334
266
49
-168
-225
-173
-23
94
-21
-529
-925
-718
-58
95
-461
-822
-530
-314
-897
-1350
-640
454
139
-1397
-2090
-953
356
130
-1008
-1432
-1032
-830
-1019
-937
-501
-505
-1130
-1563
-1208
-570
-343
-535
-689
-622
-457
-295
-104
185
478
560
412
368
646
1071
1264
1201
1174
1259
1220
1041
1081
1453
1717
1446
939
759
990
1222
1164
939
773
644
454
320
373
553
579
328
6
-110
18
149
161
109
43
-117
-333
-367
-121
142
89
-235
-474
-407
-169
-20
-41
-135
-219
-273
-284
-203
-64
48
16
-103
-182
-121
39
189
251
215
151
132
222
367
450
438
400
397
433
440
400
357
333
272
146
16
-56
-111
-259
-461
-630
-690
-739
-880
-1048
-1173
-1205
-1240
-1268
-1292
-1239
-1203
-1079
-828
-627
-748
-1062
-964
-336
254
159
-173
-32
448
388
-63
141
1189
1711
793
-401
-198
1171
1808
964
-138
-272
130
206
-50
-115
-83
-421
-1060
-1366
-1078
-673
-684
-1105
-1485
-1500
-1223
-1004
-953
-905
-789
-795
-955
-943
-547
-85
-7
-203
-219
42
234
229
343
707
964
835
572
617
1019
1401
1476
1353
1265
1312
1424
1558
1730
1874
1833
1563
1363
1514
1856
1971
1697
1338
1214
1278
1311
1259
1172
1024
734
449
367
457
478
257
-98
-349
-402
-370
-385
-468
-605
-786
-958
-1055
-1030
-932
-922
-1040
-1186
-1266
-1257
-1182
-1071
-996
-1039
-1142
-1175
-1091
-942
-821
-750
-738
-790
-843
-756
-557
-416
-407
-454
-485
-489
-432
-315
-159
-60
-112
-197
-199
-96
29
85
88
59
76
136
303
593
786
514
-7
-56
568
1195
970
379
324
726
602
-19
70
1077
1519
379
-1010
-826
609
1209
233
-945
-1116
-743
-661
-831
-807
-780
-1188
-1797
-1993
-1641
-1203
-1119
-1424
-1763
-1782
-1468
-1139
-1015
-921
-669
-481
-531
-565
-188
462
807
719
630
831
1111
1302
1531
1875
2042
1860
1634
1739
2114
2347
2248
2008
1864
1841
1851
1808
1748
1729
1704
1525
1226
1042
1113
1242
1132
783
488
428
452
433
330
189
-17
-247
-391
-394
-364
-440
-619
-838
-1013
-1074
-1000
-962
-1119
-1404
-1545
-1447
-1320
-1369
-1495
-1527
-1485
-1496
-1521
-1411
-1233
-1178
-1245
-1214
-999
-741
-618
-577
-476
-309
-176
-83
39
183
265
270
291
376
478
501
477
463
477
468
407
361
369
374
287
167
69
92
147
129
-10
-152
-81
205
371
78
-355
-314
244
574
233
-176
51
442
142
-521
-383
623
1024
35
-1112
-882
317
773
-13
-875
-920
-609
-624
-802
-716
-579
-843
-1363
-1526
-1163
-710
-627
-881
-1116
-1062
-786
-535
-373
-192
8
77
27
105
465
858
973
911
989
1196
1260
1206
1336
1698
1907
1692
1349
1318
1619
1889
1870
1662
1467
1343
1262
1246
1329
1426
1334
980
628
576
765
823
597
273
66
-6
-48
-97
-152
-273
-518
-751
-829
-782
-793
-923
-1050
-1108
-1179
-1289
-1324
-1210
-1124
-1245
-1456
-1474
-1256
-1063
-1049
-1074
-1013
-932
-894
-798
-566
-334
-265
-331
-320
-149
62
191
248
274
303
325
357
440
529
575
513
417
388
412
430
355
245
195
179
79
-85
-177
-128
-76
-191
-430
-570
-515
-407
-423
-511
-572
-569
-434
-192
-76
-321
-656
-557
3
334
86
-175
37
264
-46
-387
81
978
991
-75
-818
-209
906
1078
245
-440
-363
-19
55
-40
-28
-20
-281
-671
-754
-425
-53
-67
-439
-701
-561
-237
-96
-125
-49
155
210
90
119
453
772
787
640
626
784
893
899
954
1119
1212
1079
871
851
1053
1205
1084
818
693
727
700
554
501
599
584
301
-4
13
245
296
68
-154
-183
-131
-125
-144
-104
-94
-231
-404
-407
-224
-64
-106
-299
-446
-420
-290
-226
-292
-422
-511
-534
-518
-501
-503
-561
-669
-750
-754
-713
-692
-675
-667
-689
-743
-755
-669
-553
-512
-530
-517
-473
-456
-444
-370
-244
-186
-230
-266
-207
-87
-13
-1
-4
-13
-26
-23
30
108
152
141
107
84
109
172
263
287
233
148
160
290
380
378
394
601
740
549
176
197
686
998
699
231
258
530
398
-52
-22
536
703
-48
-862
-721
74
358
-243
-933
-1029
-759
-651
-748
-768
-696
-792
-1094
-1270
-1026
-559
-347
-556
-797
-658
-213
87
99
106
319
562
629
655
843
1132
1267
1218
1197
1301
1389
1337
1280
1356
1451
1355
1090
916
991
1150
1103
828
550
439
431
386
293
212
113
-96
-331
-410
-297
-197
-323
-593
-748
-701
-612
-614
-669
-687
-688
-747
-834
-836
-727
-636
-647
-709
-743
-717
-663
-543
-405
-364
-423
-470
-373
-168
-32
-1
-14
-13
18
65
151
260
333
302
208
161
212
295
304
233
167
138
102
32
-47
-92
-126
-178
-278
-391
-478
-496
-473
-479
-544
-633
-675
-683
-681
-656
-578
-520
-533
-578
-535
-399
-282
-243
-237
-160
-49
46
83
135
296
566
771
736
546
502
790
1124
1156
947
868
972
940
689
614
977
1295
991
259
-88
280
790
749
204
-257
-353
-281
-258
-278
-306
-443
-716
-967
-990
-763
-570
-634
-889
-1028
-909
-708
-608
-558
-417
-269
-273
-343
-219
112
362
368
292
336
488
603
652
724
827
878
827
749
776
905
995
917
755
693
739
721
573
473
522
529
330
80
19
106
78
-144
-348
-400
-425
-536
-623
-592
-573
-702
-871
-899
-798
-747
-812
-857
-813
-748
-720
-682
-586
-478
-418
-388
-301
-152
-17
50
70
107
193
286
358
404
452
477
452
447
481
523
498
409
326
282
247
183
102
28
-36
-118
-217
-311
-370
-366
-332
-356
-449
-512
-512
-462
-414
-365
-308
-285
-288
-283
-207
-100
-34
-11
12
52
102
159
230
284
293
289
289
366
493
561
481
356
353
482
559
471
353
309
294
173
43
66
228
273
52
-232
-278
-103
1
-99
-325
-482
-525
-505
-463
-423
-439
-542
-672
-730
-656
-517
-439
-488
-589
-620
-525
-340
-175
-119
-128
-111
-18
122
262
360
419
444
462
519
596
627
595
588
625
645
594
517
507
539
524
446
366
317
249
145
78
88
78
-37
-180
-218
-158
-128
-175
-215
-204
-182
-192
-175
-68
18
5
-37
26
169
267
276
278
350
420
438
442
515
599
612
547
491
497
504
472
395
328
283
232
167
97
37
-39
-142
-241
-302
-338
-372
-451
-550
-606
-636
-638
-641
-663
-707
-763
-783
-751
-696
-676
-701
-721
-682
-608
-558
-548
-533
-501
-451
-411
-381
-340
-308
-285
-243
-201
-172
-144
-130
-95
-62
-29
3
39
67
84
114
161
206
244
288
325
351
364
402
451
469
449
442
435
407
365
354
363
327
259
219
212
179
105
28
6
-4
-71
-195
-281
-303
-313
-336
-377
-411
-443
-476
-486
-477
-455
-418
-379
-336
-288
-223
-149
-81
-11
67
140
193
241
306
384
422
433
471
543
601
599
601
659
763
832
820
774
764
786
793
789
791
794
776
744
741
779
810
790
725
669
645
637
619
577
524
453
381
323
261
186
89
-15
-105
-192
-288
-382
-461
-541
-638
-743
-836
-911
-981
-1056
-1115
-1154
-1206
-1257
-1279
-1271
-1239
-1222
-1221
-1198
-1152
-1115
-1089
-1036
-938
-842
-795
-747
-664
-565
-481
-395
-280
-155
-80
-36
39
165
264
306
345
399
459
487
508
534
548
538
534
539
522
467
416
395
371
312
237
184
149
100
24
-37
-77
-105
-115
-103
-100
-159
-248
-273
-210
-129
-141
-193
-215
-181
-128
-99
-49
29
73
62
37
97
250
342
318
251
266
359
450
493
528
558
580
575
569
627
688
679
611
561
575
603
577
555
571
569
488
370
336
369
369
287
171
77
14
-26
-49
-77
-138
-230
-307
-322
-302
-313
-371
-417
-420
-401
-378
-341
-299
-278
-292
-280
-195
-94
-51
-53
-30
34
86
116
158
198
197
157
161
216
251
229
174
132
115
108
85
41
-22
-89
-155
-207
-255
-310
-359
-390
-443
-512
-541
-547
-565
-608
-626
-598
-576
-584
-600
-556
-488
-469
-487
-460
-387
-320
-303
-305
-253
-180
-144
-139
-116
-69
-49
-77
-75
-5
55
39
-27
-45
-4
37
28
-10
-18
-5
14
16
14
36
55
67
80
117
171
219
251
262
292
352
418
443
437
439
462
501
508
484
472
480
488
470
418
391
384
355
287
215
178
154
85
-18
-72
-83
-100
-157
-211
-234
-269
-322
-350
-329
-296
-284
-287
-266
-222
-190
-171
-129
-70
-14
20
57
124
180
206
222
254
300
325
327
345
375
401
406
391
394
414
419
410
399
410
420
399
380
376
375
368
348
314
285
249
222
219
210
165
108
74
55
38
-6
-62
-110
-153
-214
-288
-361
-429
-495
-564
-612
-640
-673
-727
-786
-817
-837
-847
-838
-820
-813
-811
-780
-722
-661
-641
-618
-551
-459
-390
-361
-344
-279
-176
-111
-80
-40
28
99
117
104
110
143
178
195
215
235
256
259
262
286
310
304
250
214
220
250
262
250
216
191
196
214
238
222
170
112
91
95
86
53
14
-20
-52
-77
-102
-115
-137
-172
-199
-211
-203
-195
-199
-190
-168
-138
-100
-65
-19
32
61
90
157
229
284
312
327
382
469
562
628
652
666
682
686
700
728
764
771
723
680
671
688
671
605
537
482
424
352
291
253
195
90
-16
-76
-106
-157
-243
-325
-377
-438
-523
-593
-612
-612
-656
-732
-774
-762
-735
-741
-763
-754
-725
-696
-689
-672
-624
-565
-505
-471
-435
-364
-285
-215
-173
-137
-79
-9
49
106
157
194
234
271
310
342
368
396
410
404
387
386
396
404
381
334
302
265
232
204
155
79
-21
-104
-141
-156
-216
-314
-390
-431
-443
-480
-526
-548
-564
-579
-594
-592
-560
-533
-520
-496
-443
-372
-323
-296
-264
-178
-66
22
77
119
167
224
302
376
445
486
494
503
536
604
664
679
641
616
639
686
714
709
682
637
580
537
533
554
545
491
421
372
349
327
299
253
191
116
41
-4
-31
-72
-135
-200
-238
-270
-311
-351
-398
-433
-454
-482
-518
-544
-551
-545
-550
-560
-565
-565
-549
-531
-493
-440
-389
-369
-355
-306
-234
-169
-132
-121
-94
-52
5
74
128
156
154
154
181
210
226
244
248
248
236
231
238
245
243
235
233
225
207
171
160
156
131
90
55
52
48
24
-7
-28
-29
-47
-88
-113
-105
-85
-103
-145
-173
-149
-114
-110
-148
-173
-150
-115
-107
-124
-117
-89
-60
-45
-15
16
42
57
58
102
149
165
143
136
184
240
254
234
211
213
224
212
193
155
129
123
113
114
101
66
23
-10
-29
-48
-87
-129
-159
-173
-181
-192
-213
-248
-275
-291
-294
-281
-277
-284
-291
-295
-275
-250
-233
-218
-221
-213
-178
-126
-75
-58
-49
-15
23
55
88
109
132
143
142
162
194
211
211
213
225
247
256
242
234
227
215
184
159
156
157
157
134
107
85
79
70
38
0
-13
-19
-45
-80
-97
-93
-94
-118
-146
-152
-149
-154
-167
-172
-171
-173
-181
-176
-158
-143
-134
-127
-103
-81
-76
-68
-30
15
42
52
68
116
158
193
228
257
293
303
301
307
329
342
345
342
346
347
337
326
323
323
300
261
233
212
194
172
122
70
37
10
-19
-51
-96
-123
-152
-199
-236
-270
-295
-329
-366
-405
-437
-455
-465
-460
-462
-478
-491
-482
-471
-473
-471
-464
-452
-428
-395
-359
-317
-299
-278
-235
-184
-122
-70
-36
4
46
85
122
164
198
225
263
300
333
343
344
352
359
357
341
326
326
322
311
306
292
274
233
192
160
129
102
70
34
0
-20
-34
-51
-73
-101
-119
-133
-159
-185
-202
-200
-183
-182
-179
-178
-173
-169
-167
-143
-122
-116
-118
-97
-69
-40
-14
0
24
54
87
122
167
206
216
219
239
263
281
303
327
350
355
346
336
342
351
341
313
282
257
238
225
201
167
128
89
61
45
47
28
-19
-79
-115
-124
-140
-172
-202
-225
-246
-273
-299
-300
-289
-281
-298
-317
-311
-290
-268
-262
-257
-236
-218
-213
-213
-197
-159
-136
-137
-140
-128
-110
-101
-102
-82
-34
-1
2
1
25
61
74
63
56
78
97
107
121
127
124
114
97
92
95
92
88
73
62
42
25
36
34
18
7
-7
-12
-9
-11
-30
-57
-89
-109
-111
-126
-158
-176
-162
-147
-150
-156
-161
-155
-154
-160
-148
-145
-148
-143
-124
-88
-64
-57
-60
-45
-17
5
17
27
53
80
105
119
148
185
211
222
231
253
282
298
298
304
321
329
334
352
357
343
317
290
279
276
262
231
209
191
165
137
119
95
76
56
26
-1
-38
-60
-71
-105
-147
-172
-186
-204
-214
-204
-193
-200
-222
-236
-228
-225
-216
-203
-202
-205
-202
-180
-149
-123
-104
-93
-79
-58
-66
-68
-43
-19
-8
-15
-11
1
25
50
68
72
66
61
77
102
124
151
139
107
96
112
126
119
99
90
87
68
45
43
51
40
-1
-37
-40
-29
-43
-86
-121
-148
-175
-205
-235
-249
-262
-274
-280
-293
-311
-321
-314
-296
-283
-264
-248
-228
-200
-167
-131
-103
-88
-67
-21
27
61
90
136
168
169
160
186
233
262
255
241
245
269
277
250
234
225
202
169
155
143
129
115
95
81
60
37
28
14
-4
-15
-27
-54
-75
-77
-75
-85
-103
-118
-124
-119
-118
-124
-117
-95
-77
-62
-51
-50
-41
-31
-25
-20
-4
13
30
51
76
106
135
155
163
185
215
239
245
244
251
263
272
271
268
265
262
244
229
212
192
160
113
76
50
25
3
-15
-43
-76
-103
-118
-122
-128
-149
-180
-196
-198
-204
-208
-201
-191
-194
-217
-217
-188
-157
-134
-123
-107
-96
-84
-65
-48
-36
-36
-44
-41
-19
-2
11
11
15
24
25
23
11
5
-10
-31
-56
-77
-83
-83
-83
-83
-93
-102
-108
-123
-138
-156
-171
-185
-201
-210
-216
-208
-192
-187
-189
-182
-164
-151
-146
-145
-133
-119
-111
-111
-106
-79
-57
-42
-37
-24
1
20
31
46
67
88
107
123
143
174
195
208
231
257
268
271
271
283
299
311
319
320
306
292
290
282
271
250
235
221
210
195
178
168
148
129
99
77
66
56
38
20
9
2
-9
-33
-55
-50
-38
-37
-56
-84
-87
-85
-81
-95
-101
-85
-74
-76
-79
-78
-87
-85
-80
-77
-75
-80
-89
-86
-83
-79
-72
-67
-57
-50
-43
-32
-25
-25
-11
9
17
13
16
33
49
50
52
58
47
32
25
35
42
40
33
32
26
20
8
-2
1
-4
-23
-47
-70
-81
-104
-133
-152
-158
-160
-179
-199
-214
-207
-199
-203
-210
-215
-217
-231
-228
-214
-201
-195
-189
-178
-176
-169
-162
-157
-146
-132
-121
-120
-116
-101
-85
-53
-27
-7
25
61
88
94
103
127
146
154
162
178
188
184
188
204
225
242
257
272
283
296
304
322
333
324
307
292
288
282
276
254
219
180
140
126
109
88
71
59
41
18
-1
-20
-37
-64
-97
-123
-133
-139
-153
-165
-177
-196
-218
-232
-234
-233
-238
-230
-215
-202
-187
-178
-170
-142
-120
-108
-93
-73
-42
-13
8
34
56
72
91
110
134
157
170
181
191
206
220
228
226
213
204
200
189
173
155
138
119
97
82
65
44
21
-8
-27
-47
-73
-97
-115
-129
-144
-158
-163
-168
-187
-205
-213
-220
-233
-247
-253
-253
-243
-241
-236
-206
-179
-157
-138
-115
-84
-57
-39
-27
-6
18
38
54
71
85
104
116
121
123
129
139
130
124
117
107
85
61
54
59
57
42
41
39
40
17
-12
-28
-43
-48
-61
-76
-73
-69
-66
-67
-69
-66
-64
-64
-72
-74
-68
-67
-70
-71
-70
-74
-73
-55
-45
-43
-44
-45
-36
-22
-12
-3
11
19
20
26
32
47
66
84
106
112
117
123
134
142
131
125
125
121
118
119
115
110
99
85
70
58
50
34
25
22
10
8
21
32
36
46
44
44
42
37
35
30
22
34
56
65
72
81
86
94
105
101
96
89
84
78
72
80
86
93
93
87
87
81
58
37
25
14
4
-6
-15
-22
-28
-39
-50
-57
-56
-59
-70
-88
-92
-100
-118
-142
-172
-185
-192
-188
-190
-193
-195
-193
-194
-202
-208
-214
-211
-212
-209
-208
-199
-199
-207
-202
-191
-183
-183
-177
-157
-137
-129
-135
-132
-112
-91
-71
-53
-39
-31
-20
-6
15
29
35
32
34
54
67
80
86
90
95
104
115
126
138
142
144
143
151
156
158
169
174
170
170
181
190
195
196
192
191
183
170
166
148
136
141
146
142
129
125
121
109
92
60
40
29
26
27
27
23
11
-2
-15
-21
-15
-10
-11
-11
-10
-11
-14
-20
-21
-22
-34
-39
-37
-24
-15
-10
-6
-8
-11
-14
-27
-37
-47
-60
-79
-89
-90
-86
-78
-96
-95
-75
-63
-51
-61
-53
-45
-51
-51
-36
-16
-20
-16
10
26
26
17
13
20
11
-2
1
9
16
8
1
-3
-6
-5
-11
-18
-18
-19
-32
-52
-65
-77
-90
-107
-118
-124
-127
-121
-109
-90
-75
-78
-87
-87
-82
-80
-83
-85
-90
-83
-79
-85
-90
-90
-74
-58
-46
-37
-23
-12
-14
-25
-37
-38
-37
-20
3
9
18
25
31
31
38
39
29
41
56
42
34
54
81
96
100
107
129
150
159
174
181
172
159
157
154
144
149
156
177
182
170
169
167
156
134
113
100
86
74
74
67
55
38
21
9
0
-16
-34
-46
-54
-69
-82
-89
-89
-86
-87
-89
-85
-85
-91
-92
-84
-75
-72
-74
-66
-64
-74
-71
-68
-66
-73
-80
-75
-71
-67
-69
-52
-43
-42
-35
-17
-1
-2
2
8
18
25
33
39
44
42
30
28
40
63
78
82
83
76
61
46
22
7
3
1
-7
-11
-14
-26
-37
-44
-42
-52
-66
-74
-76
-78
-83
-87
-93
-93
-85
-70
-64
-62
-73
-79
-78
-67
-62
-66
-62
-47
-34
-30
-29
-24
-25
-27
-41
-41
-31
-23
-13
-9
-1
14
23
15
4
2
14
20
24
29
32
33
22
21
43
59
66
67
76
88
89
84
75
73
71
73
81
86
86
86
91
100
102
105
107
99
99
97
96
93
84
69
57
50
42
43
36
36
35
26
4
-12
-22
-37
-47
-58
-64
-67
-74
-78
-74
-67
-73
-74
-80
-90
-89
-84
-88
-93
-89
-78
-69
-60
-48
-46
-47
-54
-72
-83
-82
-82
-75
-66
-48
-35
-31
-18
-6
5
15
17
28
35
38
44
47
52
57
62
77
90
110
126
137
140
138
138
133
127
119
111
92
78
70
66
64
62
61
58
35
10
-6
-21
-33
-46
-56
-72
-71
-75
-80
-73
-78
-94
-107
-120
-129
-133
-136
-136
-139
-154
-163
-156
-152
-146
-148
-155
-157
-149
-143
-135
-122
-115
-108
-98
-87
-72
-52
-32
-17
-9
-4
12
28
41
51
60
76
91
108
128
149
164
170
174
173
180
191
188
175
159
149
146
149
148
146
154
148
132
114
98
84
62
30
14
10
7
4
-3
-13
-24
-36
-48
-54
-66
-74
-84
-84
-86
-89
-90
-92
-95
-103
-105
-100
-101
-101
-91
-81
-78
-70
-58
-47
-50
-49
-48
-47
-45
-45
-28
-9
12
19
31
47
58
72
78
78
72
74
74
83
94
97
103
101
91
87
92
92
86
72
60
59
58
52
50
45
34
24
13
9
10
5
-8
-20
-29
-26
-37
-50
-54
-53
-60
-64
-64
-68
-74
-98
-111
-115
-117
-122
-134
-143
-145
-142
-150
-147
-135
-123
-118
-116
-114
-108
-102
-97
-83
-61
-45
-39
-37
-25
-7
2
10
18
22
31
41
54
74
77
77
81
83
84
85
67
61
57
52
64
67
61
62
67
63
61
59
49
46
49
50
55
48
43
37
17
-2
-8
-4
2
11
23
29
29
30
31
44
54
57
59
57
74
78
73
72
72
73
63
47
56
71
70
61
50
43
34
23
20
26
32
36
36
32
20
8
-7
-31
-40
-46
-51
-49
-49
-45
-44
-46
-49
-62
-68
-74
-74
-72
-64
-67
-67
-66
-75
-81
-86
-86
-80
-73
-77
-82
-86
-87
-95
-99
-98
-94
-84
-78
-61
-47
-30
-17
-4
2
4
8
8
15
24
32
35
43
58
64
66
67
65
61
48
40
38
36
39
37
37
38
37
28
15
6
1
-6
-11
-19
-24
-24
-35
-37
-42
-51
-52
-53
-46
-40
-34
-18
-8
-13
-20
-22
-18
-9
-8
-4
-5
2
9
14
9
6
14
16
14
8
9
4
4
10
14
9
20
33
42
48
44
40
39
37
42
36
24
18
15
23
27
30
37
50
60
50
34
27
24
18
25
23
26
38
46
49
49
44
38
37
36
41
48
60
64
71
68
62
61
56
60
53
42
42
42
38
30
22
6
-3
-9
-16
-27
-41
-57
-74
-70
-60
-58
-59
-62
-64
-73
-93
-104
-98
-88
-83
-84
-84
-80
-80
-81
-83
-92
-87
-78
-68
-50
-49
-41
-46
-61
-62
-60
-56
-44
-33
-27
-19
-12
-7
-8
-12
-18
-15
-14
-13
-5
3
6
8
13
15
12
8
13
19
14
3
-1
-6
-1
0
0
7
3
4
-2
-3
-1
-3
-5
-15
-14
-3
7
12
20
24
23
16
5
5
9
18
36
39
43
46
49
54
54
63
64
60
59
60
59
62
63
64
58
50
41
40
43
49
63
73
75
72
69
71
66
53
39
29
33
44
47
48
53
50
41
33
34
35
22
20
34
29
23
21
21
24
9
4
13
10
6
3
5
9
-2
-8
-12
-19
-26
-25
-25
-33
-40
-45
-54
-68
-82
-103
-117
-133
-152
-159
-159
-162
-162
-164
-163
-156
-159
-162
-165
-164
-157
-156
-140
-126
-117
-108
-100
-89
-81
-69
-48
-26
-7
16
36
54
72
89
104
115
120
133
158
166
167
177
183
176
165
158
156
148
143
142
125
102
89
73
53
30
10
-11
-26
-38
-45
-46
-53
-75
-88
-94
-104
-104
-107
-116
-110
-101
-93
-94
-88
-75
-69
-61
-48
-30
-12
-2
5
14
13
6
2
4
16
25
32
40
54
62
75
86
89
88
91
100
108
115
126
128
116
113
113
112
100
100
96
82
73
65
65
59
49
34
17
6
-4
-17
-22
-34
-55
-69
-79
-86
-88
-87
-97
-109
-110
-114
-121
-127
-121
-113
-100
-79
-71
-64
-53
-48
-54
-55
-50
-37
-25
-18
-10
-8
-6
0
10
23
26
30
43
55
56
51
46
49
53
49
47
45
43
34
23
25
29
25
16
6
5
-2
-14
-20
-34
-36
-42
-42
-35
-36
-30
-32
-44
-63
-73
-76
-87
-83
-77
-69
-67
-68
-61
-51
-44
-38
-34
-32
-19
-12
-2
10
12
18
26
30
37
44
59
71
67
59
62
59
50
46
52
58
52
51
55
58
60
60
51
49
55
60
58
56
52
41
26
12
8
10
10
8
0
-12
-28
-35
-33
-39
-36
-29
-30
-37
-38
-42
-41
-41
-46
-45
-47
-53
-53
-48
-31
-14
-8
0
5
6
10
14
18
28
38
45
51
50
51
59
62
57
53
54
57
59
64
61
49
31
29
38
35
35
35
31
22
6
-1
-10
-18
-19
-22
-32
-42
-52
-66
-64
-61
-58
-52
-49
-43
-47
-57
-59
-71
-71
-69
-71
-65
-62
-57
-51
-48
-42
-35
-30
-23
-23
-21
-21
-15
-10
-12
-12
-15
-6
2
6
16
28
36
44
45
44
48
50
46
49
51
49
54
54
53
56
65
69
70
76
67
53
40
29
16
-2
-8
-5
-4
-7
-18
-28
-38
-45
-52
-59
-60
-65
-80
-95
-103
-106
-103
-94
-93
-91
-83
-73
-61
-52
-37
-21
-15
-8
-4
-5
1
10
20
38
53
55
57
56
56
52
51
48
44
46
49
50
50
53
53
55
47
32
26
26
27
33
28
21
20
13
13
15
12
10
7
7
8
11
6
-10
-23
-33
-41
-41
-38
-33
-30
-27
-24
-24
-20
-20
-5
11
19
31
40
44
37
43
49
60
84
98
105
108
109
104
103
102
107
113
111
104
95
82
65
48
24
13
9
-2
-16
-29
-41
-57
-70
-84
-101
-115
-121
-128
-123
-125
-128
-127
-129
-138
-137
-134
-134
-130
-134
-137
-135
-129
-130
-127
-122
-116
-106
-101
-98
-86
-78
-64
-50
-41
-35
-20
-2
12
26
37
44
37
44
59
70
81
84
100
112
111
109
111
114
112
107
101
95
82
77
74
69
68
65
66
66
66
60
54
40
24
9
0
-7
-17
-18
-18
-19
-16
-23
-32
-36
-39
-45
-40
-42
-37
-33
-40
-45
-47
-47
-44
-38
-36
-24
-16
-9
-2
5
16
30
40
36
41
49
49
40
36
41
48
56
69
82
89
91
85
85
89
86
79
74
65
61
57
49
41
38
30
23
21
20
17
15
20
17
10
-4
-20
-34
-44
-56
-67
-78
-87
-88
-95
-106
-113
-117
-121
-125
-127
-128
-125
-122
-122
-117
-119
-127
-133
-128
-117
-97
-70
-59
-41
-34
-34
-20
-7
10
31
50
63
68
70
77
83
85
87
79
69
63
63
61
66
76
72
66
59
57
45
26
19
16
20
30
25
21
16
0
-6
-9
-16
-10
-12
-11
-5
-6
-6
-19
-29
-26
-21
-29
-35
-38
-41
-42
-44
-46
-47
-51
-48
-48
-53
-44
-39
-35
-32
-29
-16
-6
6
25
43
48
43
50
64
62
61
64
60
69
79
82
76
70
70
69
56
47
45
46
50
50
48
42
33
32
30
26
20
13
1
-6
-8
6
9
11
11
-4
-17
-40
-50
-48
-50
-52
-54
-56
-64
-76
-89
-87
-84
-84
-80
-76
-69
-66
-56
-55
-61
-51
-40
-24
-5
8
17
28
40
59
69
69
73
74
81
81
73
66
50
40
34
24
27
31
26
12
5
5
5
7
-2
-14
-24
-33
-41
-45
-49
-56
-60
-56
-46
-37
-37
-44
-44
-53
-59
-55
-49
-42
-37
-41
-39
-36
-34
-23
-14
-8
1
18
31
35
38
30
28
28
21
26
22
29
44
52
55
51
55
56
44
45
49
32
20
8
10
11
-11
-18
-10
-9
-10
-7
-7
-12
-20
-24
-20
-22
-18
-9
-12
-20
-20
-22
-22
-22
-21
-5
-2
8
15
23
15
11
8
-1
1
4
15
15
18
17
7
-3
-6
-2
-7
-9
-12
-14
-13
-19
-27
-24
-17
-5
10
9
11
7
-2
-12
-12
-6
3
14
16
23
19
3
-5
-4
-5
0
6
15
19
20
20
25
21
8
0
-8
-12
-5
8
25
35
40
45
35
33
30
28
27
19
16
16
20
25
30
26
32
36
38
40
34
26
17
11
5
5
0
-8
-17
-35
-50
-51
-60
-63
-66
-71
-69
-70
-75
-83
-84
-83
-71
-60
-57
-44
-28
-22
-19
-17
-8
6
16
18
16
6
8
11
5
7
1
-3
6
9
11
6
1
5
5
5
13
28
45
48
49
45
31
19
7
-7
-6
0
8
11
0
1
3
0
10
10
11
16
13
15
11
1
1
-2
-2
2
-10
-22
-28
-33
-29
-33
-38
-30
-27
-29
-34
-36
-29
-36
-37
-39
-34
-22
-18
-1
4
2
3
3
6
7
13
23
25
29
35
39
36
24
15
13
15
16
24
36
43
52
55
55
56
49
40
32
33
38
52
57
56
59
56
52
47
46
46
43
29
17
14
11
4
2
7
9
6
-5
-11
-15
-27
-30
-32
-31
-35
-38
-39
-50
-66
-74
-84
-88
-83
-80
-72
-64
-61
-60
-49
-41
-33
-26
-24
-27
-20
-18
-21
-12
-12
-7
-4
8
12
7
1
5
12
15
20
21
17
10
3
0
5
11
18
29
39
41
45
49
51
53
46
33
24
20
12
13
4
0
-4
-12
-13
-23
-22
-19
-11
-10
-18
-27
-35
-39
-48
-62
-71
-64
-54
-47
-47
-45
-41
-29
-28
-19
-7
-9
-4
-6
-12
-11
-3
2
4
9
20
21
22
17
15
26
21
31
50
63
68
73
65
57
56
49
52
56
57
49
42
34
23
19
17
16
11
11
8
7
4
-1
-3
-7
-19
-29
-33
-38
-36
-29
-21
-15
-14
-8
-2
-2
-2
-2
-4
-6
-11
-8
2
12
13
16
20
17
12
11
20
31
35
42
50
43
33
24
6
-3
-4
-8
-4
-1
-3
-8
-11
-13
-11
-10
-14
-13
-8
-12
-20
-25
-28
-32
-38
-43
-43
-42
-43
-53
-60
-60
-65
-71
-73
-70
-62
-53
-44
-31
-24
-15
-12
-11
-9
-11
-11
-1
14
27
36
41
40
39
43
44
36
26
19
17
20
28
34
38
42
37
25
23
24
23
15
11
7
7
14
24
37
41
40
38
29
13
-1
-11
-14
-22
-27
-30
-35
-29
-26
-18
-14
-21
-24
-42
-57
-63
-75
-71
-63
-55
-44
-42
-30
-26
-25
-32
-39
-40
-29
-15
-9
-4
6
19
23
32
36
39
47
52
58
67
66
62
55
51
52
55
60
65
64
64
70
73
73
68
66
61
58
50
39
31
26
27
19
19
11
5
-2
-16
-15
-19
-20
-23
-30
-40
-46
-53
-65
-67
-68
-62
-65
-63
-55
-49
-48
-55
-62
-73
-80
-67
-59
-52
-40
-29
-14
-17
-19
-18
-23
-22
-17
-3
7
7
14
16
15
18
29
36
40
42
40
39
35
31
38
44
41
47
51
44
39
35
26
20
18
14
9
8
7
5
-3
-6
-2
-13
-20
-26
-28
-22
-26
-39
-51
-56
-47
-38
-34
-31
-26
-26
-32
-28
-28
-24
-10
-3
5
5
7
9
5
1
1
2
8
9
-4
-11
-9
-5
5
11
25
33
34
38
39
34
30
28
30
20
12
10
8
14
11
13
13
11
14
8
-3
-5
-11
-18
-23
-27
-31
-26
-21
-25
-29
-30
-28
-37
-45
-46
-43
-36
-25
-19
-14
-9
-8
-2
1
10
16
24
35
39
45
38
43
48
47
49
49
41
36
31
32
31
33
43
47
49
38
27
31
30
32
36
26
11
-3
-13
-16
-19
-21
-23
-22
-25
-29
-27
-30
-29
-29
-31
-34
-41
-47
-49
-41
-34
-25
-8
-2
4
-4
-6
-2
-4
3
0
-2
7
9
14
18
19
22
18
19
17
17
20
27
38
40
34
24
12
0
-11
-27
-34
-35
-37
-36
-43
-50
-57
-58
-59
-57
-46
-43
-33
-44
-55
-50
-52
-54
-53
-46
-44
-34
-27
-17
2
12
16
11
2
0
2
11
20
29
29
26
23
20
23
26
24
27
26
27
36
38
43
43
43
44
35
33
39
43
46
52
55
45
35
27
24
27
29
43
54
56
45
32
28
20
7
0
-8
-18
-25
-27
-30
-30
-38
-43
-41
-47
-50
-42
-36
-48
-51
-46
-45
-45
-40
-32
-21
-13
-7
-1
-2
-8
-11
3
13
5
8
7
-1
-6
-15
-13
-8
-7
7
16
20
18
15
13
10
12
20
19
16
18
19
31
38
37
36
29
26
18
9
9
-3
-11
-14
-19
-9
3
11
14
10
6
0
-11
-9
-7
-9
-4
0
1
3
2
-3
-13
-1
7
3
17
32
30
19
4
-12
-21
-28
-28
-21
-13
-11
-13
-11
-12
-13
-18
-22
-22
-26
-28
-28
-32
-24
-21
-28
-22
-23
-26
-22
-28
-20
-11
-7
-9
-8
-4
-3
-9
-14
-23
-29
-31
-36
-38
-38
-47
-44
-33
-24
-11
5
19
19
16
5
-3
-2
3
17
27
42
55
68
69
56
43
34
23
18
19
26
33
36
41
39
41
43
38
37
37
38
37
24
20
19
12
20
22
24
24
17
18
11
-1
-5
-7
-2
2
-1
-2
-7
-7
1
1
-2
-6
-12
-21
-30
-39
-37
-33
-39
-36
-37
-40
-28
-19
-18
-16
-15
-12
-10
-19
-27
-19
-14
-8
4
16
27
29
26
17
13
11
13
20
23
26
25
16
6
0
-3
-8
-11
-6
-9
-14
-16
-21
-18
-17
-22
-23
-15
-12
1
6
-2
-12
-23
-28
-35
-30
-14
0
10
9
10
-8
-26
-29
-38
-34
-27
-29
-22
-22
-33
-27
-19
-22
-20
-16
-5
8
17
17
11
5
-2
0
9
23
35
48
49
40
35
33
42
55
63
67
57
44
34
24
18
18
22
24
29
31
20
7
-6
-11
-23
-37
-43
-49
-52
-56
-49
-35
-25
-26
-27
-33
-35
-30
-27
-29
-35
-31
-26
-14
-13
-11
-12
-6
-4
-9
-5
-4
11
23
34
34
23
17
16
13
11
20
25
27
29
28
24
21
25
27
17
14
13
5
0
10
14
20
23
20
17
11
12
17
17
13
19
19
19
22
24
24
15
8
9
10
15
20
22
24
20
15
6
-9
-15
-22
-13
-10
-20
-27
-29
-33
-38
-37
-34
-33
-28
-31
-34
-33
-40
-34
-24
-13
-13
-6
-2
-13
-18
-25
-23
-20
-10
-4
-4
-10
-16
-22
-18
-9
-7
-6
-8
-7
-16
-25
-31
-32
-32
-32
-24
-26
-25
-22
-13
-10
-7
-4
-2
-7
-21
-18
-12
-3
11
29
37
43
46
46
51
42
37
37
38
39
34
24
19
14
8
7
10
6
4
-5
-8
-3
3
-2
-2
-2
-13
-10
-8
-9
-4
-5
-6
-5
-6
-6
-2
1
0
5
15
26
31
28
30
24
22
23
14
9
4
4
4
1
17
34
38
41
42
39
27
17
8
0
1
1
2
16
22
25
18
9
3
-2
-7
-6
-4
-1
7
6
9
3
-5
-13
-30
-29
-27
-30
-26
-30
-30
-26
-28
-30
-32
-31
-29
-24
-24
-18
-14
-13
-10
0
6
9
10
5
3
2
6
7
7
-1
-11
-20
-25
-25
-23
-28
-39
-40
-40
-30
-25
-21
-18
-21
-21
-28
-32
-32
-33
-29
-12
-2
-2
2
-6
-11
-19
-29
-27
-23
-1
14
17
33
31
29
25
14
10
4
11
12
9
9
5
5
4
3
0
-2
-6
-12
-10
-7
-5
-5
3
10
14
23
25
22
19
15
16
11
8
14
16
21
26
34
35
37
35
37
46
44
46
51
62
67
66
66
56
47
43
44
45
47
54
60
64
55
41
36
25
14
4
0
-3
-8
-8
-14
-19
-30
-31
-34
-34
-27
-34
-30
-30
-42
-51
-59
-64
-72
-68
-58
-50
-47
-42
-46
-45
-44
-45
-38
-36
-36
-37
-41
-41
-37
-49
-52
-51
-47
-45
-52
-45
-42
-41
-35
-37
-29
-19
-17
-9
-4
4
6
14
17
17
22
31
39
45
50
44
34
20
12
0
-7
-4
-5
5
6
11
17
23
11
-4
-17
-26
-23
-25
-22
-17
-12
-17
-17
-13
-10
-11
-14
-10
-3
11
17
22
25
33
44
56
73
83
93
98
97
89
85
76
71
67
57
52
55
56
55
56
48
32
20
12
-2
-23
-35
-39
-36
-33
-28
-30
-40
-49
-45
-29
-22
-17
-21
-19
-13
-10
-3
6
5
0
0
-13
-21
-20
-20
-20
-25
-17
-11
-9
-10
-6
1
2
-3
-10
-12
-14
-3
-1
-1
-2
-7
-13
-21
-20
-24
-21
-13
-8
-12
-19
-25
-25
-26
-32
-29
-28
-22
-12
-3
2
3
-4
-5
-1
-3
-2
-3
-3
-6
-4
2
13
18
15
15
11
4
1
-3
-10
-11
-11
-15
-18
-16
-13
-10
-7
2
0
-1
-3
-15
-15
-13
-13
-11
-17
-25
-20
-15
-3
13
2
-9
-22
-24
-27
-31
-19
-17
-12
-10
-6
13
21
14
23
22
16
10
1
-1
-2
7
15
16
25
44
60
67
65
66
70
74
65
64
65
52
48
44
32
27
21
23
23
24
27
18
6
-12
-25
-28
-33
-33
-21
-3
7
17
18
10
5
4
9
9
10
1
-10
-20
-29
-25
-19
-13
-5
-1
-2
3
5
-11
-22
-32
-41
-36
-35
-29
-26
-28
-33
-34
-38
-38
-28
-24
-18
-15
-19
-13
-13
-12
-8
-5
-4
2
6
6
7
4
8
4
-5
-9
-10
-9
-12
-12
-15
-13
-19
-27
-26
-22
-16
-9
-9
-11
-8
-1
-1
2
-2
-7
-8
-3
0
8
14
16
19
16
13
9
20
32
28
33
36
28
22
21
23
26
28
23
11
9
10
8
8
3
-1
-10
-13
-14
-14
-16
-25
-30
-34
-27
-23
-26
-28
-27
-28
-31
-24
-26
-30
-32
-32
-28
-21
-12
-4
6
16
14
12
14
7
5
13
24
27
29
34
41
38
30
32
21
14
23
22
23
17
13
11
0
-2
7
18
25
37
39
38
31
17
17
27
29
35
33
27
24
15
9
5
-5
-8
0
9
19
23
21
20
8
-5
-17
-14
0
11
17
8
-1
-10
-11
-8
-11
-13
-17
-15
-19
-28
-33
-40
-56
-65
-58
-54
-46
-33
-15
-5
-5
-1
-7
-18
-22
-24
-31
-32
-42
-44
-43
-41
-41
-44
-37
-29
-26
-29
-41
-36
-29
-26
-14
-3
-6
-21
-21
-18
-12
-3
4
13
20
25
34
29
24
30
36
44
43
44
58
63
68
77
80
79
75
67
60
54
44
35
30
29
22
21
17
9
6
0