-19
-12
-4
-11
-10
-1
7
20
14
0
-7
6
21
13
-7
-9
15
27
22
17
23
26
24
26
20
15
22
18
12
25
35
42
31
2
-4
18
15
-10
-28
-32
-10
27
34
24
25
25
27
30
20
-3
-7
-5
-10
-10
-4
1
1
0
-13
1
26
34
33
18
4
-1
-3
-6
-15
-24
-24
-16
-4
-6
-10
-12
-7
-3
15
31
37
35
20
1
-26
-34
-29
-23
-29
-28
-9
-2
-5
-9
-4
-12
-9
-7
-9
-11
-14
-17
-24
-15
-1
8
-1
-27
-43
-42
-49
-49
-28
-10
-7
-11
-21
-34
-36
-27
-18
-11
-7
-6
8
30
17
-4
-10
-12
-15
-24
-31
-20
-2
10
4
-1
14
23
12
-8
-20
-5
22
19
0
-14
-16
-4
1
2
2
10
17
24
22
13
15
21
22
22
26
25
26
36
37
40
46
46
32
23
33
35
29
7
-15
-11
-3
10
19
27
16
3
-8
-12
-5
-8
-4
-16
-21
-20
-11
9
15
-1
-21
-13
4
13
6
-3
10
20
19
18
17
13
14
21
14
2
1
5
5
6
-2
-7
-3
-8
-21
-22
-14
-22
-26
-30
-28
-16
-11
-18
-38
-44
-34
-25
-12
-10
-5
5
6
3
0
0
-3
-22
-47
-55
-39
-12
10
9
5
11
21
19
4
-3
0
14
23
20
18
30
37
29
32
26
30
37
30
21
16
16
15
10
-6
-24
-20
-7
-8
-11
-6
1
-2
-21
-33
-40
-35
-35
-37
-35
-35
-30
-23
-14
-8
-12
-16
-20
-25
-24
-20
-9
4
-1
-17
-5
6
-1
-18
-31
-23
-5
0
-10
-15
-1
14
14
0
-10
-3
2
-7
-14
-6
-5
-8
-15
-32
-29
-7
25
49
55
37
33
52
52
41
32
25
18
25
41
54
45
32
24
12
11
11
13
21
22
25
37
46
34
22
11
7
13
14
21
36
47
35
15
2
1
12
6
-21
-25
-12
-4
-9
-8
11
20
24
15
-9
-32
-36
-24
-21
-21
-22
-16
-7
-8
-23
-35
-23
-15
-6
6
0
-11
-8
0
-6
-12
-19
-26
-44
-57
-49
-38
-32
-39
-32
-20
-27
-33
-37
-32
-11
-5
-3
-5
-15
-25
-24
-24
-32
-29
-8
-2
-16
-25
-18
-21
-13
-12
-25
-27
-18
-2
12
11
0
6
24
31
20
8
13
28
45
42
15
-10
-19
-14
2
16
22
24
22
14
-2
-8
-2
2
0
-3
0
14
21
6
-5
4
3
9
16
1
-10
5
19
37
56
57
56
49
41
23
12
15
32
37
28
28
20
25
33
35
29
13
4
8
21
27
23
8
-13
-22
-25
-25
-16
-3
13
18
19
23
18
12
3
-14
-31
-42
-44
-23
4
15
0
-19
-23
-20
-16
-21
-28
-31
-27
-23
-15
-12
-14
0
-5
-25
-27
-23
-9
9
5
-6
-12
-11
-7
-7
-7
-5
-7
0
6
1
4
-13
-34
-50
-41
-15
-7
-13
-26
-24
-15
9
18
-3
-8
-15
-17
-9
-6
-4
1
3
7
22
37
40
26
12
4
1
4
2
-5
1
1
2
14
19
22
36
37
27
14
2
-6
-23
-37
-36
-13
0
-6
-11
-16
-19
-19
-10
-12
-25
-27
-20
-9
0
1
0
-1
-11
-14
-12
-2
6
5
1
-2
0
8
15
5
-14
-12
7
19
7
-20
-16
19
40
34
24
22
6
-18
-16
6
30
34
25
15
2
11
40
47
26
2
-4
2
6
17
5
-11
-2
10
20
16
11
24
36
34
33
30
17
8
9
2
-4
0
11
14
17
29
33
26
15
11
21
27
32
23
8
-7
-19
-16
-16
-13
-23
-55
-75
-64
-37
-10
-13
-28
-41
-40
-19
-6
-18
-37
-49
-31
-16
-32
-36
-14
8
3
-26
-47
-33
-20
-9
-2
-5
11
16
10
1
-2
-2
1
15
12
9
10
5
4
4
-1
-3
10
11
-1
2
14
36
43
24
-2
-20
-30
-30
-11
5
0
-4
-17
-38
-29
-7
-6
-17
-40
-47
-26
0
-2
-16
-17
-22
-21
-3
17
24
21
10
-10
-21
-6
18
23
11
-5
6
17
11
9
9
6
-7
-12
-3
14
26
23
1
0
15
30
36
25
21
21
16
7
4
9
22
33
31
19
10
17
25
29
35
34
32
27
21
22
20
18
23
28
24
18
15
17
15
26
28
-2
-26
-35
-28
-17
-11
-2
10
5
1
-2
0
2
-15
-21
-11
6
5
-14
-36
-31
-19
-12
-3
-14
-24
-23
-38
-51
-40
-26
-11
-25
-46
-38
-21
-18
-19
-10
-2
2
0
-11
-18
-12
1
5
-2
-8
-7
-2
-5
-8
-18
-23
-19
-1
14
10
15
16
15
10
-6
-11
-18
-20
-8
-1
14
28
28
22
5
-9
-10
1
19
28
19
9
-6
-7
1
4
2
5
12
-3
-5
0
6
8
-3
-6
-4
-5
-8
-18
-15
2
11
12
7
17
29
18
-7
-17
-14
-16
-30
-33
-34
-29
-7
2
-9
-14
-6
-1
3
4
-1
-10
-9
6
28
42
28
10
-10
-23
-26
-24
-20
-24
-16
0
19
25
20
6
6
12
14
23
30
32
26
19
13
18
33
30
22
30
37
40
40
41
40
28
32
41
22
-2
-8
7
16
17
10
-9
-20
-27
-42
-49
-30
-2
12
0
-22
-31
-25
-16
-29
-45
-37
-3
40
48
29
9
-1
0
-2
-18
-37
-29
-17
-12
-17
-11
11
21
19
10
-2
-11
-5
11
11
0
-1
7
8
-8
-10
-7
-12
-6
13
28
28
29
15
-1
-8
-12
-12
-12
3
10
9
-1
-11
-16
-17
-25
-35
-41
-48
-37
-32
-24
-26
-29
-27
-31
-48
-63
-56
-40
-34
-36
-31
-30
-24
-20
-22
-15
-11
-9
-6
4
6
-3
-3
-4
-14
-20
-7
6
14
7
6
15
14
13
13
8
14
29
28
13
-3
-2
10
21
11
-4
12
41
61
62
59
64
76
77
58
35
31
46
59
63
53
37
35
28
20
26
40
51
37
9
-4
21
47
33
13
21
21
10
-8
-17
-9
-2
-9
-27
-28
-27
-17
-6
-6
-16
-13
-3
-9
-25
-35
-29
-28
-28
-26
-27
-35
-38
-38
-41
-30
-13
-7
-15
-24
-31
-30
-17
-22
-29
-22
-6
0
3
-6
-13
-5
-11
-24
-33
-43
-36
-5
14
11
-1
-16
-9
5
-14
-16
9
28
20
-13
-30
-17
-1
12
16
3
0
5
7
-7
-26
-28
-14
-2
3
5
8
14
18
14
2
-13
-18
-16
-20
-16
-20
-27
-22
-13
-11
-6
3
4
5
12
24
21
-4
-11
1
18
23
10
6
-7
-13
-11
-9
-7
6
23
30
36
39
39
38
29
27
25
20
18
12
11
5
16
40
38
17
-11
-14
10
18
7
-5
-9
-1
15
9
11
14
26
29
21
27
25
-1
-12
-20
-23
-1
8
10
-5
-5
21
35
32
24
6
-2
-3
-9
-1
-4
-6
-21
-39
-33
-18
-5
0
-15
-18
-10
-7
-19
-34
-38
-39
-27
-25
-31
-36
-28
-16
-5
-6
-1
-9
-28
-46
-59
-46
-22
7
0
-16
-17
-3
14
11
-2
-15
-4
7
15
15
18
19
27
36
54
69
58
30
14
25
41
41
31
18
8
0
1
26
45
25
9
16
32
40
23
14
10
13
7
6
17
24
-1
-26
-26
-13
8
-3
-11
-10
-28
-34
-31
-31
-39
-43
-43
-37
-45
-47
-58
-44
-34
-41
-47
-42
-50
-68
-65
-70
-62
-67
-61
-28
-12
-1
-7
-12
-4
-20
-29
-21
-16
-4
-4
-11
-12
5
18
26
28
4
-5
22
55
68
52
55
45
34
31
24
41
37
29
26
38
45
56
47
72
97
58
38
20
29
42
35
24
21
12
16
2
-1
14
16
33
28
30
39
44
48
35
9
16
21
-4
-17
-35
-34
-21
5
-2
-17
-16
-8
6
1
-14
-22
-22
-23
-26
-16
-15
-20
-13
-2
7
9
-1
-11
-20
-25
-24
-30
-26
-51
-55
-43
-3
3
-21
-24
-8
-3
-14
-9
-4
3
-14
-14
-37
-45
-40
-32
-15
-17
-17
-4
2
-1
10
7
-1
-29
-17
-23
-12
-24
-21
0
-17
-18
-47
-42
-44
-29
-24
-26
-15
-18
-23
-14
-23
-33
-37
-25
-19
-12
3
-15
0
2
-11
-30
-42
-18
4
35
26
9
24
46
59
37
34
42
57
42
22
16
33
59
89
85
54
35
29
32
15
20
43
68
62
43
46
61
72
65
49
36
31
33
41
27
14
19
14
29
19
27
31
16
31
19
-9
-20
-29
-21
-24
-51
-74
-66
-41
-62
-40
-35
-35
-34
-30
-26
-52
-37
-46
-44
-44
-29
-47
-56
-50
-31
-10
-12
-43
-49
-26
-33
-22
-57
-47
-63
-51
-17
9
-2
-4
11
15
-2
-44
-9
7
26
16
18
64
63
67
59
33
25
26
25
26
8
13
9
12
12
10
22
-3
10
-2
5
24
2
-4
-18
24
45
28
8
1
-2
-6
-4
-5
-4
6
4
1
13
-17
18
28
31
36
16
3
6
8
10
14
1
-17
-25
-4
-13
-1
12
3
-11
-38
-57
-63
-39
-16
0
2
13
-10
-28
-37
-28
-9
-11
-33
-51
-26
-11
-1
-33
-35
-38
-8
-20
-22
-11
-33
-12
-17
-13
3
7
-5
-2
-21
-21
-21
-5
20
15
20
1
0
4
3
15
53
45
44
31
12
7
12
13
19
5
-26
-7
8
34
23
29
21
-4
4
32
28
55
23
12
26
18
33
21
34
24
27
31
34
27
24
22
13
38
35
26
34
22
23
24
9
-9
-16
-8
24
48
37
6
-8
-17
-17
-6
-15
-18
1
19
26
45
26
27
12
-7
-4
-15
-8
-7
22
4
-5
0
-9
3
-20
-22
-31
-31
-30
-45
-62
-56
-55
-53
-68
-71
-85
-71
-61
-53
-53
-63
-61
-73
-66
-75
-48
-38
-35
-36
-41
-36
-31
-47
-23
-39
-34
-10
-29
-29
-37
-44
-24
-14
-13
23
13
20
37
1
12
14
6
13
-6
-15
3
9
37
35
24
22
29
15
37
48
52
74
47
48
56
45
60
71
46
21
19
43
46
62
62
55
58
50
41
51
36
42
37
28
41
53
42
34
31
35
61
46
20
11
19
17
36
47
33
14
5
16
19
8
-21
-36
-18
9
14
-3
-21
-21
-6
-16
-29
-55
-38
-43
-30
-22
-14
-35
-46
-36
-32
-38
-63
-58
-43
-33
-4
-11
-28
-9
-33
-22
-40
-50
-28
-19
10
8
9
-19
4
-1
7
-3
-44
-27
-37
-25
-42
-27
-26
-21
-27
-25
-29
-27
-14
-16
-1
-10
-2
-16
-22
-36
-7
7
-13
-10
-21
20
-13
-9
-9
-29
-28
-38
-6
-6
-5
-25
-25
-39
-6
-31
-26
-44
-38
-37
-27
-17
-20
11
-4
23
27
36
27
33
12
31
33
21
35
50
55
59
50
67
78
80
60
51
48
42
72
69
85
49
40
36
56
55
32
18
16
19
13
8
-4
28
2
23
2
-4
11
-16
12
-10
-10
-10
10
-12
-2
9
-15
-16
-42
-31
-20
4
0
3
8
-2
9
15
-6
-12
-13
-26
5
0
0
-6
-14
19
5
6
-22
-35
-73
-55
-57
-50
-30
-42
-51
-63
-28
-31
12
-20
-4
-7
-4
-11
-36
-7
-20
10
-15
11
-8
0
-16
-11
-7
9
22
2
20
-5
0
-17
0
-12
-16
-27
-4
8
-8
-9
-16
17
-4
7
-4
7
3
14
32
13
25
24
43
37
46
15
9
9
2
-14
6
20
21
28
-11
-9
2
2
-12
-34
-54
-71
-65
-54
-33
-9
-11
5
-13
-16
-14
-23
-19
3
-19
-18
-25
-22
4
-1
13
10
35
29
18
21
23
3
18
-7
-16
-24
-6
4
17
3
-24
-14
12
36
25
49
25
30
37
15
-1
23
7
-10
-8
-4
28
39
39
45
56
42
49
8
4
-9
6
7
12
15
11
27
11
31
20
4
-33
-18
-10
3
-23
-12
13
1
14
-6
-6
3
10
6
10
13
5
2
-3
17
16
-16
-37
-16
-13
11
1
-14
5
8
23
-19
-3
1
-4
9
0
15
14
-1
-8
6
8
14
6
-2
-6
-4
-1
5
-4
-6
12
12
35
-14
-34
-43
-38
-32
-27
-34
-39
-21
-32
-32
-45
-43
-49
-52
-41
-23
-17
-30
-35
-31
-43
-16
-54
-59
-51
-23
-4
-12
-15
-25
-26
-29
-4
10
29
5
11
5
23
16
18
41
42
14
-17
-4
-24
-10
-18
-4
13
17
14
14
10
-3
12
-5
27
0
-9
6
12
6
-4
-4
1
3
4
20
-9
11
1
31
35
56
58
38
18
11
55
60
79
43
73
66
56
55
40
31
38
36
42
37
39
62
22
33
-9
-1
-4
6
-14
-10
-7
-16
-4
-18
-39
-35
-24
-14
-22
-26
12
-1
36
1
-30
-14
-45
-44
-45
-41
8
-1
11
3
-2
-3
-27
-37
-14
-16
-32
0
-8
0
7
-6
12
1
-33
-10
-3
9
4
-29
1
-3
-5
-35
-34
-14
-17
-37
-12
11
23
2
3
-11
-38
-14
-31
15
5
30
-9
-1
-13
-41
-12
-41
-13
1
-40
-17
-22
-11
-4
-25
-20
-24
10
-7
13
-13
-36
-30
-8
-1
9
-19
4
11
0
8
9
3
-40
-18
-3
20
-1
-25
-36
-4
4
-3
-13
-34
-29
-34
-10
-14
-7
-8
30
8
43
25
15
9
-14
13
27
30
24
31
7
25
38
43
57
56
63
64
64
47
30
29
10
-13
-3
-40
28
41
60
39
6
6
9
22
15
27
3
-4
-3
17
8
-2
-28
-23
-25
11
17
10
36
9
5
-21
-12
-23
-18
-4
6
-6
4
13
12
19
-9
1
10
18
-1
3
12
28
45
19
16
17
24
-6
3
13
22
29
11
16
15
-11
-31
-12
-18
-22
-12
-32
-27
-11
3
18
17
5
-23
-68
-67
-62
-35
-6
-23
-28
-39
-27
-18
-42
-36
-23
-59
-36
-25
-6
26
10
-9
-38
-40
-60
-63
-69
-38
-41
-42
-14
-5
4
-7
-12
-34
-39
-58
-51
-43
-14
-32
-17
-29
-30
-40
-50
-11
-9
12
-8
-13
-14
-7
8
65
54
57
43
4
30
15
0
-16
-9
2
42
28
46
11
11
36
37
34
36
36
39
73
40
61
44
65
60
33
40
29
38
56
39
37
35
35
45
29
52
27
33
37
25
50
33
35
32
15
35
21
45
58
47
19
18
26
9
9
6
-10
-16
-11
-16
-10
24
-17
-16
6
3
27
-11
-6
-42
-31
-36
-32
-42
-35
-24
-52
-1
-32
-16
-29
-55
-26
-46
-61
-13
-21
-18
-29
-46
-22
-40
-59
-74
-83
-37
15
-7
-29
-50
-42
-7
2
-1
-29
-12
3
-24
-22
-40
-63
-51
-57
-42
-18
-28
-1
-13
-28
-43
-37
17
-17
-29
-16
-4
-6
1
-16
16
39
8
14
10
15
26
-13
-1
10
-35
16
-26
14
33
12
14
-3
8
5
19
21
25
2
38
6
-33
-26
-3
26
48
63
68
51
12
11
9
46
58
79
65
54
42
38
21
35
66
31
41
26
28
-6
6
-22
-23
-11
-31
-15
-24
26
-10
19
-1
23
52
25
29
-11
-8
29
16
-6
-3
14
65
30
31
-4
22
4
-11
-34
-40
-58
-56
17
-46
11
13
-26
3
-57
15
-37
-22
7
-21
-11
-40
-14
-17
-17
-8
28
86
89
57
44
-25
-15
-24
-11
4
3
13
-31
26
-11
-6
-34
-46
-4
10
-21
19
-32
-65
-45
-25
32
-28
-22
-31
-20
-30
-8
-12
-10
-6
-21
9
18
-16
-38
-91
-64
10
19
27
-17
-35
-16
-25
-36
-45
-42
-52
-47
0
-30
-16
-18
-25
21
-17
36
-5
-12
45
-18
29
31
23
-39
-11
9
-16
-9
-33
2
18
-19
-48
-21
-47
-41
-36
-9
0
6
24
-2
28
21
46
55
98
76
28
-6
20
20
27
20
22
43
42
55
38
70
62
62
52
20
3
14
10
20
17
10
52
51
81
67
61
8
-10
43
36
56
5
-56
2
24
2
1
-24
-31
-20
-5
-15
-43
-5
-28
-84
-16
-5
-37
-37
22
0
40
10
-10
36
-43
-6
-21
-17
-21
-42
-10
8
-8
-29
-61
-21
-51
-48
15
-14
29
-11
-21
-53
-6
-2
-19
4
14
30
51
29
-6
-52
-73
-33
-20
35
-5
2
19
-2
-5
10
-58
-22
-7
11
20
18
15
-24
-4
11
-57
-29
-2
43
56
19
3
-68
-11
-53
-67
-50
-8
22
12
-3
-44
-22
-38
-15
-21
-8
-5
25
-11
43
32
55
24
1
27
25
43
33
36
-27
20
41
46
11
-28
-43
-36
-18
-45
-20
-26
-9
-32
-82
-50
-25
-22
-2
-47
-17
-66
-46
26
-7
21
0
45
50
-16
-36
31
39
84
61
18
59
-8
-13
9
63
96
24
34
9
-4
-16
44
56
16
38
6
-21
42
32
40
47
-1
39
8
-13
-24
-42
-28
-13
-43
38
21
-13
17
-10
80
51
59
28
42
70
40
24
-8
14
-21
17
-2
-16
18
66
36
35
-19
53
27
-3
9
-90
-48
13
25
-38
-36
-69
-85
-117
-45
-13
-21
8
-24
21
-20
-18
-1
-24
-7
-47
-48
-23
-21
-6
38
12
-3
-41
-14
-45
-56
9
-22
-57
-73
-46
-70
-44
-47
-30
-60
-21
-6
18
74
-1
9
-69
-48
-54
-60
-32
-38
-33
-14
-12
-21
-45
-91
9
25
47
96
60
38
32
-26
-21
30
27
42
-88
7
47
71
59
-50
4
23
21
68
-11
-13
-51
-42
54
52
66
75
63
49
76
42
92
72
-27
-10
-61
-63
-16
-8
67
75
11
34
22
73
23
-21
57
2
65
1
-46
5
-41
-7
24
32
4
15
43
1
-48
1
33
-15
102
38
32
-20
0
24
36
61
101
48
-24
-60
-85
-96
-40
27
-34
69
-64
-29
7
-7
17
-37
-22
-57
-15
-75
-31
-7
-18
101
44
-29
-4
-113
-38
-9
74
50
-6
-18
36
120
97
179
161
68
-77
-135
-198
-290
-388
-330
-222
-187
-153
-130
-4
51
98
95
122
226
171
92
18
-104
-92
-26
40
125
152
168
212
250
236
188
143
77
17
-89
-131
-97
-118
-203
-240
-191
-198
-225
-270
-300
-193
-151
-67
-24
11
-25
-7
46
14
146
131
215
259
218
234
203
172
72
-5
-11
43
24
-1
-12
-88
-119
-68
-51
-59
-118
-146
-121
-115
-71
-108
-100
-79
-28
41
152
249
201
121
107
72
70
45
-9
-10
20
69
98
191
193
143
20
44
29
-17
-53
-106
-70
-73
25
25
-27
-27
3
94
218
72
23
-28
-204
-284
-238
-134
-108
-102
-141
-63
4
63
50
33
78
138
160
163
123
127
99
-5
12
-60
-68
-113
-103
-5
-31
-94
-153
-162
-120
-52
25
83
137
178
142
45
-105
-175
-220
-206
-93
-17
92
134
106
196
156
173
183
91
91
14
15
27
-12
-11
-16
-49
-147
-128
-144
-190
-160
-160
-111
-80
-73
-40
-19
21
39
55
74
52
66
43
-6
14
27
-3
21
-7
-35
-9
-18
-53
-31
-41
-100
-154
-112
-50
3
87
82
67
20
-37
-46
-2
-32
-12
-18
-72
-20
-18
36
-9
2
61
113
123
66
43
41
35
-15
-65
-69
-77
-88
-27
-4
12
18
50
93
114
92
51
50
59
33
38
37
44
23
-14
-2
13
26
58
26
58
105
107
38
-17
-48
-37
5
0
38
9
44
104
117
125
90
33
-54
-131
-117
-67
-102
-123
-118
-25
35
38
59
105
138
121
105
35
-17
-89
-125
-115
-71
-19
-5
15
-3
-5
47
67
54
-14
-57
-45
-68
-50
-59
-65
-76
-50
-74
-94
-43
-13
-25
-29
35
16
16
-26
-69
4
32
41
37
-22
-39
-62
-41
-74
-69
-29
-5
51
11
-16
-59
-60
-42
-38
-7
35
35
10
-22
-33
-29
-67
-68
-29
32
73
58
39
-1
-21
-29
-38
-32
-15
-5
-22
-42
-33
-18
22
8
16
32
21
12
-6
-2
2
30
73
104
112
114
98
67
18
-45
-39
-67
-87
-51
-38
-51
-7
64
95
63
40
56
50
61
19
-36
-64
-53
-21
20
52
132
203
228
201
169
173
113
47
-31
-72
-94
-116
-128
-89
-29
29
85
129
158
167
159
140
124
106
99
105
107
122
118
112
134
165
170
176
157
140
103
19
-100
-239
-354
-454
-539
-606
-625
-612
-580
-571
-562
-539
-487
-401
-350
-314
-306
-281
-228
-182
-149
-133
-123
-104
-44
17
101
170
189
214
204
195
222
217
245
235
216
192
159
125
102
140
153
147
158
183
217
246
288
342
360
417
484
509
514
524
527
513
462
403
349
331
281
214
188
211
258
269
256
240
214
217
267
333
434
613
874
1170
1366
1440
1516
1547
1423
1184
873
437
-237
-1037
-1716
-2243
-2769
-3329
-3689
-3724
-3558
-3369
-3112
-2724
-2306
-1959
-1673
-1363
-1099
-947
-898
-874
-761
-564
-331
-72
274
697
1164
1631
2042
2362
2597
2679
2538
2247
1892
1514
1002
383
-192
-643
-977
-1242
-1417
-1462
-1330
-1113
-856
-525
-151
221
507
714
915
1138
1331
1439
1485
1550
1639
1712
1770
1834
1871
1816
1683
1555
1435
1252
984
696
424
180
-38
-256
-424
-539
-617
-640
-614
-528
-349
-46
347
811
1322
1763
2070
2339
2545
2575
2412
2037
1434
587
-433
-1429
-2271
-3104
-4025
-4744
-5086
-5128
-5005
-4813
-4495
-4061
-3600
-3192
-2830
-2464
-2133
-1914
-1839
-1752
-1450
-980
-526
-121
391
1124
1967
2715
3256
3674
3946
3926
3640
3176
2601
1868
929
-77
-954
-1588
-2037
-2428
-2698
-2713
-2492
-2155
-1733
-1222
-672
-164
229
583
946
1300
1602
1833
2032
2279
2514
2670
2790
2863
2889
2827
2714
2538
2311
2023
1644
1250
869
503
122
-253
-572
-829
-1036
-1142
-1146
-1057
-813
-393
102
723
1470
2122
2589
2968
3346
3553
3420
2975
2349
1493
378
-803
-1821
-2718
-3646
-4538
-5108
-5287
-5287
-5244
-5107
-4845
-4497
-4097
-3732
-3423
-3126
-2823
-2554
-2258
-1868
-1332
-700
-87
523
1278
2176
3054
3743
4217
4565
4723
4586
4140
3487
2686
1680
506
-625
-1536
-2240
-2831
-3313
-3566
-3507
-3202
-2788
-2285
-1717
-1148
-612
-133
287
709
1099
1404
1674
1929
2259
2618
2879
3006
3094
3183
3187
3065
2834
2510
2111
1648
1137
684
270
-98
-484
-889
-1190
-1369
-1398
-1265
-984
-573
19
785
1470
2024
2648
3285
3626
3562
3245
2799
2116
1092
-119
-1222
-2188
-3178
-4117
-4681
-4828
-4837
-4865
-4781
-4487
-4089
-3725
-3436
-3235
-3083
-2892
-2695
-2494
-2238
-1838
-1243
-565
110
903
1876
2911
3743
4300
4729
5034
5045
4647
3966
3137
2152
970
-246
-1317
-2196
-2928
-3528
-3859
-3860
-3602
-3214
-2740
-2169
-1554
-961
-445
-13
376
703
970
1186
1406
1676
2008
2301
2511
2707
2917
3114
3227
3188
3005
2747
2415
1994
1544
1072
580
67
-446
-885
-1197
-1364
-1320
-1074
-661
-10
782
1482
2048
2670
3271
3585
3539
3221
2696
1839
669
-526
-1537
-2482
-3487
-4334
-4709
-4692
-4596
-4527
-4307
-3894
-3449
-3122
-2912
-2688
-2492
-2435
-2475
-2447
-2204
-1834
-1425
-957
-313
545
1491
2399
3190
3873
4404
4693
4688
4390
3834
3028
1959
716
-494
-1514
-2388
-3178
-3772
-4012
-3898
-3572
-3129
-2569
-1902
-1240
-650
-123
350
713
903
964
1028
1140
1300
1479
1667
1899
2165
2456
2731
2955
3057
2992
2790
2514
2173
1780
1347
855
353
-136
-572
-932
-1124
-1049
-753
-227
475
1231
1899
2554
3261
3776
4009
3934
3560
2826
1729
525
-625
-1738
-2948
-4104
-4817
-5042
-5022
-4977
-4821
-4432
-3951
-3465
-3014
-2626
-2373
-2298
-2317
-2368
-2320
-2083
-1773
-1501
-1160
-527
420
1444
2324
3045
3729
4313
4609
4527
4162
3579
2677
1469
171
-981
-1995
-2954
-3792
-4322
-4448
-4225
-3818
-3257
-2532
-1766
-1059
-424
194
743
1118
1261
1292
1355
1506
1661
1776
1895
2095
2372
2642
2857
3031
3149
3166
3021
2724
2427
2099
1651
1099
588
133
-286
-641
-847
-800
-511
70
794
1503
2174
2925
3631
4085
4298
4232
3774
2808
1518
301
-792
-2034
-3516
-4749
-5316
-5422
-5426
-5416
-5144
-4590
-4017
-3559
-3108
-2616
-2256
-2195
-2339
-2366
-2125
-1820
-1623
-1462
-1114
-408
544
1489
2286
2996
3620
4086
4278
4190
3861
3205
2176
883
-380
-1457
-2465
-3526
-4444
-4941
-4955
-4656
-4184
-3539
-2715
-1819
-990
-222
532
1169
1527
1616
1633
1725
1867
1971
1992
2019
2162
2392
2608
2786
2933
3006
2961
2807
2571
2298
1936
1485
974
468
32
-336
-686
-934
-916
-594
56
869
1667
2400
3242
4021
4571
4934
5016
4621
3647
2387
1180
4
-1412
-3078
-4468
-5181
-5470
-5648
-5771
-5569
-5068
-4542
-4054
-3505
-2919
-2530
-2441
-2541
-2556
-2311
-1953
-1731
-1577
-1191
-369
704
1705
2517
3293
4088
4664
4841
4703
4405
3815
2713
1223
-198
-1364
-2494
-3752
-4882
-5515
-5586
-5323
-4926
-4330
-3458
-2475
-1581
-761
47
780
1269
1459
1528
1650
1844
1994
2032
2072
2247
2555
2860
3100
3274
3380
3374
3174
2855
2505
2116
1601
950
340
-140
-538
-933
-1294
-1346
-1074
-477
355
1276
2166
3041
4001
4770
5312
5640
5564
4890
3644
2263
1041
-258
-1930
-3714
-4914
-5432
-5675
-5983
-6135
-5808
-5244
-4763
-4365
-3842
-3295
-3028
-3100
-3217
-3028
-2566
-2188
-1968
-1682
-1023
46
1269
2398
3363
4287
5126
5678
5802
5582
5111
4242
2825
1143
-357
-1638
-3010
-4505
-5732
-6318
-6338
-6094
-5683
-4983
-4018
-3029
-2124
-1243
-343
413
850
1009
1158
1449
1790
2050
2213
2421
2808
3296
3732
4026
4200
4290
4208
3905
3496
3064
2523
1788
934
172
-381
-856
-1351
-1801
-1926
-1667
-1019
-75
913
1854
2799
3878
4853
5598
6070
6090
5489
4311
3011
1876
609
-1092
-2973
-4320
-4963
-5326
-5726
-6000
-5835
-5438
-5087
-4744
-4248
-3746
-3527
-3633
-3789
-3684
-3312
-2954
-2711
-2393
-1724
-568
832
2113
3219
4359
5465
6248
6584
6596
6300
5463
3994
2263
657
-842
-2508
-4307
-5782
-6623
-6947
-7018
-6808
-6216
-5364
-4433
-3472
-2415
-1320
-412
142
461
776
1224
1693
2056
2332
2659
3166
3759
4306
4708
4986
5137
5085
4841
4473
4040
3444
2563
1502
544
-165
-810
-1489
-2132
-2582
-2623
-2263
-1506
-472
621
1639
2698
3911
5011
5883
6430
6432
5737
4544
3377
2327
973
-889
-2776
-3993
-4623
-5132
-5705
-6036
-5918
-5656
-5453
-5171
-4693
-4257
-4167
-4384
-4514
-4287
-3825
-3459
-3213
-2805
-1947
-623
893
2341
3676
4987
6179
7046
7466
7513
7215
6309
4662
2717
925
-759
-2642
-4711
-6450
-7459
-7842
-7962
-7837
-7270
-6332
-5291
-4253
-3091
-1826
-763
-121
269
744
1418
2068
2489
2768
3180
3816
4523
5114
5522
5790
5931
5857
5533
5143
4694
3939
2825
1634
592
-255
-1007
-1791
-2504
-2986
-3105
-2866
-2199
-1103
110
1246
2376
3736
5101
6179
6930
7221
6877
5928
4742
3611
2342
604
-1517
-3282
-4270
-4888
-5562
-6217
-6503
-6467
-6290
-6039
-5671
-5256
-5034
-5074
-5152
-4986
-4496
-3942
-3543
-3153
-2464
-1275
271
1866
3230
4439
5682
6889
7721
7989
7833
7291
6123
4288
2297
490
-1420
-3732
-6153
-7984
-8948
-9424
-9712
-9625
-8891
-7671
-6280
-4809
-3208
-1584
-237
708
1449
2241
3065
3652
3884
4007
4336
4896
5417
5694
5835
6028
6189
6096
5727
5255
4699
3815
2615
1409
421
-484
-1526
-2560
-3296
-3639
-3765
-3660
-3173
-2120
-674
734
2053
3562
5268
6670
7620
8210
8396
7924
6719
5251
3822
2180
21
-2317
-4085
-5171
-5993
-6854
-7522
-7717
-7561
-7263
-6870
-6373
-5906
-5570
-5372
-5169
-4782
-4163
-3491
-2898
-2309
-1431
-88
1505
2952
4120
5249
6413
7414
7969
8023
7676
6886
5510
3650
1693
-217
-2304
-4661
-6979
-8753
-9801
-10368
-10645
-10534
-9838
-8571
-6916
-5054
-3068
-1111
563
1871
2975
4026
4926
5430
5477
5377
5450
5673
5807
5788
5718
5673
5609
5426
5144
4798
4288
3460
2398
1347
447
-421
-1430
-2473
-3271
-3731
-3954
-4007
-3722
-2952
-1664
-139
1404
2976
4670
6308
7545
8416
8952
9000
8276
6799
5081
3404
1495
-906
-3397
-5263
-6452
-7392
-8336
-8970
-8979
-8554
-8018
-7439
-6700
-5871
-5187
-4775
-4423
-3855
-3058
-2354
-1899
-1473
-666
613
1984
3090
4019
5052
6107
6875
7177
7123
6811
6036
4605
2765
920
-879
-2916
-5192
-7283
-8781
-9667
-10185
-10369
-10084
-9220
-7837
-6129
-4217
-2193
-213
1511
2883
3993
4965
5762
6155
6079
5800
5673
5711
5671
5454
5220
5111
5047
4878
4613
4345
3962
3273
2332
1405
600
-216
-1215
-2275
-3084
-3550
-3743
-3739
-3557
-3082
-2256
-968
707
2435
3976
5374
6695
7727
8478
8909
8755
7724
5929
4011
2348
565
-1757
-4252
-6099
-7142
-7878
-8574
-8928
-8714
-8227
-7752
-7152
-6258
-5321
-4708
-4474
-4253
-3757
-3049
-2443
-2052
-1700
-1047
59
1364
2554
3562
4555
5506
6198
6480
6456
6189
5487
4143
2411
780
-666
-2307
-4284
-6141
-7380
-8021
-8405
-8590
-8362
-7623
-6553
-5339
-3923
-2259
-564
884
2032
3055
4075
4995
5558
5723
5748
5885
6089
6149
6021
5872
5805
5691
5382
4950
4524
4019
3247
2225
1214
375
-440
-1397
-2400
-3186
-3601
-3761
-3827
-3746
-3408
-2822
-1985
-894
537
2133
3538
4624
5684
6790
7584
7926
7854
7321
6203
4591
2929
1414
-260
-2358
-4502
-6032
-6930
-7637
-8407
-8946
-9020
-8807
-8500
-8053
-7416
-6784
-6298
-5857
-5281
-4474
-3510
-2584
-1778
-1011
-16
1352
2851
4065
4898
5642
6437
7051
7177
6856
6271
5383
4054
2417
804
-666
-2231
-4027
-5775
-6996
-7599
-7891
-8012
-7874
-7357
-6416
-5130
-3657
-2104
-563
862
2163
3424
4671
5816
6675
7131
7341
7558
7840
7954
7707
7183
6581
5970
5265
4450
3550
2517
1294
33
-1027
-1853
-2614
-3427
-4183
-4668
-4786
-4595
-4250
-3827
-3297
-2584
-1698
-646
548
1928
3360
4596
5586
6552
7579
8243
8360
8107
7590
6589
4911
2906
1033
-841
-3156
-5737
-7787
-9026
-9912
-10873
-11651
-11774
-11320
-10636
-9845
-8827
-7625
-6433
-5324
-4192
-2925
-1556
-284
775
1644
2551
3712
4982
5972
6499
6834
7241
7558
7425
6807
5926
4839
3401
1651
-143
-1784
-3386
-5099
-6719
-7855
-8405
-8546
-8391
-7909
-6987
-5581
-3817
-1926
-53
1752
3443
4951
6205
7209
8022
8540
8603
8288
7886
7542
7088
6316
5310
4341
3483
2615
1683
744
-142
-1044
-1969
-2788
-3376
-3796
-4185
-4519
-4642
-4437
-3971
-3360
-2642
-1783
-799
261
1354
2384
3337
4185
4895
5554
6125
6405
6289
5976
5531
4823
3899
2793
1474
-190
-2132
-3949
-5392
-6711
-8220
-9658
-10450
-10553
-10447
-10343
-9929
-8979
-7758
-6567
-5341
-3951
-2543
-1326
-355
562
1598
2612
3372
3839
4138
4469
4892
5236
5302
5083
4789
4492
4060
3382
2554
1727
813
-300
-1454
-2383
-3057
-3659
-4286
-4759
-4780
-4326
-3699
-3038
-2236
-1189
43
1286
2427
3471
4410
5117
5508
5658
5714
5721
5509
4970
4302
3765
3355
2884
2252
1598
1085
654
170
-306
-654
-922
-1256
-1649
-1904
-1886
-1720
-1650
-1642
-1481
-1116
-690
-326
-40
219
464
646
705
644
551
410
186
-92
-234
-74
141
104
-91
-69
143
262
169
-65
-419
-1039
-1843
-2537
-3064
-3751
-4694
-5457
-5668
-5506
-5358
-5230
-4848
-4196
-3479
-2753
-1940
-1135
-539
-191
59
346
659
871
953
933
924
1151
1683
2321
2792
3173
3672
4289
4781
4988
4991
4852
4441
3662
2732
1833
882
-258
-1458
-2440
-3072
-3421
-3557
-3465
-3110
-2503
-1705
-783
164
1023
1725
2268
2663
2931
3110
3211
3175
2961
2736
2675
2731
2709
2554
2434
2414
2382
2230
1994
1721
1322
706
-58
-804
-1506
-2259
-3093
-3876
-4478
-4859
-5089
-5214
-5188
-4915
-4440
-3902
-3309
-2627
-1897
-1223
-639
-137
395
950
1447
1942
2480
2956
3278
3578
3888
4088
4080
3842
3373
2582
1466
320
-697
-1808
-3186
-4530
-5428
-5880
-6225
-6558
-6595
-6190
-5546
-4872
-4046
-3010
-1945
-1013
-185
695
1654
2566
3335
3940
4439
4945
5485
5954
6223
6280
6207
6069
5750
5152
4343
3430
2394
1151
-184
-1450
-2602
-3679
-4662
-5380
-5726
-5723
-5451
-4919
-4121
-3097
-1905
-667
543
1664
2651
3467
4071
4432
4624
4707
4624
4331
3875
3394
2916
2362
1668
917
207
-496
-1272
-2108
-2893
-3612
-4296
-4953
-5526
-5893
-6032
-6025
-5890
-5553
-4956
-4152
-3232
-2258
-1243
-195
823
1744
2531
3166
3640
3936
4033
3954
3752
3482
3163
2791
2429
2253
2245
2163
1941
1821
1869
1839
1599
1226
807
232
-637
-1558
-2253
-2854
-3614
-4377
-4728
-4592
-4260
-3955
-3494
-2718
-1775
-898
-69
779
1546
2081
2385
2565
2700
2754
2668
2458
2180
1973
1932
2026
2058
1964
1884
1917
1979
1912
1649
1265
801
209
-494
-1228
-1911
-2593
-3268
-3808
-4075
-4040
-3770
-3344
-2814
-2147
-1295
-355
497
1170
1644
1925
2042
1971
1748
1414
962
391
-210
-663
-955
-1200
-1487
-1754
-1843
-1750
-1646
-1600
-1548
-1469
-1384
-1295
-1177
-997
-805
-668
-545
-333
6
391
741
1017
1258
1559
1886
2178
2379
2472
2487
2433
2326
2179
2012
1792
1505
1197
920
762
712
764
959
1221
1441
1670
2051
2440
2644
2653
2531
2252
1709
950
222
-412
-1172
-2096
-2867
-3195
-3233
-3306
-3433
-3358
-3024
-2632
-2286
-1920
-1531
-1225
-1070
-977
-841
-663
-515
-378
-219
8
355
825
1334
1723
1944
2103
2247
2272
2032
1520
850
55
-843
-1777
-2646
-3426
-4161
-4794
-5155
-5155
-4878
-4454
-3856
-3063
-2193
-1292
-375
452
1065
1513
1845
2031
2029
1886
1738
1622
1483
1323
1290
1460
1698
1866
1961
2086
2218
2229
2057
1772
1421
984
468
-71
-507
-803
-1008
-1127
-1093
-872
-498
-10
478
922
1371
1816
2197
2462
2621
2684
2672
2591
2455
2312
2199
2062
1872
1699
1568
1492
1444
1409
1411
1554
1796
1948
1872
1766
1737
1535
1020
322
-389
-1219
-2343
-3568
-4505
-5143
-5781
-6436
-6731
-6485
-5939
-5396
-4835
-4106
-3225
-2382
-1669
-1078
-628
-319
-141
-57
-72
-115
-92
-25
-27
-47
83
427
782
923
929
977
1047
925
521
-12
-539
-1135
-1826
-2504
-3002
-3270
-3386
-3386
-3152
-2560
-1674
-646
421
1508
2641
3762
4663
5272
5635
5716
5498
5053
4447
3712
2906
2059
1221
526
55
-249
-418
-467
-378
-142
170
476
723
902
1009
1045
1048
1017
966
921
899
946
1099
1325
1588
1858
2087
2264
2379
2396
2268
1969
1508
948
328
-378
-1148
-1901
-2585
-3191
-3707
-4063
-4236
-4276
-4194
-3983
-3611
-3134
-2571
-1908
-1201
-428
450
1280
1870
2325
2730
2948
2901
2664
2287
1645
631
-550
-1484
-2198
-3069
-4104
-4877
-5180
-5266
-5371
-5404
-5199
-4806
-4413
-4035
-3571
-3015
-2449
-1912
-1390
-817
-85
775
1626
2352
3001
3747
4620
5368
5769
5898
5897
5762
5362
4676
3812
2868
1813
646
-502
-1454
-2174
-2737
-3157
-3367
-3245
-2794
-2151
-1438
-681
129
999
1857
2573
3132
3622
4039
4252
4253
4239
4248
4126
3777
3287
2831
2431
1957
1339
688
93
-502
-1126
-1717
-2244
-2740
-3239
-3687
-3990
-4131
-4151
-4068
-3888
-3592
-3156
-2572
-1900
-1259
-682
-135
383
818
1086
1214
1245
1131
872
565
286
-2
-312
-619
-853
-1000
-1089
-1134
-1122
-1062
-1008
-941
-853
-719
-567
-411
-253
-5
447
1003
1401
1624
1943
2265
2334
2183
2039
1842
1263
287
-600
-1115
-1585
-2358
-3101
-3357
-3219
-3055
-2880
-2478
-1882
-1318
-859
-324
278
772
1091
1357
1627
1872
2125
2462
2811
3013
3142
3379
3683
3798
3649
3356
2983
2449
1705
836
-50
-982
-1988
-2919
-3628
-4109
-4423
-4535
-4385
-3990
-3409
-2667
-1795
-895
-51
738
1483
2105
2542
2856
3095
3186
3079
2879
2632
2295
1920
1477
955
405
-181
-797
-1383
-1900
-2397
-2847
-3173
-3357
-3412
-3361
-3242
-3067
-2797
-2424
-1994
-1501
-996
-524
-79
379
861
1349
1804
2186
2505
2771
2964
3091
3108
2957
2675
2286
1825
1316
773
206
-313
-742
-1061
-1229
-1239
-1150
-979
-703
-383
-31
366
727
997
1203
1412
1572
1698
1965
2342
2564
2537
2572
2703
2640
2306
1966
1646
972
-151
-1221
-1817
-2285
-3136
-4073
-4480
-4398
-4350
-4440
-4326
-3922
-3547
-3376
-3167
-2780
-2383
-2114
-1882
-1582
-1196
-666
4
652
1143
1573
2119
2668
2902
2803
2615
2389
1913
1129
286
-399
-1026
-1743
-2403
-2768
-2823
-2767
-2650
-2390
-1956
-1449
-967
-495
-29
391
757
1096
1402
1670
1956
2275
2604
2911
3204
3471
3669
3723
3569
3247
2839
2310
1607
816
41
-644
-1202
-1613
-1855
-1890
-1705
-1388
-987
-495
17
443
775
1028
1194
1286
1321
1328
1350
1414
1551
1757
2007
2253
2433
2518
2472
2277
1916
1410
794
58
-746
-1505
-2139
-2650
-3038
-3271
-3281
-3082
-2784
-2451
-2072
-1669
-1328
-1079
-935
-867
-816
-766
-730
-649
-505
-205
337
914
1240
1471
1849
2062
1829
1375
1041
578
-486
-1992
-3145
-3676
-4220
-5126
-5773
-5654
-5121
-4761
-4526
-4034
-3287
-2680
-2362
-2089
-1697
-1184
-642
-108
396
1047
2046
3248
4249
4897
5450
6076
6502
6334
5709
5008
4259
3235
1961
786
-56
-702
-1329
-1818
-1953
-1786
-1547
-1354
-1155
-860
-556
-365
-285
-203
-5
335
764
1211
1734
2429
3231
3933
4402
4699
4876
4826
4390
3634
2753
1757
610
-544
-1559
-2401
-3055
-3506
-3744
-3746
-3557
-3299
-2993
-2635
-2322
-2094
-1908
-1773
-1660
-1467
-1196
-895
-536
-71
473
1029
1494
1837
2065
2148
2029
1720
1276
733
142
-457
-1014
-1490
-1865
-2122
-2269
-2341
-2327
-2256
-2156
-2035
-1921
-1841
-1748
-1598
-1394
-1126
-823
-500
-128
278
676
1038
1326
1530
1775
2227
2699
2820
2625
2529
2460
2102
1531
1104
775
74
-1016
-1811
-1966
-2016
-2425
-2771
-2506
-1857
-1409
-1276
-1133
-844
-563
-412
-336
-322
-292
-89
335
814
1290
1915
2667
3209
3344
3379
3550
3556
3003
2083
1311
763
87
-756
-1468
-1860
-2067
-2251
-2336
-2217
-2016
-1885
-1807
-1692
-1501
-1288
-1069
-835
-538
-114
461
1102
1642
2029
2370
2692
2844
2703
2367
1972
1492
884
228
-312
-699
-1039
-1347
-1507
-1474
-1362
-1278
-1236
-1209
-1183
-1159
-1144
-1126
-1076
-973
-760
-418
15
496
969
1404
1784
2070
2192
2162
1997
1706
1320
893
481
113
-208
-506
-759
-893
-943
-996
-1044
-1077
-1119
-1146
-1114
-1012
-872
-728
-559
-323
5
347
589
741
858
879
762
598
464
310
58
-198
-304
-244
-145
76
585
1108
1225
1147
1171
1015
457
-161
-500
-968
-1983
-3028
-3310
-3012
-2955
-3183
-2947
-2053
-1122
-655
-456
-302
-268
-375
-459
-510
-639
-717
-551
-196
194
779
1668
2483
2705
2485
2425
2573
2399
1698
937
464
119
-281
-564
-546
-390
-331
-303
-130
134
255
159
-32
-179
-198
-50
185
378
536
843
1362
1891
2225
2348
2369
2257
1893
1334
776
279
-293
-955
-1463
-1643
-1603
-1515
-1410
-1230
-955
-615
-319
-138
29
223
355
417
558
803
1071
1274
1392
1497
1636
1729
1661
1382
966
472
-77
-648
-1235
-1808
-2324
-2764
-3112
-3304
-3338
-3294
-3229
-3112
-2909
-2639
-2303
-1896
-1486
-1122
-738
-285
221
691
1062
1371
1654
1876
2006
2065
2062
1944
1720
1486
1266
977
656
357
42
-239
-457
-612
-698
-547
-74
377
539
725
1110
1318
1203
1158
1371
1317
642
-41
-68
223
154
-186
-186
199
516
567
510
318
-115
-635
-992
-1280
-1624
-1818
-1720
-1546
-1429
-1049
-282
376
478
311
389
650
621
248
-72
-203
-344
-526
-528
-325
-130
-90
-113
-84
-2
72
65
-69
-292
-412
-340
-195
-126
-125
-40
139
304
410
509
609
592
424
239
163
171
123
-33
-208
-283
-230
-154
-162
-200
-208
-221
-225
-158
-64
-26
2
76
159
228
306
419
489
453
396
392
391
330
193
32
-91
-164
-190
-172
-113
-39
93
285
513
729
914
1105
1277
1371
1397
1412
1410
1351
1205
1027
864
712
545
355
158
-13
-176
-357
-528
-647
-761
-916
-1075
-1199
-1280
-1307
-1280
-1212
-1117
-956
-708
-407
-128
166
655
1260
1618
1656
1703
1727
1385
762
290
-80
-908
-2149
-3056
-3394
-3660
-4113
-4387
-4230
-3884
-3580
-3219
-2790
-2507
-2396
-2219
-1884
-1589
-1296
-781
-77
526
1083
1898
2869
3528
3701
3689
3737
3678
3292
2720
2165
1631
1070
556
231
75
-102
-330
-538
-650
-670
-660
-670
-709
-698
-542
-212
229
699
1202
1776
2340
2775
3079
3277
3365
3266
2918
2473
2070
1681
1208
701
306
12
-277
-562
-783
-923
-1059
-1249
-1432
-1514
-1478
-1393
-1294
-1134
-876
-561
-234
74
358
581
703
764
790
768
653
460
263
86
-109
-317
-514
-706
-969
-1277
-1523
-1730
-1997
-2285
-2468
-2528
-2545
-2561
-2514
-2378
-2185
-1992
-1802
-1582
-1320
-1058
-842
-643
-414
-163
61
263
480
694
865
990
1075
1110
1085
1028
958
854
711
601
550
490
421
432
515
577
571
569
697
929
1086
1134
1191
1279
1289
1190
1089
1010
828
473
130
-48
-150
-288
-426
-481
-457
-399
-293
-167
-131
-204
-312
-388
-452
-504
-491
-373
-242
-111
135
513
888
1128
1254
1358
1458
1480
1393
1217
1003
767
500
262
90
-77
-288
-539
-785
-995
-1180
-1387
-1592
-1770
-1904
-1945
-1906
-1774
-1589
-1359
-1045
-675
-333
-53
207
440
572
585
560
567
570
517
472
480
504
541
589
622
619
549
433
302
116
-110
-278
-366
-448
-541
-550
-450
-317
-175
7
211
374
487
582
674
686
633
615
626
615
563
525
514
497
440
349
244
149
54
-62
-202
-332
-398
-396
-331
-232
-117
12
130
208
263
330
393
403
336
237
157
111
70
4
-88
-188
-272
-342
-406
-482
-568
-661
-753
-844
-905
-913
-918
-926
-909
-849
-760
-678
-616
-535
-435
-338
-257
-208
-181
-164
-175
-235
-341
-438
-490
-585
-748
-908
-984
-987
-978
-944
-820
-620
-392
-176
36
244
423
586
730
841
919
985
1060
1124
1185
1285
1404
1479
1470
1438
1417
1370
1268
1132
986
827
648
474
339
231
131
54
22
7
8
37
104
172
237
311
396
495
591
666
743
811
824
803
769
703
580
409
221
28
-177
-370
-546
-694
-801
-881
-959
-1028
-1067
-1073
-1061
-1026
-979
-927
-860
-766
-661
-554
-427
-282
-142
-48
13
48
52
34
-15
-118
-268
-409
-536
-661
-774
-880
-964
-1008
-1002
-963
-913
-848
-757
-652
-530
-401
-276
-151
-51
27
103
168
220
267
315
359
400
419
430
463
499
519
514
494
480
459
427
389
346
310
256
214
209
234
288
342
396
477
548
610
673
748
809
821
790
759
754
716
627
534
447
312
154
42
-21
-109
-227
-319
-377
-434
-506
-552
-580
-607
-632
-614
-549
-492
-451
-380
-263
-164
-134
-117
-82
-48
-48
-80
-107
-134
-176
-235
-268
-284
-328
-369
-379
-389
-419
-447
-452
-435
-423
-431
-415
-357
-268
-181
-120
-28
91
205
312
427
540
609
635
661
683
666
622
568
501
413
321
250
210
181
130
82
69
109
167
193
211
236
261
296
323
347
366
381
415
424
440
481
528
562
567
549
509
450
370
272
143
4
-136
-286
-436
-578
-700
-792
-859
-921
-963
-975
-974
-970
-938
-880
-806
-726
-640
-542
-418
-283
-158
-56
28
99
133
125
121
141
147
114
71
53
55
34
-23
-72
-103
-158
-247
-320
-384
-427
-458
-486
-517
-534
-523
-512
-491
-435
-341
-282
-270
-252
-187
-90
-14
75
182
272
352
453
572
658
689
701
714
719
721
724
731
732
735
750
775
793
776
740
684
584
465
359
273
173
68
1
-9
29
85
154
220
256
275
288
288
264
210
141
65
-2
-68
-135
-193
-233
-268
-321
-387
-448
-510
-603
-713
-793
-831
-856
-883
-889
-863
-824
-769
-648
-472
-320
-200
-72
74
199
263
296
322
334
329
289
240
202
168
138
113
102
98
82
54
17
-33
-81
-118
-147
-179
-201
-198
-182
-167
-123
-24
116
263
400
527
645
738
799
836
838
792
700
573
437
290
121
-57
-217
-343
-435
-505
-549
-563
-543
-500
-438
-365
-301
-253
-183
-77
26
117
207
296
344
367
390
422
418
353
255
173
92
-9
-103
-176
-266
-385
-499
-594
-676
-769
-862
-936
-1001
-1052
-1065
-1029
-938
-813
-663
-479
-259
-29
159
306
420
499
547
555
524
479
408
329
259
188
114
37
-13
-46
-80
-111
-149
-171
-194
-236
-265
-269
-259
-243
-209
-141
-41
50
129
225
352
480
592
714
825
911
974
1011
1037
1043
1049
1039
990
910
816
715
605
474
337
210
92
-1
-82
-161
-220
-253
-244
-222
-200
-152
-84
-18
31
59
76
87
109
137
142
129
100
83
87
86
50
-7
-60
-117
-178
-274
-401
-523
-634
-749
-875
-972
-1037
-1082
-1119
-1134
-1091
-1013
-909
-794
-655
-515
-393
-274
-141
1
114
211
300
395
465
487
495
483
414
291
160
21
-164
-382
-566
-702
-830
-952
-1021
-1022
-974
-894
-788
-650
-516
-400
-272
-122
33
173
316
483
672
866
1052
1239
1417
1554
1616
1621
1596
1524
1381
1200
991
745
488
261
61
-118
-260
-366
-431
-471
-501
-499
-487
-490
-488
-445
-375
-295
-203
-85
60
216
377
516
638
736
806
846
817
723
579
374
147
-63
-257
-453
-656
-831
-932
-966
-960
-920
-851
-739
-624
-530
-441
-358
-314
-290
-249
-195
-139
-93
-43
30
110
189
261
322
364
367
366
368
329
241
151
85
32
-48
-150
-221
-255
-291
-327
-337
-339
-328
-312
-288
-245
-162
-56
18
98
203
293
381
475
565
638
687
711
720
727
739
752
769
791
798
771
728
650
514
364
230
78
-129
-377
-600
-768
-906
-1034
-1111
-1118
-1106
-1098
-1063
-991
-928
-900
-863
-814
-782
-757
-697
-595
-465
-322
-149
51
241
421
569
668
709
687
635
565
460
318
151
-17
-147
-228
-291
-336
-338
-311
-271
-225
-186
-132
-55
17
73
139
204
267
356
444
504
540
570
614
645
636
590
522
452
395
325
225
136
70
31
-9
-79
-119
-112
-90
-75
-67
-44
15
55
88
151
227
290
330
372
414
448
478
484
451
390
325
259
159
11
-150
-284
-394
-500
-597
-656
-684
-683
-655
-610
-554
-485
-398
-310
-225
-135
-45
32
84
137
202
278
329
354
355
332
294
240
166
51
-77
-212
-352
-500
-618
-685
-717
-727
-717
-677
-615
-546
-483
-468
-464
-430
-393
-375
-394
-398
-355
-288
-219
-121
2
119
215
290
344
373
359
310
260
203
147
98
104
151
201
258
345
438
516
608
697
782
832
839
826
794
755
740
747
746
733
711
692
653
603
546
471
402
315
214
90
-32
-132
-233
-332
-398
-441
-477
-508
-548
-567
-550
-526
-514
-515
-528
-538
-543
-559
-566
-524
-504
-522
-521
-524
-482
-405
-306
-233
-182
-162
-149
-127
-135
-159
-226
-300
-365
-391
-371
-320
-270
-230
-175
-114
-67
-16
10
36
59
85
127
165
206
239
291
338
394
432
451
443
410
367
310
253
192
130
57
10
13
42
72
97
113
124
145
168
178
188
213
243
273
330
427
545
649
723
781
822
808
724
599
461
318
105
-127
-286
-423
-580
-695
-731
-724
-739
-759
-727
-675
-655
-671
-648
-589
-546
-507
-411
-271
-135
14
197
398
567
683
745
774
730
614
495
365
196
-4
-185
-328
-447
-549
-630
-682
-701
-705
-704
-694
-676
-644
-600
-550
-498
-433
-356
-258
-134
-8
115
229
336
419
461
484
492
485
453
385
294
221
174
139
79
30
27
50
69
94
123
163
214
248
281
310
353
400
450
497
540
593
630
642
638
647
663
647
602
542
479
412
328
253
187
124
61
-14
-93
-169
-234
-286
-343
-416
-477
-515
-551
-589
-606
-606
-590
-569
-551
-532
-510
-487
-468
-427
-373
-320
-279
-240
-207
-187
-148
-112
-108
-121
-123
-111
-121
-162
-212
-273
-351
-435
-484
-526
-597
-683
-736
-736
-709
-689
-657
-557
-430
-354
-290
-151
-13
51
75
114
181
220
239
290
370
451
521
607
715
793
812
812
803
760
689
638
593
523
430
361
348
374
403
420
464
510
542
551
561
569
566
553
526
494
466
442
449
478
485
473
426
373
311
213
126
65
-14
-136
-273
-369
-396
-395
-387
-362
-316
-278
-269
-257
-232
-238
-287
-368
-440
-498
-553
-580
-574
-560
-546
-508
-447
-382
-339
-344
-364
-358
-352
-393
-461
-507
-511
-501
-497
-468
-407
-353
-305
-262
-215
-168
-121
-81
-63
-53
-29
12
58
87
80
79
99
126
135
124
144
180
206
216
202
209
240
254
254
266
283
300
297
271
253
241
219
170
120
73
20
-25
-64
-111
-145
-167
-188
-213
-238
-260
-265
-251
-233
-216
-172
-126
-92
-66
-52
-23
7
37
71
100
135
195
271
324
374
445
516
558
589
601
591
557
473
382
322
282
233
174
110
57
33
24
16
6
-12
-52
-95
-143
-194
-222
-242
-259
-268
-264
-238
-190
-140
-92
-33
17
36
55
92
122
153
183
192
187
190
199
217
225
199
158
123
100
83
52
18
-29
-65
-70
-93
-111
-123
-121
-101
-82
-78
-66
-36
-30
-42
-60
-63
-37
-11
-17
-38
-39
-49
-84
-124
-185
-239
-267
-288
-316
-346
-369
-377
-383
-406
-441
-470
-485
-491
-500
-491
-460
-441
-431
-400
-377
-339
-293
-267
-248
-217
-165
-124
-101
-82
-60
-34
-2
5
-2
7
33
59
66
65
78
111
140
148
141
141
160
192
208
220
257
301
337
376
410
463
510
526
538
544
565
595
613
612
605
598
591
586
572
548
529
516
503
470
415
346
300
258
189
116
47
-26
-101
-151
-184
-214
-230
-227
-227
-240
-233
-203
-180
-164
-136
-103
-59
-31
-15
-5
-4
-12
-26
-36
-39
-47
-77
-113
-152
-170
-193
-234
-269
-319
-395
-462
-494
-520
-547
-567
-569
-564
-565
-562
-557
-555
-547
-502
-458
-430
-391
-343
-280
-228
-188
-135
-79
-48
-28
11
41
46
36
36
49
60
51
38
38
46
56
69
85
99
129
154
161
167
202
238
260
285
316
327
351
396
430
433
424
427
439
433
409
395
402
418
414
395
360
347
346
313
268
223
178
137
108
67
15
-25
-62
-105
-138
-155
-167
-188
-210
-210
-191
-179
-176
-181
-185
-167
-140
-112
-105
-133
-164
-160
-139
-130
-131
-121
-101
-85
-66
-54
-45
-46
-40
-35
-50
-72
-86
-89
-112
-133
-138
-142
-146
-134
-110
-88
-71
-68
-76
-90
-103
-112
-126
-136
-138
-120
-88
-46
-7
23
52
66
88
112
133
141
152
169
183
194
189
176
167
155
141
134
115
83
39
-14
-55
-93
-142
-179
-175
-147
-115
-83
-60
-33
12
48
49
37
38
34
33
44
46
62
90
105
130
160
182
203
214
205
179
140
87
26
-47
-111
-146
-173
-206
-239
-259
-269
-270
-268
-268
-273
-268
-246
-220
-187
-146
-118
-84
-45
-31
-17
11
42
61
63
55
65
87
85
61
60
86
112
116
93
80
98
102
85
56
41
53
65
74
50
20
26
51
84
130
175
210
224
237
265
291
296
282
249
220
207
201
197
177
148
114
87
71
53
39
35
50
63
43
10
-15
-33
-43
-69
-92
-92
-95
-98
-104
-95
-83
-75
-78
-104
-132
-139
-153
-193
-232
-265
-275
-289
-329
-364
-400
-428
-417
-386
-366
-363
-364
-353
-330
-299
-274
-249
-214
-172
-104
-30
25
69
96
115
138
155
168
189
192
174
142
111
93
80
77
73
63
53
56
60
50
27
-1
-13
0
32
54
75
98
137
190
232
259
273
293
321
341
348
337
312
299
277
232
178
142
131
121
85
52
40
47
40
-3
-36
-55
-61
-79
-91
-69
-41
-9
27
46
44
43
58
85
102
91
84
65
46
32
18
27
25
-5
-47
-82
-90
-120
-178
-222
-251
-277
-308
-344
-369
-387
-385
-358
-341
-315
-284
-259
-241
-210
-153
-103
-76
-67
-55
-35
-19
-18
-18
1
5
10
23
23
27
34
43
54
55
58
80
120
147
164
179
187
192
188
187
184
184
189
202
204
195
190
184
171
141
114
108
131
153
141
110
96
90
79
66
50
33
15
12
14
7
-11
-30
-33
-26
-41
-60
-77
-86
-94
-101
-110
-128
-146
-165
-169
-163
-167
-178
-198
-210
-208
-204
-202
-203
-205
-215
-218
-212
-197
-174
-153
-138
-128
-116
-104
-71
-43
-39
-53
-70
-73
-70
-60
-28
13
53
77
80
99
118
144
184
218
238
257
281
319
344
330
314
304
294
291
271
223
167
111
74
44
10
-14
-43
-78
-100
-98
-84
-74
-69
-71
-67
-55
-38
-5
14
27
67
120
175
226
264
279
257
225
227
227
225
213
172
127
87
40
-11
-63
-123
-190
-253
-305
-349
-373
-382
-394
-402
-395
-381
-369
-344
-294
-251
-227
-204
-178
-145
-114
-103
-104
-102
-99
-89
-71
-59
-47
-17
-6
0
29
61
71
67
56
48
35
21
28
54
87
91
76
60
59
75
84
76
89
109
124
147
155
144
149
176
194
183
160
160
156
137
111
99
92
85
60
21
-3
-8
0
3
-6
-19
-21
-8
12
24
33
46
57
66
58
52
47
32
23
13
5
13
30
30
6
-19
-11
9
17
13
-12
-31
-39
-43
-65
-84
-99
-115
-118
-120
-128
-134
-125
-113
-111
-123
-141
-147
-147
-143
-145
-157
-164
-155
-144
-124
-93
-87
-99
-114
-123
-114
-94
-79
-57
-33
-16
-14
-4
20
57
85
84
74
68
86
91
81
78
68
61
49
40
24
20
24
14
4
5
19
33
33
41
52
53
65
92
114
116
116
135
178
212
231
250
281
313
316
300
295
304
313
305
280
261
241
212
176
129
71
21
-4
-26
-58
-87
-114
-147
-194
-230
-233
-210
-195
-205
-217
-213
-199
-199
-204
-211
-198
-168
-146
-135
-139
-128
-108
-119
-140
-155
-145
-134
-145
-171
-185
-174
-157
-170
-199
-210
-209
-211
-213
-209
-204
-165
-102
-59
-40
-23
10
51
79
78
74
103
142
176
181
171
166
164
168
165
145
110
78
49
29
14
6
7
8
8
-4
-9
3
11
27
51
82
113
125
131
147
156
175
211
233
233
226
221
205
183
157
129
100
69
29
-11
-43
-55
-87
-132
-163
-170
-169
-163
-158
-155
-152
-144
-112
-89
-64
-43
-37
-39
-35
-14
16
31
34
36
34
41
42
32
24
22
34
31
13
2
-5
-6
-13
-46
-66
-51
-17
-6
0
10
16
28
32
35
32
33
41
65
71
77
97
100
92
77
62
57
54
41
18
2
-7
-17
-30
-47
-50
-42
-40
-50
-57
-52
-48
-39
-35
-38
-44
-41
-26
-30
-30
-28
-22
-11
-11
-8
1
-1
-19
-51
-84
-101
-102
-103
-118
-129
-126
-116
-115
-134
-154
-144
-131
-133
-140
-131
-115
-114
-113
-110
-95
-66
-35
-16
0
30
72
100
105
111
114
121
126
114
97
88
91
106
111
114
120
123
121
111
101
109
117
116
120
124
125
102
85
78
74
80
86
85
74
68
61
39
9
-22
-41
-43
-39
-50
-59
-68
-81
-89
-99
-119
-128
-103
-78
-70
-62
-40
-12
8
31
53
80
108
122
112
101
97
101
91
68
65
79
88
67
32
-5
-37
-59
-82
-99
-127
-154
-161
-151
-145
-137
-117
-102
-106
-118
-122
-101
-76
-57
-53
-56
-35
-9
6
9
8
10
26
34
18
-2
-19
-44
-56
-58
-67
-72
-74
-73
-74
-76
-59
-41
-27
-3
17
47
76
88
98
105
129
156
179
191
185
169
165
176
170
150
118
104
94
85
88
84
68
47
31
20
10
-10
-25
-31
-21
-21
-23
-17
-11
-5
1
8
7
9
20
24
2
-33
-65
-75
-55
-54
-77
-110
-121
-116
-126
-151
-177
-183
-162
-151
-162
-181
-178
-147
-132
-129
-118
-76
-28
-16
-20
-17
-14
-6
-7
-19
-27
-28
-21
-13
-9
-6
9
30
33
13
-2
5
19
18
8
2
15
23
16
8
12
27
42
45
34
24
30
37
36
29
25
47
71
75
67
57
68
92
100
94
87
98
127
144
134
119
131
144
153
149
143
160
176
161
138
140
146
146
143
121
101
100
98
75
47
36
43
63
64
53
59
52
27
0
-39
-79
-95
-118
-155
-179
-196
-202
-211
-226
-235
-239
-234
-235
-231
-231
-226
-206
-203
-212
-206
-171
-150
-143
-127
-94
-70
-51
-45
-49
-44
-48
-35
-25
-30
-34
-45
-56
-67
-77
-79
-66
-57
-54
-43
-24
-1
28
55
64
60
70
84
86
101
135
175
200
199
197
210
217
227
233
224
208
176
154
142
114
75
51
47
48
40
21
2
-9
-13
-13
-16
-19
-22
-14
-7
-20
-37
-38
-20
2
6
-7
-2
-2
-2
13
1
-15
-23
-23
-24
-38
-57
-82
-93
-101
-110
-108
-107
-113
-106
-95
-100
-107
-103
-94
-96
-95
-87
-65
-44
-46
-47
-31
-10
14
30
41
45
37
18
10
21
32
29
16
10
-8
-6
20
25
10
-13
-27
-15
-2
1
-4
14
34
48
57
66
82
101
115
121
128
121
127
137
138
137
128
125
131
144
155
139
117
99
73
55
38
30
33
23
-6
-40
-71
-93
-111
-120
-114
-107
-98
-98
-92
-73
-56
-53
-47
-32
-19
-19
-21
-20
-22
-28
-21
-11
-19
-40
-57
-67
-79
-83
-84
-94
-107
-119
-122
-117
-121
-123
-140
-143
-125
-115
-101
-87
-71
-52
-38
-28
-16
0
17
30
30
31
38
38
45
54
45
17
-2
-2
-3
-8
5
31
48
49
48
51
50
58
55
52
55
74
100
114
122
112
110
130
136
129
132
131
112
71
31
20
37
55
44
17
-2
0
-5
-21
-32
-34
-25
-31
-40
-42
-28
-3
5
-5
-11
3
16
20
12
6
6
20
40
35
11
-22
-56
-67
-73
-86
-106
-123
-110
-105
-123
-128
-131
-137
-127
-112
-92
-71
-54
-47
-46
-33
-21
-14
-14
-26
-23
-12
7
34
61
80
85
72
59
55
54
46
45
62
63
52
40
40
42
48
63
60
59
77
108
123
122
130
135
135
133
138
140
135
126
122
137
138
119
82
61
47
21
-8
-36
-48
-66
-86
-102
-103
-112
-121
-124
-131
-124
-121
-108
-105
-122
-118
-92
-73
-74
-72
-62
-50
-51
-66
-61
-40
-24
-26
-42
-61
-74
-78
-82
-96
-135
-156
-155
-148
-140
-140
-132
-125
-112
-104
-93
-83
-74
-51
-39
-38
-28
-15
2
16
21
29
39
53
58
65
85
91
80
71
78
88
82
80
91
102
110
115
102
83
56
50
67
79
80
75
86
95
104
96
85
93
90
87
98
120
128
117
110
115
129
129
101
87
107
104
87
76
66
53
34
30
32
29
20
4
-12
-23
-30
-33
-33
-32
-41
-56
-64
-65
-60
-58
-57
-65
-77
-85
-88
-86
-85
-85
-80
-74
-86
-93
-76
-75
-85
-84
-83
-87
-97
-110
-128
-132
-138
-147
-148
-147
-138
-137
-132
-127
-112
-100
-100
-78
-44
-23
-25
-17
3
24
54
79
96
115
127
125
128
137
128
121
115
105
107
118
116
100
93
91
94
83
52
32
34
37
25
0
-18
-24
-19
-18
-29
-31
-30
-15
11
7
-8
-22
-27
-17
-7
-7
-15
-9
6
21
29
18
3
-8
-7
-8
-6
-11
-19
-13
-8
-9
-25
-28
-12
-8
-14
-19
-25
-18
-9
-8
-9
-6
8
10
-7
-20
-37
-39
-41
-41
-46
-63
-68
-68
-67
-73
-70
-64
-55
-53
-54
-50
-41
-26
-26
-23
-15
0
27
42
50
38
29
34
49
53
50
55
77
97
101
93
89
103
118
116
104
106
106
101
82
59
58
61
50
26
8
17
28
18
7
14
36
47
40
26
28
38
39
37
38
47
52
61
55
26
-5
-24
-12
3
-6
-25
-46
-48
-31
-42
-68
-88
-93
-93
-97
-96
-93
-99
-110
-96
-85
-75
-71
-84
-99
-105
-102
-103
-99
-96
-101
-94
-77
-81
-79
-59
-46
-49
-67
-64
-49
-30
-26
-23
-22
-22
0
19
42
49
64
76
74
59
40
48
65
77
59
42
53
68
57
26
14
25
23
4
-11
-14
-13
-9
-12
-22
-35
-23
-10
-9
-20
-28
-14
2
5
-6
-8
-6
9
26
36
43
46
47
47
43
28
22
28
28
37
46
54
36
14
15
19
38
56
58
55
51
47
49
53
60
46
23
14
5
13
31
45
38
24
23
23
25
25
10
5
16
17
2
-2
7
13
16
18
21
31
53
64
67
64
45
32
20
13
13
17
24
22
12
-3
-13
-19
-25
-38
-58
-71
-78
-74
-76
-78
-83
-82
-84
-97
-89
-70
-61
-74
-86
-89
-76
-49
-31
-32
-46
-43
-24
-17
-17
-34
-35
-31
-47
-73
-75
-52
-33
-24
-23
-14
-6
-7
-9
-9
-10
-24
-41
-40
-44
-55
-55
-48
-39
-34
-39
-46
-52
-61
-64
-46
-29
-20
-21
-22
-16
-11
-4
3
-4
-11
-15
-29
-36
-32
-14
8
21
44
81
95
99
99
99
104
109
126
141
147
151
158
172
176
168
158
152
153
153
146
150
158
156
145
117
86
69
47
41
39
17
-9
-23
-21
-17
-15
-20
-26
-23
-25
-31
-41
-40
-39
-39
-32
-34
-36
-41
-42
-45
-45
-48
-62
-78
-88
-86
-91
-110
-116
-119
-116
-110
-114
-120
-132
-142
-141
-139
-143
-136
-120
-98
-79
-73
-63
-43
-32
-37
-41
-35
-24
-19
-17
-9
-3
9
3
-3
-5
4
17
13
8
16
45
60
51
43
43
49
65
77
77
67
61
65
71
69
63
72
86
95
100
96
82
89
95
89
76
64
53
48
46
42
52
58
36
13
11
26
51
48
34
16
11
11
-3
-15
-21
-5
-4
-26
-50
-50
-35
-26
-20
-27
-36
-24
-35
-55
-62
-71
-67
-56
-56
-71
-80
-83
-78
-79
-94
-91
-84
-80
-85
-100
-103
-90
-86
-92
-94
-72
-55
-59
-74
-71
-37
-14
-16
-19
-9
7
14
14
7
26
57
69
67
74
81
95
116
100
80
72
74
82
85
80
63
55
62
65
66
63
68
70
61
45
41
49
36
22
10
15
32
38
37
28
32
37
30
19
16
31
36
36
29
19
29
43
42
33
26
28
25
17
11
20
33
32
15
-9
-35
-50
-56
-52
-54
-56
-55
-48
-47
-54
-54
-63
-62
-45
-48
-64
-62
-60
-67
-68
-62
-55
-48
-52
-62
-72
-54
-34
-44
-70
-81
-79
-80
-79
-70
-64
-59
-56
-60
-65
-56
-25
-12
-15
-11
-4
1
3
4
15
32
62
69
54
66
87
87
83
65
57
67
68
63
55
46
53
64
69
63
51
52
48
34
17
-6
-20
-11
6
12
10
-6
-23
-19
-1
7
-2
-9
-19
-24
-22
-11
5
13
19
9
-13
-24
-20
-8
-13
-43
-71
-77
-59
-45
-44
-50
-52
-60
-58
-49
-41
-28
-37
-40
-26
-14
-4
10
22
27
38
40
51
49
39
45
48
46
43
46
50
54
52
52
50
54
57
63
66
54
45
39
42
52
62
69
52
31
33
42
51
58
68
70
56
51
48
58
62
48
33
9
-11
-26
-22
-17
-20
-24
-23
-27
-39
-54
-61
-40
-22
-27
-44
-52
-40
-27
-22
-30
-45
-56
-55
-44
-40
-47
-62
-72
-80
-88
-88
-82
-78
-65
-67
-70
-70
-72
-84
-106
-107
-105
-99
-100
-101
-86
-74
-70
-86
-88
-75
-69
-62
-56
-42
-32
-34
-37
-39
-45
-51
-35
-20
-3
29
46
50
42
49
67
69
75
89
109
119
123
124
112
110
115
120
128
134
137
151
163
168
140
102
76
74
96
103
90
76
69
66
77
87
85
80
77
76
71
76
72
56
44
30
16
9
1
-12
-34
-43
-47
-59
-75
-90
-98
-104
-111
-129
-138
-126
-107
-103
-115
-122
-123
-115
-121
-126
-115
-107
-101
-87
-91
-81
-55
-50
-48
-46
-39
-16
-8
-15
-12
5
12
-4
-7
2
10
24
35
45
55
39
17
18
32
48
48
28
15
13
16
31
36
30
18
14
23
33
42
53
64
66
69
60
39
26
20
18
26
26
35
36
37
52
49
25
7
-1
-1
-2
-13
-18
-15
1
10
7
2
3
8
9
4
7
13
5
6
10
4
2
8
10
18
16
-1
-18
-27
-34
-43
-45
-36
-41
-62
-72
-83
-85
-90
-97
-93
-90
-76
-72
-81
-87
-91
-94
-94
-69
-24
4
5
-7
-13
-4
-5
-11
-7
7
20
21
15
21
32
29
24
12
7
13
27
34
20
5
-9
-12
1
8
22
54
66
76
79
61
54
55
64
70
73
76
80
85
71
45
41
63
87
82
71
82
87
75
65
54
48
36
16
2
6
21
32
27
9
1
4
9
7
7
6
7
1
-13
-38
-46
-29
-24
-25
-34
-39
-43
-33
-10
4
-2
-22
-39
-57
-60
-52
-48
-60
-79
-86
-73
-53
-54
-63
-63
-47
-22
-29
-53
-64
-67
-63
-48
-34
-44
-60
-58
-42
-25
-8
-1
-13
-35
-49
-38
-24
-19
-10
-9
-16
-23
-31
-36
-20
-4
6
17
31
33
20
18
32
52
46
34
43
60
64
64
64
55
63
67
61
62
73
69
33
11
14
31
37
26
22
17
6
-2
-10
-23
-22
-20
-31
-48
-53
-40
-27
-17
-16
-13
1
-3
-14
-29
-27
-7
9
14
-7
-45
-56
-39
-37
-41
-48
-29
1
6
4
2
12
20
20
7
2
16
37
59
54
41
33
39
48
49
50
53
59
52
52
49
54
60
60
56
46
55
69
64
47
53
49
17
-8
-22
-25
-23
-25
-26
-30
-20
-3
-2
-23
-46
-48
-36
-27
-38
-60
-67
-60
-50
-45
-48
-53
-44
-28
-29
-26
-15
-26
-37
-42
-48
-40
-44
-54
-57
-43
-27
-29
-18
-14
-15
-9
-4
4
-1
-16
-14
-14
-14
-2
10
22
22
11
16
24
22
22
23
11
6
14
7
2
9
13
19
24
16
-1
3
17
31
33
14
6
10
17
16
11
1
2
9
9
9
14
26
30
17
14
24
23
10
-6
-4
14
23
20
22
19
14
18
16
12
-1
-23
-30
-12
-4
-21
-23
0
5
-8
-20
-31
-28
-17
-10
-11
-11
-17
-26
-32
-36
-31
-24
-34
-52
-66
-65
-36
-5
-10
-28
-34
-41
-44
-42
-23
-4
1
-11
-24
-12
2
16
27
14
5
10
16
18
35
41
34
30
25
20
18
24
16
13
7
15
42
60
70
60
50
48
42
44
55
62
57
53
54
63
68
68
87
104
95
76
54
36
27
39
54
61
46
15
-1
10
22
15
8
11
15
3
-7
-21
-38
-49
-42
-31
-39
-66
-92
-93
-88
-90
-86
-70
-63
-74
-80
-88
-86
-84
-97
-99
-86
-69
-66
-81
-95
-97
-85
-69
-53
-50
-66
-72
-61
-45
-34
-33
-30
-6
16
30
42
34
19
-1
-16
-2
3
1
-7
-4
14
17
9
0
9
5
-5
-3
4
5
14
11
5
-1
-3
7
13
12
2
7
5
17
38
55
66
57
58
69
84
85
82
87
82
79
84
89
99
97
80
63
63
60
55
47
48
61
64
73
71
55
39
34
34
33
19
17
20
18
5
-13
-20
-27
-21
3
19
22
5
-9
-11
-8
-14
-29
-49
-60
-52
-57
-78
-91
-90
-81
-82
-96
-110
-100
-69
-52
-34
-38
-38
-25
-18
-6
-8
-14
5
28
24
0
-22
-13
-9
-34
-49
-38
-23
-25
-40
-48
-48
-45
-37
-36
-26
-19
-24
-36
-41
-23
-3
5
0
-1
-3
1
21
22
12
20
34
40
39
36
35
53
73
84
83
67
41
12
-2
-5
5
2
3
-4
-14
-1
11
20
26
25
18
-7
-24
-21
-17
-11
-11
0
6
-15
-30
-23
-9
-16
-45
-58
-51
-49
-54
-50
-37
-23
-14
-4
-2
-7
-9
-8
-1
3
7
20
23
11
-8
-3
11
18
18
38
53
50
51
48
42
36
35
36
31
40
48
43
35
18
9
19
29
20
-4
-17
-8
22
50
51
36
27
31
37
39
33
34
28
13
4
10
35
52
47
29
31
42
43
33
21
25
30
22
12
-5
-16
-26
-38
-45
-31
-15
-12
-23
-52
-61
-65
-62
-61
-76
-70
-60
-50
-52
-53
-60
-61
-61
-68
-76
-86
-74
-66
-67
-79
-91
-89
-86
-88
-85
-69
-38
-16
-12
-16
-26
-36
-42
-37
-17
-3
-5
-17
-21
-8
21
46
59
65
62
54
47
40
43
53
45
31
30
27
20
14
16
45
75
92
84
74
62
46
58
72
70
67
58
54
73
76
71
72
68
62
48
46
61
63
60
64
63
44
31
16
-5
-13
-10
8
2
-13
-34
-55
-52
-55
-63
-65
-57
-43
-31
-18
-14
-34
-50
-65
-71
-63
-50
-48
-50
-56
-68
-65
-61
-60
-76
-88
-84
-56
-26
-18
-15
-34
-47
-39
-32
-32
-21
-21
-20
-16
-19
-14
-11
-16
-22
-20
-7
17
31
35
33
27
27
43
55
46
34
32
30
27
30
39
35
36
49
59
50
31
15
18
24
17
21
31
44
52
64
59
58
61
46
37
36
41
41
43
35
16
19
14
11
7
11
17
-2
-24
-24
-8
-9
-28
-49
-51
-38
-22
-4
4
7
2
-10
-16
-27
-35
-47
-53
-47
-54
-66
-64
-41
-22
-15
-22
-25
-34
-37
-31
-35
-44
-52
-65
-70
-53
-40
-32
-32
-31
-16
2
6
-9
-31
-33
-17
-7
-10
-27
-36
-25
4
13
7
6
9
21
27
40
49
43
25
6
1
16
42
44
37
37
44
45
51
54
55
64
57
47
36
39
57
71
58
38
32
33
26
7
-15
-21
1
10
-2
-8
-1
4
4
-2
-7
7
25
35
14
-7
-13
-18
-29
-37
-23
-8
12
15
5
-8
-23
-33
-23
-6
3
5
0
-5
-12
-23
-29
-28
-35
-39
-34
-27
-18
-15
-20
-33
-33
-21
-16
-22
-11
-3
-7
-9
-6
-8
-4
15
13
-12
-26
-16
-8
-6
-20
-26
-3
21
14
-15
-26
-9
27
32
11
-2
3
27
33
1
-19
10
32
32
8
-1
15
24
30
23
15
15
13
14
27
18
6
2
-15
-23
-14
-2
-7
-34
-40
-9
24
23
-3
-15
-14
-24
-35
-35
-35
-30
-7
2
5
15
28
43
40
24
8
-6
-23
-37
-52
-46
-28
-29
-35
-38
-23
-11
-11
-6
-17
-25
-15
-3
-4
-14
-19
3
27
28
8
8
31
43
48
43
43
55
53
31
9
10
14
17
21
25
37
42
21
7
-6
-7
10
18
34
29
9
-4
-16
-9
-3
2
10
19
27
38
50
38
14
-7
-16
-15
-4
1
0
3
0
6
1
-20
-22
-7
-4
-24
-41
-43
-30
-16
-18
-24
-13
11
17
3
-10
-23
-30
-44
-61
-55
-31
-8
-13
-36
-45
-44
-40
-37
-33
-37
-27
-14
-3
2
-8
-5
7
10
5
-9
-5
28
32
31
31
35
40
47
44
37
30
25
26
27
30
27
19
15
25
26
28
26
24
18
8
3
-15
-21
-13
5
20
21
10
-7
-28
-31
-33
-41
-49
-47
-38
-37
-33
-17
-14
-23
-15
-15
-23
-34
-41
-37
-38
-34
-15
6
10
-14
-51
-50
-27
-3
9
-1
0
13
24
17
4
13
21
27
27
15
9
10
28
39
45
42
27
13
5
4
9
14
0
-7
0
0
-3
5
12
15
20
21
14
8
-1
5
17
20
9
9
22
26
37
42
42
43
39
35
26
20
34
54
55
53
54
57
53
38
4
-11
0
8
13
12
2
-2
-5
-15
-26
-15
-6
-11
-26
-36
-32
-28
-29
-39
-42
-41
-32
-33
-50
-55
-35
-16
-30
-58
-65
-51
-29
-25
-51
-70
-58
-31
-13
-20
-33
-45
-55
-53
-50
-54
-54
-43
-30
-25
-7
11
9
-4
-20
-27
-16
-16
-17
-26
-28
-6
15
25
23
29
24
21
13
7
24
30
23
7
5
21
30
25
13
16
20
20
16
6
8
24
34
38
48
41
27
29
31
41
47
27
17
9
1
9
22
37
40
34
25
24
25
31
26
12
17
31
38
17
16
56
65
33
-3
-2
32
37
8
-11
-7
15
29
18
-18
-35
-18
4
6
-7
-16
-10
-6
-12
-5
-7
-7
-24
-48
-49
-32
-12
-19
-32
-36
-18
-6
-13
-42
-43
-10
14
14
-1
-4
-17
-26
-18
3
15
23
26
6
-16
-15
-2
10
6
-12
-27
-28
-21
-10
-8
-13
-6
-1
6
-6
-27
-35
-41
-39
-26
1
7
-16
-18
-21
-27
-22
-20
-24
-38
-36
-29
-29
-37
-48
-30
8
27
10
-35
-49
-35
-31
-17
1
-5
-9
-11
-1
4
6
4
-4
-3
3
14
14
13
35
31
11
14
3
0
13
4
3
-8
-16
-5
3
21
26
31
41
43
43
38
29
28
32
42
60
73
88
67
71
90
76
57
27
17
31
48
37
34
40
24
1
-9
5
9
0
-18
-18
-11
-8
-2
19
21
2
-4
-8
-17
-13
3
-14
-15
-1
4
7
-7
-18
-23
-19
-13
15
38
24
-6
-30
-34
-40
-47
-47
-49
-53
-44
-61
-55
-32
-39
-47
-43
-54
-71
-49
-35
-23
-10
5
21
4
-6
6
6
-4
-17
-34
-38
-45
-39
-4
8
11
15
5
-11
-29
-37
-49
-35
-21
-36
-48
-50
-25
11
25
30
35
27
22
26
12
6
-4
7
26
18
13
7
20
44
69
64
29
-1
-24
-8
14
23
16
-3
-8
2
23
38
54
56
57
54
52
58
61
59
41
35
50
64
46
13
-10
-3
19
32
17
-2
-17
-25
-27
-37
-29
-15
-12
-16
-31
-53
-51
-39
-22
-41
-70
-79
-71
-50
-37
-31
-21
-9
-19
-37
-32
-8
7
-4
-20
-23
-15
-7
-18
-24
-20
-8
1
-2
-8
-3
14
11
7
3
11
20
17
7
-8
2
35
40
17
12
21
48
58
46
27
28
49
51
27
12
22
26
26
23
41
41
19
15
15
23
43
50
28
20
17
11
12
16
10
0
-4
-10
-4
9
20
19
3
-16
-26
-21
-6
4
-7
-35
-36
-14
-7
-23
-37
-28
-14
-26
-53
-48
-25
-23
-48
-60
-60
-57
-42
-34
-40
-60
-64
-46
-19
-25
-40
-31
-16
-8
-9
-14
-18
-23
-26
-35
-47
-60
-62
-41
-22
-2
12
3
-10
-14
-14
-9
-18
-35
-23
-3
2
-2
-10
-25
-13
8
29
34
25
21
23
40
39
35
26
25
41
42
42
52
75
90
88
85
73
60
45
32
39
51
74
82
63
58
74
87
83
70
61
52
48
48
50
49
61
70
60
45
20
9
-1
-12
-5
-13
-21
-26
-34
-45
-46
-35
-34
-45
-53
-48
-44
-43
-45
-36
-37
-53
-47
-32
-44
-43
-25
-27
-48
-70
-61
-49
-42
-41
-48
-54
-62
-63
-62
-58
-48
-38
-32
-38
-52
-62
-59
-47
-46
-50
-46
-43
-44
-33
-25
-18
-22
-35
-40
-46
-31
-9
5
4
6
10
9
28
38
25
10
10
11
18
27
27
32
42
38
31
47
56
51
26
5
15
31
55
56
63
79
77
63
40
40
64
71
63
59
45
35
32
26
6
12
43
62
53
30
23
24
5
-22
-16
3
10
13
9
4
6
7
4
-3
-3
19
34
16
-12
-30
-29
-21
-27
-29
-20
-9
7
26
20
0
-7
-11
-20
-30
-43
-43
-15
6
8
10
-4
-18
-25
-18
-8
2
7
-13
-23
-28
-27
-30
-49
-58
-55
-41
-14
-2
-8
-25
-39
-54
-65
-63
-57
-50
-56
-71
-81
-73
-54
-33
-19
-20
-18
-3
-1
-18
-31
-15
-3
-13
-12
-5
21
42
25
11
16
19
17
21
27
29
42
31
11
-4
-6
13
20
24
27
38
40
31
27
17
30
42
42
45
48
44
43
48
49
51
51
58
52
31
21
21
22
26
22
15
8
13
16
16
15
17
17
8
-16
-29
-16
-19
-22
-24
-30
-20
-6
7
5
-2
-12
-18
-15
-13
-6
2
14
13
-7
-20
3
19
-8
-43
-53
-24
6
-13
-41
-43
-28
0
13
9
-8
-20
-20
-8
9
10
4
9
-5
-30
-44
-38
-21
-14
-32
-49
-44
-28
-16
-23
-34
-36
-32
-25
-21
-24
-21
-15
-4
-4
-14
-14
-15
-22
-23
-26
-11
19
23
3
-10
1
11
17
17
25
42
24
-5
-11
-5
17
34
52
72
85
71
51
55
48
40
30
24
28
35
60
79
67
56
44
45
56
53
35
17
7
11
23
28
17
-1
-25
-27
-12
-15
-19
-37
-40
-33
-32
-36
-37
-44
-43
-45
-48
-49
-60
-63
-63
-51
-46
-50
-42
-42
-45
-37
-13
8
11
-4
-23
-53
-79
-78
-65
-56
-38
-30
-41
-44
-45
-30
-6
8
25
33
32
24
20
18
10
2
1
18
31
24
8
3
11
35
41
32
21
16
11
1
-3
12
26
28
34
46
58
49
39
34
37
47
40
23
7
12
43
63
53
27
22
31
46
56
58
52
32
15
20
21
3
0
10
10
13
13
27
38
28
27
24
27
24
8
-12
-11
-6
11
11
-12
-33
-44
-36
-17
-13
-30
-31
-28
-34
-41
-45
-48
-55
-63
-73
-67
-45
-27
-37
-47
-49
-48
-47
-60
-70
-74
-75
-80
-58
-49
-45
-36
-48
-38
-14
9
0
-2
14
11
5
15
18
4
-10
-18
-18
-6
0
4
21
37
48
51
42
34
44
45
32
22
7
-7
-3
0
7
9
12
13
3
11
7
-1
-6
-2
14
22
28
27
19
23
28
30
29
12
12
21
23
16
-1
4
22
40
35
22
10
10
29
25
7
-2
0
4
20
33
16
15
30
51
54
32
21
13
-2
-13
-16
-11
-16
-20
-16
-4
3
-10
-27
-35
-18
-3
9
9
7
-2
-17
-27
-37
-40
-23
-7
4
1
-1
17
39
35
6
-17
-33
-43
-47
-59
-66
-62
-51
-33
-31
-38
-54
-51
-19
4
15
11
-7
-28
-45
-33
-6
5
16
20
20
20
16
16
11
23
37
33
34
34
36
24
10
14
25
45
48
31
24
31
41
39
21
-1
-14
-1
8
9
3
-2
9
21
19
8
22
40
43
26
10
-10
-33
-41
-28
-20
-14
-15
-18
-18
-22
-15
-8
-9
-26
-51
-73
-71
-53
-50
-47
-45
-44
-39
-46
-52
-47
-26
-12
-4
2
-15
-22
-22
-30
-25
-16
-2
6
1
-2
1
5
5
6
-9
-13
-17
-38
-49
-41
-22
1
38
36
21
27
36
43
41
35
39
47
39
31
19
26
48
63
61
47
54
48
42
50
49
44
32
27
15
0
6
16
14
22
29
34
49
38
14
7
18
33
34
18
5
8
4
-8
-10
-7
8
12
-9
-13
-3
9
13
8
10
7
-6
-7
4
6
6
-11
-27
-34
-50
-59
-54
-24
-2
-1
-13
-29
-43
-37
-33
-40
-59
-64
-61
-60
-48
-43
-32
-14
-6
1
4
-4
-6
-8
5
15
6
-18
-18
-3
21
31
28
10
-14
0
8
-3
-17
-18
-15
-21
-8
25
43
30
12
1
5
8
-8
-36
-35
-23
-9
4
3
-3
-1
2
4
0
-16
-21
-35
-37
-23
-21
-29
-17
-6
-9
-18
-40
-56
-44
-32
-30
-20
1
16
9
-21
-40
-25
2
14
12
31
32
9
14
37
40
38
40
32
11
7
26
40
39
24
41
56
50
25
1
6
18
25
28
32
28
15
20
33
51
56
52
39
17
3
0
27
39
29
27
19
24
29
30
27
21
33
24
3
-14
-1
27
22
-4
-25
-19
2
-4
-15
-17
-12
-4
-10
-16
2
20
10
-27
-53
-32
-2
10
-7
-35
-31
3
24
16
-1
2
17
13
-8
-18
-24
-38
-49
-50
-52
-57
-60
-58
-30
-13
-20
-22
-21
-12
-21
-31
-30
-52
-66
-57
-43
-33
-17
