7
23
31
33
34
33
37
47
61
84
99
99
91
82
79
68
69
66
57
54
56
53
52
56
61
63
70
77
76
73
67
67
67
72
74
66
59
58
59
59
68
68
62
54
46
34
22
11
2
3
5
-4
-8
-12
-24
-32
-40
-38
-31
-22
-16
-17
-18
-20
-18
-15
-16
-26
-21
-20
-39
-44
-42
-41
-45
-47
-43
-35
-32
-50
-56
-49
-48
-45
-36
-26
-26
-37
-37
-39
-45
-36
-38
-33
-19
-17
-15
-15
-13
-8
-12
-21
-27
-29
-25
-25
-29
-32
-34
-46
-59
-66
-68
-69
-67
-56
-31
-10
6
11
4
4
2
6
15
21
27
32
30
24
14
-3
-15
-21
-28
-27
-20
-20
-16
-14
-17
-18
-19
-14
-9
13
32
44
47
52
50
44
39
35
39
42
40
41
43
36
34
29
24
5
-5
-7
-9
0
5
6
1
-4
-7
-5
7
16
28
39
44
49
51
52
43
38
27
20
15
9
4
2
4
5
6
7
9
6
-1
-3
-4
2
17
21
25
24
19
18
15
22
28
22
14
4
-3
-8
-19
-29
-35
-33
-30
-22
-15
-18
-24
-23
-16
-13
-16
-15
-11
1
19
32
41
46
42
31
22
30
28
23
25
18
17
9
-2
-5
-20
-30
-28
-27
-17
-8
-6
-6
-7
-11
-19
-22
-20
-22
-21
-14
-7
-17
-22
-26
-35
-33
-26
-19
-16
-21
-35
-51
-59
-53
-39
-25
-15
-8
-20
-35
-43
-48
-47
-43
-33
-30
-24
-14
-9
-6
-3
-7
-3
-1
-1
3
2
5
0
-9
-12
-16
-27
-32
-26
-16
-5
3
-8
-23
-28
-27
-21
-13
-6
-3
5
16
20
33
40
48
52
49
41
34
32
25
25
20
16
16
22
23
21
18
11
12
7
18
29
35
41
48
55
62
62
55
57
55
57
60
58
50
50
45
33
22
16
7
8
14
15
17
11
3
-8
-16
-13
-6
5
13
14
18
12
-1
-1
0
3
4
-4
-8
-18
-32
-41
-44
-46
-40
-33
-32
-35
-45
-50
-52
-39
-25
-15
-11
-18
-24
-27
-26
-24
-15
-4
8
19
22
23
13
-5
-31
-46
-43
-30
-13
2
9
4
-14
-31
-42
-49
-40
-19
5
19
26
15
1
-15
-27
-21
-15
1
19
17
10
-2
-18
-32
-40
-47
-44
-36
-27
-23
-22
-23
-25
-29
-27
-14
-2
9
21
27
29
28
17
11
10
10
8
5
10
10
8
12
6
1
-3
-2
6
14
28
35
37
44
41
37
36
32
30
27
24
29
41
51
56
51
43
33
18
3
6
6
1
-5
-12
-16
-14
-5
-3
3
6
-3
-6
-3
1
7
7
5
9
-2
-14
-23
-27
-31
-28
-22
-14
-6
-10
-13
-17
-17
-13
-3
-3
-3
-6
-12
-17
-21
-22
-23
-30
-38
-39
-33
-30
-21
-16
-15
-25
-26
-25
-20
-12
-14
-12
-12
-8
-15
-17
-13
-15
-24
-24
-10
3
18
21
24
21
17
14
14
25
34
42
42
41
34
34
35
40
42
47
56
60
67
67
65
50
41
38
33
34
36
36
35
31
25
21
16
16
14
18
24
18
13
12
19
19
13
6
-3
-9
-20
-24
-20
-19
-20
-34
-40
-46
-50
-50
-49
-44
-39
-33
-24
-29
-34
-37
-47
-53
-54
-47
-42
-34
-34
-34
-35
-46
-53
-59
-58
-55
-53
-51
-58
-60
-66
-71
-67
-65
-51
-36
-19
-17
-18
-15
-13
-2
2
9
7
3
1
-6
-9
-12
-10
-11
-11
-10
-9
-9
-8
-7
-11
-8
5
23
40
56
58
51
41
37
36
42
51
61
74
73
68
58
52
49
50
53
57
63
60
57
48
36
30
36
43
49
47
48
47
44
44
51
56
52
41
27
27
35
39
48
53
49
43
34
31
31
32
32
27
20
10
1
-2
-5
-13
-17
-25
-33
-37
-33
-32
-32
-23
-22
-28
-26
-30
-32
-29
-24
-24
-22
-20
-21
-20
-19
-26
-32
-41
-53
-63
-68
-65
-60
-56
-55
-63
-69
-73
-84
-86
-79
-69
-59
-54
-53
-45
-35
-33
-29
-31
-33
-40
-39
-32
-24
-14
-18
-28
-43
-54
-62
-58
-47
-30
-14
-2
-1
0
0
-3
2
10
12
19
23
26
26
20
18
9
11
22
30
29
32
31
27
23
17
23
31
43
50
57
59
56
57
56
57
60
61
61
62
60
53
46
42
36
27
28
27
25
27
22
23
23
18
21
23
22
24
33
35
35
28
19
14
12
20
23
22
9
-8
-17
-25
-29
-20
-7
6
15
20
16
-1
-3
9
22
34
40
47
46
30
12
6
1
-7
-15
-16
-15
-22
-31
-37
-40
-45
-45
-39
-38
-39
-33
-27
-24
-19
-15
-18
-29
-34
-36
-39
-43
-46
-49
-58
-66
-68
-73
-75
-79
-79
-78
-77
-78
-75
-70
-64
-51
-35
-19
3
16
20
12
4
8
10
18
25
28
27
24
21
13
2
5
6
-3
3
20
33
37
39
47
58
52
52
59
62
69
66
62
65
56
36
19
11
9
6
4
2
4
9
6
0
-1
3
8
7
15
25
38
42
40
37
22
11
4
6
9
11
11
5
-6
-18
-31
-32
-29
-33
-36
-34
-32
-30
-23
-26
-31
-34
-40
-44
-42
-30
-19
-9
-14
-21
-32
-52
-58
-53
-43
-34
-32
-40
-47
-61
-64
-57
-45
-18
1
11
14
5
-4
-4
-1
12
25
28
32
31
24
8
2
6
14
24
32
39
46
53
66
75
83
89
88
89
93
97
103
99
91
77
60
43
27
26
26
23
27
26
16
0
-20
-26
-23
-13
0
14
22
22
16
9
10
8
11
12
14
18
12
-5
-22
-33
-46
-54
-63
-72
-77
-76
-73
-74
-74
-72
-64
-57
-49
-40
-30
-22
-13
-8
-9
-14
-22
-29
-32
-37
-44
-48
-52
-63
-69
-73
-72
-77
-79
-70
-54
-37
-31
-31
-35
-39
-34
-19
-7
3
18
20
20
14
8
6
7
12
15
18
15
7
4
2
3
13
20
23
26
16
15
16
17
25
33
39
36
35
42
50
52
58
56
43
42
36
32
36
44
47
41
31
27
23
19
17
21
35
44
52
54
45
29
13
10
13
28
42
50
50
44
33
18
9
4
8
23
31
30
26
17
11
5
-2
-2
-5
-9
-13
-15
-12
-17
-13
-8
-7
-12
-14
-13
-8
-3
8
11
13
14
-4
-16
-26
-36
-40
-41
-34
-33
-44
-50
-59
-66
-65
-62
-58
-52
-50
-48
-46
-41
-36
-30
-31
-38
-34
-29
-22
-14
-9
-5
-10
-23
-30
-38
-47
-48
-40
-23
-17
-22
-36
-49
-60
-68
-64
-46
-25
-8
-3
4
15
21
29
45
58
64
61
55
50
35
21
17
11
13
20
19
13
6
11
12
21
35
45
49
52
48
52
57
60
64
56
44
31
24
14
17
17
19
20
24
26
26
28
27
28
28
28
32
29
20
16
13
3
-1
-5
1
10
16
25
21
20
9
-8
-18
-31
-38
-41
-40
-38
-38
-45
-49
-53
-52
-49
-47
-39
-30
-20
-17
-29
-43
-53
-54
-45
-34
-23
-19
-27
-42
-51
-59
-55
-49
-33
-18
-10
-5
-9
-13
-12
-6
5
15
23
23
13
4
-6
-8
-11
-5
11
27
37
42
46
44
42
39
40
39
38
36
37
38
32
29
23
11
8
12
9
10
13
18
27
29
31
33
35
41
45
44
37
26
29
35
43
40
33
19
8
5
5
4
11
19
15
16
12
14
1
-11
-24
-32
-32
-29
-17
-11
-5
-3
-5
-4
-10
-12
-9
-14
-15
-18
-32
-47
-55
-65
-70
-69
-65
-61
-60
-60
-66
-67
-64
-57
-41
-31
-18
-16
-20
-21
-30
-27
-27
-24
-19
-15
-17
-28
-36
-44
-51
-57
-52
-42
-31
-24
-20
-17
-23
-24
-22
-15
-6
7
20
30
37
39
37
31
31
44
55
61
62
62
52
40
28
21
18
17
21
28
34
30
34
31
30
34
41
60
71
77
76
70
66
66
64
57
55
51
42
33
26
21
20
25
25
21
16
4
0
6
21
37
45
41
25
11
-5
-18
-20
-16
-7
0
0
3
5
-3
-4
-3
-14
-13
-13
-17
-18
-24
-31
-39
-49
-58
-60
-57
-52
-50
-46
-37
-27
-27
-34
-39
-42
-40
-35
-24
-20
-19
-23
-31
-36
-38
-31
-35
-34
-30
-33
-38
-40
-47
-53
-50
-49
-37
-24
-24
-21
-29
-45
-53
-44
-31
-9
14
28
29
26
27
26
25
30
36
38
31
19
10
-4
-16
-20
-18
-10
-1
0
3
6
10
20
25
34
40
43
42
40
40
35
23
17
15
13
21
25
33
27
23
12
-2
-8
-18
-16
-9
-1
14
19
18
9
-2
-13
-16
-6
5
18
31
39
37
45
45
41
36
30
27
29
31
31
27
10
8
13
20
23
23
20
18
13
9
10
-3
-10
-15
-20
-19
-16
-16
-22
-30
-38
-39
-31
-18
-5
4
3
-3
-12
-17
-19
-18
-26
-31
-26
-26
-20
-13
-13
-12
-14
-16
-15
-4
8
15
15
10
6
2
-6
-12
-13
-10
-1
2
3
2
-2
-13
-18
-6
1
6
9
11
10
2
-13
-11
-5
-2
4
12
25
30
28
23
15
7
8
7
4
4
8
-5
-22
-39
-46
-43
-38
-24
-21
-9
-3
-7
-6
-4
3
9
18
36
43
38
35
21
12
-1
-7
-12
-24
-27
-33
-40
-47
-50
-50
-48
-38
-26
-21
-15
-11
-13
-17
-18
-21
-21
-14
-8
-16
-23
-18
-18
-18
-25
-21
-19
-21
-32
-37
-35
-39
-39
-39
-35
-28
-20
-10
8
24
36
39
43
53
62
71
78
81
78
73
59
48
45
48
47
50
47
39
32
21
21
25
31
38
49
55
56
54
50
45
37
44
49
50
48
38
20
6
4
8
17
23
26
20
12
1
-15
-19
-25
-32
-27
-21
-19
-21
-24
-30
-28
-24
-17
-8
-5
-3
-8
2
4
-1
-5
-13
-18
-27
-24
-18
-15
-15
-21
-30
-38
-49
-54
-51
-44
-36
-29
-20
-20
-28
-34
-44
-47
-41
-37
-27
-25
-27
-37
-40
-51
-54
-49
-45
-41
-40
-40
-40
-35
-34
-30
-28
-29
-24
-18
-17
-14
-22
-25
-24
-20
-13
-7
-8
-11
-16
-16
-6
1
14
23
25
21
12
11
11
13
13
11
18
23
26
29
35
42
42
41
49
52
51
51
51
53
53
50
60
60
58
60
55
55
52
45
48
46
41
37
31
32
28
26
24
17
13
1
-3
5
7
9
16
20
17
15
18
17
16
10
17
26
21
20
16
11
5
-2
-7
-12
-21
-32
-34
-37
-34
-23
-18
-16
-21
-22
-22
-20
-20
-19
-21
-21
-27
-36
-40
-48
-49
-49
-52
-45
-40
-39
-38
-37
-36
-34
-27
-21
-11
-7
-9
-9
-15
-13
-11
-6
-5
-4
-4
-12
-18
-22
-26
-27
-24
-18
-15
-16
-20
-19
-10
-10
-12
-1
4
0
1
5
17
22
24
25
28
27
26
33
34
32
28
20
7
-1
0
-4
1
6
12
16
17
18
21
24
32
39
41
41
36
27
19
11
5
1
-3
-9
-17
-21
-24
-27
-28
-29
-22
-20
-9
0
0
7
10
12
12
10
4
-3
-12
-15
-15
-10
-11
-16
-17
-18
-19
-19
-13
-7
-4
-9
-11
-9
-9
-10
-19
-17
-11
-6
3
8
8
10
9
13
20
28
40
42
33
17
10
1
-11
-22
-26
-28
-28
-18
-8
-2
-10
-14
-9
-2
5
14
25
34
41
42
35
22
7
-5
-10
-4
4
16
22
25
23
20
12
18
34
46
54
63
62
53
41
25
14
10
13
19
27
32
23
7
-4
-8
-3
7
18
20
13
2
-12
-18
-17
-18
-18
-19
-18
-23
-32
-42
-46
-43
-42
-30
-17
-11
-12
-23
-28
-31
-43
-51
-48
-42
-30
-25
-26
-28
-39
-45
-42
-42
-37
-29
-25
-16
-8
-10
-14
-25
-30
-30
-28
-22
-22
-27
-24
-27
-34
-27
-19
-9
-4
-2
-4
-6
-10
-15
-21
-27
-28
-32
-29
-22
-15
-11
-8
-9
-11
-7
3
22
29
35
38
39
44
47
45
44
39
34
38
38
36
29
29
34
34
37
39
38
39
45
49
56
60
57
56
57
56
60
58
56
51
42
35
36
41
48
50
43
38
35
26
24
19
11
1
-6
-6
-12
-14
-9
-1
-9
-21
-18
-17
-10
-11
-9
-5
-3
2
-6
-10
-23
-30
-30
-31
-27
-30
-38
-54
-62
-67
-73
-76
-66
-58
-41
-26
-18
-17
-21
-26
-31
-30
-26
-18
-15
-15
-18
-26
-23
-28
-22
-13
-16
-5
-5
-9
-8
-16
-25
-36
-43
-44
-36
-19
-5
0
-6
-2
0
4
12
32
52
67
72
80
92
83
74
55
29
-4
-40
-76
-109
-132
-136
-133
-117
-101
-81
-60
-40
-17
6
11
17
13
9
8
2
1
6
18
40
75
112
149
173
185
186
188
170
147
126
93
64
30
-4
-31
-51
-67
-76
-81
-87
-91
-95
-93
-76
-57
-35
-25
-21
-9
-7
2
17
31
44
55
59
57
51
43
31
26
27
17
5
-7
-17
-20
-28
-42
-47
-58
-67
-64
-65
-62
-63
-63
-55
-45
-34
-20
0
13
24
25
32
39
40
45
45
40
28
24
19
11
17
16
13
11
4
0
-2
-5
-8
-9
-12
-24
-30
-19
-3
15
31
24
19
5
-9
-11
-13
-9
-11
-23
-33
-23
-15
-2
18
23
15
6
20
27
40
37
21
9
-4
3
9
9
-3
-15
-11
11
28
38
47
28
15
3
1
9
6
-2
-6
-14
-12
-13
-24
-22
-12
3
7
2
-2
-20
-26
-17
-10
-6
-19
-48
-59
-57
-36
-31
-46
-42
-44
-51
-58
-56
-51
-65
-77
-45
-9
17
31
14
4
-17
-32
-23
-5
6
8
1
0
-13
-23
-20
-17
-17
-24
-12
-3
8
24
47
37
18
16
10
20
27
45
55
39
34
50
68
77
67
54
54
28
13
8
12
-3
-32
-32
-23
-1
19
38
32
25
33
42
42
38
47
53
47
30
19
14
-5
-19
-6
11
43
31
16
40
42
43
39
32
49
40
16
6
-1
0
-28
-32
-21
-23
-9
-8
11
29
43
35
30
23
13
-20
-64
-82
-86
-66
-74
-69
-63
-88
-74
-58
-39
1
-21
-28
-8
-8
6
6
1
-24
-55
-48
-29
-16
-12
-18
-29
-55
-37
-5
-2
-2
-30
-48
-41
-37
-25
-27
-43
-48
-61
-60
-35
-37
-27
-41
-37
-15
-4
46
49
23
30
37
64
20
15
36
-17
-3
-20
4
-1
-34
-12
3
9
20
22
14
0
-14
49
52
36
26
-20
-8
9
42
55
45
38
2
-4
59
65
31
42
3
20
41
47
95
39
44
28
49
78
78
65
61
38
24
55
56
61
39
20
20
17
-5
32
3
-7
-55
-38
-11
-55
-13
-21
-28
-36
-75
-35
-4
-18
1
-14
-52
-16
-63
-13
-13
-28
19
-30
33
6
21
10
-39
-39
-58
-53
-19
-46
-66
-48
-108
-35
-44
-19
44
8
-2
-13
-31
-47
-29
-57
-11
-16
-12
-3
-8
13
3
52
-4
53
48
-4
-9
-55
-32
-5
-37
14
17
-2
-2
-13
-15
-20
-10
-16
-24
-26
-32
-2
-6
-11
49
24
43
10
6
30
32
-40
-1
16
-9
67
15
66
4
37
32
11
38
-1
10
-4
25
-17
52
-28
18
6
-12
47
-12
65
35
15
24
6
19
14
-47
-16
-6
-55
6
-21
2
-11
-30
19
-29
5
6
7
30
52
-16
42
-26
3
-6
2
54
6
-13
5
-3
21
16
-26
28
-52
7
-13
-31
16
-30
-10
14
-22
4
-4
11
-12
14
13
13
4
-10
26
-9
-13
20
-8
-2
-16
-36
39
-4
-11
7
-13
-4
-3
24
23
28
-2
-11
-41
6
0
42
33
-34
34
-35
6
25
-40
-14
-71
-91
-22
-83
30
-8
-22
28
-4
69
64
69
30
-29
-64
-35
-11
-10
-17
-64
-89
-7
-21
44
15
-32
8
19
31
15
35
-43
-85
-91
-77
-45
-36
-31
-35
-25
6
23
67
48
20
18
-20
27
34
23
31
-32
40
17
68
53
11
40
-19
36
26
32
57
10
37
40
1
61
5
-7
2
-29
-35
7
-70
10
4
-27
48
-18
-4
41
-17
62
42
64
57
3
16
-36
-18
-13
-37
35
-49
66
34
-18
97
-71
29
-68
-20
-45
-37
12
-67
17
-84
-28
-71
-38
-12
-18
42
-30
-2
6
4
6
-22
-9
-28
2
25
1
47
-18
51
15
41
49
-55
94
-74
52
-4
-45
29
-68
28
-11
31
-22
-2
-11
12
14
0
-38
-75
-84
-65
-47
-13
12
-29
-25
20
-12
50
35
41
7
-43
-10
-22
-39
-37
-14
-21
3
31
19
41
-12
53
20
40
49
5
26
-45
31
-10
0
39
-7
0
-26
8
8
39
17
79
4
-1
104
-82
34
-84
-50
49
-62
50
-35
-76
3
-65
48
34
33
47
22
26
-39
28
50
18
17
-11
-31
34
-16
-17
15
-65
-42
4
-32
63
69
17
106
-14
24
31
-26
45
-9
-11
-21
-4
-9
40
13
-7
54
-18
79
75
25
29
-3
-21
-84
-32
-82
14
-50
-26
-16
-24
-20
-63
49
-70
32
-74
-29
65
-81
-25
-71
-103
-48
-122
-1
-40
-2
-12
16
-15
-38
22
37
56
-17
73
-36
47
-28
-19
34
-73
-35
-58
32
-89
42
-61
25
-20
-86
81
-97
52
-16
20
73
2
91
-28
56
-5
3
83
34
110
63
65
74
-3
21
44
13
47
36
30
11
72
28
27
75
-32
-20
26
-23
45
-30
-13
-2
-106
61
-49
21
36
-59
19
-12
-28
13
-70
65
-40
-13
40
-51
111
13
65
28
-9
15
-43
-31
-4
-57
-8
20
-92
42
-73
9
-20
-79
-3
-60
-44
27
36
-98
5
-113
-14
-10
-38
73
-95
-16
-17
-14
57
34
-20
2
-31
-45
-3
-110
32
-58
-38
-4
-69
18
-57
54
68
-55
32
-38
-43
101
12
103
16
-50
93
2
29
29
-28
86
25
9
85
-27
139
39
34
-12
0
-19
1
53
-35
55
-4
56
-45
8
47
-38
7
-18
26
-34
30
-51
-11
-33
-91
26
-116
17
-63
-64
-14
-77
92
1
126
-10
11
25
7
-36
53
-50
18
12
-66
160
-101
103
59
6
131
-36
32
60
-10
-8
-46
-3
-32
-3
-2
75
-38
0
-4
7
45
-35
39
-69
-36
-98
-122
9
-77
35
-15
-69
1
-62
32
18
-63
33
-44
-2
-14
-31
2
-23
-10
1
-3
11
-66
54
-22
1
-12
-84
-8
-25
-60
27
-10
25
15
-23
66
8
51
49
-8
30
-25
23
63
21
46
-58
22
39
-50
34
-72
23
69
-52
119
-81
-38
4
-65
39
-41
45
22
48
141
93
85
66
1
52
25
-17
6
-6
-22
-14
-14
0
32
28
44
15
25
-13
28
-25
-27
-9
-1
-21
45
45
-60
28
-27
-6
48
13
75
-57
6
-48
-27
0
-26
26
-72
93
-99
-11
-60
-130
-12
-11
-77
12
71
-102
75
-149
56
-41
-76
19
-59
-107
-17
-50
-26
-37
-46
-8
-62
48
-19
15
43
-13
-41
-65
-35
-36
-25
29
-120
-50
-19
-26
110
54
4
11
-16
118
7
109
-6
-17
-4
-2
76
-30
120
-100
125
13
92
72
89
50
64
-9
-5
38
-66
67
-45
98
-115
58
36
-11
100
-27
108
-7
-19
9
-23
62
15
73
116
-27
-58
94
63
25
-36
-114
-2
-102
19
-1
-29
-54
-46
96
-14
31
6
0
-20
-55
31
28
-122
79
-210
44
-39
70
83
-64
66
-72
96
-15
15
-23
-182
-48
-41
-185
104
-154
-25
-7
-8
110
-67
49
18
-87
34
-22
-126
40
-73
43
1
-7
17
-71
12
-104
-31
-6
-45
95
-103
38
32
-83
54
-8
32
38
20
128
5
-31
114
-50
54
-143
-34
-18
36
174
122
112
-2
22
-29
42
88
53
-16
-38
-21
70
9
4
-58
-49
11
53
32
84
-18
73
-15
44
-68
-120
-33
-47
40
-3
-83
21
-121
5
79
-32
183
-159
36
10
-2
136
44
-24
-26
-97
15
96
60
103
-81
-7
-3
-50
34
12
-50
-108
-65
-47
43
-59
35
-67
-165
40
-87
113
-70
-56
32
-157
170
-55
-46
27
-129
4
48
-84
62
-71
-14
288
-166
202
120
-138
195
-43
34
43
-82
78
-86
-86
14
-105
-58
37
-45
110
-63
48
188
-93
68
2
33
-11
-69
117
-112
-40
51
-66
131
22
48
189
-57
148
36
65
96
-115
119
-91
-63
-45
-129
27
-110
92
-92
-10
-30
-19
82
-5
10
-34
-68
54
52
-42
55
-14
-93
67
-67
57
-67
-181
34
-107
104
8
19
-27
-101
-65
-18
62
-76
104
-91
42
-102
-33
-54
-63
-27
-54
90
10
53
60
51
22
82
39
-8
-16
-14
8
-25
-26
-56
-51
6
-18
39
98
-14
-17
98
11
78
29
8
-50
-33
73
26
110
42
32
-60
65
-126
135
-33
-17
-13
-33
9
-21
73
-152
42
-93
43
19
98
37
-51
-11
-71
-47
4
34
-62
48
-13
-70
155
-21
110
45
67
24
15
-9
-84
-2
-56
38
2
-43
-63
20
-53
53
-75
-23
-19
-177
106
-164
93
35
-17
69
-63
4
14
-9
35
25
4
25
-25
56
-83
68
52
33
49
-48
-23
-40
-107
122
-50
14
6
-130
86
-37
28
47
-113
-41
-113
-31
44
-30
59
14
120
36
29
97
-84
-52
-64
-61
63
46
18
3
-214
-87
46
-31
129
-7
-116
29
-141
85
48
15
-71
22
-60
16
176
5
179
-12
-102
-37
-8
113
78
-77
-1
-75
59
217
71
66
-38
-143
50
-22
30
21
-132
-55
-153
119
55
149
-84
-126
-44
-36
13
89
93
-27
71
2
153
66
162
37
-18
-76
78
-40
62
-98
-94
110
73
105
43
-98
-115
-25
84
156
-47
-134
-190
-114
23
90
-36
18
-129
-8
-49
-68
-62
-96
-128
-36
26
-9
41
-61
86
-126
89
-52
53
31
12
9
-55
-73
16
-76
-89
-59
-91
56
-35
31
-15
-26
54
28
99
153
-62
-24
-18
-6
-1
-71
16
-23
-113
7
-61
-3
31
53
179
64
107
71
130
105
55
50
-162
-109
-45
143
150
40
-85
-27
-65
120
230
131
60
-122
-68
44
-16
20
-76
-76
-67
-173
-12
91
48
37
-2
26
-9
59
87
-3
-23
-180
-140
-71
-65
71
-34
-57
-90
-70
21
-30
59
81
33
118
37
117
210
57
11
-11
-66
-60
-57
-3
-69
-151
-155
-152
70
43
-12
-31
-110
-31
46
74
145
-104
-87
-112
-103
133
34
72
69
18
151
197
163
271
35
128
21
104
158
65
41
-148
-161
-97
-187
-119
-125
-249
-66
-111
-76
-82
-90
-59
-11
57
121
61
75
-17
20
26
-75
30
-20
14
29
46
-41
0
76
51
85
-13
10
-2
-36
-105
-155
-126
-160
-191
-106
-113
-95
-48
-30
38
62
11
67
41
45
35
59
78
6
-2
-19
-15
69
104
129
100
21
38
38
32
73
13
-41
-5
-25
57
50
41
46
-26
12
-37
-57
-33
-1
48
56
51
105
15
67
116
100
136
36
121
42
22
-7
-103
-77
-151
-49
52
12
48
-5
2
70
-9
10
8
-67
-96
-60
-2
6
-50
-85
-190
-96
-53
-11
28
-81
18
10
27
129
30
-49
-72
-92
8
-11
6
83
-46
29
-13
24
110
23
50
7
49
35
75
34
-6
-3
-5
5
71
-5
-74
-28
-149
-141
-182
-171
-135
-127
-47
4
32
47
-14
51
-22
-81
-31
-43
6
4
13
47
15
17
32
56
54
14
67
49
17
-6
-35
-19
-65
-73
-9
-17
3
-34
25
7
-57
-32
-3
-21
-29
-39
-58
5
-52
-44
-21
-31
-56
5
15
-5
-33
-1
99
91
93
89
137
150
220
313
413
396
408
465
461
521
517
511
507
500
518
555
515
438
345
283
210
88
43
-144
-357
-499
-660
-813
-989
-1153
-1304
-1374
-1466
-1455
-1437
-1444
-1386
-1307
-1219
-1067
-952
-824
-662
-514
-342
-203
-11
73
181
326
437
606
744
858
969
994
1025
1083
1028
1054
948
934
927
827
843
766
612
432
280
250
162
87
153
125
106
253
355
464
494
565
583
636
722
837
882
841
811
585
889
1617
2319
2440
2165
1753
1381
1407
1523
1060
-26
-1015
-1450
-1184
-949
-1184
-1972
-2837
-3366
-3529
-3241
-3181
-3643
-4220
-4257
-3681
-3160
-2843
-2809
-3125
-3341
-2673
-1299
-76
562
850
1091
1415
2090
2561
2569
2294
2120
2396
2904
3151
2846
2010
1061
226
-176
-251
-569
-1176
-1644
-1677
-1552
-1543
-1652
-1793
-1968
-1832
-1218
-467
117
496
915
1300
1688
2022
2297
2478
2512
2732
3160
3476
3398
3100
2753
2404
1889
1402
970
474
-22
-392
-624
-1002
-1474
-1799
-1994
-2143
-1971
-1651
-1353
-1117
-765
-53
869
1996
3179
3999
4122
3944
3899
3880
3585
2879
1791
595
-240
-500
-532
-1008
-2125
-3387
-4239
-4761
-5079
-5325
-5677
-6194
-6517
-6189
-5594
-5225
-5234
-5117
-4629
-3576
-2016
-194
1307
2100
2690
3369
4018
4318
4304
4218
4160
4150
4168
4016
3320
1928
341
-861
-1746
-2456
-2965
-3263
-3531
-3722
-3551
-3233
-3114
-3182
-2985
-2244
-1221
-112
926
1788
2413
2912
3531
4046
4318
4359
4484
4867
5078
5017
4676
4079
3206
2327
1649
890
40
-771
-1428
-1866
-2188
-2687
-3064
-3248
-3300
-3051
-2503
-1842
-1286
-693
-88
516
1012
1413
1774
2333
3149
4058
5200
6240
6555
5960
5064
4077
2986
1733
343
-1181
-2737
-3844
-4268
-4401
-4973
-5945
-6816
-7185
-7055
-6710
-6273
-5789
-5356
-4774
-3812
-2843
-2233
-1856
-1221
-255
1038
2653
4335
5382
5608
5375
5073
4659
3959
3059
2177
1453
831
283
-376
-1439
-2927
-4256
-4922
-5112
-5030
-4656
-4111
-3652
-3171
-2486
-1769
-1319
-989
-415
600
1821
2857
3726
4323
4565
4590
4647
4696
4472
4126
3915
3842
3589
2992
2185
1242
180
-718
-1347
-1871
-2422
-2883
-2875
-2582
-2327
-2166
-1804
-1320
-792
172
1139
1787
2057
2307
2615
2819
2748
2442
2533
3023
3804
4947
5972
5727
4485
3318
2465
1494
156
-1475
-3302
-4793
-5308
-4890
-4625
-5222
-6298
-6662
-6169
-5451
-4745
-4233
-3873
-3455
-2640
-1446
-646
-608
-755
-461
257
1357
2815
4123
4418
4016
3630
3231
2472
1443
478
-350
-927
-1207
-1303
-1752
-2823
-4057
-4803
-4986
-4785
-4194
-3403
-2778
-2160
-1387
-551
12
177
413
1075
2009
3001
3923
4457
4476
4379
4417
4360
4014
3533
3054
2665
2405
2030
1476
774
-169
-1057
-1574
-1858
-2273
-2567
-2444
-2147
-1778
-1385
-880
-392
232
950
1697
2239
2524
2808
2916
2967
2812
2484
1864
1640
2029
2743
3846
5087
5631
4958
3846
2647
1377
-26
-1583
-3463
-5335
-6459
-6554
-6032
-5821
-6352
-6917
-6547
-5682
-4827
-3953
-3034
-2287
-1598
-512
542
867
616
494
648
1128
2027
3220
3912
3653
2947
2123
1292
346
-603
-1470
-2073
-2419
-2440
-2197
-2387
-3388
-4488
-4848
-4623
-4000
-2962
-1855
-1072
-455
445
1365
1853
1986
2307
3037
3980
4811
5407
5633
5338
4752
4112
3566
2906
2159
1597
1231
778
320
-150
-844
-1592
-2045
-2105
-1955
-1680
-1321
-870
-248
291
622
1069
1509
1794
2090
2546
2798
2629
2424
2196
1749
1067
337
-374
-1095
-1444
-1092
-370
567
2005
3447
3836
2939
1685
521
-613
-1741
-3147
-4713
-6042
-6454
-5780
-4742
-4557
-5076
-4978
-4020
-2923
-2042
-923
28
531
862
1268
1392
834
35
-491
-567
-116
867
1848
2063
1392
393
-532
-1256
-1727
-1886
-1800
-1534
-1061
-311
176
-206
-1126
-1888
-2095
-1747
-899
32
535
718
964
1395
1726
1758
1688
2010
2711
3526
4134
4244
3827
3106
2364
1669
999
502
159
-84
-258
-428
-590
-890
-1266
-1395
-1112
-696
-181
484
1161
1681
2085
2272
2194
2212
2128
1850
1582
1289
709
58
-396
-957
-1562
-1926
-2088
-2194
-2109
-2000
-1993
-1795
-1136
-178
900
2379
4156
5407
5366
4399
3032
1546
334
-650
-2007
-3837
-5105
-5058
-4159
-3630
-3991
-4445
-4161
-3323
-2663
-1837
-916
-470
-489
-389
-185
-407
-882
-1292
-1500
-1403
-744
321
1237
1457
1057
469
-43
-178
-13
191
315
705
1388
1820
1574
716
-402
-1349
-1820
-1861
-1423
-797
-427
-286
71
506
642
679
997
1626
2326
2951
3325
3394
3139
2603
1860
1068
467
69
-176
-213
-87
9
-95
-188
-270
-205
76
444
795
1206
1722
1919
1841
1568
1106
392
-196
-543
-794
-956
-1167
-1362
-1439
-1374
-1347
-1406
-1364
-1190
-1067
-978
-657
-93
468
1174
1985
3042
4743
6347
6553
5318
3692
2039
539
-783
-2349
-4488
-6410
-6810
-5888
-4933
-4895
-5228
-4978
-4122
-3178
-2167
-905
131
526
614
796
779
313
-317
-638
-624
-199
961
2341
3015
2558
1551
579
55
50
216
220
227
588
958
836
81
-1004
-2293
-3348
-3514
-2697
-1780
-1393
-1199
-787
-181
270
529
983
1839
2858
3863
4719
5191
4900
4184
3475
2657
1666
913
457
82
-154
-285
-583
-1110
-1471
-1562
-1428
-1155
-776
-370
86
431
477
324
-35
-593
-1005
-993
-889
-880
-1000
-962
-715
-609
-410
0
224
311
762
1143
1190
1155
1026
825
1022
1637
2147
3337
5122
6000
5122
3511
1798
-20
-1444
-2774
-4715
-6881
-7674
-6884
-5348
-4482
-4437
-4193
-3272
-2002
-840
518
1749
2342
2249
2275
2421
2019
1055
145
-466
-818
-364
657
1267
852
-142
-1236
-2005
-2084
-1812
-1735
-1709
-1247
-480
121
115
-355
-1266
-2249
-2641
-2137
-1135
-368
-31
289
997
1799
2291
2547
2991
3555
4106
4625
4880
4494
3677
2633
1258
-230
-1388
-2134
-2803
-3304
-3396
-3244
-3092
-2802
-2308
-1570
-646
283
1109
1920
2794
3395
3374
2941
2552
2269
2019
1707
1359
882
448
218
57
-126
-299
-433
-783
-1010
-878
-758
-982
-1309
-1674
-1812
-1363
-603
159
1130
3270
5625
6623
5959
4577
2983
1432
360
-774
-2679
-4936
-5841
-5021
-3681
-3325
-3669
-3528
-2653
-1766
-1067
65
928
762
71
-30
-95
-808
-1842
-2593
-2985
-3031
-2302
-1039
-4
109
-431
-1046
-942
-183
474
707
879
1480
2239
2640
2227
1039
-717
-2290
-2977
-2638
-1982
-1811
-1997
-1880
-1122
-314
126
391
899
1606
2388
3118
3482
3271
2564
1574
544
-282
-821
-1203
-1490
-1377
-926
-436
66
674
1280
1855
2481
3039
3547
3918
3912
3402
2688
2017
1239
437
-153
-624
-1136
-1403
-1471
-1601
-1498
-1143
-914
-795
-350
212
540
745
839
777
927
1398
1746
2031
2639
4153
6104
7245
6540
4566
2520
736
-506
-1685
-3637
-6414
-8135
-7738
-6190
-5453
-5724
-5791
-5067
-4012
-3043
-1728
-578
-185
-506
-500
-108
85
-294
-1063
-1657
-1788
-1119
151
1365
1578
968
174
-156
52
264
269
50
-27
362
907
548
-671
-1886
-3052
-4162
-4264
-3184
-2356
-2170
-1742
-653
594
1535
2038
2526
3410
4323
4868
5187
5260
4649
3503
2300
1126
30
-722
-1129
-1251
-983
-379
184
441
769
1435
1934
2149
2276
2488
2736
2791
2431
1806
1158
561
28
-362
-569
-714
-803
-764
-362
99
408
508
575
671
766
815
670
506
453
551
568
740
1245
2609
4589
5709
4993
3260
1625
130
-1083
-2445
-4586
-7321
-8992
-8564
-6915
-5831
-5978
-6203
-5608
-4371
-3120
-1722
-551
-100
-212
112
1085
1744
1350
144
-876
-1202
-605
555
1540
1565
812
-28
-424
-380
-497
-1143
-1948
-1925
-999
118
470
-171
-1524
-2784
-3250
-2864
-2040
-1330
-857
-225
1074
2623
3618
3747
3660
3838
4373
4991
5290
5183
4673
3724
2409
1191
227
-796
-1825
-2245
-1979
-1324
-646
-127
292
722
1121
1394
1681
2073
2405
2598
2690
2602
2387
2021
1442
746
76
-276
-411
-551
-421
146
651
531
184
62
38
-20
-119
-364
-628
-581
-294
30
514
1823
3504
4265
3629
2414
1215
-70
-1344
-2691
-4489
-6690
-7930
-7369
-5847
-5034
-5368
-5638
-4939
-3797
-2851
-1749
-703
-290
-353
65
879
1145
475
-579
-1282
-1313
-601
450
1274
1289
552
-293
-687
-681
-878
-1207
-1327
-917
65
1190
1476
894
160
-728
-1603
-1547
-557
102
287
765
1722
2576
3018
2969
2788
2967
3359
3609
3889
4251
4086
3267
2257
1256
133
-862
-1356
-1356
-973
-309
271
611
925
1241
1276
1064
994
1202
1592
1982
2058
1745
1308
844
165
-458
-710
-878
-1061
-955
-519
-132
-124
-439
-764
-930
-922
-861
-860
-707
-305
258
703
1429
2851
4341
4635
3606
2283
1054
18
-1059
-2623
-4921
-6918
-7452
-6589
-5462
-5135
-5423
-5532
-4984
-4327
-3541
-2356
-1296
-1063
-1007
-1
1308
1779
1167
349
16
447
1470
2676
3449
3196
2083
858
400
260
-338
-1399
-2035
-1729
-810
17
290
-60
-981
-1951
-2256
-1541
-508
50
225
809
1946
2987
3343
3182
3026
3016
3183
3575
4144
4403
4035
3290
2653
2040
1198
162
-742
-1178
-1047
-693
-541
-372
-230
-326
-508
-408
-265
-259
-13
458
828
1162
1384
1177
950
830
466
-95
-283
-214
-225
-140
-117
-312
-733
-1190
-1598
-1704
-1606
-1528
-1200
-457
556
1943
3543
4304
3803
2638
1331
136
-585
-1258
-2806
-4888
-6084
-5695
-4556
-4009
-4379
-4799
-4603
-4091
-3576
-2636
-1498
-1117
-1391
-1077
187
1299
1409
784
220
346
1289
2593
3597
3768
2977
1819
1144
942
381
-779
-1921
-2352
-1847
-766
48
118
-288
-762
-1127
-976
-216
393
442
509
1231
2338
3110
3123
2633
2226
2114
2074
2213
2635
2804
2344
1762
1557
1371
640
-413
-1272
-1637
-1380
-988
-840
-657
-374
-278
-319
-208
-103
-98
98
547
1088
1584
1893
1795
1527
1338
953
307
-101
-273
-591
-887
-880
-871
-1276
-1820
-2305
-2651
-2549
-1768
-821
0
1411
3297
4629
4850
4387
3313
1840
706
-8
-1013
-2514
-3737
-4067
-3511
-2962
-3159
-3758
-4069
-4312
-4679
-4379
-3339
-2708
-2936
-2942
-2062
-805
59
324
274
435
1203
2549
4130
5265
5357
4501
3643
3287
2908
1972
501
-1006
-1920
-1901
-1448
-1371
-1868
-2505
-3045
-3255
-2877
-2124
-1676
-1544
-1085
-46
1169
2000
2249
2092
1918
1911
2070
2401
2877
3048
2803
2479
2312
2156
1768
1077
344
-53
-117
-134
-261
-361
-556
-877
-1174
-1302
-1305
-1262
-1207
-1073
-683
-77
551
996
1313
1549
1674
1667
1625
1527
1262
876
533
91
-469
-939
-1372
-1824
-2048
-1785
-1422
-929
149
1647
2737
3161
3210
2872
2325
1774
1093
-44
-1281
-2017
-2108
-1797
-1548
-1738
-2223
-2699
-3434
-4290
-4595
-4421
-4623
-5186
-5194
-4345
-3097
-1954
-1203
-878
-467
418
1674
2968
4006
4437
4343
4322
4481
4488
4086
3216
1880
526
-172
-335
-626
-1307
-2163
-2929
-3388
-3401
-3120
-2850
-2730
-2538
-1992
-1083
-72
751
1202
1376
1518
1836
2316
2809
3080
2999
2807
2821
3003
3106
2996
2653
2212
1859
1571
1225
832
390
-212
-889
-1365
-1539
-1657
-1923
-2197
-2246
-1947
-1388
-808
-320
239
825
1210
1400
1543
1632
1516
1189
824
541
328
29
-515
-1110
-1591
-1928
-2082
-2034
-1707
-1045
-173
641
1211
1555
1711
1688
1589
1429
1114
620
209
105
187
196
-18
-439
-1025
-1775
-2570
-3158
-3532
-3964
-4494
-4668
-4232
-3559
-3035
-2591
-2092
-1624
-1156
-607
46
657
1050
1181
1358
1813
2294
2491
2357
2109
1910
1849
1819
1668
1353
859
282
-161
-307
-354
-608
-974
-1113
-934
-647
-388
-118
126
265
358
489
683
856
885
779
762
987
1328
1598
1822
1986
1995
1954
1921
1897
1788
1553
1157
736
449
95
-400
-807
-879
-943
-1165
-1135
-878
-675
-410
-208
-204
-328
-384
-340
-259
-52
180
254
147
-8
-176
-508
-924
-1253
-1442
-1419
-1195
-817
-323
295
992
1625
2120
2530
2753
2710
2488
2125
1480
702
-43
-670
-1134
-1462
-1694
-1879
-1982
-2075
-2245
-2462
-2598
-2732
-2882
-2901
-2695
-2313
-1877
-1485
-1182
-964
-810
-668
-438
-106
112
107
88
234
438
592
716
767
620
427
432
670
967
1087
931
627
433
398
311
128
14
3
67
206
455
698
790
656
442
391
559
825
1028
1181
1288
1333
1403
1510
1525
1401
1220
1092
1006
902
713
414
52
-342
-687
-845
-770
-587
-396
-195
45
224
302
343
333
316
362
486
604
628
553
356
59
-352
-840
-1216
-1370
-1347
-1267
-1211
-1170
-1113
-1019
-872
-699
-477
-102
442
1051
1536
1802
1814
1504
971
404
-130
-643
-1086
-1305
-1224
-916
-600
-411
-272
-166
-222
-445
-667
-808
-949
-1156
-1334
-1359
-1207
-1076
-1106
-1233
-1329
-1378
-1441
-1439
-1323
-1181
-1058
-872
-530
-59
394
678
774
873
1083
1288
1424
1517
1626
1684
1627
1503
1359
1221
1044
849
631
500
491
545
654
739
727
625
572
618
656
603
501
366
229
41
-198
-411
-569
-753
-926
-890
-646
-372
-228
-133
60
311
467
488
488
572
731
840
854
851
812
632
252
-187
-583
-972
-1328
-1535
-1533
-1460
-1406
-1334
-1209
-1002
-816
-740
-623
-373
-60
215
515
808
1005
1160
1317
1403
1434
1413
1271
1071
983
964
779
488
280
284
412
541
604
636
587
332
-98
-511
-869
-1275
-1708
-2012
-2087
-2027
-1924
-1810
-1675
-1551
-1501
-1470
-1299
-1009
-762
-610
-452
-229
8
197
284
271
216
157
155
214
363
507
517
403
218
50
-72
-123
-167
-174
-26
229
512
809
1053
1103
950
774
641
528
331
57
-209
-407
-511
-616
-699
-698
-701
-703
-538
-232
37
147
265
444
620
734
808
936
1037
1054
971
883
856
754
539
406
375
323
240
281
432
561
613
636
644
622
630
575
454
289
65
-153
-290
-334
-365
-396
-276
40
416
760
976
1042
1031
1042
1078
1056
958
795
679
705
823
854
676
315
-184
-793
-1369
-1788
-2082
-2351
-2592
-2651
-2461
-2191
-2024
-1995
-2003
-2002
-1983
-1843
-1529
-1196
-1011
-972
-927
-795
-614
-451
-334
-207
-43
167
427
724
958
1014
911
764
716
763
758
671
564
454
335
222
116
-50
-307
-596
-782
-770
-661
-640
-753
-838
-773
-606
-409
-238
-12
258
476
625
750
911
924
842
773
749
742
724
770
817
874
940
1008
1042
1063
1103
1124
1211
1301
1317
1271
1253
1316
1307
1149
897
633
398
143
-143
-435
-630
-684
-730
-731
-605
-339
64
542
1053
1446
1662
1732
1674
1626
1639
1479
1042
617
429
414
393
331
136
-238
-754
-1291
-1709
-1933
-2143
-2518
-2835
-2842
-2580
-2279
-2087
-2059
-2143
-2226
-2211
-2068
-1817
-1601
-1510
-1411
-1202
-927
-652
-432
-298
-247
-100
247
722
1165
1482
1610
1499
1244
951
617
206
-213
-586
-859
-999
-951
-842
-858
-1032
-1228
-1319
-1184
-882
-604
-334
-71
192
353
463
544
522
501
509
581
807
1118
1394
1459
1431
1434
1452
1458
1482
1547
1618
1703
1777
1809
1813
1750
1501
1250
1071
945
835
708
598
429
204
12
-138
-244
-318
-434
-531
-432
-199
54
314
668
1222
1898
2419
2565
2457
2252
1968
1567
1182
769
143
-502
-800
-747
-694
-842
-1202
-1679
-2243
-2839
-3215
-3300
-3313
-3535
-3760
-3617
-3175
-2812
-2724
-2825
-2970
-2907
-2487
-1787
-1070
-520
-199
7
275
625
982
1239
1327
1308
1492
1903
2216
2150
1776
1201
434
-276
-715
-989
-1344
-1729
-1939
-1931
-1777
-1580
-1433
-1397
-1364
-1176
-723
-95
525
927
1114
1267
1451
1610
1683
1722
1758
1826
1926
2097
2322
2453
2310
1916
1491
1206
1043
866
660
518
455
440
442
457
428
286
66
-62
20
251
437
477
493
553
596
600
609
533
404
282
256
477
912
1301
1813
2697
3529
3572
3100
2656
2125
1408
718
-58
-1237
-2341
-2752
-2633
-2653
-3008
-3530
-3966
-4352
-4689
-4673
-4179
-3791
-4003
-4154
-3525
-2569
-2052
-1949
-1888
-1736
-1262
-270
1065
2171
2631
2512
2381
2624
2837
2673
2224
1689
1197
1048
1144
895
-24
-1212
-2300
-3185
-3601
-3520
-3406
-3554
-3524
-2966
-2182
-1585
-1133
-686
-296
149
880
1904
2931
3565
3670
3552
3544
3514
3202
2714
2305
2015
1774
1567
1385
1154
690
-81
-839
-1239
-1375
-1492
-1550
-1375
-1034
-680
-386
-156
120
422
674
917
1411
2041
2448
2616
2708
2783
2619
2255
1793
1314
876
562
324
163
176
135
563
1891
3259
3236
2321
1692
1299
888
472
-147
-1642
-3204
-3561
-2839
-2332
-2596
-3229
-3752
-4055
-4219
-3675
-2579
-2122
-2926
-3616
-2884
-1671
-1297
-1695
-1993
-2052
-1590
-243
1593
2875
2832
1978
1436
1739
2003
1693
1005
331
-72
55
451
142
-1063
-2508
-3622
-4276
-4087
-3283
-2811
-2909
-2743
-1775
-730
-201
-8
294
662
1085
1833
2943
3925
4090
3557
3034
2974
2939
2497
1851
1434
1277
1151
978
713
308
-404
-1294
-1869
-1840
-1501
-1245
-1124
-935
-463
82
372
514
773
1141
1497
1998
2647
3170
3240
2871
2504
2357
2055
1389
706
215
-203
-546
-742
-963
-1227
-1538
-1566
-1189
67
2294
4209
4468
3597
3127
2937
2569
1926
1009
-756
-2737
-3209
-2099
-1376
-2252
-3734
-4653
-4901
-4971
-4482
-3467
-3209
-4146
-4726
-3637
-2029
-1518
-2147
-2645
-2370
-1307
694
2933
4194
3810
2780
2299
2626
2789
2226
1268
356
-5
261
575
-174
-1999
-3847
-4873
-5111
-4573
-3526
-2939
-3045
-2858
-1712
-469
-33
-4
365
1112
2012
3113
4239
4826
4562
3856
3403
3291
3097
2522
1808
1400
1396
1315
832
124
-666
-1493
-2143
-2317
-2086
-1777
-1512
-1172
-716
-234
235
516
696
1119
1779
2447
3017
3342
3320
3105
2817
2414
1814
1155
597
165
-203
-504
-730
-1070
-1600
-2103
-2144
-1880
-1645
-1335
-743
-69
1084
3420
5641
5886
4526
3601
3065
2293
1697
1125
-588
-3124
-4128
-3127
-2351
-3521
-5338
-6132
-6107
-6004
-5279
-3625
-2649
-3342
-3983
-2759
-904
-349
-889
-1225
-798
191
1834
3754
4804
4137
2638
1840
2024
2028
1112
-61
-997
-1471
-1380
-1159
-1900
-3587
-5087
-5667
-5364
-4318
-2970
-2219
-2130
-1607
-170
1186
1699
1900
2531
3439
4163
4841
5530
5540
4608
3482
2907
2589
1997
1087
298
-110
-292
-555
-1006
-1366
-1585
-1827
-2024
-1712
-1038
-509
-256
-113
462
1147
1567
1947
2349
2801
3107
3261
3415
3558
3334
2667
1933
1319
868
348
-296
-874
-1470
-2108
-2382
-2392
-2438
-2485
-2565
-2388
-1839
-1067
-255
417
846
1477
2284
3510
5426
6530
5483
3615
2578
1948
1254
470
-777
-2946
-4888
-4899
-3764
-3744
-5082
-6086
-6132
-5750
-5076
-3778
-2578
-2800
-3733
-3248
-1350
-79
-98
-457
-391
129
1209
2816
3904
3445
1974
1046
1117
1391
931
-149
-1176
-1774
-1794
-1450
-1543
-2614
-3875
-4346
-3870
-2854
-1786
-1104
-994
-862
-6
1307
2122
2232
2359
2972
3781
4383
4787
4808
4118
3043
2452
2328
2002
1361
772
411
213
181
105
-230
-767
-1094
-983
-605
-303
-165
-35
129
312
545
949
1306
1416
1482
1751
2132
2392
2397
2140
1786
1399
893
295
-163
-437
-748
-1189
-1568
-1699
-1721
-1836
-2076
-2140
-1927
-1673
-1399
-849
-244
87
363
766
1381
1950
2699
3905
4896
4386
2932
2070
1640
949
55
-926
-2489
-3923
-3920
-2859
-2769
-3999
-4783
-4451
-4026
-3903
-3278
-2429
-2481
-3168
-2755
-1221
-453
-960
-1440
-1135
-664
-159
815
1923
2068
1254
709
924
1203
748
0
-268
-56
76
37
-92
-655
-1584
-2219
-2079
-1512
-934
-585
-460
-255
267
867
1037
896
1075
1717
2234
2408
2564
2685
2387
1883
1795
1987
1897
1522
1276
1323
1535
1624
1298
766
509
586
631
427
210
141
64
-43
13
131
17
-269
-399
-138
334
620
565
419
382
464
519
374
21
-338
-565
-659
-674
-704
-800
-987
-1110
-1027
-725
-365
-63
95
149
398
865
1088
1021
1066
1206
1129
949
1563
3094
4041
3095
1527
1016
896
218
-606
-1386
-2934
-4489
-4297
-2769
-2375
-3689
-4581
-4023
-3304
-3211
-2769
-1887
-1725
-2182
-1820
-623
-209
-893
-1426
-1100
-465
175
981
1615
1505
848
410
314
177
-234
-662
-823
-666
-405
-298
-601
-1350
-2003
-2073
-1705
-1280
-804
-186
330
555
809
1336
1696
1652
1816
2655
3576
3805
3611
3587
3553
3092
2487
2215
2025
1554
1093
906
727
328
-110
-431
-612
-647
-564
-426
-366
-353
-223
39
170
142
200
399
625
807
882
869
866
865
804
708
540
319
124
-41
-249
-490
-789
-1205
-1524
-1484
-1189
-1028
-1013
-898
-635
-390
-243
-85
253
663
826
863
1019
1183
1059
732
489
513
1125
2195
2717
1932
729
105
-224
-762
-1442
-2250
-3343
-3924
-3252
-2198
-2263
-3224
-3583
-3095
-2711
-2630
-2202
-1634
-1673
-1868
-1424
-861
-1097
-1643
-1582
-1111
-754
-316
380
878
761
328
111
110
11
-264
-407
-202
220
459
326
-36
-411
-697
-802
-537
53
687
1092
1327
1617
1952
2147
2101
1972
2116
2649
3167
3243
2983
2750
2485
2010
1546
1420
1481
1233
816
753
986
921
431
19
-121
-199
-328
-315
-186
-171
-233
-191
-110
-133
-180
-110
93
312
445
481
504
566
661
705
585
396
272
190
57
-74
-204
-430
-698
-769
-620
-527
-650
-713
-519
-280
-292
-446
-499
-528
-658
-790
-694
-577
-682
-886
-854
-642
-543
-587
-469
-1
485
595
348
106
-62
-226
-360
-541
-988
-1595
-1896
-1633
-1175
-1018
-1158
-1275
-1318
-1341
-1343
-1290
-1223
-1311
-1553
-1801
-1947
-1994
-1966
-2006
-2161
-2220
-1949
-1439
-963
-694
-607
-526
-307
106
546
858
1049
1340
1796
2210
2368
2334
2241
2100
1978
1926
1919
1839
1678
1565
1574
1586
1487
1296
1117
1013
918
832
780
759
739
718
746
812
912
1023
1094
1126
1231
1414
1596
1695
1708
1647
1514
1341
1144
949
683
338
-19
-300
-478
-624
-809
-1032
-1259
-1442
-1524
-1509
-1408
-1292
-1263
-1292
-1188
-897
-658
-556
-440
-218
-1
157
289
412
524
546
518
472
391
245
89
-51
-208
-431
-726
-981
-1171
-1339
-1585
-1912
-2184
-2251
-2166
-1995
-1636
-1132
-666
-410
-290
-61
313
668
970
1270
1453
1390
1207
1160
1286
1322
1037
500
-24
-395
-696
-984
-1265
-1561
-1975
-2397
-2593
-2472
-2294
-2327
-2499
-2535
-2302
-1940
-1598
-1313
-1048
-776
-459
-116
206
477
750
971
1110
1259
1463
1602
1642
1688
1740
1718
1593
1463
1449
1523
1557
1535
1551
1630
1679
1647
1569
1512
1465
1403
1409
1489
1560
1529
1411
1289
1196
1140
1105
1007
855
747
687
589
409
177
-61
-275
-381
-366
-396
-525
-652
-667
-694
-802
-871
-850
-835
-818
-623
-329
-197
-259
-299
-254
-254
-329
-380
-354
-365
-445
-515
-546
-677
-936
-1168
-1264
-1267
-1287
-1273
-1150
-970
-878
-870
-793
-588
-408
-367
-296
-76
151
290
376
443
470
463
508
689
846
745
451
221
128
25
-138
-266
-424
-732
-1029
-1072
-904
-719
-652
-712
-818
-880
-900
-865
-773
-756
-841
-875
-798
-605
-341
-169
-201
-319
-315
-148
36
112
83
95
186
256
289
280
254
277
413
551
626
687
699
624
529
538
646
765
813
904
1154
1395
1456
1421
1441
1446
1373
1380
1535
1630
1548
1417
1385
1362
1200
877
549
353
261
171
48
-24
-104
-278
-502
-649
-727
-814
-949
-1050
-1051
-1014
-1000
-976
-913
-856
-825
-810
-720
-485
-190
2
104
213
312
346
330
316
305
309
341
339
312
268
172
26
-156
-341
-485
-559
-573
-541
-519
-539
-584
-587
-579
-617
-696
-725
-617
-477
-462
-524
-509
-451
-472
-508
-436
-294
-213
-131
104
360
373
175
87
180
250
283
429
639
659
473
316
327
391
344
241
199
180
76
-78
-158
-182
-323
-618
-869
-919
-855
-850
-939
-1047
-1123
-1205
-1289
-1273
-1110
-926
-784
-589
-292
-43
40
93
244
440
580
717
896
1036
1070
1067
1091
1077
950
745
592
553
484
301
100
-9
-92
-240
-351
-303
-100
148
386
619
817
936
1022
1148
1286
1370
1421
1499
1578
1605
1541
1370
1150
932
734
557
378
192
46
-3
-47
-199
-395
-553
-658
-695
-652
-580
-515
-463
-409
-327
-245
-207
-202
-137
-25
75
168
258
291
205
32
-138
-302
-502
-733
-912
-1004
-1100
-1278
-1461
-1523
-1526
-1572
-1592
-1487
-1299
-1119
-952
-719
-435
-197
-30
171
463
697
790
833
914
1037
1183
1295
1276
1080
777
475
248
109
-32
-277
-630
-922
-997
-937
-897
-889
-884
-925
-965
-909
-732
-543
-444
-415
-393
-399
-426
-416
-411
-513
-688
-803
-838
-887
-961
-1015
-1038
-1064
-1108
-1131
-1060
-864
-609
-377
-172
35
251
448
657
927
1211
1421
1590
1807
2017
2110
2099
2085
2080
1993
1823
1668
1587
1518
1411
1281
1185
1118
1018
922
874
848
817
811
854
954
1053
1078
1061
1051
1048
1048
1065
1048
964
838
729
638
492
320
150
-53
-323
-577
-773
-952
-1155
-1352
-1509
-1650
-1780
-1857
-1840
-1769
-1698
-1640
-1520
-1329
-1151
-1037
-950
-835
-702
-564
-448
-342
-247
-208
-253
-297
-298
-328
-400
-483
-553
-611
-667
-738
-812
-864
-896
-921
-915
-868
-815
-785
-749
-696
-659
-606
-480
-285
-85
108
360
598
682
653
634
622
579
596
693
706
554
340
181
123
104
52
-47
-159
-275
-365
-373
-294
-248
-366
-579
-696
-642
-532
-495
-510
-474
-382
-332
-323
-215
10
190
238
277
431
634
782
874
960
1040
1080
1094
1150
1250
1335
1363
1329
1293
1306
1306
1212
1096
1034
996
909
786
703
692
696
690
680
679
668
637
633
672
710
670
581
524
527
512
424
305
228
142
-10
-166
-319
-451
-603
-741
-847
-924
-926
-926
-950
-952
-944
-941
-953
-930
-835
-770
-749
-724
-654
-567
-537
-499
-439
-402
-413
-458
-449
-346
-245
-231
-268
-307
-323
-335
-362
-382
-416
-459
-474
-463
-441
-459
-519
-509
-407
-356
-347
-323
-254
-181
-159
-187
-230
-259
-311
-376
-400
-380
-382
-400
-395
-355
-298
-213
-82
135
364
425
321
263
344
470
572
706
804
763
636
580
634
687
664
563
433
266
99
-17
-92
-185
-356
-570
-731
-792
-821
-888
-973
-1017
-995
-939
-849
-709
-524
-298
-71
66
143
265
448
625
766
870
904
878
833
784
735
692
651
626
646
666
688
721
740
730
696
686
713
770
841
898
956
1017
1038
1020
998
955
887
826
796
776
714
605
512
467
383
235
113
77
48
-50
-181
-243
-244
-264
-309
-337
-330
-324
-356
-360
-311
-262
-267
-288
-301
-338
-388
-434
-450
-485
-561
-685
-840
-973
-1056
-1085
-1091
-1082
-1097
-1122
-1098
-1022
-946
-905
-889
-845
-738
-625
-543
-466
-362
-259
-197
-143
-79
-21
-7
-12
15
49
21
-69
-153
-210
-289
-375
-410
-388
-347
-323
-330
-340
-353
-372
-343
-230
-114
-19
80
197
302
391
453
458
405
316
257
266
312
298
198
21
-170
-322
-411
-428
-475
-567
-629
-629
-590
-518
-421
-341
-290
-224
-106
24
138
267
412
521
576
632
729
826
874
910
958
975
962
976
1031
1056
1026
992
989
973
924
938
1040
1147
1182
1193
1221
1220
1182
1163
1173
1150
1075
996
927
846
740
617
465
302
160
55
-9
-65
-120
-156
-201
-281
-375
-433
-478
-537
-566
-545
-520
-538
-557
-545
-541
-581
-630
-631
-610
-606
-618
-628
-650
-696
-747
-777
-773
-777
-813
-837
-820
-788
-773
-785
-831
-876
-871
-805
-716
-635
-558
-505
-484
-477
-461
-416
-373
-366
-391
-409
-437
-497
-565
-609
-630
-644
-640
-616
-581
-583
-594
-564
-497
-418
-356
-328
-333
-302
-197
-85
-10
66
133
148
119
140
243
348
351
283
258
268
247
216
229
277
321
320
297
317
365
411
495
687
952
1089
1032
993
1072
1119
1142
1309
1539
1553
1377
1195
1052
937
852
751
571
383
218
81
-14
-85
-189
-349
-455
-469
-414
-342
-256
-145
-27
55
100
191
381
597
697
715
756
770
680
623
698
774
692
530
427
364
237
70
-57
-141
-219
-311
-380
-381
-347
-345
-377
-409
-452
-529
-585
-570
-536
-541
-547
-547
-588
-651
-681
-659
-633
-628
-635
-644
-640
-619
-603
-606
-617
-626
-607
-556
-498
-455
-434
-409
-393
-385
-348
-265
-167
-95
-23
19
9
-14
9
66
87
31
-56
-93
-112
-151
-194
-229
-266
-322
-345
-294
-236
-226
-216
-160
-96
-63
-27
37
94
128
184
287
396
473
510
524
510
466
405
383
399
389
324
222
135
75
16
-63
-155
-239
-326
-365
-346
-320
-306
-287
-256
-211
-151
-79
5
99
191
268
322
367
411
452
482
504
520
557
593
606
601
568
534
519
534
546
498
422
361
291
203
133
73
-6
-55
-91
-174
-277
-319
-332
-369
-398
-385
-344
-286
-216
-156
-126
-92
-49
-23
19
92
142
148
147
162
170
172
176
174
163
138
102
60
30
15
-17
-68
-85
-73
-93
-145
-182
-157
-116
-94
-60
1
62
107
148
192
246
287
307
314
342
361
338
313
315
323
313
282
240
217
206
200
217
250
249
204
146
102
78
53
24
-8
-70
-159
-265
-342
-379
-434
-508
-565
-584
-589
-617
-660
-684
-696
-706
-704
-686
-648
-621
-645
-682
-685
-691
-737
-773
-766
-738
-692
-668
-679
-674
-642
-644
-634
-570
-502
-460
-434
-397
-355
-307
-267
-222
-168
-116
-56
24
102
176
258
333
363
374
397
436
494
557
598
613
632
665
707
750
773
780
806
840
841
808
752
688
638
601
567
547
511
450
385
317
247
174
110
65
61
60
44
36
37
32
4
-1
26
39
48
85
116
134
147
149
152
169
197
234
287
352
393
402
419
424
388
360
364
383
395
384
359
334
305
283
291
290
251
211
212
234
237
209
183
173
164
123
94
102
70
-15
-102
-142
-174
-213
-273
-335
-374
-409
-478
-560
-611
-644
-657
-670
-691
-703
-705
-737
-785
-817
-822
-794
-744
-685
-619
-556
-523
-525
-510
-475
-476
-517
-534
-519
-507
-502
-502
-512
-538
-581
-609
-580
-533
-490
-448
-380
-301
-249
-236
-231
-209
-160
-84
-11
68
129
156
136
95
68
46
23
-6
-25
-29
-35
-89
-166
-206
-226
-235
-227
-206
-169
-128
-84
-28
38
100
165
221
293
373
462
572
680
743
771
797
842
892
927
940
928
908
885
875
863
820
760
703
683
715
740
747
732
711
715
722
726
735
714
677
674
666
609
555
511
441
353
296
279
206
84
2
-29
-43
-61
-96
-129
-158
-204
-234
-236
-225
-213
-222
-227
-202
-171
-175
-215
-257
-263
-274
-305
-335
-367
-419
-500
-592
-653
-678
-744
-818
-846
-838
-837
-859
-841
-763
-683
-612
-536
-442
-335
-238
-158
-73
19
111
180
213
238
244
229
196
148
93
27
-24
-71
-126
-195
-261
-305
-336
-364
-387
-395
-386
-382
-396
-369
-311
-271
-254
-215
-131
-61
-35
-28
-4
40
33
-14
-11
18
-14
-75
-107
-125
-158
-223
-265
-285
-308
-328
-328
-297
-268
-259
-257
-232
-210
-199
-178
-154
-127
-109
-79
-43
-14
-13
-13
10
45
72
88
99
113
121
124
148
192
216
208
196
207
242
269
312
380
452
521
568
601
630
670
699
714
741
757
733
705
688
642
568
508
464
413
382
393
390
377
376
384
386
387
421
473
522
546
564
577
568
529
493
455
426
390
330
261
182
97
18
-44
-114
-176
-216
-227
-239
-249
-251
-257
-259
-238
-200
-184
-177
-155
-131
-129
-134
-126
-110
-110
-114
-95
-68
-54
-80
-126
-169
-196
-212
-233
-238
-268
-312
-343
-356
-382
-442
-503
-540
-549
-553
-560
-554
-549
-572
-584
-574
-558
-542
-539
-538
-525
-492
-448
-408
-400
-421
-422
-393
-371
-384
-391
-372
-356
-361
-374
-379
-389
-423
-462
-479
-483
-503
-541
-573
-605
-637
-661
-677
-662
-628
-613
-634
-663
-645
-591
-557
-531
-472
-402
-346
-294
-214
-104
-15
39
94
183
292
396
481
547
610
682
753
833
922
987
996
1005
1057
1100
1109
1110
1125
1158
1210
1231
1244
1250
1232
1222
1250
1307
1334
1337
1333
1321
1305
1282
1241
1201
1166
1114
1040
978
910
808
693
582
474
376
273
175
93
9
-88
-190
-276
-360
-435
-476
-497
-516
-538
-558
-593
-638
-661
-668
-664
-662
-673
-670
-660
-661
-692
-713
-702
-695
-688
-658
-595
-542
-526
-529
-504
-454
-417
-392
-371
-349
-308
-280
-259
-248
-253
-271
-278
-255
-228
-219
-230
-248
-248
-235
-249
-268
-276
-303
-349
-377
-390
-408
-447
-477
-485
-484
-498
-519
-523
-534
-558
-571
-561
-555
-564
-563
-543
-528
-538
-544
-528
-498
-472
-440
-400
-386
-392
-372
-331
-277
-223
-163
-100
-31
39
97
138
189
260
311
356
410
468
516
549
558
559
571
572
567
571
580
575
560
562
576
576
544
501
489
497
516
547
565
569
573
584
593
611
625
607
574
549
540
549
553
527
480
435
414
401
393
391
362
311
278
266
262
265
262
260
257
237
219
217
203
188
180
176
164
145
127
116
89
72
56
35
17
-4
-40
-67
-76
-108
-149
-184
-203
-220
-239
-251
-263
-280
-307
-326
-326
-320
-322
-324
-323
-319
-286
-260
-255
-246
-231
-210
-199
-207
-207
-188
-187
-209
-227
-235
-238
-247
-268
-279
-275
-258
-249
-246
-229
-209
-199
-191
-168
-144
-141
-148
-145
-133
-129
-139
-158
-196
-249
-306
-338
-354
-384
-418
-451
-473
-485
-492
-504
-509
-505
-502
-492
-466
-436
-419
-401
-384
-371
-371
-355
-331
-303
-276
-255
-236
-226
-226
-228
-234
-251
-253
-241
-237
-244
-242
-209
-147
-94
-48
6
59
108
151
201
266
314
347
384
422
435
438
441
454
477
494
498
492
493
497
491
484
481
487
485
482
489
498
506
519
545
572
597
628
663
688
708
738
756
782
792
780
760
740
713
687
659
623
570
515
470
432
395
368
356
339
314
282
277
290
297
290
284
294
303
296
292
301
303
288
259
233
189
132
81
19
-51
-131
-204
-280
-356
-425
-492
-542
-591
-628
-657
-673
-677
-678
-682
-695
-706
-719
-731
-736
-739
-751
-772
-789
-797
-808
-824
-834
-858
-889
-907
-899
-871
-856
-859
-846
-816
-785
-738
-686
-624
-577
-546
-510
-465
-411
-363
-315
-263
-220
-192
-167
-135
-109
-90
-83
-76
-72
-73
-96
-127
-143
-147
-155
-159
-154
-167
-179
-168
-135
-100
-83
-83
-74
-41
3
47
95
142
174
206
253
296
337
362
383
429
477
510
539
555
566
568
568
576
574
568
579
620
661
682
695
707
732
754
772
810
850
889
918
933
947
955
955
950
954
962
965
954
923
879
824
765
704
634
567
514
466
423
358
270
195
133
77
10
-49
-88
-113
-127
-148
-173
-204
-237
-266
-294
-324
-359
-402
-426
-440
-460
-486
-530
-557
-571
-596
-622
-642
-645
-654
-667
-664
-640
-620
-624
-631
-636
-626
-630
-634
-616
-583
-562
-556
-539
-511
-483
-465
-452
-435
-422
-414
-396
-368
-344
-325
-311
-305
-291
-274
-259
-259
-273
-268
-241
-212
-184
-156
-133
-122
-110
-97
-81
-68
-64
-52
-41
-38
-34
-26
-31
-48
-63
-71
-67
-71
-71
-53
-45
-69
-92
-102
-101
-97
-90
-70
-44
-13
20
59
98
125
136
144
159
177
205
241
272
286
299
314
311
309
310
317
335
352
372
402
417
413
409
410
419
425
426
434
450
461
466
479
491
488
480
477
479
468
449
439
441
431
398
366
339
319
299
267
245
218
176
137
112
108
98
82
74
67
60
55
43
39
38
33
35
50
60
49
41
34
26
24
11
-6
-17
-26
-38
-47
-40
-45
-58
-79
-100
-119
-138
-156
-182
-198
-219
-246
-261
-270
-284
-289
-290
-292
-299
-294
-277
-267
-274
-285
-297
-313
-328
-351
-367
-378
-388
-400
-411
-437
-466
-480
-489
-495
-499
-497
-480
-466
-450
-422
-404
-389
-366
-324
-276
-228
-187
-144
-101
-63
-45
-36
-27
-12
14
29
31
32
31
23
13
0
-16
-36
-58
-75
-79
-68
-67
-67
-59
-55
-49
-42
-21
1
15
31
51
82
104
113
126
142
153
162
164
168
170
168
165
165
165
162
159
163
170
169
168
177
210
249
279
292
314
347
380
412
414
411
406
402
409
416
412
390
369
347
335
325
305
283
267
258
255
251
239
237
233
227
221
217
215
214
225
243
250
256
254
245
251
253
244
225
188
149
126
105
67
30
-7
-40
-67
-87
-104
-122
-138
-152
-157
-158
-156
-155
-155
-146
-145
-150
-156
-155
-160
-170
-174
-179
-179
-187
-190
-190
-192
-211
-246
-282
-310
-332
-351
-366
-388
-417
-447
-469
-484
-506
-523
-532
-534
-538
-543
-538
-528
-507
-484
-476
-461
-443
-433
-426
-403
-378
-362
-363
-360
-319
-265
-220
-185
-144
-99
-67
-42
-22
4
25
41
68
101
123
137
156
179
197
195
195
200
210
218
227
237
234
226
219
215
218
229
238
253
268
272
267
269
283
283
287
296
300
304
307
315
306
289
273
258
241
219
203
185
175
163
149
138
123
105
99
100
112
128
133
142
149
156
170
185
198
214
231
261
296
320
336
338
338
343
353
356
348
336
330
318
299
269
243
209
175
147
116
83
28
-16
-43
-77
-122
-164
-184
-195
-210
-228
-232
-236
-248
-267
-277
-269
-277
-282
-282
-284
-288
-302
-312
-306
-308
-319
-330
-337
-346
-364
-382
-399
-410
-420
-432
-440
-440
-434
-420
-409
-395
-373
-351
-330
-308
-283
-250
-223
-189
-162
-140
-114
-94
-78
-61
-39
-20
1
12
30
57
71
76
74
83
96
107
114
132
154
172
183
196
219
228
232
236
247
257
256
259
257
255
243
222
207
181
153
126
96
67
37
9
-9
-35
-62
-85
-113
-131
-145
-159
-160
-154
-137
-133
-131
-111
-96
-87
-68
-46
-24
1
14
30
46
48
47
44
46
46
45
58
75
84
88
94
106
118
130
146
167
197
220
245
267
285
293
299
309
321
328
328
325
318
306
276
243
209
175
147
120
103
95
79
56
47
39
40
39
40
45
42
39
26
27
34
34
32
30
20
4
-10
-26
-43
-70
-90
-107
-122
-136
-153
-161
-162
-180
-203
-221
-230
-244
-256
-254
-240
-230
-228
-218
-202
-193
-190
-177
-162
-154
-136
-118
-116
-121
-131
-137
-151
-157
-160
-171
-178
-187
-193
-196
-201
-202
-193
-186
-185
-172
-149
-139
-129
-113
-107
-106
-92
-74
-68
-58
-54
-46
-36
-31
-22
-13
-6
-7
-5
7
16
16
8
-3
-11
-10
-11
-19
-21
-14
-6
1
3
9
22
21
26
43
63
71
70
75
91
104
105
101
101
102
103
108
111
119
125
138
149
164
170
163
153
146
146
144
148
153
160
175
189
198
206
211
224
228
229
245
270
276
269
281
289
290
275
272
279
280
273
261
264
257
239
219
205
203
197
175
157
143
127
98
64
44
30
5
-20
-42
-62
-86
-117
-140
-155
-169
-189
-201
-207
-212
-226
-244
-266
-281
-300
-311
-314
-314
-305
-304
-304
-297
-290
-290
-290
-280
-274
-271
-264
-258
-254
-259
-258
-251
-255
-252
-246
-241
-227
-214
-197
-187
-182
-175
-160
-142
-128
-120
-119
-110
-104
-102
-107
-119
-119
-120
-122
-114
-104
-91
-84
-79
-65
-47
-32
-21
-10
4
23
42
59
70
89
108
126
141
155
162
162
156
155
160
166
168
171
181
195
209
224
240
257
278
291
305
321
336
347
353
358
356
352
347
338
331
316
296
275
258
231
204
184
159
142
122
102
87
64
46
24
8
-6
-20
-36
-47
-54
-57
-59
-70
-85
-91
-93
-94
-89
-83
-76
-70
-72
-77
-82
-80
-88
-92
-90
-89
-92
-97
-103
-103
-99
-100
-110
-115
-113
-112
-105
-98
-87
-88
-90
-83
-74
-63
-55
-50
-37
-34
-41
-44
-44
-49
-55
-69
-70
-71
-82
-96
-113
-120
-132
-154
-165
-162
-165
-169
-171
-171
-167
-165
-165
-165
-161
-162
-171
-174
-168
-165
-165
-162
-155
-141
-127
-110
-95
-78
-55
-37
-19
2
24
47
64
78
95
107
116
126
134
145
154
158
162
168
170
171
170
169
171
173
177
179
180
180
177
177
177
172
167
158
159
165
161
147
133
115
90
78
60
44
27
8
3
0
-9
-21
-35
-36
-34
-38
-37
-24
-14
-7
-2
5
14
12
5
9
16
14
10
6
8
3
-6
-15
-24
-33
-34
-29
-28
-35
-42
-43
-44
-46
-39
-30
-23
-17
-17
-6
5
8
8
19
32
42
50
52
58
54
41
26
13
9
-6
-13
-19
-25
-26
-34
-35
-39
-44
-45
-44
-43
-41
-35
-30
-30
-30
-18
-14
-11
-7
1
9
8
5
2
0
-10
-19
-28
-36
-48
-57
-64
-75
-78
-89
-96
-96
-100
-100
-104
-105
-100
-100
-102
-103
-106
-106
-106
-101
-92
-93
-101
-111
-118
-127
-128
-131
-132
-125
-114
-94
-81
-70
-60
-39
-15
4
18
39
58
70
82
93
105
105
105
111
120
121
113
107
104
103
92
84
74
65
63
62
67
75
83
87
92
105
117
121
120
122
138
155
159
162
160
162
157
138
132
127
113
86
67
62
43
20
0
-9
-13
-25
-30
-31
-29
-39
-46
-41
-29
-22
-17
-11
8
19
14
10
12
18
10
1
-8
-12
-24
-42
-55
-66
-66
-76
-82
-79
-82
-73
-72
-69
-51
-40
-25
-13
-4
17
29
35
49
62
67
65
59
49
44
30
4
-8
-22
-34
-48
-54
-58
-72
-79
-84
-81
-77
-73
-70
-63
-57
-56
-53
-46
-31
-28
-24
-19
-18
-23
-24
-31
-46
-59
-80
-97
-115
-125
-130
-138
-137
-135
-133
-134
-132
-128
-118
-99
-91
-81
-64
-56
-46
-40
-39
-45
-43
-37
-38
-38
-40
-35
-34
-35
-38
-30
-27
-26
-23
-20
-5
9
19
28
39
52
57
61
67
76
81
85
89
98
104
102
101
106
109
103
95
95
96
95
96
100
113
123
135
153
175
192
201
210
224
234
241
245
251
260
259
253
248
243
229
215
196
182
162
133
111
90
70
48
25
12
-3
-14
-27
-31
-39
-51
-58
-71
-78
-81
-87
-95
-95
-99
-107
-119
-136
-152
-173
-193
-206
-216
-227
-238
-247
-249
-257
-266
-273
-276
-266
-252
-237
-224
-210
-195
-181
-156
-135
-118
-95
-72
-55
-41
-29
-20
-16
-18
-16
-13
-17
-22
-22
-21
-16
-28
-40
-43
-46
-43
-37
-21
-4
11
23
38
52
59
56
59
66
66
67
62
52
42
32
27
16
10
0
-12
-19
-22
-27
-32
-38
-46
-45
-42
-44
-37
-25
-16
-5
6
21
44
67
81
97
109
119
127
131
134
136
143
150
155
155
158
163
171
170
168
175
179
178
178
178
180
177
175
177
179
178
168
162
155
152
149
142
133
119
99
77
63
50
42
33
15
2
-17
-35
-52
-72
-90
-102
-112
-121
-128
-143
-157
-166
-177
-186
-194
-203
-207
-213
-218
-225
-235
-246
-244
-246
-242
-229
-218
-205
-195
-188
-173
-160
-157
-151
-139
-117
-107
-96
-82
-81
-66
-48
-45
-32
-26
-17
-8
-3
9
23
36
50
71
93
110
123
131
139
144
146
151
156
157
160
166
173
178
181
185
183
175
169
161
155
150
139
124
110
102
90
72
56
44
29
16
5
-10
-24
-39
-55
-66
-72
-87
-97
-102
-102
-106
-113
-119
-129
-136
-140
-147
-151
-157
-163
-165
-159
-143
-133
-130
-118
-105
-92
-82
-77
-62
-45
-40
-31
-15
-4
3
7
13
24
26
27
35
40
51
57
57
64
73
82
89
101
112
126
133
139
138
135
134
133
128
119
111
106
105
98
88
84
71
59
43
27
13
-1
-16
-26
-32
-36
-39
-44
-44
-49
-50
-47
-37
-32
-29
-26
-29
-28
-28
-30
-30
-32
-29
-30
-28
-28
-30
-29
-23
-12
-7
5
13
18
23
33
40
47
52
60
68
80
90
93
96
92
95
92
89
85
84
73
63
56
43
36
24
6
-6
-16
-26
-39
-52
-58
-69
-72
-69
-73
-66
-58
-50
-39
-34
-40
-41
-48
-54
-55
-63
-72
-88
-106
-121
-130
-146
-159
-170
-182
-177
-174
-173
-166
-160
-162
-164
-163
-158
-145
-136
-127
-121
-113
-103
-99
-95
-91
-74
-65
-53
-48
-37
-30
-26
-19
-10
8
13
19
29
41
45
51
59
71
88
99
117
133
148
163
167
176
185
188
191
193
196
190
183
180
172
173
177
171
173
166
162
158
145
143
132
123
115
112
109
102
98
93
91
86
82
76
73
76
73
73
74
70
62
47
35
28
15
6
0
-5
-4
-16
-24
-27
-36
-42
-53
-57
-61
-72
-76
-84
-92
-96
-105
-117
-125
-134
-143
-153
-158
-158
-161
-160
-160
-156
-158
-156
-149
-147
-151
-150
-147
-145
-141
-139
-136
-127
-122
-117
-109
-100
-89
-84
-71
-61
-54
-47
-43
-31
-20
-8
8
13
24
36
46
55
58
63
70
68
68
71
71
77
71
63
64
60
48
43
37
34
29
23
22
20
17
18
20
24
20
20
16
14
19
16
13
11
5
-6
-15
-25
-29
-31
-39
-45
-44
-40
-40
-35
-27
-18
-14
-13
-12
-1
14
25
35
50
69
76
83
94
105
114
120
128
138
150
149
154
157
155
151
145
137
127
121
112
109
103
97
91
83
66
49
37
29
23
15
0
-9
-15
-21
-31
-41
-49
-59
-66
-75
-77
-82
-93
-98
-106
-112
-115
-116
-117
-119
-123
-124
-130
-132
-134
-133
-134
-135
-132
-132
-119
-115
-107
-90
-74
-57
-39
-19
-12
-1
9
10
19
29
33
42
54
56
61
52
44
44
44
49
54
62
67
71
66
63
59
59
59
59
66
67
65
58
52
49
37
33
24
18
19
18
18
16
17
7
-1
-14
-27
-36
-44
-51
-60
-65
-72
-76
-75
-79
-83
-86
-88
-90
-87
-84
-78
-68
-63
-66
-61
-57
-56
-52
-46
-36
-32
-25
-18
-10
-8
-6
2
1
0
-1
-2
-3
-2
-4
-1
-1
-4
1
7
12
18
23
27
36
40
47
53
59
70
77
83
78
75
76
77
78
78
81
80
81
77
76
77
71
71
71
68
65
62
59
58
52
53
49
42
41
38
34
33
39
42
41
33
27
24
20
14
8
6
2
2
-5
-15
-17
-32
-45
-52
-58
-63
-69
-64
-69
-76
-78
-79
-81
-78
-73
-67
-59
-53
-45
-43
-41
-44
-46
-42
-40
-33
-27
-23
-19
-21
-21
-17
-9
-5
-1
9
9
15
17
20
27
23
25
28
29
31
29
31
32
33
30
20
11
1
-6
-19
-28
-38
-43
-52
-63
-69
-75
-72
-73
-69
-70
-74
-72
-79
-78
-76
-76
-78
-79
-75
-69
-58
-51
-41
-33
-27
-23
-17
-13
-12
-6
-2
6
7
11
13
17
18
15
18
24
32
34
36
41
46
49
57
63
73
82
86
97
104
112
116
124
131
136
135
127
124
119
114
112
110
109
107
101
99
86
80
76
56
49
42
40
38
35
30
30
25
11
7
0
-8
-15
-21
-23
-23
-28
-32
-37
-37
-46
-58
-64
-79
-83
-96
-105
-106
-109
-114
-116
-119
-117
-117
-120
-121
-123
-122
-118
-113
-109
-108
-101
-89
-84
-76
-74
-72
-69
-67
-61
-53
-49
-45
-46
-44
-43
-44
-40
-35
-27
-14
2
13
26
38
47
50
48
41
34
30
26
30
35
40
44
54
60
65
62
60
56
54
55
56
67
76
84
91
96
100
104
107
109
110
108
106
109
108
103
98
96
93
88
92
96
102
100
93
90
76
58
48
34
21
9
1
-2
-5
-18
-24
-34
-46
-56
-67
-71
-87
-100
-95
-93
-101
-102
-105
-102
-102
-110
-112
-103
-100
-102
-91
-83
-80
-74
-71
-65
-62
-64
-63
-61
-58
-62
-63
-59
-58
-55
-53
-56
-54
-54
-53
-50
-48
-46
-41
-37
-35
-29
-26
-23
-18
-9
1
8
17
22
20
25
24
23
26
27
28
22
10
0
-8
-18
-23
-24
-23
-14
-10
-5
-3
-1
1
-6
-11
0
21
35
44
57
75
79
72
73
82
79
74
71
73
80
86
92
99
105
112
116
118
119
125
133
137
139
141
141
144
144
144
143
139
131
123
114
105
94
91
86
76
69
57
50
40
32
20
3
-6
-18
-26
-37
-42
-48
-55
-64
-74
-81
-86
-94
-99
-108
-123
-136
-147
-157
-169
-182
-186
-191
-198
-204
-210
-211
-216
-226
-228
-227
-220
-210
-197
-185
-182
-172
-159
-150
-136
-121
-111
-99
-83
-68
-52
-38
-27
-19
-16
-9
-1
3
12
23
33
40
45
49
56
62
67
78
90
96
101
103
106
109
110
111
107
106
102
106
112
116
122
128
133
132
129
126
118
117
113
112
119
123
127
126
127
125
123
120
124
128
123
124
116
106
97
84
71
55
50
41
27
15
2
-12
-22
-33
-39
-41
-43
-47
-51
-52
-58
-59
-58
-50
-46
-51
-54
-53
-56
-62
-70
-82
-86
-92
-93
-99
-105
-107
-112
-112
-111
-111
-107
-104
-103
-102
-92
-85
-78
-66
-60
-46
-33
-21
-6
3
11
20
25
31
33
32
33
29
26
20
20
16
10
5
1
-3
-11
-18
-16
-16
-18
-21
-29
-30
-32
-31
-36
-41
-44
-42
-32
-32
-26
-23
-19
-18
-14
-14
-11
-8
-7
-2
-3
3
11
10
8
12
14
16
23
31
39
44
47
52
63
69
74
84
96
104
103
106
102
101
98
91
90
86
85
86
85
81
75
75
74
70
60
53
48
43
34
20
12
-1
-15
-27
-38
-48
-55
-58
-63
-64
-67
-73
-76
-80
-85
-83
-78
-79
-79
-76
-79
-82
-84
-81
-79
-79
-81
-84
-80
-76
-78
-83
-87
-90
-94
-96
-95
-98
-99
-98
-87
-76
-70
-53
-33
-19
-4
8
21
37
49
57
67
84
98
104
104
110
109
104
96
93
87
82
76
68
65
62
59
58
56
55
59
64
69
70
74
79
82
80
87
88
85
87
89
87
81
75
68
58
49
38
33
25
8
-5
-12
-19
-33
-45
-53
-54
-52
-54
-52
-53
-49
-54
-55
-56
-55
-52
-49
-40
-42
-44
-47
-49
-49
-49
-51
-48
-47
-53
-52
-57
-62
-63
-66
-70
-67
-65
-64
-61
-58
-58
-54
-55
-60
-54
-52
-55
-59
-52
-46
-43
-36
-31
-15
-4
-5
-10
-14
-14
-14
-9
-4
2
6
10
7
6
8
1
0
2
3
7
14
20
22
21
29
38
43
45
42
46
44
45
50
51
53
51
52
51
48
48
47
49
45
43
43
43
40
35
31
30
26
13
9
10
7
7
16
27
37
41
43
44
42
41
39
36
35
37
35
36
35
29
19
8
2
-11
-15
-20
-25
-21
-23
-22
-22
-20
-23
-23
-21
-20
-17
-20
-12
-8
1
6
7
12
17
14
11
13
12
9
3
