-16
-19
-17
-16
-14
-13
-11
-6
-4
-5
-4
-3
-7
-10
-13
-9
0
0
-1
-15
-27
-26
-22
-15
-5
-4
-12
-7
-6
0
7
6
9
4
7
5
7
16
13
9
-3
-14
-14
-15
-18
-20
-24
-27
-26
-26
-28
-29
-36
-33
-35
-30
-29
-26
-19
-19
-18
-17
-18
-18
-9
-4
0
6
11
14
22
26
27
33
35
40
49
58
53
45
39
30
31
30
32
35
42
44
41
50
56
60
66
59
57
48
43
43
42
42
45
50
52
48
44
44
33
25
26
23
21
23
23
23
22
14
10
5
2
-2
-3
0
-7
-14
-25
-28
-33
-36
-39
-46
-53
-59
-55
-45
-37
-34
-42
-51
-53
-53
-52
-51
-54
-60
-62
-58
-55
-55
-53
-47
-41
-37
-32
-33
-38
-31
-25
-22
-24
-24
-20
-18
-21
-25
-26
-22
-20
-22
-14
-18
-19
-18
-9
0
10
21
27
32
32
27
23
24
20
16
6
3
8
6
9
12
12
9
6
3
-2
-7
-7
0
1
2
3
7
13
12
8
11
13
16
22
23
21
15
21
22
14
13
13
16
10
6
1
0
3
8
21
29
24
20
15
15
13
8
-1
-8
-11
-12
-13
-8
-7
-12
-6
-4
9
21
23
35
40
45
52
51
53
55
49
40
38
30
27
26
23
22
14
12
9
13
20
20
18
10
8
4
-1
-2
-5
-9
-12
-19
-19
-16
-17
-18
-19
-21
-30
-34
-33
-22
-13
-3
0
2
4
5
9
10
12
0
-8
-12
-11
-8
-13
-17
-17
-28
-33
-34
-27
-25
-29
-28
-26
-23
-28
-31
-36
-38
-34
-32
-32
-37
-44
-38
-34
-31
-30
-24
-25
-27
-25
-29
-20
-19
-12
1
3
9
11
7
3
1
0
4
6
3
1
-5
-7
-8
-9
-2
-3
2
3
1
2
-1
5
5
-2
-4
0
-2
2
8
7
5
1
7
7
7
14
13
13
13
14
23
29
31
27
14
11
15
12
11
11
8
10
13
13
19
21
18
16
15
9
8
12
18
31
38
36
28
28
24
20
18
20
24
24
29
29
31
31
27
28
27
22
19
11
7
6
1
3
6
-1
-9
-16
-18
-10
-9
0
1
1
4
1
1
-11
-9
-5
-8
-10
-14
-16
-14
-9
-5
-3
-11
-17
-10
-2
2
2
-3
-4
-7
-7
0
6
10
9
7
9
4
-4
-5
-3
4
10
8
3
-2
-8
-9
-8
-6
-6
-15
-18
-22
-21
-16
-23
-26
-32
-41
-40
-37
-34
-35
-35
-32
-37
-30
-25
-20
-15
-9
-5
-9
-18
-25
-32
-37
-42
-45
-35
-30
-23
-19
-18
-18
-23
-25
-26
-29
-29
-36
-39
-31
-31
-27
-17
-8
-6
-7
-8
-5
-6
-8
-14
-23
-20
-12
-3
6
13
11
9
7
10
20
25
30
33
32
32
34
40
44
55
57
49
44
39
51
51
46
52
51
56
61
60
60
58
55
58
61
64
68
64
64
55
48
48
44
42
44
48
41
37
37
34
32
34
29
20
18
16
18
15
13
7
-2
-10
-19
-16
-20
-20
-22
-29
-26
-17
-21
-23
-22
-25
-27
-34
-43
-48
-48
-49
-50
-50
-57
-55
-52
-56
-53
-55
-58
-60
-59
-55
-47
-43
-53
-53
-48
-48
-44
-34
-22
-11
-12
-7
-4
1
7
10
4
2
-4
-12
-11
-6
-6
-7
-7
-11
-12
-13
-10
-7
-8
-11
-10
-12
-13
-17
-21
-13
-15
-18
-15
-10
-12
-18
-18
-18
-16
-18
-18
-9
1
5
8
10
17
24
28
25
23
11
6
9
7
3
6
6
0
-4
0
8
8
19
21
16
20
25
31
33
27
16
15
20
25
29
29
22
11
12
12
16
24
26
22
20
16
16
22
28
39
35
32
34
27
21
24
27
27
25
21
9
2
0
10
19
19
16
11
14
19
23
22
26
28
28
33
34
26
12
3
5
8
11
6
0
6
9
5
5
4
6
1
3
-2
-18
-13
-11
-12
-18
-22
-20
-22
-22
-19
-16
-17
-19
-19
-16
-19
-17
-10
-12
-16
-22
-29
-33
-29
-24
-19
-16
-20
-20
-23
-29
-30
-25
-24
-29
-33
-27
-23
-23
-24
-23
-29
-28
-28
-29
-31
-34
-33
-30
-26
-17
-11
-16
-20
-28
-35
-42
-42
-38
-33
-34
-35
-39
-44
-41
-38
-30
-29
-26
-19
-19
-13
-7
-2
4
7
10
18
18
15
18
24
19
15
18
22
25
27
28
25
25
29
31
30
28
23
26
25
25
30
38
43
39
35
29
21
21
24
28
30
27
31
31
30
33
32
32
34
38
39
36
36
31
20
13
11
17
18
27
32
37
35
33
35
39
44
35
33
35
40
39
43
45
41
28
16
18
16
8
6
-3
-4
0
-2
-7
-12
-20
-22
-22
-22
-20
-18
-19
-28
-33
-41
-46
-41
-40
-34
-34
-37
-38
-38
-34
-30
-30
-26
-20
-18
-29
-32
-26
-23
-23
-21
-20
-23
-28
-30
-35
-36
-42
-36
-26
-17
-8
-11
-11
-17
-22
-27
-34
-32
-24
-24
-22
-22
-30
-30
-30
-23
-19
-17
-15
-19
-16
-20
-29
-31
-36
-36
-35
-35
-27
-24
-20
-15
-15
-11
-7
-10
-4
5
14
22
22
24
31
30
26
13
9
11
10
13
19
21
23
22
21
23
17
17
20
20
20
21
26
25
22
23
20
18
17
21
31
40
50
59
57
61
64
66
64
64
59
52
55
56
51
47
43
30
14
4
0
-1
-3
-2
2
-1
-7
-7
-5
-6
-7
-10
-10
-9
-6
-5
0
4
0
-5
-12
-12
-10
-5
1
6
3
3
7
11
13
6
5
11
11
8
11
7
-5
-6
-16
-29
-36
-38
-30
-24
-16
-11
-12
-14
-14
-15
-14
-16
-19
-17
-5
-8
-6
-1
-4
-7
-16
-19
-15
-9
-11
-21
-30
-36
-41
-43
-44
-42
-43
-42
-38
-33
-26
-30
-27
-27
-28
-33
-41
-40
-34
-25
-22
-15
-13
-10
-9
-10
-6
-11
-11
-7
-10
-9
-5
-5
-1
5
10
14
9
6
-1
-4
-7
-14
-14
-18
-16
-7
-1
6
8
11
9
14
18
18
13
2
0
-3
-2
1
8
17
20
27
27
22
18
13
9
17
24
29
29
28
29
24
23
27
24
29
33
38
39
37
34
29
24
22
17
16
27
30
37
35
38
50
51
48
46
41
34
25
21
28
27
27
22
16
17
13
17
22
18
9
-3
-12
-11
-10
-5
3
4
7
6
3
-1
-8
-1
0
0
1
-2
0
-3
-6
-11
-18
-25
-25
-19
-12
-14
-23
-28
-32
-27
-22
-23
-24
-34
-46
-53
-51
-50
-51
-51
-49
-47
-50
-56
-55
-57
-54
-59
-66
-63
-58
-48
-40
-34
-35
-30
-26
-23
-12
-6
1
3
-1
6
7
5
11
11
9
7
3
-1
-3
-6
-7
2
6
5
6
15
20
18
12
5
1
-3
-6
-1
9
8
1
-2
7
8
16
17
19
30
31
35
34
31
17
14
11
4
10
10
14
16
9
2
-3
0
0
2
6
8
6
0
-4
-7
-11
-12
-12
-8
0
10
24
29
29
34
38
40
38
34
33
30
27
26
27
31
33
27
29
24
18
20
19
22
20
19
22
26
29
37
41
41
43
40
35
27
17
7
-1
-3
-7
-4
8
20
22
25
20
16
8
1
-2
-9
-7
-7
-7
-17
-24
-22
-27
-30
-30
-33
-32
-31
-33
-29
-28
-29
-35
-28
-15
-12
-7
-8
-16
-28
-35
-39
-37
-30
-33
-31
-32
-33
-37
-38
-31
-31
-37
-39
-49
-53
-49
-51
-52
-52
-52
-49
-49
-49
-51
-51
-52
-44
-37
-29
-20
-20
-19
-13
-11
-20
-17
-12
-7
-2
-1
-1
3
11
19
20
16
11
8
9
10
18
25
33
36
38
39
40
43
42
42
41
39
38
36
32
27
22
17
16
17
25
27
29
27
24
21
20
21
21
26
23
25
27
30
29
31
29
29
29
29
37
38
38
37
42
46
38
35
35
38
40
39
34
23
18
19
15
12
2
-4
-11
-14
-7
-13
-9
-11
-8
-4
-7
-5
-3
-3
-8
-14
-15
-21
-24
-26
-31
-29
-29
-27
-23
-21
-21
-24
-24
-19
-20
-19
-12
-6
-3
-8
-15
-15
-8
-2
2
6
8
3
-4
-3
-8
-13
-16
-20
-21
-16
-13
-11
-8
-6
-9
-8
-17
-21
-25
-26
-24
-22
-17
-19
-20
-22
-25
-26
-31
-26
-26
-23
-19
-17
-9
-5
-3
-3
-6
-16
-26
-32
-36
-39
-39
-45
-47
-44
-42
-39
-36
-21
-24
-23
-8
-2
-6
-7
-7
-4
-15
-21
-17
-14
-11
-6
2
8
5
3
7
7
7
8
21
30
36
46
46
42
36
33
34
34
27
31
36
35
35
34
29
24
29
30
37
38
34
39
47
46
48
46
41
45
54
62
64
65
65
63
65
62
59
54
43
38
34
36
38
36
33
30
31
14
1
-6
-8
-13
-17
-14
-9
-7
-16
-7
0
-2
-4
-7
-11
-20
-24
-25
-20
-21
-26
-35
-42
-47
-49
-48
-51
-52
-46
-45
-43
-40
-43
-40
-39
-42
-47
-51
-52
-48
-39
-38
-44
-47
-44
-37
-32
-31
-27
-22
-19
-9
1
6
5
-1
-5
-11
-3
4
8
12
4
-4
-7
-7
-9
-10
-17
-27
-30
-24
-12
-6
-9
-10
-14
-18
-24
-28
-29
-34
-35
-38
-37
-27
-14
-10
-4
-1
-2
-4
3
11
12
17
19
16
17
18
20
21
22
28
27
25
26
27
28
19
15
12
10
7
17
32
39
46
36
30
33
25
15
17
16
20
18
21
21
20
20
24
30
-8
-3
43
65
53
43
28
36
20
-6
-21
12
54
50
11
13
51
60
40
2
-12
-3
21
25
30
39
35
29
24
12
8
10
6
15
13
4
3
-2
1
1
-6
-13
-8
4
10
-1
-9
-7
-9
-12
-21
-29
-34
-44
-49
-54
-57
-52
-48
-40
-36
-38
-36
-35
-34
-29
-20
-18
-21
-24
-27
-26
-21
-23
-24
-22
-27
-31
-31
-24
-18
-13
-13
-19
-21
-19
-13
-20
-15
-19
-24
-21
-26
-25
-24
-26
-20
-14
-18
-14
-14
-17
-11
-10
-7
0
7
6
7
2
0
-5
-10
-11
-12
-12
-15
-10
-11
-11
-9
-7
1
11
16
20
21
17
15
5
-3
-7
-7
-3
4
14
12
13
17
19
22
19
23
27
27
26
22
21
23
22
15
8
-1
0
11
23
34
38
40
40
40
39
42
42
41
40
35
38
37
30
24
23
23
22
20
22
31
30
33
34
29
27
31
35
36
33
30
32
35
32
34
34
27
23
18
8
-4
-10
-12
-9
-10
-9
-4
-7
-10
-16
-20
-18
-24
-19
-14
-11
-12
-20
-26
-24
-25
-27
-33
-38
-41
-41
-36
-37
-32
-37
-38
-42
-44
-42
-37
-29
-33
-29
-35
-42
-50
-60
-64
-64
-64
-55
-52
-45
-37
-37
-36
-35
-44
-44
-44
-41
-27
-20
-9
-1
-3
-7
-5
-5
-10
-19
-29
-31
-27
-23
-22
-8
8
16
14
8
6
11
21
21
24
31
30
30
28
22
19
16
18
27
39
48
51
53
53
49
44
47
52
49
50
43
37
36
33
33
38
39
27
18
12
13
9
7
7
3
1
-2
4
4
3
7
11
10
7
4
10
7
6
6
9
11
3
1
-2
1
-1
-7
4
12
20
26
24
21
15
22
20
15
9
5
8
0
-4
-4
2
6
3
0
-5
-5
-3
-4
-3
-10
-14
-13
-17
-15
-12
-14
-18
-17
-19
-23
-26
-24
-17
-15
-10
-6
-5
-4
-6
-11
-15
-12
-9
-5
-7
-15
-17
-21
-24
-31
-30
-26
-23
-12
-8
-2
-3
-10
-4
-2
-7
-11
-8
0
1
-3
-3
-7
-14
-20
-20
-17
-14
-7
-2
3
2
-2
-17
-25
-29
-28
-27
-25
-21
-21
-19
-21
-22
-28
-31
-25
-18
-10
-5
1
2
1
6
3
5
7
7
3
-3
-6
-7
3
4
-3
-3
-5
-4
1
8
19
23
27
29
22
21
15
13
14
8
9
10
20
22
23
23
32
41
45
52
48
48
42
37
28
22
20
16
14
13
17
14
14
8
5
2
2
3
1
5
2
8
18
20
21
16
13
15
18
19
15
15
16
15
17
21
23
25
24
15
16
10
7
1
-13
-15
-19
-18
-16
-22
-20
-19
-18
-23
-28
-30
-28
-23
-24
-19
-17
-14
-7
-3
-4
-2
-5
-15
-19
-19
-20
-15
-12
-12
-13
-8
-1
-1
-5
-2
-6
-7
-6
-7
-4
-6
-18
-27
-41
-51
-59
-56
-43
-35
-25
-16
-13
-12
-8
1
9
9
12
7
5
14
9
1
-6
-16
-18
-16
-12
-9
-4
6
14
18
21
20
8
5
-5
-13
-14
-22
-31
-34
-30
-25
-31
-26
-23
-24
-25
-26
-18
-16
-17
-8
0
14
18
20
19
16
16
18
23
17
10
5
3
9
19
24
28
31
28
29
29
28
31
37
44
47
43
37
30
26
24
22
18
15
12
21
28
27
29
41
49
44
40
33
29
24
32
31
28
21
10
2
-7
-8
-13
-10
-6
-14
-20
-8
1
2
-7
-11
-7
-13
-15
-11
-3
0
1
4
8
9
8
9
4
-5
-12
-6
-2
4
9
10
7
2
-10
-20
-25
-27
-31
-37
-42
-44
-35
-30
-26
-30
-29
-32
-32
-25
-22
-17
-17
-19
-21
-22
-21
-19
-20
-24
-28
-31
-24
-15
-14
-14
-11
-12
-14
-11
-9
-11
-8
-12
1
17
7
-4
-7
-22
-41
-56
-61
-54
-47
-48
-48
-38
-37
-43
-41
-38
-29
-12
-7
2
7
9
11
6
0
1
7
18
29
42
54
63
77
80
80
83
76
71
61
47
41
43
45
38
24
18
12
7
1
-2
-1
4
9
11
21
30
31
32
22
20
23
29
34
40
44
40
35
26
20
13
4
9
18
21
17
5
2
4
-2
-1
4
4
7
2
-2
-7
-14
-16
-14
-10
-8
-11
-7
-9
-10
-7
-12
-11
-15
-8
-4
-5
-9
-14
-16
-22
-27
-36
-36
-36
-34
-31
-22
-28
-36
-38
-44
-47
-49
-46
-39
-38
-39
-42
-41
-39
-40
-40
-37
-33
-27
-20
-21
-21
-14
-6
-2
2
3
10
20
31
40
44
45
43
46
50
49
47
47
44
44
40
30
19
9
3
-7
-11
-12
-17
-17
-12
-7
-8
-13
-11
-12
-16
-18
-29
-38
-42
-39
-38
-28
-17
-12
-12
-12
-9
-13
-16
-14
-12
-9
-7
1
2
-4
-10
-14
-10
-3
4
7
12
13
12
8
4
10
15
16
22
27
33
43
43
41
41
41
39
37
46
47
42
43
45
41
36
32
32
31
27
22
20
23
22
16
4
-6
-13
-13
-15
-12
-13
-15
-11
-15
-17
-22
-23
-23
-19
-11
-8
-3
1
2
2
-1
-6
-10
-19
-22
-27
-23
-20
-14
-9
-11
-5
-3
0
-1
-8
-12
-10
-13
-12
-5
-9
-9
-10
-8
-4
-1
5
7
12
19
12
11
12
5
4
2
-2
-4
-11
-11
-5
-1
4
1
0
-8
-13
-13
-14
-14
-8
-7
-10
-6
-3
-3
-10
-11
-12
-19
-19
-21
-21
-21
-19
-23
-23
-17
-16
-6
-7
-5
-6
-5
-4
-6
-12
-22
-27
-26
-20
-16
-17
-9
-7
-4
-5
-8
-10
-7
-13
-13
-3
-5
-3
0
1
-7
-11
-17
-18
-20
-14
-6
-2
-1
4
9
19
29
39
54
52
46
44
42
48
47
44
43
42
42
40
42
43
49
49
52
50
42
31
31
28
20
9
2
1
1
7
13
19
15
14
14
13
6
-1
-8
-16
-20
-22
-20
-20
-18
-15
-16
-17
-16
-11
5
11
9
5
-4
-12
-19
-15
-17
-16
-13
-12
-8
-8
-15
-16
-19
-26
-31
-31
-27
-22
-27
-29
-25
-26
-31
-35
-28
-22
-20
-19
-14
-8
-2
-1
-4
-7
3
14
22
34
31
26
22
19
23
20
15
9
9
4
3
2
4
4
1
3
-3
-4
-5
-11
-18
-20
-24
-24
-31
-26
-21
-25
-27
-37
-43
-45
-44
-40
-31
-26
-21
-22
-13
-11
-14
-14
-14
-14
-12
-10
-13
-12
-14
-15
-17
-18
-16
-14
-6
9
22
28
26
28
32
34
35
27
19
12
13
4
-3
-4
-2
6
10
19
29
36
40
44
45
46
39
41
41
39
42
38
39
38
30
27
32
27
12
7
8
11
13
15
17
22
22
25
34
38
36
31
26
23
20
19
17
10
7
6
5
4
6
9
6
8
7
3
2
-2
-2
-3
-12
-17
-22
-24
-14
-9
-14
-23
-34
-33
-37
-33
-29
-30
-24
-24
-23
-26
-23
-22
-26
-25
-35
-49
-52
-54
-54
-52
-53
-47
-38
-42
-42
-45
-43
-44
-38
-28
-16
-9
-5
2
-7
-13
-14
-7
-6
1
5
3
10
13
21
26
25
10
2
-1
-4
-1
4
10
8
5
3
6
7
7
6
-1
-6
-5
-10
-6
-5
1
3
2
4
5
5
3
8
-9
-18
-20
-17
-8
4
9
11
5
4
0
-3
8
6
9
8
6
9
9
17
18
18
20
11
7
9
10
11
16
17
20
26
27
27
28
31
30
33
45
43
41
42
36
38
37
47
57
64
73
71
63
59
61
57
55
55
47
43
37
29
21
16
11
8
5
6
8
0
-10
-15
-20
-31
-40
-49
-55
-57
-59
-56
-54
-54
-50
-55
-55
-59
-59
-54
-49
-40
-39
-41
-33
-26
-25
-21
-16
-13
-11
-16
-25
-30
-40
-48
-43
-43
-40
-37
-37
-38
-33
-27
-30
-28
-26
-23
-18
-16
-14
-9
0
0
3
8
5
3
-3
3
4
1
3
4
10
14
12
9
9
3
2
-2
-1
-2
-11
-4
4
-11
-17
-13
-16
-13
-10
3
15
19
23
31
33
31
31
35
29
14
11
8
5
4
9
7
10
14
16
23
19
16
14
7
1
-3
-3
2
11
18
23
24
18
22
24
27
29
25
19
15
12
9
5
1
-6
0
1
7
19
19
20
21
22
24
29
30
34
29
22
22
18
16
21
24
13
12
18
18
18
22
30
39
31
23
27
37
41
36
36
36
33
30
29
28
19
4
-5
-11
-23
-27
-26
-27
-26
-31
-35
-41
-45
-48
-47
-54
-58
-59
-63
-59
-51
-50
-54
-50
-48
-45
-48
-48
-45
-44
-42
-40
-37
-28
-22
-23
-28
-24
-24
-28
-20
-21
-17
-11
-12
-20
-29
-37
-36
-26
-27
-22
-11
-7
-3
7
14
11
9
6
5
2
1
-2
-10
-17
-25
-27
-28
-23
-13
-13
-6
-6
3
12
9
10
11
11
5
10
15
16
20
22
27
25
23
20
18
19
13
7
5
12
22
29
33
34
40
40
36
45
52
48
38
29
39
42
45
52
59
63
61
55
53
52
49
43
37
35
36
31
32
26
18
12
3
1
2
7
3
2
4
6
4
0
-5
-7
-9
-18
-22
-22
-23
-31
-29
-27
-32
-31
-28
-18
-8
-9
-11
-9
-11
-6
-5
-8
-6
-8
-7
-8
-4
4
9
5
6
3
1
5
6
9
6
-2
-12
-17
-15
-23
-27
-33
-39
-40
-44
-36
-24
-21
-21
-24
-29
-28
-28
-25
-23
-23
-24
-22
-22
-19
-21
-26
-24
-29
-26
-30
-33
-29
-23
-14
-14
-15
-13
-17
-22
-26
-31
-33
-28
-17
-9
-8
-9
-13
-20
-23
-25
-22
-17
-16
-16
-16
-9
-3
-1
-1
-3
-4
-4
0
8
14
24
26
18
11
2
3
10
12
12
16
18
23
29
34
39
29
29
30
29
25
16
14
18
19
25
31
41
45
48
49
51
55
52
58
62
63
65
56
47
43
29
25
24
25
25
23
28
33
31
28
31
36
34
27
22
15
11
14
8
-1
-11
-15
-18
-21
-18
-16
-9
-12
-15
-24
-28
-25
-24
-19
-7
-4
-3
-5
-2
-5
-18
-20
-15
-7
-4
0
-6
-9
-13
-16
-15
-11
-8
-10
-14
-17
-16
-21
-28
-33
-41
-44
-48
-52
-47
-44
-52
-59
-55
-54
-45
-35
-32
-28
-25
-20
-10
-4
4
4
-2
-3
-10
-8
-1
-2
5
1
-7
-10
-10
-8
-9
-6
-12
-20
-29
-35
-40
-32
-28
-28
-22
-18
-10
-5
-3
0
1
-2
-4
-5
-8
-15
-23
-28
-34
-37
-34
-21
-12
-6
1
1
-8
-10
0
11
20
27
27
17
14
16
31
42
43
40
42
48
49
51
44
37
31
27
28
34
45
50
53
49
46
46
44
51
53
53
53
50
50
48
43
44
45
42
46
55
59
56
53
46
35
35
35
28
24
22
15
11
1
-8
-11
-22
-33
-41
-43
-38
-28
-21
-17
-27
-36
-44
-48
-39
-30
-26
-27
-31
-33
-39
-38
-37
-32
-26
-23
-26
-28
-24
-18
-17
-15
-18
-27
-30
-33
-24
-19
-14
-11
-14
-13
-17
-19
-22
-24
-29
-28
-28
-33
-32
-33
-34
-29
-30
-27
-17
-6
0
-2
-4
-2
5
10
11
15
15
20
22
22
20
22
20
10
-8
-22
-22
-26
-31
-31
-25
-25
-19
-15
-11
-13
-14
-12
-14
-17
-12
-11
-3
3
-2
-4
-3
4
1
0
1
3
7
11
16
16
7
-2
-8
-15
-16
-14
-8
-5
-5
-5
-2
2
4
2
2
9
19
23
34
37
39
37
32
28
21
30
30
30
34
32
39
38
37
39
34
36
34
38
43
40
47
48
46
45
38
31
27
26
23
14
8
3
2
4
8
6
7
8
-2
3
8
13
21
14
4
-7
-8
-7
-10
-9
-15
-19
-13
-8
-2
3
0
-1
-8
-15
-10
-8
-1
0
-1
-8
-16
-21
-24
-21
-26
-28
-33
-39
-37
-27
-17
-10
-4
-6
-10
-13
-12
-6
-9
-16
-19
-19
-20
-25
-28
-29
-28
-25
-22
-23
-25
-21
-22
-20
-22
-24
-23
-28
-19
-20
-23
-17
-19
-14
-10
-8
-9
-22
-24
-28
-26
-22
-18
-16
-18
-19
-14
-7
-3
-7
-8
-14
-21
-17
-9
-4
-3
-2
1
5
6
9
5
5
0
-3
-5
-1
3
-5
-9
-10
-10
-6
0
6
23
29
32
32
23
22
17
15
17
16
20
25
25
34
35
34
33
29
27
22
19
23
29
29
25
23
21
21
20
16
21
19
19
19
18
26
25
15
12
15
18
27
38
54
53
44
54
53
41
33
32
33
30
23
25
30
26
25
29
37
34
29
33
31
23
19
10
0
-2
4
5
0
-10
-19
-28
-35
-41
-44
-50
-63
-70
-74
-78
-72
-61
-56
-49
-41
-32
-30
-25
-26
-29
-31
-43
-45
-45
-41
-29
-27
-28
-24
-25
-24
-24
-28
-25
-24
-23
-23
-18
-20
-29
-30
-29
-38
-37
-26
-22
-22
-26
-23
-25
-29
-32
-25
-14
-15
-19
-12
-1
2
10
12
6
3
-1
-7
-5
-2
-7
-10
-14
-13
-4
3
14
29
33
28
25
26
29
29
27
23
21
17
14
13
17
20
23
23
25
26
21
23
28
32
29
30
32
31
31
36
35
32
36
45
48
42
34
23
14
12
10
12
23
26
24
26
23
20
23
25
25
19
11
4
4
4
0
1
-5
-5
-6
-5
-2
-2
-3
-5
-3
-6
-6
-10
-11
-10
-11
-9
0
13
13
16
13
6
6
9
6
7
8
7
1
0
2
6
11
7
5
2
3
-2
-4
-8
-19
-36
-37
-34
-29
-25
-30
-32
-30
-24
-24
-22
-22
-22
-17
-12
-9
1
-1
-1
-6
-14
-15
-22
-26
-28
-25
-27
-26
-25
-36
-42
-45
-41
-35
-21
-14
-11
-5
-8
-10
-9
-9
-9
-16
-28
-32
-33
-30
-23
-19
-6
1
9
10
3
-5
-16
-26
-27
-22
-15
-3
0
8
6
4
7
8
14
17
15
9
2
1
2
8
13
7
7
5
4
4
5
6
1
1
8
11
13
15
17
23
27
28
34
41
43
42
42
35
32
24
24
25
16
16
17
22
21
20
24
22
21
13
11
10
11
13
12
12
13
12
12
17
24
32
34
33
30
29
36
33
25
17
17
21
19
20
22
19
13
8
10
8
14
14
10
8
4
6
9
8
11
9
11
10
4
-2
-7
-14
-23
-21
-22
-22
-16
-13
-17
-26
-42
-46
-42
-38
-41
-47
-52
-50
-48
-45
-35
-29
-26
-23
-25
-25
-28
-32
-32
-29
-30
-33
-36
-36
-31
-24
-18
-20
-28
-33
-35
-32
-41
-49
-51
-47
-42
-42
-35
-31
-30
-29
-25
-16
-11
-12
-23
-24
-26
-25
-26
-25
-20
-10
-2
-1
1
12
25
33
35
37
38
31
28
26
28
26
22
17
12
15
19
25
30
37
39
43
47
47
45
44
48
51
50
51
55
57
48
38
34
35
39
39
34
38
37
37
39
44
47
43
32
24
17
6
-1
-3
-7
-11
-18
-25
-32
-34
-27
-23
-26
-24
-18
-10
-1
8
12
14
10
14
17
27
28
28
31
17
21
23
24
21
10
-1
-1
0
0
0
1
0
-10
-19
-23
-17
-12
-7
-14
-17
-22
-26
-26
-28
-29
-37
-34
-32
-29
-27
-28
-30
-35
-45
-51
-50
-49
-46
-43
-45
-43
-40
-36
-29
-25
-28
-29
-24
-28
-23
-17
-6
3
8
10
7
6
3
16
25
28
17
1
1
-8
-10
-11
-16
-18
-21
-21
-16
-11
-11
-10
-5
-8
-11
-8
1
3
9
12
14
11
5
8
6
7
9
6
8
7
5
1
-5
-5
-9
-5
4
10
18
24
25
25
24
17
20
20
13
14
16
17
15
8
7
12
17
22
27
28
27
33
35
30
27
24
17
13
8
3
5
3
0
0
1
-1
0
0
6
15
19
22
20
10
1
-6
-12
-12
-15
-18
-22
-28
-26
-15
-4
7
20
21
25
34
39
39
40
37
31
28
27
25
22
20
16
9
1
3
14
23
28
39
34
21
14
12
15
15
12
9
7
-3
-3
-2
-7
-7
-12
-10
-7
-2
-6
-12
-13
-20
-24
-30
-31
-33
-33
-36
-46
-52
-56
-56
-59
-59
-62
-65
-61
-59
-48
-38
-32
-35
-41
-36
-37
-35
-36
-42
-41
-42
-50
-57
-67
-71
-75
-85
-90
-84
-89
-84
-77
-74
-64
-61
-65
-65
-56
-46
-34
-36
-36
-26
-19
-11
-3
6
14
26
39
49
61
70
77
79
87
100
106
111
112
114
109
111
113
111
117
121
128
130
127
128
134
146
151
152
163
177
192
210
230
259
298
328
335
318
302
300
291
243
171
119
78
37
-25
-89
-130
-165
-207
-253
-282
-299
-324
-362
-394
-407
-416
-448
-505
-548
-554
-554
-565
-585
-586
-552
-488
-446
-406
-344
-260
-179
-98
-16
54
111
150
186
222
244
245
234
231
236
242
238
231
227
224
238
251
251
240
228
228
221
203
178
160
148
142
139
134
125
119
134
160
192
213
221
233
248
260
270
272
253
231
215
200
175
140
125
106
75
40
12
-4
-26
-55
-73
-74
-80
-96
-101
-86
-37
46
113
110
70
80
142
173
128
56
27
27
-16
-109
-184
-213
-242
-298
-350
-371
-375
-406
-472
-515
-502
-497
-559
-669
-726
-700
-685
-750
-841
-873
-831
-782
-772
-753
-704
-631
-549
-452
-334
-214
-117
-25
82
190
276
339
387
412
441
479
518
523
500
511
566
638
659
650
670
726
787
832
847
848
838
819
792
752
700
633
558
481
426
384
322
249
182
147
144
121
73
25
-3
-10
-43
-105
-173
-224
-257
-289
-305
-313
-311
-318
-327
-308
-268
-235
-220
-208
-172
-114
-79
-71
-68
-54
-38
-34
-52
-67
-69
-72
-86
-95
-93
-111
-130
-151
-146
-137
-140
-165
-185
-188
-189
-198
-216
-211
-170
-103
-28
22
40
63
111
159
179
172
151
142
116
66
-2
-70
-135
-210
-276
-316
-336
-365
-406
-433
-438
-432
-446
-496
-544
-548
-530
-542
-582
-625
-639
-626
-615
-619
-609
-571
-511
-438
-351
-251
-145
-43
58
167
279
391
468
514
551
591
633
655
651
645
664
691
704
702
703
717
728
717
710
710
690
655
616
576
544
498
430
366
307
253
196
127
71
39
16
-16
-34
-43
-48
-39
-41
-46
-42
-38
-39
-42
-42
-39
-33
-32
-28
-15
1
23
43
61
77
81
76
67
54
33
5
-29
-66
-104
-133
-156
-186
-208
-229
-246
-259
-254
-212
-134
-56
-23
-18
-3
46
89
87
51
24
12
-22
-89
-165
-213
-261
-332
-410
-452
-453
-458
-512
-568
-586
-579
-594
-665
-731
-746
-734
-758
-828
-888
-900
-881
-865
-855
-830
-775
-700
-614
-503
-381
-259
-153
-55
52
162
283
377
434
479
524
578
614
623
617
635
679
719
735
743
773
817
855
876
885
902
914
899
870
844
812
753
680
607
557
509
427
326
239
173
122
61
-1
-42
-71
-90
-107
-107
-98
-109
-120
-133
-144
-145
-153
-181
-205
-213
-214
-209
-206
-205
-195
-163
-134
-109
-76
-41
-14
3
8
16
13
-1
-15
-24
-26
-44
-66
-89
-102
-101
-105
-108
-120
-128
-101
-47
12
42
52
64
112
163
179
173
173
176
159
102
24
-34
-88
-174
-287
-372
-408
-438
-509
-597
-638
-631
-630
-681
-744
-756
-739
-738
-782
-831
-843
-834
-833
-847
-848
-815
-770
-723
-666
-583
-479
-371
-268
-160
-26
121
261
386
490
584
677
751
797
815
827
844
853
841
816
798
796
797
796
789
799
815
813
808
807
814
801
759
702
649
591
513
424
324
228
138
50
-28
-95
-145
-184
-200
-197
-175
-156
-132
-115
-105
-93
-94
-112
-145
-168
-187
-212
-247
-280
-293
-288
-274
-253
-218
-170
-138
-117
-86
-57
-36
-32
-42
-47
-58
-79
-100
-136
-169
-197
-227
-247
-262
-264
-252
-226
-180
-117
-59
-12
40
91
139
163
170
180
189
177
134
75
27
-26
-109
-208
-285
-324
-355
-416
-489
-529
-521
-520
-553
-593
-606
-585
-573
-597
-620
-625
-622
-636
-649
-643
-616
-585
-553
-500
-421
-322
-222
-119
-11
112
240
371
491
581
658
729
783
801
796
790
792
783
748
710
685
670
653
635
625
630
641
636
634
631
627
603
563
520
477
428
362
292
215
139
61
-7
-68
-118
-156
-186
-199
-196
-181
-165
-152
-137
-122
-108
-105
-122
-136
-144
-159
-176
-197
-212
-220
-221
-218
-200
-168
-128
-96
-77
-43
-11
8
16
15
13
3
-20
-40
-56
-67
-94
-121
-149
-171
-192
-209
-202
-174
-139
-110
-79
-46
7
54
69
76
80
83
75
34
-15
-62
-117
-204
-312
-385
-419
-459
-522
-603
-640
-642
-642
-660
-674
-660
-633
-617
-631
-639
-633
-627
-628
-633
-625
-603
-568
-524
-475
-408
-320
-220
-113
2
137
292
440
572
677
766
847
911
942
948
947
934
909
871
839
804
763
719
679
659
663
672
669
663
664
654
633
587
539
496
443
373
283
198
118
41
-40
-108
-159
-185
-190
-187
-164
-121
-84
-50
-24
-9
9
11
-13
-45
-77
-109
-137
-169
-192
-201
-208
-214
-211
-191
-153
-121
-95
-66
-38
-22
-16
-21
-31
-52
-84
-118
-152
-181
-209
-233
-255
-280
-298
-302
-302
-282
-249
-207
-162
-129
-84
-38
-9
4
6
12
11
-23
-79
-120
-159
-227
-320
-396
-441
-465
-500
-558
-592
-597
-601
-617
-633
-634
-613
-596
-597
-612
-624
-620
-620
-619
-622
-616
-598
-576
-545
-488
-408
-316
-212
-89
48
209
384
543
674
785
880
964
1031
1055
1059
1055
1027
981
927
878
837
800
766
740
730
725
720
715
707
697
675
635
580
525
460
384
290
175
76
-5
-87
-157
-206
-220
-213
-200
-158
-107
-60
-20
3
31
57
65
59
34
-1
-41
-87
-134
-174
-188
-189
-195
-194
-178
-150
-116
-87
-57
-26
-6
-4
-17
-44
-66
-101
-144
-190
-243
-285
-320
-353
-375
-387
-386
-381
-360
-314
-258
-206
-162
-111
-57
-13
19
43
66
76
51
3
-42
-86
-145
-234
-326
-381
-418
-463
-517
-554
-560
-560
-563
-578
-594
-593
-582
-581
-593
-607
-615
-618
-635
-655
-656
-647
-639
-620
-584
-515
-420
-312
-196
-53
113
299
489
656
806
935
1045
1123
1165
1178
1169
1132
1073
1002
933
874
817
763
722
705
693
679
664
642
627
593
528
445
354
257
150
33
-97
-221
-334
-434
-513
-546
-538
-491
-413
-318
-211
-102
-9
67
130
187
234
242
214
178
143
93
50
25
17
31
51
86
125
171
215
237
245
240
220
183
135
71
2
-65
-127
-191
-246
-283
-310
-324
-337
-338
-327
-308
-287
-251
-201
-150
-108
-66
-23
15
35
42
62
77
55
0
-58
-101
-157
-262
-377
-456
-506
-565
-645
-716
-749
-767
-794
-830
-849
-841
-828
-817
-812
-793
-775
-767
-770
-769
-751
-721
-687
-649
-598
-527
-423
-305
-172
-22
146
335
532
709
865
1008
1144
1247
1308
1336
1341
1320
1270
1194
1117
1047
967
889
812
757
724
685
654
626
602
568
512
429
332
231
103
-46
-205
-352
-505
-671
-827
-934
-968
-938
-857
-717
-512
-270
-32
173
343
489
593
631
626
589
539
465
363
263
183
135
110
121
177
260
339
387
416
420
405
348
239
129
13
-130
-286
-434
-539
-623
-704
-750
-731
-679
-613
-542
-461
-340
-210
-105
-18
77
174
258
290
288
275
248
187
76
-33
-110
-190
-321
-475
-574
-619
-676
-775
-870
-907
-906
-919
-950
-975
-987
-983
-988
-995
-990
-962
-928
-902
-873
-834
-775
-698
-612
-525
-416
-264
-90
72
234
410
611
812
990
1145
1293
1432
1540
1600
1609
1595
1558
1489
1394
1292
1193
1093
980
871
788
728
663
587
511
449
397
315
207
86
-39
-178
-346
-524
-676
-817
-955
-1078
-1166
-1190
-1171
-1120
-1014
-825
-572
-294
-14
258
529
769
930
1017
1060
1065
1024
951
863
771
675
577
495
444
432
421
402
378
347
304
220
99
-38
-199
-378
-560
-730
-878
-984
-1077
-1149
-1163
-1127
-1045
-909
-729
-506
-270
-58
151
374
576
721
805
852
854
765
579
359
150
-87
-396
-732
-986
-1134
-1261
-1434
-1593
-1642
-1590
-1540
-1541
-1530
-1463
-1363
-1289
-1261
-1239
-1188
-1124
-1070
-1004
-900
-764
-604
-431
-227
27
325
623
899
1158
1426
1716
1972
2144
2242
2292
2314
2290
2176
2002
1809
1601
1377
1142
926
752
584
406
258
171
135
101
28
-46
-75
-103
-174
-302
-440
-542
-645
-783
-924
-1027
-1078
-1114
-1156
-1129
-998
-814
-648
-472
-227
77
358
572
752
953
1134
1237
1268
1274
1267
1217
1117
1005
933
874
783
673
583
517
455
361
229
99
-24
-150
-317
-523
-709
-878
-1037
-1197
-1357
-1458
-1493
-1517
-1509
-1425
-1266
-993
-685
-424
-176
117
457
781
979
1059
1174
1318
1300
1060
757
574
423
41
-531
-954
-1087
-1190
-1520
-1960
-2173
-2093
-2007
-2102
-2248
-2229
-2051
-1901
-1870
-1864
-1758
-1579
-1421
-1309
-1145
-869
-539
-226
68
428
910
1429
1848
2173
2500
2878
3224
3400
3381
3300
3237
3091
2791
2358
1924
1542
1121
632
187
-137
-406
-684
-951
-1064
-1027
-1013
-1066
-1098
-1025
-901
-859
-902
-896
-860
-866
-905
-909
-831
-719
-654
-558
-311
29
346
594
839
1163
1495
1708
1798
1848
1869
1840
1710
1498
1278
1046
775
489
259
93
-39
-198
-347
-394
-365
-356
-401
-475
-504
-511
-562
-632
-706
-763
-828
-915
-974
-968
-936
-921
-894
-794
-608
-344
-9
340
602
783
1037
1407
1641
1569
1401
1414
1433
1051
319
-236
-432
-777
-1619
-2507
-2817
-2705
-2844
-3418
-3799
-3537
-3024
-2831
-2920
-2813
-2325
-1791
-1537
-1437
-1225
-865
-532
-338
-161
143
558
968
1300
1644
2137
2728
3240
3537
3707
3932
4203
4281
3995
3495
3032
2621
2031
1189
346
-304
-874
-1532
-2176
-2543
-2627
-2672
-2756
-2676
-2286
-1779
-1405
-1135
-762
-248
195
420
527
704
920
1030
1026
1041
1178
1326
1368
1392
1537
1774
1910
1852
1747
1740
1719
1493
1058
630
318
-32
-506
-1003
-1350
-1542
-1723
-1897
-1921
-1753
-1509
-1291
-1042
-660
-212
132
347
557
829
1058
1114
1067
1021
999
931
791
659
544
410
241
84
2
31
178
312
279
146
176
455
593
259
-181
-267
-223
-660
-1587
-2216
-2220
-2337
-3114
-3956
-3976
-3348
-3063
-3379
-3479
-2762
-1717
-1144
-1044
-804
-151
509
772
729
713
849
986
958
834
821
986
1217
1344
1428
1702
2174
2570
2664
2553
2559
2714
2641
2085
1299
691
259
-338
-1199
-1961
-2332
-2502
-2734
-2877
-2617
-2022
-1450
-1014
-451
392
1207
1665
1858
2080
2342
2370
2045
1610
1309
1064
682
225
-40
-55
-38
-125
-169
33
352
478
376
283
331
342
94
-315
-588
-685
-816
-1028
-1123
-972
-690
-449
-182
269
814
1221
1453
1680
1944
2086
1964
1685
1429
1169
774
264
-185
-518
-816
-1122
-1356
-1425
-1403
-1414
-1413
-1275
-1030
-723
-291
182
458
528
708
1180
1482
1194
704
663
761
180
-1001
-1772
-1771
-1960
-3034
-4158
-4149
-3360
-3111
-3639
-3842
-2996
-1797
-1256
-1291
-1089
-395
281
520
463
456
639
853
922
926
1077
1455
1896
2150
2288
2618
3155
3489
3313
2832
2510
2390
1970
956
-218
-1012
-1501
-2117
-2896
-3369
-3277
-2950
-2698
-2251
-1308
-172
683
1285
1979
2789
3284
3214
2876
2575
2216
1588
796
98
-400
-787
-1142
-1305
-1145
-797
-473
-236
46
473
880
984
769
520
374
190
-211
-710
-1006
-1028
-957
-880
-630
-172
338
793
1254
1789
2226
2354
2241
2090
1890
1479
844
161
-423
-956
-1487
-1889
-2068
-2108
-2075
-1955
-1638
-1150
-700
-354
-46
267
557
863
1335
1804
1824
1470
1361
1731
1858
1111
136
-120
-106
-983
-2605
-3577
-3464
-3567
-4763
-5889
-5458
-4032
-3321
-3575
-3384
-1903
-112
782
886
1109
1774
2370
2413
1972
1428
1081
934
734
408
205
384
811
1065
1119
1431
2090
2509
2215
1563
1248
1265
881
-198
-1313
-1787
-1816
-1982
-2266
-2137
-1415
-563
131
932
2001
2923
3308
3315
3274
3148
2583
1560
452
-503
-1348
-2096
-2652
-2921
-2851
-2461
-1823
-1005
-80
832
1572
2036
2273
2405
2352
1883
1056
257
-276
-673
-1129
-1496
-1467
-1037
-458
136
820
1544
2093
2446
2695
2765
2472
1789
985
285
-433
-1294
-2067
-2531
-2739
-2811
-2689
-2233
-1536
-909
-407
217
974
1511
1593
1434
1315
1192
934
827
1015
1008
471
-14
301
902
585
-469
-889
-506
-784
-2389
-3844
-3827
-3421
-4280
-5753
-5756
-4008
-2494
-2390
-2452
-1182
895
2196
2251
1925
1982
2195
1995
1211
132
-733
-1080
-1135
-1250
-1327
-909
63
975
1452
1949
2871
3682
3565
2668
1976
1842
1483
311
-1090
-1740
-1630
-1518
-1621
-1418
-617
346
1019
1540
2155
2594
2484
1937
1307
712
-23
-958
-1835
-2365
-2505
-2319
-1920
-1383
-623
356
1338
2089
2561
2857
2909
2524
1799
1075
451
-290
-1187
-1817
-1859
-1558
-1242
-882
-242
662
1460
1984
2389
2669
2642
2291
1761
1192
536
-309
-1146
-1699
-1927
-2009
-2082
-2048
-1675
-1037
-439
-21
350
788
1125
1179
1069
961
812
458
-43
-335
-78
641
1215
1121
752
1023
1875
2009
815
-518
-822
-980
-2542
-4925
-5947
-5301
-5060
-6264
-6992
-5293
-2330
-687
-664
-236
1640
3577
3936
2861
1683
1146
828
31
-1305
-2518
-2849
-2313
-1649
-1214
-520
820
2245
2937
3049
3397
3980
3794
2426
903
269
174
-418
-1571
-2217
-1722
-760
-197
91
658
1460
1939
1867
1588
1327
806
-112
-1012
-1482
-1615
-1727
-1819
-1531
-655
493
1397
1960
2431
2914
3153
2834
2044
1196
412
-524
-1545
-2212
-2378
-2330
-2237
-1870
-964
235
1193
1801
2350
2934
3249
3066
2507
1874
1264
553
-264
-1004
-1456
-1665
-1846
-1912
-1600
-1013
-546
-333
-131
314
835
1020
895
787
772
712
514
197
-108
-321
-443
-308
379
1340
1677
1224
929
1430
1848
930
-780
-1609
-1663
-2657
-4816
-6132
-5541
-4631
-5109
-5855
-4559
-1524
642
886
794
1889
3510
3930
2682
945
-113
-558
-1114
-2196
-3388
-3728
-2954
-1916
-1252
-525
768
2220
2989
3008
3166
3715
3669
2510
1165
694
872
637
-295
-932
-529
261
488
237
178
474
569
60
-571
-742
-773
-1160
-1571
-1342
-494
247
475
759
1692
2759
3028
2492
1907
1668
1334
350
-935
-1746
-2038
-2302
-2540
-2307
-1525
-608
92
756
1709
2627
2965
2798
2520
2311
1989
1260
261
-471
-766
-925
-1180
-1386
-1350
-1054
-688
-427
-207
71
274
408
559
636
621
609
545
423
329
241
127
-26
-276
-418
32
1135
2059
1979
1341
1426
2308
2290
439
-1517
-1814
-1699
-3365
-6124
-7132
-5703
-4481
-5161
-5681
-3534
127
2192
2005
1728
2900
4312
3880
1576
-767
-1896
-2244
-2967
-4403
-5471
-4922
-3134
-1559
-700
306
2082
3848
4443
4138
4122
4373
3822
2304
977
669
772
270
-652
-882
-185
381
119
-445
-501
-168
-249
-904
-1338
-1148
-851
-746
-397
475
1412
1848
1986
2432
2982
2831
1866
824
219
-234
-991
-1919
-2407
-2221
-1741
-1271
-719
105
1067
1834
2281
2538
2596
2320
1737
1119
631
154
-424
-967
-1189
-1112
-1000
-941
-864
-657
-339
-138
-100
-24
175
306
304
345
544
767
771
535
464
567
451
-12
-486
-705
-732
-610
68
1400
2338
2105
1721
2386
3083
1917
-592
-1994
-1903
-2804
-5678
-7833
-6984
-4919
-4560
-5289
-3991
-139
3198
3740
2852
2967
4048
4024
1846
-1279
-3414
-4062
-4329
-5156
-6070
-5739
-3734
-1343
168
1208
2764
4467
5099
4575
4067
4075
3642
2128
552
218
703
652
-140
-585
-46
635
367
-572
-1084
-968
-905
-1252
-1534
-1231
-539
84
732
1680
2569
2839
2614
2457
2405
1881
612
-773
-1512
-1686
-1863
-2130
-2033
-1265
-178
684
1242
1786
2328
2563
2421
2062
1618
1038
299
-314
-589
-758
-1029
-1221
-1123
-757
-454
-469
-504
-340
-132
-49
-33
113
442
602
561
708
1036
1096
686
294
311
304
-235
-995
-1286
-1036
-650
144
1757
3140
3108
2507
2762
3301
2119
-806
-2859
-2953
-3610
-6327
-8560
-7585
-4815
-3650
-4153
-2984
1019
4655
5052
3525
3025
3786
3496
883
-2570
-4599
-4936
-4987
-5551
-6089
-5458
-3329
-991
353
1176
2425
3770
4198
3630
3179
3408
3318
2160
962
963
1635
1586
594
-194
-22
247
-476
-1678
-2122
-1728
-1278
-1105
-755
160
1232
1950
2597
3371
3640
3005
1965
1195
688
-234
-1753
-2902
-2907
-2291
-1826
-1503
-878
256
1506
2201
2389
2481
2463
2192
1828
1398
859
283
-290
-522
-347
-305
-590
-772
-711
-534
-473
-749
-1048
-992
-729
-473
-220
88
422
837
1181
1287
1201
929
459
121
-54
-419
-863
-1174
-1309
-1092
-328
1242
3200
3982
3138
2501
3083
3031
563
-2769
-4042
-3567
-4476
-7292
-8494
-6047
-2853
-2135
-2553
-732
3316
5943
4989
2810
2418
3092
2174
-909
-4071
-5118
-4448
-4162
-4913
-5316
-4093
-1777
-148
191
588
1882
2922
2712
2141
2440
3270
3212
2025
1267
1819
2344
1522
-5
-781
-597
-682
-1722
-2592
-2165
-1057
-287
213
1054
2228
3029
3167
3201
3308
2770
1362
-97
-880
-1248
-1954
-2984
-3309
-2486
-1353
-663
-284
313
1319
2205
2385
2051
1743
1674
1682
1530
1210
904
634
363
169
94
-77
-527
-1032
-1192
-1056
-938
-1007
-1163
-1010
-449
24
155
99
81
348
700
611
170
-156
-187
-42
-16
-182
-241
-37
142
476
1818
3759
4221
2789
1597
1928
2100
-87
-3485
-4617
-3608
-4067
-6618
-7747
-5451
-2236
-1463
-2254
-879
2998
5442
4322
2067
1635
2475
1909
-907
-3828
-4619
-3781
-3260
-3731
-4206
-3328
-1250
199
362
597
1607
2416
2216
1677
1990
2896
2869
1732
1056
1539
1941
1134
-345
-1096
-822
-760
-1584
-2223
-1696
-518
387
916
1591
2559
3168
3084
2908
2884
2372
1089
-273
-911
-975
-1327
-2165
-2574
-1928
-800
-96
13
182
909
1765
2029
1689
1301
1187
1266
1262
1069
767
467
189
-38
-140
-261
-507
-762
-788
-549
-313
-362
-585
-622
-484
-361
-301
-429
-769
-925
-610
-199
-236
-631
-621
122
897
958
627
590
1122
2406
4029
4434
3029
1392
1018
977
-814
-3964
-5499
-4723
-4566
-6379
-7237
-4823
-1426
-601
-1606
-540
3237
5503
3652
616
165
1441
1008
-1894
-4549
-4572
-2977
-2203
-2596
-2678
-1509
242
1166
1065
1208
2021
2389
1826
1302
1688
2483
2342
1110
263
584
939
181
-1202
-1882
-1369
-716
-990
-1468
-897
472
1532
1848
1988
2514
2997
2771
2246
2071
1858
1036
-28
-526
-359
-355
-983
-1529
-1266
-541
-102
-109
-62
452
1096
1420
1453
1389
1334
1294
1231
1056
818
471
-84
-565
-718
-636
-591
-637
-586
-183
412
656
500
302
151
-66
-336
-695
-1182
-1573
-1677
-1458
-1096
-844
-775
-494
189
787
989
1255
2470
4486
5332
3930
1914
1144
720
-1326
-4373
-5727
-4948
-4766
-6364
-6956
-4308
-732
142
-1129
-760
2371
4681
3233
35
-1147
-118
228
-1606
-3999
-4524
-3097
-1825
-1868
-2276
-1692
-193
910
1119
1452
2450
3133
2799
2310
2654
3302
2872
1204
-232
-420
-225
-834
-1947
-2412
-1826
-1032
-841
-794
-131
873
1517
1793
2122
2571
2664
2193
1824
1967
1958
1173
105
-361
-191
-137
-616
-1101
-1015
-565
-210
-19
206
608
1033
1196
1266
1462
1634
1550
1383
1376
1227
757
38
-671
-1040
-1125
-1219
-1282
-1042
-631
-207
292
631
792
908
792
457
301
94
-526
-1197
-1538
-1548
-1432
-1508
-1732
-1498
-674
269
1886
4391
5918
5078
3138
2047
1642
-113
-3563
-5751
-4914
-3928
-5426
-7042
-5343
-1499
292
-1146
-2061
501
3686
3276
204
-1270
8
1104
-339
-3010
-3896
-2663
-1776
-2406
-3205
-2733
-1289
-286
-94
543
2190
3510
3454
2863
3085
3960
3975
2366
395
-297
-2
-266
-1488
-2483
-2285
-1494
-1308
-1597
-1198
27
1061
1427
1705
2344
2883
2698
2121
1939
2016
1586
606
-121
-140
80
-97
-578
-764
-540
-283
-243
-187
213
764
1132
1290
1482
1795
2032
1983
1649
1275
863
302
-327
-843
-1055
-945
-892
-1032
-1033
-806
-580
-366
-138
13
165
344
462
622
673
355
-144
-527
-753
-827
-856
-981
-973
-195
1832
4128
4710
3045
1113
734
642
-1409
-4362
-5177
-3727
-3137
-4808
-5854
-3590
-351
-154
-2222
-2295
746
3156
1801
-1141
-1442
693
1456
-670
-3234
-3531
-2154
-1674
-2743
-3429
-2470
-966
-242
-21
842
2427
3341
2844
2175
2642
3580
3429
1904
439
356
929
548
-847
-1875
-1815
-1454
-1684
-2034
-1485
-218
784
1252
1753
2559
3051
2748
2218
2161
2326
1991
1140
452
375
535
212
-577
-1136
-1174
-989
-781
-449
193
1004
1619
1988
2256
2440
2324
1821
1156
703
565
302
-157
-413
-458
-411
-456
-676
-838
-966
-1165
-1119
-762
-536
-512
-381
-30
364
520
352
72
-24
18
-118
-288
-195
246
1573
3599
4415
3045
773
-577
-947
-2063
-4224
-5136
-3760
-2527
-3434
-4677
-3627
-1124
-466
-2304
-3406
-1307
1738
1966
-206
-1130
416
1800
561
-2222
-3555
-2800
-1993
-2388
-2977
-2382
-935
-49
-45
234
1363
2281
1968
1177
1425
2757
3657
3071
1778
1297
1667
1514
193
-1359
-1970
-1752
-1702
-1962
-1643
-508
480
669
575
933
1542
1646
1351
1588
2600
3457
3366
2639
2016
1655
1055
-95
-1258
-1733
-1520
-1147
-763
-16
966
1516
1453
1305
1522
1898
1828
1373
1116
1252
1486
1348
751
169
-159
-439
-885
-1354
-1638
-1628
-1323
-910
-550
-303
-228
-271
-314
-362
-302
-147
3
173
493
937
1180
1290
2106
3676
4359
2809
109
-1462
-1639
-2344
-4068
-4669
-3077
-1778
-2998
-4904
-4333
-1794
-960
-2859
-3996
-1632
1933
2599
321
-1247
-388
702
-292
-2602
-3667
-2693
-1289
-925
-1195
-908
-122
54
-640
-1117
-425
745
1072
747
1216
2835
4119
3646
1907
657
630
865
379
-455
-663
-174
113
-266
-688
-728
-806
-1249
-1654
-1369
-324
789
1482
2088
2862
3393
3215
2383
1510
1123
1139
1071
747
489
426
348
69
-296
-462
-408
-277
-34
587
1603
2462
2653
2298
1824
1485
1151
614
88
-55
72
48
-257
-602
-864
-1174
-1582
-1813
-1582
-1124
-837
-606
-110
542
842
473
-33
19
614
1067
1352
2440
4269
4870
2963
7
-1570
-1749
-2468
-4002
-4369
-2850
-1725
-2837
-4521
-4102
-2180
-1777
-3376
-3950
-1585
1472
1961
131
-1094
-558
37
-872
-2593
-3271
-2247
-705
-28
-255
-415
-63
124
-469
-1194
-950
208
1158
1323
1392
2141
3056
2884
1410
-86
-304
519
1084
862
523
610
720
257
-591
-1215
-1423
-1520
-1588
-1228
-278
810
1444
1517
1427
1475
1517
1339
1056
1042
1508
2183
2420
1946
1140
497
116
-207
-485
-415
85
669
1241
1742
2089
2063
1443
733
505
786
1135
1241
1160
1018
816
267
-595
-1431
-1861
-1778
-1402
-1026
-723
-410
-191
-228
-465
-603
-562
-339
163
882
1952
3500
4822
4613
2464
-213
-1626
-1829
-2084
-2464
-2102
-1213
-1309
-3030
-4904
-5233
-4324
-3711
-3768
-3349
-1543
788
1818
853
-1071
-2431
-2538
-1972
-1722
-1869
-1455
7
1418
1365
-20
-1290
-1491
-1035
-682
-352
523
1889
2904
2800
1667
480
35
93
-32
-296
111
1529
3015
3153
1705
-143
-1205
-1394
-1279
-1119
-724
55
831
1038
648
77
-319
-478
-473
-233
490
1634
2633
2913
2395
1514
797
420
183
50
292
885
1427
1540
1180
623
244
152
214
431
793
1323
1963
2326
2193
1726
1051
409
-21
-304
-480
-476
-380
-284
-365
-803
-1339
-1669
-1710
-1401
-800
-93
635
1271
1660
2130
2901
3417
2870
1335
-155
-822
-1112
-1501
-1438
-596
-140
-1374
-3735
-5339
-5300
-4414
-3541
-2581
-1450
-756
-910
-1431
-1824
-2242
-2813
-2955
-2193
-1035
-359
-251
-148
-13
-303
-1084
-1696
-1445
-315
1169
2293
2718
2419
1835
1341
701
-124
-736
-435
646
1562
1742
1378
1083
902
394
-486
-997
-692
254
1182
1385
992
313
-374
-837
-981
-779
-243
500
1122
1450
1378
986
578
378
437
722
1165
1547
1762
1776
1469
858
109
-438
-381
163
742
1124
1238
1140
960
757
571
600
883
1224
1405
1365
1209
941
496
-24
-427
-629
-695
-701
-649
-594
-677
-775
-780
-682
-406
108
994
2065
2664
2410
1563
626
-35
-486
-866
-893
-385
113
-179
-1358
-2696
-3440
-3571
-3290
-2613
-1733
-1147
-1173
-1600
-2127
-2773
-3461
-3617
-2903
-1743
-861
-638
-948
-1470
-1872
-1935
-1677
-1205
-511
397
1326
1880
1836
1495
1256
1139
952
697
623
932
1389
1622
1491
1140
818
553
324
251
432
782
1091
1216
1128
855
396
-117
-457
-439
-110
221
343
331
342
367
310
207
224
478
889
1265
1426
1358
1126
816
520
224
-15
-33
158
353
397
284
132
123
240
322
402
510
594
672
768
822
816
684
444
311
306
207
9
-85
-39
-9
-144
-329
-307
-29
431
931
1177
1050
777
608
645
723
586
272
116
221
251
-127
-745
-1089
-1029
-928
-1097
-1420
-1623
-1676
-1689
-1799
-2079
-2471
-2711
-2674
-2467
-2328
-2413
-2669
-2922
-2983
-2822
-2579
-2326
-1980
-1516
-1089
-843
-764
-673
-388
44
382
459
376
470
875
1297
1377
1194
1128
1315
1583
1759
1875
2010
2118
2094
1969
1830
1693
1529
1310
1130
1040
914
639
358
244
241
225
185
200
375
651
883
1046
1151
1185
1162
1107
1034
934
772
612
536
472
345
200
126
159
226
218
156
150
207
299
429
544
539
442
369
310
192
-5
-206
-303
-327
-434
-552
-537
-300
144
510
459
134
-112
-112
101
269
248
215
314
455
381
-57
-638
-909
-827
-744
-931
-1298
-1529
-1498
-1484
-1774
-2297
-2683
-2684
-2465
-2319
-2392
-2595
-2801
-2934
-2906
-2761
-2657
-2534
-2212
-1684
-1176
-904
-823
-697
-426
-122
139
342
452
602
922
1273
1430
1323
1150
1201
1502
1775
1865
1896
2012
2196
2243
2052
1846
1799
1785
1641
1407
1236
1152
1048
845
633
519
469
475
552
665
801
894
864
787
781
856
955
1067
1163
1237
1221
1024
724
514
426
364
308
211
92
-2
-98
-177
-233
-332
-419
-353
-149
-8
-20
-88
-139
-208
-325
-429
-396
-278
-194
6
336
439
106
-391
-632
-448
-147
-107
-196
-75
258
443
168
-407
-715
-604
-408
-406
-664
-1008
-1219
-1278
-1429
-1810
-2261
-2448
-2283
-2068
-2131
-2417
-2653
-2764
-2724
-2569
-2449
-2364
-2173
-1825
-1402
-1074
-949
-911
-769
-483
-157
93
223
371
673
991
1113
1031
917
955
1158
1417
1583
1619
1656
1786
1937
1934
1780
1718
1845
1932
1769
1443
1218
1171
1091
856
615
545
632
753
850
895
850
758
670
672
757
815
853
911
987
1030
929
688
493
492
620
737
755
681
562
403
222
62
-106
-291
-366
-310
-249
-280
-441
-583
-597
-609
-617
-533
-309
-44
51
55
245
515
466
25
-445
-563
-329
-121
-177
-312
-268
-123
-191
-556
-872
-786
-429
-227
-362
-676
-949
-1116
-1256
-1470
-1767
-1980
-1983
-1864
-1826
-1985
-2254
-2518
-2683
-2622
-2403
-2220
-2025
-1670
-1186
-794
-696
-805
-824
-616
-348
-138
8
159
439
772
953
923
814
796
909
1081
1263
1425
1544
1630
1660
1582
1461
1408
1470
1601
1688
1657
1526
1374
1251
1129
967
787
702
786
954
1019
900
752
694
675
620
545
509
601
800
957
948
725
457
371
477
571
585
591
609
621
575
421
159
-70
-190
-181
-82
-44
-159
-346
-491
-579
-639
-724
-718
-555
-353
-212
-197
-89
229
416
146
-376
-694
-575
-237
-181
-453
-648
-527
-340
-452
-839
-1042
-807
-452
-371
-636
-960
-1097
-1065
-1042
-1168
-1458
-1698
-1732
-1649
-1621
-1812
-2159
-2441
-2421
-2114
-1789
-1601
-1427
-1096
-746
-617
-730
-798
-584
-219
43
141
190
282
438
559
603
591
583
685
920
1243
1549
1658
1579
1512
1522
1492
1383
1313
1396
1590
1651
1444
1121
905
881
937
947
927
965
1061
1128
1088
915
689
528
467
483
525
555
618
719
759
644
412
280
375
575
690
672
609
619
637
545
380
209
122
184
305
280
74
-155
-261
-311
-465
-652
-730
-643
-487
-425
-463
-491
-495
-386
-72
194
132
-196
-514
-542
-355
-334
-540
-644
-467
-250
-392
-866
-1140
-927
-577
-498
-726
-974
-1049
-1051
-1122
-1320
-1666
-1968
-1993
-1848
-1776
-1893
-2103
-2229
-2167
-1969
-1854
-1841
-1706
-1323
-883
-664
-693
-716
-526
-242
-60
-13
-2
121
349
516
557
561
662
886
1129
1359
1560
1676
1753
1849
1900
1835
1710
1641
1696
1755
1701
1549
1359
1206
1125
1104
1076
1053
1058
1092
1106
1030
861
682
580
583
611
582
540
552
584
543
410
265
188
226
333
382
365
388
432
436
401
381
422
463
441
365
268
132
-34
-191
-313
-414
-531
-603
-581
-528
-541
-665
-820
-873
-772
-669
-557
-236
206
352
41
-401
-537
-320
-143
-231
-343
-179
121
127
-311
-754
-759
-523
-472
-734
-1080
-1271
-1307
-1384
-1584
-1866
-2091
-2084
-1892
-1753
-1814
-2012
-2185
-2160
-1951
-1776
-1733
-1668
-1377
-945
-723
-821
-922
-762
-454
-267
-240
-173
67
367
561
659
743
865
1023
1245
1539
1803
1912
1861
1799
1798
1751
1571
1447
1555
1764
1817
1647
1412
1261
1220
1162
1031
941
996
1170
1265
1169
972
830
782
759
679
594
592
620
594
450
224
34
-77
-75
24
142
247
320
349
342
276
160
91
114
197
283
289
201
76
-71
-222
-371
-527
-657
-700
-667
-612
-594
-655
-708
-715
-700
-649
-603
-497
-127
375
570
311
-90
-226
-5
207
89
-152
-132
88
30
-512
-1118
-1196
-814
-582
-790
-1158
-1323
-1295
-1282
-1431
-1692
-1852
-1756
-1509
-1351
-1416
-1636
-1860
-1987
-1947
-1810
-1744
-1688
-1469
-1135
-908
-944
-1089
-1035
-703
-286
22
203
360
632
964
1113
1021
884
950
1269
1637
1811
1773
1712
1746
1779
1674
1471
1403
1595
1856
1918
1718
1441
1261
1222
1262
1313
1390
1518
1672
1717
1545
1205
832
579
490
447
354
265
254
282
198
-101
-466
-645
-539
-264
-30
77
117
159
154
2
-232
-390
-359
-190
-86
-137
-278
-391
-455
-545
-660
-740
-690
-507
-321
-267
-354
-506
-628
-607
-457
-310
-221
-148
-82
-43
-25
111
393
497
241
-146
-347
-216
-1
-69
-297
-291
-49
38
-321
-836
-906
-511
-220
-380
-767
-997
-974
-917
-1032
-1292
-1546
-1633
-1559
-1510
-1622
-1859
-2103
-2203
-2091
-1899
-1781
-1681
-1401
-965
-668
-672
-796
-738
-412
-23
220
299
357
522
735
860
867
881
1023
1248
1435
1531
1586
1650
1762
1867
1912
1917
1950
2113
2322
2382
2240
1994
1777
1650
1594
1539
1454
1380
1291
1134
891
604
373
261
238
237
233
226
226
228
190
97
-66
-210
-205
-87
-31
-140
-348
-485
-541
-632
-772
-849
-756
-565
-426
-430
-527
-606
-595
-515
-462
-411
-335
-237
-106
-28
-76
-210
-337
-430
-497
-498
-386
-226
-133
-170
-305
-405
-406
-284
46
478
652
427
66
-104
-25
56
-79
-274
-230
-16
-17
-460
-984
-1056
-748
-586
-837
-1266
-1475
-1408
-1340
-1452
-1689
-1863
-1815
-1594
-1444
-1511
-1709
-1862
-1874
-1769
-1668
-1621
-1507
-1195
-790
-566
-595
-697
-606
-285
68
302
456
657
954
1290
1486
1499
1514
1648
1859
2031
2109
2170
2271
2364
2341
2162
1953
1879
1962
2068
2048
1887
1682
1506
1381
1261
1113
1010
1052
1190
1237
1090
852
685
620
545
399
206
66
30
33
-53
-298
-563
-702
-696
-653
-678
-711
-656
-524
-459
-554
-689
-713
-614
-497
-472
-521
-546
-510
-471
-450
-443
-458
-449
-372
-277
-216
-175
-139
-111
-115
-180
-245
-213
-118
-59
-96
-218
-339
-394
-395
-414
-399
-216
115
306
77
-382
-661
-581
-325
-260
-421
-475
-274
-126
-405
-951
-1199
-944
-600
-586
-834
-1017
-1038
-1045
-1178
-1395
-1596
-1645
-1535
-1400
-1357
-1481
-1689
-1756
-1604
-1391
-1266
-1166
-891
-448
-134
-114
-219
-159
128
464
689
840
1015
1217
1383
1433
1387
1368
1453
1655
1873
2015
2048
2027
2020
2047
2030
1875
1711
1726
1897
1992
1850
1546
1272
1143
1085
953
776
725
805
860
753
496
253
183
226
236
182
120
121
143
28
-240
-499
-636
-636
-570
-549
-597
-642
-637
-635
-696
-792
-824
-726
-531
-366
-295
-319
-373
-370
-337
-308
-285
-226
-115
-12
-18
-132
-253
-331
-306
-249
-260
-318
-326
-223
-121
-138
-259
-372
-401
-345
-300
-306
-310
-246
-46
216
248
-41
-364
-457
-305
-170
-280
-488
-490
-317
-323
-700
-1151
-1183
-829
-573
-674
-946
-1065
-1014
-996
-1118
-1292
-1373
-1300
-1143
-1040
-1078
-1228
-1371
-1373
-1215
-1026
-924
-818
-527
-120
140
138
71
215
590
935
1059
1055
1096
1225
1340
1331
1225
1165
1241
1365
1443
1431
1375
1363
1425
1476
1459
1401
1396
1528
1702
1728
1553
1306
1109
1050
1063
1061
1017
948
895
824
664
423
230
172
226
263
189
67
12
-8
-97
-286
-491
-570
-510
-437
-430
-486
-569
-616
-650
-700
-734
-713
-606
-459
-378
-410
-473
-480
-387
-254
-181
-162
-100
35
117
51
-98
-190
-188
-175
-182
-203
-244
-269
-294
-374
-511
-652
-715
-667
-567
-529
-562
-621
-643
-622
-578
-428
-174
-36
-147
-352
-431
-368
-328
-419
-508
-432
-265
-252
-501
-753
-725
-484
-349
-464
-652
-692
-591
-498
-492
-577
-643
-584
-470
-412
-469
-607
-715
-733
-698
-681
-692
-646
-448
-193
-85
-139
-156
-4
283
539
677
762
879
1032
1129
1128
1099
1124
1209
1284
1294
1281
1276
1264
1257
1249
1220
1163
1142
1234
1361
1390
1281
1125
1025
996
981
932
920
979
1019
929
709
479
349
303
281
232
160
117
101
62
-26
-176
-334
-394
-351
-286
-279
-327
-353
-343
-382
-503
-606
-602
-514
-449
-470
-552
-614
-624
-632
-682
-695
-632
-535
-461
-459
-501
-535
-562
-599
-630
-650
-639
-565
-529
-583
-689
-803
-870
-856
-813
-786
-739
-681
-635
-623
-657
-660
-564
-375
-133
170
468
557
392
181
107
208
352
391
409
507
570
387
-49
-427
-441
-210
-78
-168
-327
-393
-379
-399
-534
-689
-722
-599
-404
-311
-389
-548
-682
-740
-751
-742
-694
-543
-265
-4
50
-69
-172
-104
124
337
461
582
742
902
967
901
778
740
840
982
1073
1098
1100
1130
1165
1133
1032
946
991
1191
1407
1464
1346
1195
1123
1117
1104
1060
1038
1106
1201
1156
942
701
543
485
465
401
319
271
256
204
43
-217
-472
-587
-564
-492
-473
-527
-581
-597
-654
-815
-1015
-1094
-999
-852
-784
-849
-948
-993
-1016
-1067
-1140
-1156
-1067
-924
-837
-833
-852
-852
-805
-748
-698
-636
-539
-399
-287
-273
-359
-435
-437
-353
-245
-190
-171
-147
-121
-133
-198
-276
-265
-150
-1
106
181
340
585
739
648
392
224
286
436
469
407
391
451
435
176
-194
-327
-110
170
201
-3
-209
-283
-300
-373
-509
-616
-608
-518
-482
-576
-771
-930
-981
-942
-876
-834
-763
-586
-359
-260
-310
-375
-309
-70
234
473
607
695
774
840
868
850
867
1007
1220
1388
1456
1449
1417
1392
1354
1278
1212
1212
1300
1431
1508
1441
1249
1051
944
928
945
951
932
946
932
763
472
210
83
78
101
71
1
-56
-115
-214
-382
-594
-749
-757
-669
-611
-650
-747
-842
-940
-1061
-1176
-1213
-1144
-1007
-887
-862
-927
-1008
-1042
-1023
-992
-959
-875
-713
-562
-513
-553
-570
-502
-395
-292
-220
-144
-39
35
44
19
-24
-48
-25
19
56
74
83
87
70
26
-2
12
53
102
128
116
91
43
-28
-31
114
289
328
213
50
-53
-93
-141
-207
-212
-130
-44
-79
-255
-409
-425
-349
-300
-350
-453
-530
-554
-555
-576
-633
-665
-637
-565
-502
-498
-515
-520
-492
-430
-381
-351
-266
-90
114
226
225
237
340
488
591
656
728
829
927
997
1015
1000
1005
1036
1082
1134
1191
1253
1319
1378
1384
1321
1252
1248
1316
1375
1365
1283
1182
1106
1039
952
848
760
691
624
538
410
257
133
44
-51
-163
-262
-328
-376
-435
-525
-634
-725
-777
-795
-787
-768
-752
-726
-709
-736
-799
-845
-828
-754
-690
-653
-617
-579
-555
-545
-559
-564
-545
-514
-462
-412
-390
-398
-398
-408
-454
-520
-575
-563
-510
-502
-534
-560
-564
-557
-552
-549
-525
-461
-401
-387
-368
-312
-293
-347
-401
-396
-348
-271
-197
-162
-128
-79
-39
-8
39
155
292
344
317
251
161
88
68
83
140
192
191
123
26
-26
-40
-74
-124
-135
-103
-95
-149
-206
-240
-255
-265
-272
-260
-218
-132
-74
-69
-76
-52
7
91
190
307
452
573
638
673
736
836
920
970
1022
1078
1130
1162
1172
1166
1149
1137
1128
1131
1149
1169
1184
1199
1185
1107
1013
958
936
921
899
824
716
627
534
437
337
246
175
139
94
30
-53
-133
-183
-233
-303
-394
-457
-479
-504
-564
-669
-791
-900
-997
-1078
-1129
-1144
-1134
-1116
-1112
-1128
-1152
-1158
-1111
-1040
-987
-968
-943
-908
-886
-862
-856
-846
-803
-737
-681
-644
-597
-546
-508
-464
-426
-387
-339
-284
-220
-164
-141
-148
-168
-179
-167
-139
-109
-97
-72
-40
-26
0
34
61
93
129
159
186
200
223
267
304
312
305
331
398
457
469
440
408
403
392
354
320
328
362
362
296
192
121
93
88
68
36
35
52
45
7
-27
-34
-19
13
51
84
119
147
168
179
200
231
282
358
447
528
577
609
640
675
707
725
745
791
836
842
818
790
774
739
686
641
620
614
583
535
479
426
378
317
265
227
188
129
67
18
-23
-64
-124
-177
-221
-281
-347
-389
-391
-389
-435
-515
-580
-623
-667
-727
-767
-766
-743
-743
-784
-824
-819
-791
-785
-794
-791
-763
-708
-662
-636
-619
-588
-540
-498
-453
-412
-387
-367
-344
-315
-271
-218
-175
-129
-80
-49
-39
-35
-27
10
78
123
129
110
108
127
135
125
107
102
123
134
115
103
116
138
147
138
129
142
176
190
184
187
199
209
220
194
158
141
139
159
193
218
228
242
245
222
187
171
229
338
383
299
138
31
22
55
66
48
63
106
97
-31
-210
-292
-209
-87
-59
-116
-168
-164
-148
-179
-255
-287
-212
-71
51
91
84
102
156
182
192
212
279
403
497
498
429
379
397
458
501
485
463
487
523
513
420
307
253
244
232
167
96
72
73
43
-58
-191
-275
-279
-242
-206
-196
-215
-239
-257
-280
-300
-302
-270
-221
-179
-181
-216
-236
-221
-183
-153
-151
-142
-90
-31
-2
-10
-33
-45
-41
-35
-38
-22
6
37
50
21
-23
-41
-20
14
21
-7
-38
-45
-38
-52
-87
-114
-124
-125
-130
-154
-169
-161
-157
-161
-165
-167
-146
-122
-93
-61
-49
-46
-59
-75
-98
-117
-138
-153
-143
-122
-111
-117
-155
-201
-242
-265
-269
-273
-281
-278
-274
-277
-300
-327
-321
-298
-249
-197
-184
-191
-214
-234
-236
-207
-160
-128
-96
-81
-96
-112
-96
-56
-16
19
62
108
154
182
209
230
240
261
295
325
334
340
346
360
362
346
342
356
413
475
511
524
521
523
547
577
594
597
614
645
625
562
503
460
438
424
389
344
315
283
229
160
120
110
105
81
49
24
-6
-24
-42
-66
-97
-130
-144
-140
-117
-103
-110
-113
-99
-87
-82
-74
-50
-7
35
74
101
112
121
134
145
145
134
111
83
65
50
19
-35
-93
-142
-187
-225
-267
-323
-366
-395
-428
-469
-525
-576
-599
-613
-620
-623
-637
-644
-646
-658
-677
-698
-701
-683
-646
-606
-575
-565
-571
-564
-561
-567
-556
-512
-459
-418
-411
-423
-408
-370
-328
-305
-273
-216
-165
-140
-131
-106
-72
-31
8
38
67
104
154
225
295
330
349
386
436
493
543
584
634
675
692
694
700
714
733
739
723
698
672
652
633
608
576
537
511
500
480
443
415
390
363
323
257
201
169
150
131
106
72
45
12
-17
-37
-64
-81
-71
-38
-5
15
29
53
91
135
172
187
213
257
307
333
329
332
335
348
356
348
339
330
322
297
262
243
235
236
209
169
145
111
59
-1
-55
-102
-145
-190
-237
-281
-335
-392
-446
-491
-528
-586
-649
-698
-723
-733
-752
-776
-818
-852
-854
-855
-879
-900
-911
-906
-894
-899
-907
-885
-848
-816
-794
-769
-742
-690
-622
-563
-516
-493
-460
-405
-321
-234
-148
-54
32
99
141
160
185
249
318
386
451
501
531
540
526
518
538
569
592
594
596
595
572
559
551
532
516
503
507
502
486
471
435
393
348
311
303
302
303
307
305
282
249
230
222
225
235
230
228
241
247
241
222
194
177
159
134
114
105
93
69
43
29
34
45
58
59
67
71
71
65
50
32
25
21
20
13
-10
-23
-19
-8
-4
-10
-20
-20
-20
-15
-12
-10
-7
-22
-28
-42
-57
-64
-75
-97
-124
-141
-137
-128
-137
-151
-157
-167
-172
-179
-189
-189
-173
-168
-192
-223
-252
-255
-246
-246
-253
-244
-218
-207
-213
-229
-230
-217
-229
-254
-253
-220
-182
-174
-204
-250
-268
-269
-284
-298
-289
-254
-216
-219
-257
-290
-296
-258
-213
-195
-188
-181
-170
-165
-189
-211
-206
-176
-127
-101
-108
-111
-99
-90
-100
-128
-124
-70
-5
40
62
68
82
95
118
171
249
327
369
376
356
343
354
381
414
458
501
534
529
494
492
512
530
530
509
491
490
473
434
373
317
284
239
182
137
104
95
86
46
-1
-39
-37
4
32
31
18
-6
-19
-30
-48
-58
-58
-47
-23
-5
-1
4
-1
-11
-38
-70
-79
-65
-29
0
-3
-25
-46
-56
-56
-42
-31
-1
17
19
21
13
10
21
30
41
64
88
98
102
97
86
75
56
38
19
1
-23
-44
-70
-114
-163
-215
-260
-299
-334
-364
-398
-427
-452
-482
-511
-541
-572
-590
-589
-577
-565
-559
-557
-549
-543
-528
-493
-429
-357
-297
-256
-239
-223
-202
-162
-111
-61
-6
58
102
122
122
134
163
202
243
262
282
314
343
338
305
282
288
323
341
352
355
363
354
324
292
262
259
274
293
310
305
284
277
253
221
207
203
216
238
233
199
174
146
125
110
98
95
94
82
59
37
22
27
29
29
22
8
-6
-30
-41
-30
-16
-9
4
13
23
40
44
49
57
65
70
73
78
93
103
111
104
100
105
114
128
122
105
88
78
60
23
-15
-50
-75
-99
-131
-157
-172
-183
-196
-223
-250
-261
-279
-294
-296
-298
-295
-299
-312
-327
-343
-368
-392
-396
-382
-369
-365
-356
-347
-340
-331
-317
-282
-231
-188
-159
-137
-102
-69
-47
-28
-12
21
53
77
102
122
146
165
177
187
192
203
225
250
262
269
278
274
260
250
228
204
198
184
153
123
108
104
106
102
85
66
49
34
30
27
23
17
8
17
32
46
53
54
47
36
32
28
26
25
16
26
34
25
9
-2
6
13
6
-11
-10
13
36
63
75
79
85
90
96
99
112
139
166
168
149
114
96
101
107
95
82
83
93
86
51
6
-17
-15
-20
-33
-58
-72
-76
-101
-152
-199
-234
-246
-253
-274
-276
-276
-280
-288
-295
-300
-305
-297
-275
-256
-250
-246
-234
-219
-210
-205
-193
-171
-136
-107
-98
-92
-84
-76
-58
-42
-35
-13
31
68
83
81
79
106
133
140
143
154
186
225
237
230
236
256
278
290
295
299
302
304
300
279
256
237
221
214
218
219
221
224
212
191
162
137
130
134
137
124
102
74
43
8
-18
-33
-36
-47
-60
-68
-72
-62
-61
-83
-108
-110
-97
-92
-95
-107
-122
-131
-142
-158
-176
-191
-185
-174
-174
-186
-202
-200
-191
-190
-194
-195
-193
-195
-203
-208
-197
-186
-186
-205
-236
-251
-248
-242
-242
-233
-220
-203
-188
-183
-184
-186
-180
-161
-142
-121
-92
-55
-20
4
19
24
47
92
138
177
198
211
218
220
210
210
233
261
289
305
306
310
318
314
302
272
252
243
239
251
249
230
203
164
141
121
91
76
72
62
55
39
5
-14
-21
-33
-43
-59
-62
-50
-38
-45
-61
-69
-60
-41
-29
-22
-16
-14
-15
-23
-37
-47
-44
-27
-7
5
13
27
34
41
55
62
70
82
95
119
132
126
117
110
104
104
106
101
110
110
93
71
41
16
3
-10
-23
-38
-50
-60
-74
-92
-119
-153
-184
-208
-229
-245
-266
-283
-306
-327
-339
-358
-369
-363
-349
-336
-335
-337
-327
-323
-317
-303
-279
-250
-220
-189
-167
-156
-145
-147
-151
-125
-90
-59
-38
-22
16
51
76
98
122
155
179
202
226
247
266
277
280
286
300
305
301
297
296
288
283
277
277
284
275
262
247
221
201
179
153
129
117
105
86
63
42
32
23
9
-14
-26
-24
-23
-27
-37
-48
-47
-49
-54
-67
-65
-52
-41
-33
-39
-40
-33
-42
-48
-48
-45
-32
-21
-10
-2
-1
-2
-5
-11
-8
7
18
25
21
9
3
4
4
10
17
20
23
20
9
-2
-17
-28
-27
-22
-11
-11
-13
-18
-37
-62
-74
-65
-50
-30
-18
-1
8
-8
-23
-40
-54
-62
-52
-46
-56
-62
-57
-68
-88
-107
-116
-102
-91
-83
-69
-73
-86
-100
-101
-96
-88
-67
-54
-41
-37
-45
-54
-65
-64
-44
-12
10
17
26
41
54
60
61
77
104
115
120
113
101
95
80
62
35
17
13
10
3
-6
-19
-39
-55
-65
-64
-56
-56
-58
-54
-58
-65
-69
-63
-52
-38
-27
-21
-19
-16
-11
-5
-7
-30
-35
-19
-3
8
11
20
29
35
38
45
55
52
54
54
47
39
31
25
27
28
32
46
59
66
64
61
54
56
57
63
70
80
85
83
91
95
102
102
103
107
107
105
90
78
68
56
46
34
23
13
4
-11
-19
-31
-43
-57
-65
-68
-68
-67
-76
-74
-69
-72
-74
-70
-61
-50
-45
-47
-38
-28
-20
-17
-12
11
28
44
70
91
98
99
97
104
117
124
127
129
130
127
116
97
81
72
58
45
33
27
31
27
16
1
-11
-22
-41
-62
-81
-97
-105
-110
-116
-123
-137
-148
-146
-149
-164
-186
-207
-212
-218
-223
-216
-198
-190
-193
-194
-179
-166
-158
-150
-145
-133
-122
-114
-107
-106
-112
-120
-121
-117
-119
-115
-112
-102
-90
-92
-88
-78
-64
-48
-34
-20
-7
5
5
8
19
35
53
75
96
110
128
140
144
148
158
172
194
212
219
216
208
209
217
211
207
204
204
206
197
189
183
174
168
179
184
188
193
198
202
203
199
193
198
199
203
198
192
180
174
167
158
148
135
124
103
89
74
58
40
16
-8
-33
-50
-65
-87
-101
-117
-137
-152
-168
-172
-179
-181
-183
-199
-218
-231
-245
-249
-242
-231
-214
-196
-184
-185
-179
-163
-150
-149
-146
-145
-137
-123
-118
-113
-99
-79
-70
-65
-66
-62
-53
-59
-63
-53
-48
-52
-56
-68
-87
-92
-95
-92
-86
-78
-75
-83
-86
-97
-109
-117
-104
-93
-88
-82
-80
-76
-71
-70
-67
-49
-34
-24
-7
4
11
12
6
14
22
32
49
63
80
94
99
103
110
113
124
141
159
168
176
188
197
200
197
205
212
224
227
223
216
212
208
198
195
193
191
183
171
157
151
149
142
126
119
112
100
95
88
84
74
66
56
40
33
32
17
-4
-22
-46
-65
-75
-81
-93
-100
-105
-118
-135
-140
-139
-147
-147
-151
-151
-156
-163
-170
-180
-185
-187
-192
-184
-172
-155
-140
-135
-136
-137
-124
-109
-99
-89
-78
-68
-62
-55
-48
-40
-28
-18
-14
-9
-2
2
7
15
24
30
27
33
49
56
68
75
71
65
54
56
58
62
64
67
71
75
76
72
69
62
49
35
31
32
31
29
26
25
19
15
21
20
19
22
17
13
14
12
9
6
-5
-14
-20
-21
-25
-25
-23
-24
-30
-23
-9
-4
-12
-26
-29
-30
-19
-15
-13
-17
-28
-34
-41
-39
-27
-18
-9
-3
5
9
7
8
3
1
-3
-11
-22
-31
-21
-13
-8
-3
6
6
3
8
9
14
16
13
4
-3
-5
-6
-4
-4
-7
-9
-6
-6
-13
-13
-16
-27
-30
-32
-33
-39
-40
-46
-56
-64
-58
-50
-34
-16
-6
4
13
20
20
20
24
27
22
27
30
32
48
62
71
84
90
106
120
124
123
122
120
114
113
115
113
111
103
99
98
99
100
96
91
82
78
71
63
57
43
31
15
0
-7
-9
-7
1
8
1
-8
-19
-25
-37
-43
-48
-57
-65
-77
-85
-85
-84
-85
-81
-81
-78
-77
-72
-68
-81
-102
-119
-134
-141
-138
-139
-141
-136
-131
-127
-131
-135
-136
-141
-144
-147
-135
-121
-110
-99
-92
-88
-82
-75
-56
-39
-28
-16
-14
-6
0
5
13
14
18
23
33
38
37
30
25
22
15
14
17
19
19
24
30
25
18
17
22
30
30
33
39
40
43
48
56
55
51
54
61
80
94
107
115
121
119
124
137
141
145
152
161
168
168
163
162
162
163
164
155
153
150
145
136
135
133
118
103
82
71
65
52
30
8
-8
-7
-7
-21
-29
-40
-47
-53
-59
-58
-56
-53
-57
-64
-69
-73
-71
-68
-74
-82
-89
-90
-86
-91
-96
-108
-122
-132
-137
-135
-125
-118
-113
-114
-114
-110
-110
-109
-106
-104
-100
-95
-95
-91
-85
-84
-79
-74
-79
-79
-72
-73
-71
-62
-58
-60
-65
-68
-65
-60
-59
-56
-51
-39
-34
-30
-30
-42
-47
-51
-51
-51
-57
-53
-47
-53
-55
-55
-50
-31
-14
0
12
16
24
29
33
36
43
61
78
104
126
145
165
176
187
189
194
196
203
203
199
192
186
187
185
189
191
185
181
170
165
157
137
116
100
89
80
71
66
58
48
38
21
13
5
-13
-12
-9
-19
-17
-9
-6
-2
-7
-6
-10
-19
-37
-49
-53
-61
-67
-70
-73
-76
-79
-80
-82
-81
-79
-85
-88
-91
-94
-102
-115
-124
-129
-127
-121
-109
-92
-83
-80
-82
-79
-88
-94
-94
-93
-89
-84
-75
-62
-50
-57
-57
-60
-56
-41
-33
-33
-27
-19
-16
-14
-18
-15
-8
-3
-1
-1
-1
-3
7
-8
-25
-31
-35
-36
-46
-49
-44
-33
-32
-25
-21
-21
-28
-30
-17
-17
-14
0
16
40
52
65
68
71
75
82
84
77
83
85
94
107
112
110
109
111
114
107
95
88
83
83
84
82
84
83
76
66
70
73
77
78
79
78
77
75
70
62
57
65
69
71
60
50
35
29
24
18
14
1
-4
-17
-23
-27
-39
-40
-49
-57
-63
-76
-83
-86
-89
-91
-93
-93
-94
-91
-81
-66
-61
-62
-68
-71
-75
-77
-74
-71
-58
-49
-45
-49
-45
-42
-50
-52
-60
-66
-68
-69
-63
-63
-57
-53
-55
-46
-50
-55
-60
-60
-53
-43
-38
-32
-23
-16
-17
-20
-12
3
19
31
37
42
41
41
50
54
57
55
56
53
56
66
69
70
67
62
58
58
66
72
81
86
83
82
80
72
52
40
30
16
9
9
21
28
29
35
29
26
22
17
20
15
8
-2
-6
-12
-16
-21
-24
-35
-50
-59
-64
-61
-68
-83
-89
-94
-92
-83
-76
-65
-58
-49
-41
-42
-28
-17
-14
-12
-13
-4
9
17
23
33
36
35
35
43
53
58
65
64
68
70
78
86
80
80
74
67
67
66
64
60
56
41
25
10
-3
-11
-16
-22
-26
-32
-40
-48
-56
-59
-56
-57
-65
-70
-78
-77
-68
-63
-62
-65
-68
-66
-60
-63
-61
-57
-56
-46
-38
-29
-24
-25
-32
-40
-39
-33
-21
-8
-2
12
20
18
18
22
31
40
49
57
67
76
81
86
89
85
78
76
78
80
86
89
98
105
105
102
99
90
73
62
50
43
40
35
26
15
-4
-21
-33
-41
-45
-42
-36
-40
-53
-70
-90
-113
-129
-143
-143
-136
-128
-118
-107
-101
-97
-93
-92
-89
-93
-88
-80
-73
-76
-80
-69
-61
-51
-37
-28
-21
-10
2
13
13
12
12
14
26
30
37
43
46
49
46
51
51
62
69
69
71
63
63
61
65
67
74
79
83
84
81
79
66
58
58
50
41
36
35
36
42
38
28
20
18
23
26
19
10
2
-3
-10
-22
-28
-27
-19
-12
-6
5
16
18
18
20
19
22
23
21
24
20
14
7
0
-5
-3
1
3
8
1
-1
-1
-9
-15
-21
-25
-26
-30
-30
-31
-33
-31
-35
-40
-49
-51
-49
-41
-36
-36
-38
-38
-31
-26
-22
-20
-21
-21
-30
-34
-39
-42
-51
-54
-52
-46
-37
-32
-32
-26
-19
-19
-17
-23
-21
-24
-22
-15
-13
-13
-22
-37
-49
-53
-57
-63
-51
-41
-23
-8
-7
-2
-6
-10
-14
-7
3
3
9
17
27
35
35
35
39
36
35
47
49
58
63
64
65
55
47
39
33
34
32
33
33
37
35
24
15
6
5
4
15
18
14
14
10
10
13
17
26
39
41
41
51
57
58
56
53
49
47
40
42
43
41
45
41
32
26
19
26
33
32
25
18
15
11
8
12
13
17
17
16
15
11
9
4
-6
-12
-21
-27
-28
-37
-45
-50
-56
-52
-47
-41
-38
-40
-46
-58
-65
-69
-67
-66
-70
-75
-71
-68
-68
-64
-65
-66
-67
-72
-71
-66
-55
-48
-35
-31
-41
-42
-46
-45
-40
-31
-19
-14
-13
-15
1
14
15
15
18
29
37
42
34
26
18
12
13
19
28
32
34
26
13
3
-4
-4
-5
-6
-2
-1
0
5
6
8
5
3
12
27
39
37
28
17
13
7
1
6
13
31
42
46
46
43
38
40
42
43
42
38
37
33
36
32
26
20
13
14
22
16
6
-11
-27
-28
-24
-20
-22
-19
-20
-21
-24
-30
-26
-24
-17
-17
-19
-14
-15
-14
-8
2
6
4
6
11
23
29
28
22
23
24
24
31
31
34
39
35
38
40
45
43
45
46
53
66
72
70
66
62
53
49
50
53
47
45
41
31
19
4
-12
-26
-29
-32
-32
-33
-37
-43
-49
-54
-54
-52
-60
-71
-78
-84
-87
-88
-78
-75
-78
-74
-70
-69
-72
-77
-82
-84
-75
-61
-49
-44
-40
-39
-34
-38
-50
-52
-54
-52
-40
-19
-3
3
8
8
8
10
15
16
15
12
9
11
13
12
10
8
9
9
6
-3
-14
-23
-28
-34
-38
-39
-42
-32
-23
-24
-24
-26
-50
-58
-48
-43
-41
-40
-31
-28
-29
-27
-17
-6
4
12
27
43
47
50
54
59
61
68
70
74
79
89
102
107
107
111
118
120
129
134
140
155
160
172
180
183
179
178
177
161
148
144
138
123
106
92
80
74
71
69
57
37
25
23
18
7
-8
-29
-51
-66
-67
-60
-64
-74
-97
-110
-120
-143
-148
-142
-137
-134
-137
-132
-120
-122
-135
-131
-128
-130
-129
-131
-126
-118
-120
-117
-116
-116
-107
-102
-91
-87
-82
-76
-68
-59
-50
-46
-42
-39
-40
-42
-38
-34
-30
-30
-34
-36
-30
-23
-23
-19
-13
-10
-4
1
8
13
15
18
14
14
11
4
4
-1
-5
-12
-19
-17
-13
-10
-12
-9
-8
1
7
7
8
7
9
7
19
34
45
54
59
70
76
73
68
69
72
83
102
123
137
148
153
154
148
141
131
119
112
111
118
128
132
130
125
115
102
91
80
69
58
53
49
42
25
10
-3
-13
-11
-3
3
9
12
1
-5
-13
-17
-21
-31
-37
-41
-36
-33
-28
-31
-38
-48
-50
-52
-55
-56
-62
-60
-62
-74
-81
-84
-83
-83
-79
-73
-73
-77
-77
-83
-90
-91
-87
-83
-73
-55
-46
-37
-32
-30
-26
-26
-28
-29
-22
-20
-12
-13
-15
-8
-5
-7
-11
-17
-29
-32
-29
-39
-45
-52
-58
-58
-60
-60
-47
-33
-20
-14
-27
-41
-55
-59
-57
-48
-38
-24
-10
9
23
31
38
40
50
56
62
72
77
80
79
73
68
67
65
65
63
68
68
60
54
50
48
44
39
26
20
14
10
2
3
1
3
13
12
14
4
-12
-18
-20
-24
-23
-15
-13
-15
-17
-17
-12
-6
2
10
14
20
17
22
34
32
33
35
35
41
41
45
45
44
47
50
45
46
51
49
50
53
57
52
46
39
35
36
32
28
20
17
14
12
3
-10
-15
-19
-24
-18
-18
-18
-27
-44
-60
-74
-79
-78
-77
-77
-80
-79
-83
-85
-85
-87
-85
-86
-81
-74
-67
-64
-61
-48
-36
-21
-11
-3
-3
-5
-3
-1
0
8
19
42
54
59
63
64
71
67
60
61
62
63
70
75
71
67
64
54
52
51
51
51
44
36
27
25
23
11
0
-9
-15
-26
-33
-40
-47
-53
-66
-80
-87
-96
-98
-93
-97
-101
-102
-103
-103
-103
-101
-94
-101
-102
-96
-86
-81
-78
-72
-69
-58
-49
-42
-30
-13
-2
7
14
18
23
31
41
47
47
44
48
54
60
62
68
72
75
72
70
71
73
72
67
65
62
55
46
36
29
30
34
38
39
41
37
40
35
29
24
20
30
45
59
67
62
56
53
54
60
64
65
63
58
45
38
22
11
6
1
9
17
28
36
30
29
25
18
10
4
6
9
6
-5
-12
-17
-9
1
11
16
13
11
10
3
-9
-14
-24
-29
-30
-28
-33
-36
-40
-49
-55
-72
-82
-87
-95
-89
-86
-88
-98
-108
-112
-112
-97
-83
-70
-76
-79
-74
-70
-64
-62
-57
-56
-49
-36
-29
-22
-22
-28
-28
-22
-20
-15
-7
-7
-5
-4
-3
1
7
12
22
27
26
28
17
7
-8
-20
-22
-20
-6
0
4
10
10
8
12
21
26
32
43
45
45
43
35
32
31
32
29
32
35
37
35
32
22
8
4
6
22
30
42
55
53
47
37
32
28
28
29
35
44
44
47
43
37
32
38
46
49
59
65
71
70
73
76
74
69
64
66
63
63
53
45
52
45
39
38
32
32
29
16
9
-1
-16
-29
-37
-40
-38
-23
-26
-32
-40
-50
-55
-55
-58
-63
-67
-78
-84
-88
-91
-95
-97
-95
-100
-99
-104
-106
-102
-100
-103
-101
-93
-90
-85
-78
-69
-67
-70
-70
-68
-64
-58
-47
-24
-7
-1
7
9
15
20
20
34
47
54
59
59
59
55
55
56
62
65
65
63
59
61
63
65
65
68
67
62
58
50
46
45
40
35
30
30
30
33
38
29
16
9
5
7
7
4
7
3
0
0
-7
-11
-15
-20
-24
-27
-27
-25
-26
-27
-24
-30
-33
-29
-28
-20
-17
-18
-23
-26
-22
-21
-20
-12
-6
-1
-2
-10
-18
-19
-9
-1
-3
-2
-6
-13
-22
-20
-18
-25
-24
-32
-32
-30
-29
-27
-26
-25
-23
-11
0
9
14
13
7
6
10
11
15
16
15
11
11
15
15
15
19
21
28
31
32
39
41
42
45
41
37
33
31
33
34
36
33
34
37
32
29
26
25
24
19
12
11
15
16
17
23
25
23
22
18
15
6
-5
-12
-11
-14
-18
-3
-4
-12
-14
-18
-14
-12
-15
-8
-11
-15
-10
-2
12
14
12
12
2
-11
-15
-17
-16
-21
-24
-25
-29
-32
-32
-26
-22
-19
-12
-5
-6
-8
-11
-14
-19
-22
-22
-25
-32
-40
-47
-53
-57
-60
-58
-57
-60
-61
-60
-58
-61
-63
-61
-52
-47
-41
-40
-46
-53
-59
-57
-54
-48
-43
-25
-9
-16
-23
-19
-12
-8
-2
7
14
13
12
21
33
39
39
38
43
46
47
55
55
56
65
63
58
57
57
58
58
54
51
46
49
54
60
62
56
56
55
56
62
68
68
74
70
61
57
49
44
40
37
33
34
43
46
50
46
41
36
33
36
35
37
29
21
13
8
5
3
10
16
16
10
4
-5
-11
-23
-26
-25
-25
-24
-23
-24
-27
-25
-24
-29
-32
-30
-33
-38
-45
-53
-54
-50
-40
-39
-35
-42
-48
-51
-58
-56
-58
-56
-57
-52
-49